10 0.4 4
20 1.2 16
30 1.8 34
40 1.4 48
50 1.8 66
60 2.5 91
70 1.2 103
80 1.5 118
90 2.7 145
100 2.3 168
110 1.3 181
120 2.6 207
130 1.6 223
140 1.3 236
150 2.4 260
160 2.4 284
170 2.3 307
180 1.7 324
190 1.4 338
200 2.3 361
210 3.1 392
220 2.1 413
230 1.9 432
240 1.8 450
250 3.1 481
260 4.5 526
270 3.3 559
280 2.7 586
290 2.1 607
300 2.7 634
310 2.2 656
320 1.8 674
330 3.4 708
340 3.4 742
350 2.2 764
360 2.2 786
370 3.4 820
380 1.9 839
390 2.4 863
400 2.2 885
410 1.7 902
420 2.7 929
430 2.5 954
440 1.9 973
450 1.9 992
460 2.7 1019
470 1.8 1037
480 1.2 1049
490 1.4 1063
500 0.6 1069
510 1.5 1084
520 1.9 1103
530 1.8 1121
540 3.1 1152
550 3 1182
560 3.4 1216
570 2.6 1242
580 3.4 1276
590 1.3 1289
600 1.4 1303
610 0.9 1312
620 2.6 1338
630 4 1378
640 2.2 1400
650 2.7 1427
660 2.4 1451
670 2.3 1474
680 2.9 1503
690 1.3 1516
700 2.8 1544
710 2.4 1568
720 2.8 1596
730 2.6 1622
740 3 1652
750 2.6 1678
760 3.9 1717
770 2.3 1740
780 0.9 1749
790 2.4 1773
800 1.9 1792
810 2.3 1815
820 3.7 1852
830 3 1882
840 4.5 1927
850 3 1957
860 2.3 1980
870 3.7 2017
880 2.7 2044
890 2.8 2072
900 3.3 2105
910 2.3 2128
920 2.7 2155
930 2.6 2181
940 2.8 2209
950 3.5 2244
960 3.2 2276
970 4 2316
980 2.7 2343
990 2.3 2366
1000 2.1 2387
1010 2.2 2409
1020 4 2449
1030 4.6 2495
1040 3.2 2527
1050 2.8 2555
1060 3.6 2591
1070 3.1 2622
1080 2.5 2647
1090 3 2677
1100 4.1 2718
1110 3 2748
1120 4.1 2789
1130 3.4 2823
1140 3.2 2855
1150 3.5 2890
1160 4.5 2935
1170 4.9 2984
1180 5.6 3040
1190 5.1 3091
1200 5 3141
1210 5.9 3200
1220 3.4 3234
1230 3 3264
1240 1.2 3276
1250 3.3 3309
1260 4.7 3356
1270 4.2 3398
1280 5 3448
1290 3.6 3484
1300 4.2 3526
1310 4.8 3574
1320 5.3 3627
1330 5.4 3681
1340 5.6 3737
1350 5.3 3790
1360 4.4 3834
1370 4.3 3877
1380 3.7 3914
1390 4.6 3960
1400 4.3 4003
1410 5.5 4058
1420 4.6 4104
1430 4.7 4151
1440 5.1 4202
1450 3.6 4238
1460 3.6 4274
1470 4.7 4321
1480 3.5 4356
1490 3.8 4394
1500 4.7 4441
1510 6.4 4505
1520 6.6 4571
1530 7.1 4642
1540 4 4682
1550 6.1 4743
1560 5.5 4798
1570 4.3 4841
1580 4.6 4887
1590 5.5 4942
1600 5.4 4996
1610 3.9 5035
1620 3.8 5073
1630 6.7 5140
1640 4.4 5184
1650 5.4 5238
1660 4.5 5283
1670 4.1 5324
1680 5.5 5379
1690 6.3 5442
1700 4.9 5491
1710 4.5 5536
1720 2.8 5564
1730 3.1 5595
1740 5.6 5651
1750 5.5 5706
1760 5.3 5759
1770 7.3 5832
1780 4.9 5881
1790 5.7 5938
1800 4.2 5980
1810 4.4 6024
1820 4.9 6073
1830 8 6153
1840 6.3 6216
1850 8.5 6301
1860 7.5 6376
1870 8.6 6462
1880 7.1 6533
1890 7.5 6608
1900 7.6 6684
1910 8 6764
1920 7.3 6837
1930 7.4 6911
1940 8 6991
1950 8.4 7075
1960 8.8 7163
1970 6.9 7232
1980 7.4 7306
1990 7.1 7377
2000 5.7 7434
2010 8.3 7517
2020 7.5 7592
2030 8.5 7677
2040 8.1 7758
2050 9 7848
2060 7 7918
2070 7.2 7990
2080 7.6 8066
2090 6.3 8129
2100 6.7 8196
2110 6.7 8263
2120 7.9 8342
2130 7.9 8421
2140 6.7 8488
2150 8.6 8574
2160 7.3 8647
2170 7.7 8724
2180 6.5 8789
2190 8.1 8870
2200 7.7 8947
2210 8.6 9033
2220 8.3 9116
2230 7.6 9192
2240 6.8 9260
2250 6.9 9329
2260 8 9409
2270 6.1 9470
2280 5.6 9526
2290 6.2 9588
2300 8.3 9671
2310 6.9 9740
2320 6.2 9802
2330 8.5 9887
2340 7.7 9964
2350 6.8 10032
2360 5.6 10088
2370 8.6 10174
2380 4.2 10216
2390 6.5 10281
2400 5.5 10336
2410 9.2 10428
2420 6.9 10497
2430 6.1 10558
2440 6.6 10624
2450 6.5 10689
2460 5.3 10742
2470 3.5 10777
2480 4.6 10823
2490 7.1 10894
2500 10.2 10996
2510 2.2 11018
2520 0.3 11021
2530 0 11021
2540 0 11021
2550 0 11021
2560 0 11021
2570 0 11021
2575 0 11021
