10 0 0
20 6 6
30 8 2
40 9 1
50 9 0
60 6 -3
70 9 3
80 7 -2
90 11 4
100 6 -5
110 8 2
120 11 3
130 6 -5
140 7 1
150 13 6
160 11 -2
170 12 1
180 8 -4
190 11 3
200 13 2
210 13 0
220 11 -2
230 8 -3
240 8 0
250 15 7
260 21 6
270 12 -9
280 9 -3
290 11 2
300 11 0
310 9 -2
320 9 0
330 17 8
340 11 -6
350 10 -1
360 13 3
370 10 -3
380 8 -2
390 8 0
400 9 1
410 7 -2
420 11 4
430 10 -1
440 7 -3
450 10 3
460 9 -1
470 8 -1
480 5 -3
490 7 2
500 7 0
510 9 2
520 8 -1
530 7 -1
540 14 7
550 14 0
560 15 1
570 18 3
580 11 -7
590 9 -2
600 7 -2
610 5 -2
620 10 5
630 11 1
640 10 -1
650 12 2
660 14 2
670 13 -1
680 13 0
690 13 0
700 12 -1
710 7 -5
720 14 7
730 15 1
740 11 -4
750 17 6
760 14 -3
770 13 -1
780 11 -2
790 14 3
800 12 -2
810 14 2
820 17 3
830 15 -2
840 14 -1
850 12 -2
860 11 -1
870 9 -2
880 13 4
890 17 4
900 15 -2
910 15 0
920 16 1
930 16 0
940 17 1
950 20 3
960 18 -2
970 14 -4
980 10 -4
990 12 2
1000 9 -3
1010 11 2
1020 19 8
1030 17 -2
1040 12 -5
1050 16 4
1060 14 -2
1070 15 1
1080 15 0
1090 15 0
1100 15 0
1110 15 0
1120 20 5
1130 19 -1
1140 13 -6
1150 15 2
1160 23 8
1170 23 0
1180 28 5
1190 28 0
1200 23 -5
1210 23 0
1220 19 -4
1230 8 -11
1240 12 4
1250 15 3
1260 21 6
1270 24 3
1280 20 -4
1290 12 -8
1300 22 10
1310 26 4
1320 29 3
1330 30 1
1340 28 -2
1350 26 -2
1360 23 -3
1370 20 -3
1380 18 -2
1390 21 3
1400 21 0
1410 25 4
1420 26 1
1430 21 -5
1440 22 1
1450 19 -3
1460 19 0
1470 16 -3
1480 17 1
1490 17 0
1500 26 9
1510 30 4
1520 36 6
1530 34 -2
1540 34 0
1550 24 -10
1560 21 -3
1570 21 0
1580 20 -1
1590 23 3
1600 23 0
1610 28 5
1620 22 -6
1630 25 3
1640 24 -1
1650 28 4
1660 24 -4
1670 26 2
1680 28 2
1690 31 3
1700 26 -5
1710 20 -6
1720 21 1
1730 19 -2
1740 25 6
1750 28 3
1760 31 3
1770 31 0
1780 27 -4
1790 23 -4
1800 20 -3
1810 22 2
1820 32 10
1830 51 19
1840 76 25
1850 77 1
1860 85 8
1870 84 -1
1880 89 5
1890 103 14
1900 92 -11
1910 93 1
1920 102 9
1930 118 16
1940 126 8
1950 142 16
1960 143 1
1970 152 9
1980 156 4
1990 166 10
2000 172 6
2010 178 6
2020 174 -4
2030 186 12
2040 186 0
2050 188 2
2060 193 5
2070 191 -2
2080 189 -2
2090 197 8
2100 199 2
2110 206 7
2120 196 -10
2130 197 1
2140 195 -2
2150 196 1
2160 194 -2
2170 193 -1
2180 195 2
2190 203 8
2200 208 5
2210 216 8
2220 219 3
2230 218 -1
2240 219 1
2250 220 1
2260 219 -1
2270 212 -7
2280 227 15
2290 223 -4
2300 236 13
2310 249 13
2320 254 5
2330 246 -8
2340 255 9
2350 270 15
2360 260 -10
2370 265 5
2380 268 3
2390 282 14
2400 287 5
2410 274 -13
2420 257 -17
2430 244 -13
2440 213 -31
2450 191 -22
2460 178 -13
2470 168 -10
2480 146 -22
2490 120 -26
2500 46 -74
2510 14 -32
2520 7 -7
2530 1 -6
2540 0 -1
2550 0 0
2560 0 0
2570 0 0
2575 0 0
