10 0.1 1.01904296875 0.0 1.01904296875 1.01904296875 0 0
20 0.6 6.528523763020833 12.28083950179858 33.989013671875 0.927978515625 1.01904296875 1
30 0.4 15.6705322265625 25.411264556065923 59.68408203125 0.927978515625 5.741455078125 7
40 0.4 1.118896484375 0.5380414885562466 59.68408203125 0.676025390625 9.352028586647727 11
50 0.3 1.07275390625 0.025944081892284435 59.68408203125 0.676025390625 7.156526692708334 15
60 0.6 0.9251708984375 0.05673048411210224 59.68408203125 0.676025390625 6.142564561631945 18
70 0.3 1.0673828125 0.04933976731143302 59.68408203125 0.676025390625 4.838216145833333 24
80 0.3 1.056640625 0.08941748296312332 59.68408203125 0.676025390625 4.419234664351852 27
90 0.7 1.0348772321428572 0.12828644397466174 59.68408203125 0.676025390625 4.082975260416666 30
100 0.3 1.0160319010416667 0.10837430179326553 59.68408203125 0.676025390625 3.5063080658783785 37
110 0.3 1.0152994791666667 0.05273676109410158 59.68408203125 0.676025390625 3.319537353515625 40
120 0.6 2.1539713541666665 2.4923907495713777 59.68408203125 0.676025390625 3.158776571584302 43
130 0.1 47.912109375 0.0 59.68408203125 0.676025390625 3.0357391980229593 49
140 0.4 1.0091552734375 0.06471626434636654 59.68408203125 0.676025390625 3.9332666015625 50
150 0.9 6.5909288194444455 15.542910044652576 59.68408203125 0.676025390625 3.7166657624421298 54
160 0.4 0.9615478515625 0.07206791819495277 59.68408203125 0.676025390625 4.127274770585317 63
170 0.4 2.5428466796875 2.594859922726989 59.68408203125 0.676025390625 3.9382761485541047 67
180 0.4 1.009765625 0.0911437806397856 59.68408203125 0.676025390625 3.8596604038292255 71
190 0.5 1.258203125 0.5151042875232561 59.68408203125 0.676025390625 3.707666015625 75
200 0.6 0.9648030598958334 0.16379194304065198 59.68408203125 0.676025390625 3.5545745849609376 80
210 0.6 1.0180257161458333 0.08441447249118846 59.68408203125 0.676025390625 3.37389285065407 86
220 0.4 1.03118896484375 0.02517631761025427 59.68408203125 0.676025390625 3.2202493418817935 92
230 0.3 1.0336100260416667 0.027769378875854768 59.68408203125 0.676025390625 3.1290384928385415 96
240 0.4 1.791748046875 1.4659266728717164 59.68408203125 0.676025390625 3.0655406605113638 99
250 1.1 6.3701171875 8.879047651583459 59.68408203125 0.676025390625 3.0160729861953883 103
260 0.8 1.092498779296875 0.3305181794929641 59.68408203125 0.676025390625 3.3397088301809212 114
270 0.3 1.842041015625 1.1646170777883964 59.68408203125 0.676025390625 3.192350794057377 122
280 0.6 0.9923909505208334 0.10060237186495335 59.68408203125 0.676025390625 3.159943359375 125
290 0.5 1.02939453125 0.07216767141980363 59.68408203125 0.676025390625 3.0606661498091605 131
300 0.3 2.3855794270833335 1.9166768633529774 59.68408203125 0.676025390625 2.9859870461856617 136
310 0.7 1.1161063058035714 0.211788172026406 59.68408203125 0.676025390625 2.9730286083633093 139
320 0.4 1.0579833984375 0.14767304380473187 59.68408203125 0.676025390625 2.8839980870077055 146
330 1.1 5.5097878196022725 14.066296037533474 59.68408203125 0.676025390625 2.8353043619791665 150
340 0.2 1.0369873046875 0.0169677734375 59.68408203125 0.676025390625 3.018033045419254 161
350 0.5 1.230126953125 0.35084353703198207 59.68408203125 0.676025390625 2.9937257357170237 163
360 0.7 1.118896484375 0.3315013086432461 59.68408203125 0.676025390625 2.941237676711309 168
370 0.5 0.9728515625 0.08612171196716747 59.68408203125 0.676025390625 2.8683440290178566 175
380 0.3 1.0596516927083333 0.05681376102858596 59.68408203125 0.676025390625 2.8156914605034715 180
390 0.5 7.128076171875 12.178696196847474 59.68408203125 0.676025390625 2.786903923326502 183
400 0.5 1.105615234375 0.07400104918896011 59.68408203125 0.676025390625 2.902360632064494 188
410 0.3 1.04833984375 0.07388740326129636 59.68408203125 0.676025390625 2.855812823834196 193
420 0.8 2.52252197265625 3.903459663852707 59.68408203125 0.676025390625 2.8281474210778055 196
430 0.3 1.069091796875 0.0650389280881056 59.68408203125 0.676025390625 2.8161621093749996 204
440 0.4 4.8262939453125 6.7190831135076605 59.68408203125 0.656982421875 2.7908422497735503 207
450 0.5 1.08759765625 0.13089329521895446 59.68408203125 0.656982421875 2.8294290117742884 211
460 0.5 1.04453125 0.13051490195827722 59.68408203125 0.656982421875 2.7891088415075225 216
470 0.2 1.060546875 0.12060546875 59.68408203125 0.656982421875 2.7496387602516963 221
480 0.3 1.056640625 0.12797083690340536 59.68408203125 0.656982421875 2.7344899541059413 223
490 0.5 1.0541015625 0.10460753162175786 59.68408203125 0.656982421875 2.712217617878871 226
500 0.1 1.1669921875 0.0 59.68408203125 0.656982421875 2.6763276599702377 231
510 0.5 1.68798828125 1.4337645052215184 59.68408203125 0.656982421875 2.669821903623383 232
520 0.4 0.9532470703125 0.15362775556174182 59.68408203125 0.656982421875 2.649108114121835 237
530 0.4 1.11468505859375 0.1250870371829708 59.68408203125 0.656982421875 2.62096104285529 241
540 1 0.9323486328125 0.05506293445809784 59.68408203125 0.656982421875 2.5963687818877546 245
550 0.5 2.363427734375 2.549491870031507 59.68408203125 0.656982421875 2.5311130897671563 255
560 0.9 6.137017144097222 8.106608021266922 59.68408203125 0.656982421875 2.5278883713942304 260
570 0.4 1.09423828125 0.053252045802545216 59.68408203125 0.656982421875 2.6486398916705385 269
580 0.4 1.01885986328125 0.11934174306579957 59.68408203125 0.656982421875 2.6258647764995415 273
590 0.3 0.9976399739583334 0.07106584646456635 59.68408203125 0.656982421875 2.602658929377256 277
600 0.2 1.0836181640625 0.0875244140625 59.68408203125 0.656982421875 2.5854622977120534 280
610 0.2 1.14794921875 0.026123046875 59.68408203125 0.656982421875 2.5748109208776597 282
620 1 1.094091796875 0.14290321390583452 59.68408203125 0.656982421875 2.56476259903169 284
630 0.9 6.947943793402778 16.45088226917209 59.68408203125 0.656982421875 2.5147397826318025 294
640 0.5 1.90322265625 1.9210881590325535 59.68408203125 0.656982421875 2.646419109684406 303
650 0.7 0.9967215401785714 0.045297294497617734 59.68408203125 0.656982421875 2.6343542321935876 308
660 0.7 2.7603934151785716 4.364232610246093 59.68408203125 0.656982421875 2.597962394593254 315
670 0.5 1.00595703125 0.0845689310925717 59.68408203125 0.656982421875 2.601493503736413 322
680 0.5 0.969189453125 0.08841132649490047 59.68408203125 0.656982421875 2.5770969215883026 327
690 0.4 1.04302978515625 0.08313738863273232 59.68408203125 0.656982421875 2.5528814476656625 332
700 0.7 1.0830775669642858 0.17726572740504004 59.68408203125 0.656982421875 2.534907023111979 336
710 0.2 26.809814453125 25.7080078125 59.68408203125 0.656982421875 2.5052778505375364 343
720 1.2 2.7826944986979165 5.645417274759886 59.68408203125 0.656982421875 2.646173714900362 345
730 0.5 1.051611328125 0.0921325519835946 59.68408203125 0.656982421875 2.6507626488095233 357
740 0.8 1.0150146484375 0.17861097698279144 59.68408203125 0.656982421875 2.6286749233857036 362
750 1 0.9605224609375 0.0969382202839854 59.68408203125 0.656982421875 2.5937849714949315 370
760 0.5 5.510986328125 5.5810458510121155 59.68408203125 0.656982421875 2.5508043791118413 380
770 0.4 1.27496337890625 0.5776589132190301 59.68408203125 0.656982421875 2.5892483005275966 385
780 0.1 1.156982421875 0.0 59.68408203125 0.656982421875 2.5757338026188936 389
790 0.9 2.8905707465277777 5.370257664538584 59.68408203125 0.656982421875 2.572095978565704 390
800 0.4 0.97265625 0.11266329358391822 59.68408203125 0.656982421875 2.579279619948307 399
810 0.6 1.119140625 0.40340917068721616 59.68408203125 0.656982421875 2.563332986003411 403
820 0.9 7.04443359375 17.312018860604915 59.68408203125 0.656982421875 2.542146789998471 409
830 0.7 2.4727608816964284 3.9053659165762444 59.68408203125 0.656982421875 2.6390859795529296 418
840 0.6 8.176961263020834 12.97769614315405 59.68408203125 0.656982421875 2.63634650735294 425
850 0.7 1.1885114397321428 0.3785349003116438 59.68408203125 0.656982421875 2.713478035274071 431
860 0.6 6.007120768229167 10.526800491401225 59.68408203125 0.656982421875 2.6891064230165513 438
870 0.6 2.0733235677083335 2.2083200328354393 59.68408203125 0.656982421875 2.733944454708614 444
880 0.9 1.0330132378472223 0.10321344877474431 59.68408203125 0.656982421875 2.7251361762152766 450
890 0.7 5.130057198660714 9.866433722853932 59.68408203125 0.656982421875 2.691957295070805 459
900 0.6 1.0516357421875 0.13653252043409114 59.68408203125 0.656982421875 2.728581113365074 466
910 0.5 4.935693359375 7.794791836763861 59.68408203125 0.656982421875 2.707264011189088 472
920 1 5.2070068359375 12.576576519751084 59.68408203125 0.656982421875 2.7306228093881018 477
930 0.5 1.02900390625 0.15798667134429006 59.68408203125 0.656982421875 2.781472584060574 487
940 1.1 6.002286044034091 15.888789476379733 59.68408203125 0.656982421875 2.763662943025914 492
950 0.8 1.680145263671875 1.6508446805238706 59.68408203125 0.656982421875 2.8344877026901085 503
960 0.6 5.323974609375 9.450243183275045 59.68408203125 0.656982421875 2.8164158054060655 511
970 0.6 5.620524088541667 10.356401997560123 59.68408203125 0.656982421875 2.8455170681213726 517
980 0.6 8.739664713541666 15.864856594885728 59.68408203125 0.656982421875 2.8773527127151044 523
990 0.6 0.9755452473958334 0.09880603816553515 59.68408203125 0.656982421875 2.9438439641422485 529
1000 0.6 1.0162353515625 0.07464913179429694 59.68408203125 0.656982421875 2.9217695860105133 535
1010 0.6 2.20068359375 2.0808813988701855 59.68408203125 0.656982421875 2.900636119454713 541
1020 1.3 15.503511868990385 29.32371529156187 101.30810546875 0.656982421875 2.892958395223948 547
1030 0.9 4.941270616319445 11.033986818724667 101.30810546875 0.656982421875 3.1857033865792403 560
1040 0.7 0.9850376674107143 0.11208578741969227 101.30810546875 0.656982421875 3.2134715852921785 569
1050 0.8 1.17974853515625 0.38498349967964485 101.30810546875 0.656982421875 3.1863899230957022 576
1060 0.7 1.0222865513392858 0.06576843601429415 101.30810546875 0.656982421875 3.158901684904751 584
1070 0.8 2.442718505859375 2.864492552919114 101.30810546875 0.5791015625 3.133594906673011 591
1080 0.6 4.137451171875 6.940038435709988 101.30810546875 0.5791015625 3.1243678428891895 599
1090 0.7 1.02490234375 0.10742988061179652 101.30810546875 0.5791015625 3.13441495028409 605
1100 0.9 1.0061577690972223 0.13718848427611696 101.30810546875 0.5791015625 3.1102865381178506 612
1110 0.6 1.0837809244791667 0.08186231100683486 101.30810546875 0.5791015625 3.079791918276972 621
1120 1.2 2.19189453125 3.313485759134344 101.30810546875 0.5791015625 3.0606913346042655 627
1130 0.6 2.9903564453125 4.541022403944418 101.30810546875 0.5791015625 3.044375901677425 639
1140 0.8 1.013885498046875 0.06586227183232776 101.30810546875 0.5791015625 3.0438733951065884 645
1150 0.7 1.0304478236607142 0.04885143735582718 101.30810546875 0.5791015625 3.0190037118348 653
1160 1.5 1.0936848958333334 0.14303022405213703 101.30810546875 0.5791015625 2.997912967566287 660
1170 1 3.8294677734375 5.738785974054954 101.30810546875 0.5791015625 2.9555967881944434 675
1180 1.7 3.3355497472426476 6.351864606051728 101.30810546875 0.5791015625 2.968354028854926 685
1190 0.9 4.287977430555555 9.493903330834476 101.30810546875 0.5791015625 2.9772462328614666 702
1200 0.9 1.8458930121527777 2.4687523198761423 101.30810546875 0.5791015625 2.993837767009493 711
1210 1.5 9.818733723958333 15.515459149001288 101.30810546875 0.5791015625 2.979488457573784 720
1220 0.6 1.4183349609375 0.9357578276015431 101.30810546875 0.5791015625 3.119064891581632 735
1230 0.2 0.9454345703125 0.0445556640625 101.30810546875 0.5791015625 3.105293799025809 741
1240 0.6 1.0144856770833333 0.09721924383657324 101.30810546875 0.5791015625 3.0994799114653424 743
1250 1 1.71826171875 2.4865098310000473 101.30810546875 0.5791015625 3.0827776879589446 749
1260 1.1 0.9953835227272727 0.13544568767178522 101.30810546875 0.5791015625 3.064799875452898 759
1270 1.1 0.9574751420454546 0.11720626302529126 101.30810546875 0.5791015625 3.035236784699675 770
1280 0.8 1.3218994140625 0.8605234015644683 101.30810546875 0.5791015625 3.005972536211587 781
1290 0.5 11.808544921875 20.96995790382293 101.30810546875 0.5791015625 2.988897016595373 789
1300 1.6 0.9324493408203125 0.13655180189617325 101.30810546875 0.5791015625 3.0444363610870586 794
1310 1.3 1.4966947115384615 1.221469916226972 101.30810546875 0.5791015625 3.002718098958333 810
1320 1 1.3760009765625 1.0146490980775829 101.30810546875 0.5791015625 2.978929151161907 823
1330 1.3 3.435077373798077 5.943525254465691 101.30810546875 0.5791015625 2.9596863159326223 833
1340 1.2 4.091898600260417 7.817595625366084 101.30810546875 0.5791015625 2.966991379469562 846
1350 1.1 12.123734907670455 19.757578045035455 101.30810546875 0.5791015625 2.982724347592511 858
1360 1.1 2.2042347301136362 2.799700394080673 101.30810546875 0.5791015625 3.0984333420238777 869
1370 0.7 0.9852120535714286 0.0735210068147563 101.30810546875 0.5791015625 3.0872558593749995 880
1380 0.7 1.295166015625 0.47169055491815715 101.30810546875 0.5791015625 3.070667013105975 887
1390 1.2 3.8154093424479165 6.411318075662492 101.30810546875 0.5791015625 3.056764880016079 894
1400 0.8 5.223663330078125 10.512973741271837 101.30810546875 0.5791015625 3.066813151041666 906
1410 1.4 1.5275181361607142 1.6678570069680283 101.30810546875 0.5791015625 3.0856914895890313 914
1420 1.2 3.5609130859375 8.637129196899446 101.30810546875 0.5791015625 3.062184563998518 928
1430 0.8 0.951568603515625 0.1260625228066204 101.30810546875 0.5791015625 3.0685513110871008 940
1440 1.2 8.498677571614584 16.827015528048445 101.30810546875 0.5791015625 3.050686478111814 948
1450 0.5 4.010595703125 5.932463530835482 101.30810546875 0.5791015625 3.1187863667805984 960
1460 1 3.20224609375 6.649580471709004 101.30810546875 0.5791015625 3.123407140544041 965
1470 0.9 4.033637152777778 8.705969056643319 101.30810546875 0.5791015625 3.1242157451923074 975
1480 0.6 0.8548177083333334 0.15390723024283112 101.30810546875 0.5791015625 3.132533623920223 984
1490 1 1.059130859375 0.3529446166469237 101.30810546875 0.5791015625 3.1187292850378783 990
1500 1.4 6.449567522321429 10.701030304549676 101.30810546875 0.5791015625 3.0981333007812495 1000
1510 1.6 4.214416503906251 10.719548916619704 101.30810546875 0.5791015625 3.1444055681397924 1014
1520 1.7 3.201229319852942 6.039537551206945 101.30810546875 0.5791015625 3.161027097239077 1030
1530 1.3 8.457650991586538 12.636280619998328 101.30810546875 0.5791015625 3.1616798553904006 1047
1540 0.8 0.95672607421875 0.1121605487158052 101.30810546875 0.5791015625 3.2266304447965797 1060
1550 1.2 0.9579060872395834 0.11912888675807715 101.30810546875 0.5791015625 3.2096274158034874 1068
1560 1.1 6.818270596590909 14.382654912741007 101.30810546875 0.5791015625 3.184608289930555 1080
1570 1 6.0758056640625 12.033631931807285 101.30810546875 0.5791015625 3.2212446651581113 1091
1580 0.9 5.797770182291667 12.531835384865088 101.30810546875 0.5791015625 3.247171649707652 1101
1590 1.6 4.2237396240234375 6.362807641438011 101.30810546875 0.5791015625 3.2678521783502252 1110
1600 1.1 8.199928977272727 13.662872288176281 101.30810546875 0.5791015625 3.2814349484486014 1126
1610 1.1 5.313099254261363 13.767380803041057 101.30810546875 0.5791015625 3.3290193233976475 1137
1620 0.6 2.8673909505208335 4.07038041084798 101.30810546875 0.5791015625 3.3480305422473866 1148
1630 1.6 1.7836456298828125 3.435138684886504 101.30810546875 0.5791015625 3.3455315495694324 1154
1640 1.2 8.429056803385416 14.083114114840162 101.30810546875 0.5791015625 3.32417242588141 1170
1650 1.2 1.3169352213541667 1.0578580969207403 101.30810546875 0.5791015625 3.375998663216476 1182
1660 0.7 3.351597377232143 4.343592219272831 101.30810546875 0.5791015625 3.355304558273136 1194
1670 1.2 1.73944091796875 2.2656313975561733 101.30810546875 0.5791015625 3.355282951056411 1201
1680 1.1 3.643710049715909 5.573470921256868 101.30810546875 0.5791015625 3.33929770423279 1213
1690 1.7 5.8025045955882355 9.459737980806686 101.30810546875 0.5791015625 3.342033436095792 1224
1700 0.6 1.0048421223958333 0.10274515582925256 101.30810546875 0.5791015625 3.3757385204724013 1241
1710 0.5 8.35087890625 14.569337197886764 101.30810546875 0.5791015625 3.3643308393268847 1247
1720 0.8 9.348541259765625 13.211095270367254 101.30810546875 0.5791015625 3.384245168667632 1252
1730 0.6 1.0594482421875 0.06490188964293046 101.30810546875 0.5791015625 3.422113715277778 1260
1740 1.9 6.532033819901315 19.823753329803086 101.30810546875 0.5791015625 3.4109162485806674 1266
1750 1.3 3.8112041766826925 6.930413813500489 101.30810546875 0.5791015625 3.457065068701362 1285
1760 1.2 11.834431966145834 15.068649937527203 101.30810546875 0.5791015625 3.46061191647005 1298
1770 1.4 1.9589320591517858 1.9794451151054169 101.30810546875 0.5791015625 3.5373186650166986 1310
1780 1.1 3.053311434659091 6.590777755941494 101.30810546875 0.5791015625 3.5206287764350455 1324
1790 1.1 2.2458939985795454 3.143061239144743 101.30810546875 0.5791015625 3.516778221558989 1335
1800 0.9 6.497721354166667 6.534956916930394 101.30810546875 0.5791015625 3.5063920949224556 1346
1810 1.5 5.4611328125 11.99464318503098 101.30810546875 0.5791015625 3.5262607025484316 1355
1820 1.8 8.951605902777779 16.785876922519332 101.30810546875 0.5791015625 3.547445433679288 1370
1830 2.9 6.722319504310345 16.03738068518914 101.30810546875 0.5791015625 3.6175282063333034 1388
1840 2.8 9.18508475167411 15.171386967291287 101.30810546875 0.5791015625 3.681070159502911 1417
1850 1.6 10.666656494140625 15.939287299764965 101.30810546875 0.5791015625 3.7877223453719724 1445
1860 2.4 10.039784749348959 18.42776137644374 101.30810546875 0.5791015625 3.863056326467317 1461
1870 1.7 13.467744715073529 22.6629474669487 101.30810546875 0.5791015625 3.962882240372475 1485
1880 2 14.77467041015625 17.48226236912226 101.30810546875 0.5791015625 4.070460577303179 1502
1890 2.4 9.481526692708334 14.75140255986334 101.30810546875 0.5791015625 4.211120364857096 1522
1900 1.5 5.19677734375 7.529411911009352 101.30810546875 0.5791015625 4.292937798148448 1546
1910 1.8 9.738104926215279 19.630955572119884 101.30810546875 0.5791015625 4.3016229955757534 1561
1920 2.5 11.525986328125 15.552777075188816 101.30810546875 0.5791015625 4.36359682379077 1579
1930 3.2 7.047615051269531 12.227319486249872 101.30810546875 0.5791015625 4.47523007666381 1604
1940 2.5 4.98607421875 11.334911040002014 101.30810546875 0.5791015625 4.525545675189106 1636
1950 2.9 11.897191540948276 16.11039390945295 101.30810546875 0.5791015625 4.532477170426326 1661
1960 2.2 13.811656605113637 22.732108215414847 101.30810546875 0.5791015625 4.65885392589682 1690
1970 2 10.38165283203125 15.852566945249981 101.30810546875 0.5791015625 4.776471717335354 1712
1980 2 7.94991455078125 16.0711604272085 101.30810546875 0.5791015625 4.84119667247041 1732
1990 2 6.4294677734375 13.525559294470387 101.30810546875 0.5791015625 4.876684319483091 1752
2000 2.1 5.562034970238095 13.988015652288116 101.30810546875 0.5791015625 4.894210092101086 1772
2010 3.3 5.899991122159091 11.880479762185677 101.30810546875 0.5791015625 4.902031800099345 1793
2020 1.9 7.522576583059211 14.555330469444746 101.30810546875 0.5791015625 4.920067209534159 1826
2030 2.9 5.308526400862069 11.793545672722018 101.30810546875 0.5791015625 4.946868119071816 1845
2040 2.3 6.570832625679348 17.783644455058482 101.30810546875 0.5791015625 4.952464752034419 1874
2050 2.2 8.315407492897727 13.84477270716266 101.30810546875 0.5791015625 4.972086502742818 1897
2060 1.9 9.55896638569079 18.34986512256987 101.30810546875 0.5791015625 5.01041535203068 1919
2070 1.8 8.50515407986111 17.31736940074018 101.30810546875 0.5791015625 5.055008989615583 1938
2080 2.1 8.040597098214286 14.57473043737275 101.30810546875 0.5791015625 5.086758791059561 1956
2090 3.2 15.815956115722658 29.34429453759354 128.683837890625 0.5791015625 5.118134918753161 1977
2100 2.2 4.6427001953125 8.260157645359156 128.683837890625 0.5791015625 5.28853326534501 2009
2110 2.2 8.002951882102273 14.564166920959133 128.683837890625 0.5791015625 5.281537535388971 2031
2120 2.1 6.983107793898809 9.493553572731026 128.683837890625 0.5791015625 5.310700280458476 2053
2130 2.2 4.409978693181818 8.199951072813677 128.683837890625 0.5791015625 5.32763401130816 2074
2140 2.3 9.01706861413043 15.844012370702325 128.683837890625 0.5791015625 5.318002132969048 2096
2150 2.5 7.825107421875 19.22496866586759 128.683837890625 0.5791015625 5.358152453434698 2119
2160 1.5 11.586051432291667 16.61124519062613 128.683837890625 0.5791015625 5.386918252973414 2144
2170 3 28.285131835937495 45.61107061118892 197.84814453125 0.5791015625 5.429987728512911 2159
2180 2.4 7.901112874348958 14.962607681015072 197.84814453125 0.5791015625 5.743214920483097 2189
2190 3.2 9.937385559082031 17.80824300431303 197.84814453125 0.5791015625 5.766617338419284 2213
2200 2.8 11.450727190290179 18.131594932295677 197.84814453125 0.5791015625 5.8260670413418705 2245
2210 3.1 10.548568233366936 17.024103799682386 197.84814453125 0.5791015625 5.89535453987709 2273
2220 3.1 9.636458858366936 17.732281033006082 197.84814453125 0.5791015625 5.957962883843316 2304
2230 1.8 4.178846571180555 9.647445070385919 197.84814453125 0.5791015625 6.006799447102516 2335
2240 2.4 4.81080118815104 9.68348831089583 197.84814453125 0.5791015625 5.992815957188961 2353
2250 2 3.52412109375 8.722780114749495 197.84814453125 0.5791015625 5.980881437013568 2377
2260 2.8 3.0842372349330356 8.759100283353483 197.84814453125 0.5791015625 5.9603828108703585 2397
2270 1.7 7.439108455882353 9.480853097365983 197.84814453125 0.5791015625 5.927173707313145 2425
2280 3.3 12.285274621212121 18.852443677024592 197.84814453125 0.5791015625 5.937699051590654 2442
2290 3.1 20.646602507560484 59.763140076060694 328.31884765625 0.5791015625 6.02233339251894 2475
2300 4 8.716284179687499 14.393382446306186 328.31884765625 0.5791015625 6.203240153319533 2506
2310 3.6 9.723924424913195 17.454882627731706 328.31884765625 0.5791015625 6.242722384684309 2546
2320 3.1 4.442437941028226 8.230057951502404 328.31884765625 0.5791015625 6.291259671070149 2582
2330 2.7 9.77101417824074 23.140298361074173 328.31884765625 0.5791015625 6.269325697234979 2613
2340 4 6.240948486328124 11.903930776521296 328.31884765625 0.5791015625 6.305138420336174 2640
2350 3.8 4.010099712171052 10.197437687421626 328.31884765625 0.5791015625 6.304180361619636 2680
2360 2.9 12.021837957974139 17.627886782335718 328.31884765625 0.5791015625 6.272107122223372 2718
2370 4.3 9.141101925872094 14.892413838018873 328.31884765625 0.5791015625 6.3328068653019205 2747
2380 3.9 4.179048978365385 10.517813814522286 328.31884765625 0.5791015625 6.37608883218526 2790
2390 3.8 6.644126490542764 13.841330553446888 328.31884765625 0.5791015625 6.345800902068973 2829
2400 6 10.787288411458333 21.156189596918534 328.31884765625 0.5791015625 6.349754990789588 2867
2410 2.9 12.834186422413794 18.913098936800367 328.31884765625 0.5791015625 6.440719119672446 2927
2420 1.7 0.9244169347426471 0.14855057649446016 328.31884765625 0.5791015625 6.503442581032223 2956
2430 2.3 4.811045771059782 9.887206927580978 328.31884765625 0.5791015625 6.471540988032921 2973
2440 1.9 5.1040296052631575 10.352605750962153 328.31884765625 0.5791015625 6.458793528089536 2996
2450 1.9 8.433889288651315 17.065404980689646 328.31884765625 0.5791015625 6.450256043998756 3015
2460 1.6 6.2711181640625 10.269754418973232 328.31884765625 0.5791015625 6.462678269327826 3034
2470 1.7 9.080609489889707 16.56433554272828 328.31884765625 0.5791015625 6.461673363857582 3050
2480 1.4 9.041643415178571 13.82515433893275 328.31884765625 0.5791015625 6.476189801465194 3067
2490 1 6.5530029296875 10.599921216790033 328.31884765625 0.5791015625 6.487847169395082 3081
2500 0.4 14.19598388671875 10.295482460837313 328.31884765625 0.5791015625 6.488057961243327 3091
2510 0.1 0.98193359375 0.0 328.31884765625 0.5791015625 6.498019739499192 3095
2520 0.1 1.01416015625 0.0 328.31884765625 0.5791015625 6.496238057927568 3096
2530 0.1 0.93701171875 0.0 328.31884765625 0.5791015625 6.494467932676784 3097
2540 0.2 1.1219482421875 0.0130615234375 328.31884765625 0.5791015625 6.492674047520578 3098
2550 0 0 0 328.31884765625 0.5791015625 6.4892090631300405 3100
2560 0 0 0 328.31884765625 0.5791015625 6.4892090631300405 3100
2570 0 0 0 328.31884765625 0.5791015625 6.4892090631300405 3100
2575 0 0 0 328.31884765625 0.5791015625 6.4892090631300405 3100
