10 0.1 2401.113037109375 0 2401.113037109375 2401.113037109375 0 0
20 0 0 0 2401.113037109375 2401.113037109375 2401.113037109375 1
30 0.2 19006.484985351563 2821.3170166015625 21827.802001953125 2401.113037109375 2401.113037109375 1
40 0.3 30015.05908203125 7097.801837575065 37128.08203125 2401.113037109375 13471.361002604166 3
50 0.3 31537.1943359375 6743.513320012838 40801.56201171875 2401.113037109375 21743.210042317707 6
60 0.8 27959.56622314453 9000.265101295843 47565.97900390625 2401.113037109375 25007.871473524305 9
70 0 0 0 47565.97900390625 2401.113037109375 26396.904296875 17
80 0.5 34567.851318359375 7533.500347299676 48916.5771484375 2401.113037109375 26396.904296875 17
90 0.4 34413.16876220703 10797.900627882298 48916.5771484375 2401.113037109375 28253.93771084872 22
100 0.7 25402.71501813616 6554.529249930617 48916.5771484375 2401.113037109375 29201.51171875 26
110 0.1 25120.340087890625 0.0 48916.5771484375 2401.113037109375 28395.706358013733 33
120 0.3 31898.155436197918 5923.346896403893 48916.5771484375 2401.113037109375 28299.372055951288 34
130 0.6 26869.86250813802 7841.506498019529 48916.5771484375 2401.113037109375 28591.16530299831 37
140 0.3 31564.247965494793 12281.55657917587 48916.5771484375 2401.113037109375 28350.983517668967 43
150 0.3 44213.424560546875 7190.4064499864235 53485.389892578125 2401.113037109375 28560.544242527172 46
160 0.5 27500.810791015625 5908.378836799257 53485.389892578125 2401.113037109375 29518.8838538345 49
170 0.3 30511.232991536457 4807.031802976684 53485.389892578125 2401.113037109375 29332.02523690683 54
180 0.8 33270.80923461914 12795.774643219987 53485.389892578125 2401.113037109375 29394.08880293997 57
190 0.2 44902.64050292969 13097.607543945313 58000.248046875 2401.113037109375 29871.22362530048 65
200 0.4 30672.747985839844 10936.923723423692 58000.248046875 2401.113037109375 30319.922636572996 67
210 0.5 26023.105224609375 12392.844631291295 58000.248046875 2401.113037109375 30339.800121038734 71
220 0.6 32756.00166829427 10115.077305885261 58000.248046875 2401.113037109375 30055.807035747326 76
230 0.6 35151.55635579427 13630.478988735731 58075.01513671875 2401.113037109375 30253.382252762956 82
240 0.4 38584.178161621094 16009.872586242476 58803.56787109375 2401.113037109375 30587.348668878727 88
250 0.4 29803.421264648438 13522.22659993626 58803.56787109375 2401.113037109375 30935.036907693615 92
260 0.3 30275.35400390625 8993.94099089698 58803.56787109375 2401.113037109375 30887.886255900066 96
270 1.1 26240.766956676136 6774.715295300284 58803.56787109375 2401.113037109375 30869.324672506315 99
280 0.9 38568.01944986979 14693.140397454252 71588.23413085938 2401.113037109375 30406.468900923297 110
290 0.3 36627.930419921875 9909.785907477652 71588.23413085938 2401.113037109375 31023.72902647387 119
300 0.3 29669.57861328125 7997.201157073149 71588.23413085938 2401.113037109375 31161.5372574603 122
310 0.9 33092.02970377604 8760.274217188624 71588.23413085938 2401.113037109375 31125.73025 125
320 0.4 35896.60021972656 9452.099739311712 71588.23413085938 2401.113037109375 31257.79513868645 134
330 0.3 29537.151692708332 4578.991661479645 71588.23413085938 2401.113037109375 31392.253256977467 138
340 0.9 28965.921902126734 8428.945076327123 71588.23413085938 2401.113037109375 31352.78301092919 141
350 0.5 26015.00595703125 2123.0999574083985 71588.23413085938 2401.113037109375 31209.571344401043 150
360 0.4 34211.147521972656 10893.610432049018 71588.23413085938 2401.113037109375 31042.004719002016 155
370 0.8 29195.16665649414 9222.812999457834 71588.23413085938 2401.113037109375 31121.73158196983 159
380 0.5 32476.39248046875 12523.469433418612 71588.23413085938 2401.113037109375 31029.441046617703 167
390 0.5 30010.939599609374 8142.570732841145 71588.23413085938 2401.113037109375 31071.50358829942 172
400 0.4 34351.154052734375 7009.107059521264 71588.23413085938 2401.113037109375 31041.54415359066 177
410 0.5 28152.76484375 7024.580473057777 71588.23413085938 2401.113037109375 31114.68470384798 181
420 0.4 28012.965942382813 10425.543392542317 71588.23413085938 2401.113037109375 31035.063202232443 186
430 0.4 24979.84979248047 8083.42549768991 71588.23413085938 2401.113037109375 30971.44010202508 190
440 0.7 33214.5946219308 12094.69371337358 71588.23413085938 2401.113037109375 30847.90215749839 194
450 0.2 29537.640014648438 6274.0069580078125 71588.23413085938 2401.113037109375 30930.32428312539 201
460 0.6 29852.575724283855 5948.224897504998 71588.23413085938 2401.113037109375 30916.603255849754 203
470 0.3 32081.409016927082 3935.70200240475 71588.23413085938 2401.113037109375 30886.057010924418 209
480 0.4 30538.085998535156 7315.235834150784 71588.23413085938 2401.113037109375 30902.972369499927 212
490 0.3 37065.777994791664 2980.1725438053004 71588.23413085938 2401.113037109375 30896.21521448206 216
500 0.1 27720.93408203125 0.0 71588.23413085938 2401.113037109375 30980.72977311644 219
510 0.3 37280.609619140625 15414.864104608387 71588.23413085938 2401.113037109375 30965.912519975143 220
520 0.4 34025.256103515625 16061.616891976872 71588.23413085938 2401.113037109375 31050.863602026697 223
530 0.5 39136.65380859375 11837.348535019815 71588.23413085938 2401.113037109375 31103.275804696103 227
540 0.3 27874.088053385418 4319.163613676461 71588.23413085938 2401.113037109375 31276.40895133183 232
550 0.5 25879.6244140625 5715.888960800935 71588.23413085938 2401.113037109375 31232.97506752826 235
560 0.8 28398.66534423828 6680.901544248558 71588.23413085938 2401.113037109375 31121.44692891439 240
570 0.1 26778.68115234375 0.0 71588.23413085938 2401.113037109375 31033.615264892578 248
580 1 37097.468481445314 10135.257160702602 71588.23413085938 2401.113037109375 31016.527176087162 249
590 0.5 37914.67763671875 8773.500670166937 71588.23413085938 2401.113037109375 31251.31255467242 259
600 0.4 28688.1416015625 4401.330596474335 71588.23413085938 2401.113037109375 31377.512650923294 264
610 0.3 46272.453938802086 16657.264814423168 71588.23413085938 2401.113037109375 31337.372784514926 268
620 0.4 33645.681213378906 21961.443106127783 71588.23413085938 2401.113037109375 31502.7057862229 271
630 0.8 30697.040985107422 14060.663361682073 71588.23413085938 2401.113037109375 31533.876337890626 275
640 0.4 24261.561279296875 6173.973975818628 71588.23413085938 2401.113037109375 31510.22021484375 283
650 0.4 30775.07177734375 5207.603840466482 71588.23413085938 2401.113037109375 31409.193609470276 287
660 0.5 29323.773681640625 6692.983246289612 71588.23413085938 2401.113037109375 31400.477158169568 291
670 0.5 28371.628173828125 4929.034643310548 71588.23413085938 2401.113037109375 31365.39770755252 296
680 0.4 24737.982482910156 9760.725032902335 71588.23413085938 2401.113037109375 31315.66731662687 301
690 0.4 47711.698791503906 18930.17375828827 78815.4521484375 2401.113037109375 31229.40259749616 305
700 0.7 33933.41217912947 8497.943799058288 78815.4521484375 2401.113037109375 31442.765655023766 309
710 0.6 32750.848673502605 10904.198734997546 78815.4521484375 2401.113037109375 31497.938204608385 316
720 0.4 46739.46374511719 34830.28349058818 106587.71313476563 2401.113037109375 31521.28436241387 322
730 0.4 51818.57781982422 33099.662141255234 106587.71313476563 2401.113037109375 31708.010489809 326
740 1.2 32073.73946126302 11369.716905684749 106587.71313476563 2401.113037109375 31951.774942294032 330
750 0.4 35574.62969970703 7817.1719919130555 106587.71313476563 2401.113037109375 31956.054399099965 342
760 0.6 34101.45479329427 17024.081911376405 106587.71313476563 2401.113037109375 31997.88763956941 346
770 0.5 28749.622607421876 3609.0382124614816 106587.71313476563 2401.113037109375 32033.743897871536 352
780 0.3 36763.637939453125 7553.405309660228 106587.71313476563 2401.113037109375 31987.74780136664 357
790 0.5 41836.31938476562 12993.946339805027 106587.71313476563 2401.113037109375 32027.546885850694 360
800 0.4 38924.85821533203 10039.454797057846 106587.71313476563 2401.113037109375 32161.91363241117 365
810 0.4 41388.78497314453 18527.779596675442 106587.71313476563 2401.113037109375 32235.22468480056 369
820 0.6 37851.66532389323 9229.346621867462 106587.71313476563 2401.113037109375 32333.386189233202 373
830 0.9 34014.37318250868 17715.134823719476 106587.71313476563 2401.113037109375 32420.74680877927 379
840 0.7 31375.652727399553 13738.608490417693 106587.71313476563 2401.113037109375 32457.712368994646 388
850 0.8 32337.86303710938 11150.933972147077 106587.71313476563 2401.113037109375 32438.53662851068 395
860 0.7 37248.600830078125 8215.271582280844 106587.71313476563 2401.113037109375 32436.538145306684 403
870 0.8 26851.921905517578 7511.809534155376 106587.71313476563 2401.113037109375 32518.695313095464 410
880 0.5 29127.2248046875 7276.383313898343 106587.71313476563 2401.113037109375 32410.240319648998 418
890 0.3 23878.166015625 5546.427275878606 106587.71313476563 2401.113037109375 32371.433989684916 423
900 0.5 25090.2734375 6530.564193213654 106587.71313476563 2401.113037109375 32311.622243388716 426
910 0.5 35147.99165039063 6283.633416725313 106587.71313476563 2401.113037109375 32227.84789529256 431
920 0.8 35960.072204589844 10739.300823319483 106587.71313476563 2401.113037109375 32261.33578239231 436
930 0.3 30101.172119140625 11723.385904991621 106587.71313476563 2401.113037109375 32327.979681891364 444
940 0.9 44741.083523220484 24645.805285693506 106587.71313476563 2401.113037109375 32313.034664691695 447
950 0.4 43205.55047607422 10888.702163822194 106587.71313476563 2401.113037109375 32558.325102688974 456
960 0.9 36236.163384331594 18127.728650632573 106587.71313476563 2401.113037109375 32650.909671153193 460
970 1 31966.911694335937 10898.84600507656 106587.71313476563 2401.113037109375 32719.709849018025 469
980 0.7 29915.292340959822 8985.443115201968 106587.71313476563 2401.113037109375 32703.99381238583 479
990 0.5 42963.19482421875 35417.69386993336 112350.26708984375 2401.113037109375 32663.827330287102 486
1000 0.6 32208.607666015625 10628.144066545945 112350.26708984375 2401.113037109375 32768.708872995165 491
1010 0.5 34878.25522460938 17936.605292496333 112350.26708984375 2401.113037109375 32761.94708780024 497
1020 0.3 29003.934326171875 5493.591900619182 112350.26708984375 2401.113037109375 32783.02585410312 502
1030 1 33575.470703125 18578.889806283045 112350.26708984375 2401.113037109375 32760.575805422344 505
1040 1.2 27583.906188964844 8398.95683116193 112350.26708984375 2401.113037109375 32776.39900731948 515
1050 0.4 32250.63055419922 6190.701900005022 112350.26708984375 2401.113037109375 32658.16387673076 527
1060 0.8 28003.779388427734 7359.576800219908 112350.26708984375 2401.113037109375 32655.09394586423 531
1070 0.8 31303.480377197266 12106.924199270821 112350.26708984375 2401.113037109375 32586.057737219533 539
1080 0.4 33797.52966308594 7622.388753079375 112350.26708984375 2401.113037109375 32567.29975023566 547
1090 0.8 35651.97637939453 12892.351389469484 112350.26708984375 2401.113037109375 32576.23063889519 551
1100 0.8 31354.582611083984 10564.023545461238 112350.26708984375 2401.113037109375 32620.248467023983 559
1110 0.4 27949.877990722656 1853.3930192027287 112350.26708984375 2401.113037109375 32602.39074771619 567
1120 0.6 28459.067911783855 12039.13525407007 112350.26708984375 2401.113037109375 32569.79871439224 571
1130 0.7 33909.9483468192 11014.916916192526 112350.26708984375 2401.113037109375 32527.052813498565 577
1140 1.3 37688.85314002404 11049.080596056674 112350.26708984375 2401.113037109375 32543.628616123984 584
1150 0.5 31377.8248046875 7918.345339180991 112350.26708984375 2401.113037109375 32655.66868113353 597
1160 0.7 36838.97122628348 19430.937770977067 112350.26708984375 2401.113037109375 32645.05535990059 602
1170 0.8 33637.663513183594 9731.124768874599 112350.26708984375 2401.113037109375 32693.261289399245 609
1180 1.1 27342.96650834517 6169.3655422172615 112350.26708984375 2401.113037109375 32705.506374958848 617
1190 1 31643.08186035156 7688.804323633027 112350.26708984375 2401.113037109375 32611.5765365309 628
1200 1.3 32877.188288762016 11004.589393614584 112350.26708984375 2401.113037109375 32596.39636919267 638
1210 1.3 32903.81422776442 10900.690941587569 112350.26708984375 2401.113037109375 32602.00358110419 651
1220 0.8 35919.1438293457 15354.014900318938 112350.26708984375 2401.113037109375 32607.912524487598 664
1230 1.2 34534.6973063151 7979.69628384518 112350.26708984375 2401.113037109375 32647.331944783527 672
1240 0.2 37884.64855957031 2339.3604736328125 112350.26708984375 2401.113037109375 32680.443617792855 684
1250 0.7 37505.8692452567 10679.548738814834 112350.26708984375 2401.113037109375 32695.616226952556 686
1260 0.5 23458.6072265625 6216.6820556030825 112350.26708984375 2401.113037109375 32744.20464127886 693
1270 0.7 32818.534388950895 15314.942737745343 112350.26708984375 2401.113037109375 32677.688900485762 698
1280 1.2 33080.35361735026 8080.329586021365 112350.26708984375 2401.113037109375 32679.08736632868 705
1290 1.2 31625.637247721355 7469.484205023502 112350.26708984375 2401.113037109375 32685.80311948385 717
1300 0.5 33129.21220703125 18835.793826188175 112350.26708984375 2401.113037109375 32668.35182941369 729
1310 0.8 32291.405242919922 11714.968404756053 112350.26708984375 2401.113037109375 32671.49120528302 734
1320 0.7 30839.08806501116 10010.540772873877 112350.26708984375 2401.113037109375 32667.393243424656 742
1330 1 36328.397705078125 11574.39181818339 112350.26708984375 2401.113037109375 32650.306279140415 749
1340 1.3 38305.698054387016 10095.13222192326 112350.26708984375 2401.113037109375 32698.76598172194 759
1350 1.2 39076.50693766276 11823.20789453865 112350.26708984375 2401.113037109375 32793.18323165024 772
1360 1.4 29456.933349609375 6765.966482199238 112350.26708984375 2401.113037109375 32889.35655368104 784
1370 1 37090.0962890625 10980.433929983623 112350.26708984375 2401.113037109375 32829.13860273242 798
1380 0.9 32326.792805989582 9787.972020297351 112350.26708984375 2401.113037109375 32881.873227563236 808
1390 0.9 28994.375244140625 5490.346506848987 112350.26708984375 2401.113037109375 32875.758510556916 817
1400 0.8 32661.32312011719 10705.372043541765 112350.26708984375 2401.113037109375 32833.46740959112 826
1410 0.9 27186.079047309027 7970.092968748729 112350.26708984375 2401.113037109375 32831.8161454235 834
1420 1.1 29494.661399147728 8861.020020239423 112350.26708984375 2401.113037109375 32771.54137213402 843
1430 0.9 31565.34800889757 7878.775896199071 112350.26708984375 2401.113037109375 32729.333316275886 854
1440 1.1 35390.84785600142 10495.61468392848 112350.26708984375 2401.113037109375 32717.194419675183 863
1450 0.8 33992.671875 15209.751314448506 112350.26708984375 2401.113037109375 32750.844520132378 874
1460 1.1 43224.03005149148 22869.61858404151 112350.26708984375 2401.113037109375 32762.108260312583 882
1470 1.1 32161.516246448864 10371.831240049143 112350.26708984375 2401.113037109375 32890.97851753875 893
1480 0.5 27727.704833984375 4493.712671789365 112350.26708984375 2401.113037109375 32882.102317337434 904
1490 1 31006.412182617187 5804.7282858716035 112350.26708984375 2401.113037109375 32853.75029597685 909
1500 0.5 33739.56401367187 10065.148251606199 112350.26708984375 2401.113037109375 32833.64868429721 919
1510 1.1 28692.657626065342 10676.61710512248 112350.26708984375 2401.113037109375 32838.550823525424 924
1520 1 28488.898681640625 9179.66536509151 112350.26708984375 2401.113037109375 32789.77560943766 935
1530 1.3 33724.18744365986 5863.938581773372 112350.26708984375 2401.113037109375 32744.263684275786 945
1540 0.8 30136.476989746094 7877.418031595424 112350.26708984375 2401.113037109375 32757.561188317533 958
1550 2.2 42220.10703346946 14446.805232545597 112350.26708984375 2401.113037109375 32735.85448688009 966
1560 1.2 34958.63946533203 13299.728043575826 112350.26708984375 2401.113037109375 32947.042296621956 988
1570 1 29542.28837890625 10941.712112687599 112350.26708984375 2401.113037109375 32971.18146264648 1000
1580 0.9 31443.132269965277 10810.506084655717 112350.26708984375 2401.113037109375 32937.2320261738 1010
1590 1.1 27840.886585582386 12633.940570715738 112350.26708984375 2401.113037109375 32924.03585560866 1019
1600 0.9 27159.170220269098 6416.848953245388 112350.26708984375 2401.113037109375 32869.74979544333 1030
1610 0.5 36974.8892578125 11454.130811710971 112350.26708984375 2401.113037109375 32820.2837548499 1039
1620 1.3 30614.677377554086 8780.0179864947 112350.26708984375 2401.113037109375 32840.18129078363 1044
1630 1.2 38365.66819254557 13003.387869514414 112350.26708984375 2401.113037109375 32812.80990869093 1057
1640 1.2 35965.30397542318 20636.633265659624 112350.26708984375 2401.113037109375 32875.14321028705 1069
1650 0.8 31583.89389038086 7096.1089262378855 112350.26708984375 2401.113037109375 32909.44656753186 1081
1660 1.2 33695.869466145836 11377.288232806786 112350.26708984375 2401.113037109375 32899.70880681817 1089
1670 0.8 33130.61935424805 8136.9014751721725 112350.26708984375 2401.113037109375 32908.38630719231 1101
1680 0.9 34569.13237847222 10950.134891864047 112350.26708984375 2401.113037109375 32909.989431066475 1109
1690 1.4 28718.35866001674 10863.87940747652 112350.26708984375 2401.113037109375 32923.34568019586 1118
1700 1.2 39348.40037027995 15068.46372810142 112350.26708984375 2401.113037109375 32871.34054037032 1132
1710 1.1 29349.672008167614 4740.710903110435 112350.26708984375 2401.113037109375 32939.28172739735 1144
1720 0.5 47413.04165039062 25330.23600007339 112350.26708984375 2401.113037109375 32905.09496816659 1155
1730 0.8 42639.090759277344 15079.691245548258 112350.26708984375 2401.113037109375 32967.62922110721 1160
1740 1 37855.16630859375 10918.042389720375 112350.26708984375 2401.113037109375 33033.872108354946 1168
1750 1 29828.92705078125 21586.70732668912 112350.26708984375 2401.113037109375 33074.79990292404 1178
1760 0.8 34690.61618041992 5561.390413396065 112350.26708984375 2401.113037109375 33047.47774086896 1188
1770 1.3 31279.735821063707 7875.194910786289 112350.26708984375 2401.113037109375 33058.46863344121 1196
1780 1.4 31944.763567243303 8947.326702835935 112350.26708984375 2401.113037109375 33039.342474168334 1209
1790 1.3 30864.62823016827 9077.096581149557 112350.26708984375 2401.113037109375 33026.81254391735 1223
1800 1.1 39318.723388671875 19698.890018065445 112350.26708984375 2401.113037109375 33004.07112314167 1236
1810 1.3 41014.48751126803 18782.439826606795 112350.26708984375 2401.113037109375 33059.77374938131 1247
1820 0.6 33056.440673828125 10438.730477436784 112350.26708984375 2401.113037109375 33141.846192956335 1260
1830 0.9 33837.981635199656 9396.498279025685 112350.26708984375 2401.113037109375 33141.441427462836 1266
1840 0.3 38941.870279947914 9979.115048084335 112350.26708984375 2401.113037109375 33146.35818187039 1275
1850 1.4 41550.34619140625 11013.732422890269 112350.26708984375 2401.113037109375 33159.96267036353 1278
1860 1.3 48874.443716195914 7943.34596853254 112350.26708984375 2401.113037109375 33250.8801388578 1292
1870 1.8 49109.89484320747 6569.893277509847 112350.26708984375 2401.113037109375 33406.5171706627 1305
1880 1.5 51178.66489257813 6899.300925320035 112350.26708984375 2401.113037109375 33620.16856756807 1323
1890 0.7 60257.932896205355 9452.818522993526 112350.26708984375 2401.113037109375 33817.01269677222 1338
1900 2.9 59796.79462722252 10807.454478528642 112350.26708984375 2401.113037109375 33954.62343386964 1345
1910 1 62352.14211425781 9227.325045548761 112350.26708984375 2401.113037109375 34500.054994719154 1374
1920 1.3 64780.828087439906 7608.975943045288 112350.26708984375 2401.113037109375 34701.29839876206 1384
1930 1.1 66101.30331143466 14599.069063649637 112350.26708984375 2401.113037109375 34981.20812385355 1397
1940 1.9 69665.4289165296 12171.284268143547 112350.26708984375 2401.113037109375 35224.333867506524 1408
1950 1 74459.43403320313 12146.87677646196 112350.26708984375 2401.113037109375 35682.90485975 1427
1960 2 74600.67596435547 10257.199856813413 112350.26708984375 2401.113037109375 35952.74848656596 1437
1970 1 76710.19958496094 12635.251105942189 112350.26708984375 2401.113037109375 36483.26224741413 1457
1980 1.1 85274.83422851563 10084.288723851505 112350.26708984375 2401.113037109375 36757.47449920382 1467
1990 0.8 80810.88134765625 9438.695680666242 112350.26708984375 2401.113037109375 37118.56445659383 1478
2000 0.9 87410.34231228298 5025.104486881582 112350.26708984375 2401.113037109375 37353.78554349053 1486
2010 1.8 93609.74686686198 8811.044507869412 113498.7119140625 2401.113037109375 37655.12936350332 1495
2020 1.6 99253.6220703125 7243.067363672575 114033.67407226563 2401.113037109375 38320.81549374817 1513
2030 1.3 99744.80089393028 10021.830912939871 120808.31201171875 2401.113037109375 38958.43806093262 1529
2040 2.4 104836.27091471355 7416.166853223324 121311.09497070313 2401.113037109375 39470.90415485542 1542
2050 1.7 107269.40836109835 11435.573506187025 141468.49194335938 2401.113037109375 40472.67222780344 1566
2060 0.9 113887.107421875 19028.91150267866 161336.28198242188 2401.113037109375 41190.0092551351 1583
2070 1.5 113911.31005859375 10748.526726611954 161336.28198242188 2401.113037109375 41600.985312610384 1592
2080 1.7 111308.89868164063 10016.645720484285 161336.28198242188 2401.113037109375 42275.94167302715 1607
2090 1.3 122715.71901292067 13609.305729897489 161336.28198242188 2401.113037109375 42998.57730673801 1624
2100 1.3 117210.15117938702 12213.508638683517 161336.28198242188 2401.113037109375 43631.63951943219 1637
2110 1.2 120646.66467285156 15911.16092998074 161336.28198242188 2401.113037109375 44211.34900523789 1650
2120 2.3 127778.61104152513 15833.664096665676 181654.60205078125 2401.113037109375 44763.22854074412 1662
2130 1.4 119387.41898018973 7266.053909554952 181654.60205078125 2401.113037109375 45896.376195057455 1685
2140 2.1 126200.58547247024 14450.873023720242 181654.60205078125 2401.113037109375 46501.95276891964 1699
2150 2.2 123366.97921475497 13813.930457914666 181654.60205078125 2401.113037109375 47475.01747053276 1720
2160 1.1 130895.50073242188 15267.067459784841 181654.60205078125 2401.113037109375 48433.46934101088 1742
2170 2.1 129920.11478097098 11698.502913484721 181654.60205078125 2401.113037109375 48950.91505995299 1753
2180 1.6 128908.37754821777 16397.62905356333 181654.60205078125 2401.113037109375 49909.40051324577 1774
2190 1.4 125500.83996582031 11433.236743996258 181654.60205078125 2401.113037109375 50615.53662082093 1790
2200 1.7 128505.2186351103 15848.995732141353 181654.60205078125 2401.113037109375 51196.68642505042 1804
2210 1.8 125371.35970052083 14765.345885679812 181654.60205078125 2401.113037109375 51918.40254123439 1821
2220 1.7 130087.08198816636 14206.562058908574 181654.60205078125 2401.113037109375 52637.35481359283 1839
2230 1.8 130473.77536349827 19924.43031615052 185203.37719726563 2401.113037109375 53346.75425430821 1856
2240 1.5 129355.20862630209 12343.188659458097 185203.37719726563 2401.113037109375 54087.56875802508 1874
2250 1 130100.56030273438 15590.401096801712 185203.37719726563 2401.113037109375 54685.247211187685 1889
2260 1.6 132903.01878356937 25595.195534683655 225103.69897460938 2401.113037109375 55082.378928362756 1899
2270 1.7 134346.48671587775 13690.068967069445 225103.69897460938 2401.113037109375 55732.57748589973 1915
2280 0.9 127466.37879774306 8692.786049414954 225103.69897460938 2401.113037109375 56424.314782436806 1932
2290 1.5 130041.94386393229 7675.6250630646555 225103.69897460938 2401.113037109375 56753.721570761256 1941
2300 1.6 132714.34584045407 10466.849934746777 225103.69897460938 2401.113037109375 57315.74781534079 1956
2310 1.7 139369.64395680148 15213.74466896052 225103.69897460938 2401.113037109375 57927.50114617335 1972
2320 1.7 144046.57987706803 15465.19709279764 225103.69897460938 2401.113037109375 58623.587836862476 1989
2330 1.8 147333.2639702691 23594.8945606109 225103.69897460938 2401.113037109375 59347.511498220156 2006
2340 2.1 141816.28874860491 12888.709376216846 225103.69897460938 2401.113037109375 60129.99348660794 2024
2350 1.4 151761.0692138672 22982.8972579456 225103.69897460938 2401.113037109375 60968.82585849153 2045
2360 2.2 154725.99396306818 13955.618138076641 225103.69897460938 2401.113037109375 61586.16019893604 2059
2370 2.2 141415.94234952063 8149.441219121091 225103.69897460938 2401.113037109375 62570.819662084 2081
2380 0.9 155430.3517252604 16933.94838329501 225103.69897460938 2401.113037109375 63395.637873745254 2103
2390 0.9 156557.12578667534 28263.125587874467 225103.69897460938 2401.113037109375 63787.83125663523 2112
2400 1.4 153776.2491280692 13176.967611101521 225103.69897460938 2401.113037109375 64181.477485192685 2121
2410 2.2 153920.60191761365 18821.414570322602 225103.69897460938 2401.113037109375 64768.98418449024 2135
2420 1.8 152490.69921875 14955.924646573838 225103.69897460938 2401.113037109375 65678.27282154573 2157
2430 1.5 152722.70590820312 12227.877798464684 225103.69897460938 2401.113037109375 66396.72048828121 2175
2440 2.2 147831.88433283023 5780.484738568128 225103.69897460938 2401.113037109375 66987.9943610204 2190
2450 2.6 153267.91003417972 8948.546397239868 225103.69897460938 2401.113037109375 67792.04751625539 2212
2460 1.4 149706.81445312503 5625.898645846101 225103.69897460938 2401.113037109375 68785.06468581126 2238
2470 1.1 154534.36095081677 13439.766976377916 225103.69897460938 2401.113037109375 69288.13062575016 2252
2480 2.4 153249.06135050455 7295.498359316858 225103.69897460938 2401.113037109375 69702.4958637421 2263
2490 3 157960.31416829434 16230.00056970371 225103.69897460938 2401.113037109375 70579.24163185853 2287
2500 8.1 141882.67503978589 19671.7664125744 225103.69897460938 2401.113037109375 71710.63229914082 2317
2510 2.8 131236.94434465683 20075.90321643421 225103.69897460938 2401.113037109375 74080.91397636861 2398
2520 0.8 153454.45404052734 38362.8587401309 238525.52319335938 2401.113037109375 74740.58786355413 2426
2530 0.4 158562.56243896484 13724.64618821849 238525.52319335938 2401.113037109375 74999.30229634616 2434
2540 0.3 163380.20288085938 11513.884774276376 238525.52319335938 2401.113037109375 75136.40362553831 2438
2550 0 0 0 238525.52319335938 2401.113037109375 75244.85565248053 2441
2560 0 0 0 238525.52319335938 2401.113037109375 75244.85565248053 2441
2570 0 0 0 238525.52319335938 2401.113037109375 75244.85565248053 2441
2575 0 0 0 238525.52319335938 2401.113037109375 75244.85565248053 2441
