10 0.1 1
20 0 1
30 0.2 3
40 0.6 9
50 0.4 13
60 0.6 19
70 0.7 26
80 0.7 33
90 0.7 40
100 0.4 44
110 0.6 50
120 0.5 55
130 0.7 62
140 0.7 69
150 0.5 74
160 0.6 80
170 0.4 84
180 0.3 87
190 0.5 92
200 0.4 96
210 0.5 101
220 0.9 110
230 0.3 113
240 0.5 118
250 0.9 127
260 0.7 134
270 0.7 141
280 0.7 148
290 0.2 150
300 0.4 154
310 1 164
320 0.9 173
330 0.4 177
340 0.4 181
350 0.7 188
360 0.4 192
370 0.4 196
380 0.3 199
390 0.8 207
400 0.4 211
410 0.5 216
420 0.6 222
430 0.8 230
440 0.8 238
450 0.8 246
460 0.3 249
470 0.1 250
480 0.4 254
490 0.2 256
500 0.6 262
510 0.4 266
520 0.9 275
530 0.4 279
540 0.5 284
550 0.6 290
560 0.5 295
570 0.3 298
580 0.5 303
590 0.6 309
600 0.1 310
610 0.5 315
620 0.4 319
630 0.6 325
640 0.7 332
650 0.9 341
660 0.4 345
670 0.7 352
680 0.8 360
690 0.5 365
700 0.4 369
710 0.8 377
720 0.8 385
730 0.7 392
740 0.2 394
750 1.1 405
760 0.6 411
770 0.5 416
780 0.8 424
790 1 434
800 0.3 437
810 1 447
820 0.2 449
830 0.5 454
840 0.7 461
850 0.9 470
860 0.6 476
870 0.5 481
880 0.7 488
890 0.3 491
900 1 501
910 0.2 503
920 0.9 512
930 0.4 516
940 0.6 522
950 0.7 529
960 0.9 538
970 0.7 545
980 0.5 550
990 0.9 559
1000 0.9 568
1010 0.7 575
1020 0.6 581
1030 0.3 584
1040 1.1 595
1050 0.8 603
1060 0.7 610
1070 0.8 618
1080 0.8 626
1090 0.7 633
1100 0.6 639
1110 1.1 650
1120 0.4 654
1130 0.6 660
1140 1 670
1150 0.8 678
1160 1.2 690
1170 0.8 698
1180 0.7 705
1190 1 715
1200 0.9 724
1210 0.8 732
1220 1.1 743
1230 1.3 756
1240 1.4 770
1250 0.9 779
1260 2 799
1270 1 809
1280 1.5 824
1290 1 834
1300 0.7 841
1310 0.6 847
1320 1.2 859
1330 0.8 867
1340 0.6 873
1350 0.5 878
1360 1.3 891
1370 0.7 898
1380 0.7 905
1390 0.8 913
1400 0.9 922
1410 1.2 934
1420 0.8 942
1430 0.7 949
1440 0.8 957
1450 0.6 963
1460 1 973
1470 1.3 986
1480 0.9 995
1490 1.2 1007
1500 2 1027
1510 0.8 1035
1520 0.9 1044
1530 1.1 1055
1540 1.1 1066
1550 1 1076
1560 1.1 1087
1570 1.1 1098
1580 1.3 1111
1590 0.7 1118
1600 0.6 1124
1610 1.1 1135
1620 1.1 1146
1630 1.5 1161
1640 0.9 1170
1650 1.1 1181
1660 0.9 1190
1670 1.3 1203
1680 1.2 1215
1690 1.6 1231
1700 1.1 1242
1710 1.2 1254
1720 0.3 1257
1730 1 1267
1740 0.6 1273
1750 1.1 1284
1760 0.8 1292
1770 1.3 1305
1780 1.2 1317
1790 1.6 1333
1800 2.4 1357
1810 1.8 1375
1820 2 1395
1830 1.4 1409
1840 1.6 1425
1850 1.6 1441
1860 2.1 1462
1870 2.5 1487
1880 2 1507
1890 3 1537
1900 2.2 1559
1910 2.1 1580
1920 1.7 1597
1930 1.8 1615
1940 1.7 1632
1950 3 1662
1960 2.8 1690
1970 1.1 1701
1980 2.3 1724
1990 2.1 1745
2000 1.2 1757
2010 1.4 1771
2020 1.5 1786
2030 1.6 1802
2040 2.1 1823
2050 0.8 1831
2060 1.5 1846
2070 2 1866
2080 2.3 1889
2090 2.2 1911
2100 1 1921
2110 0.7 1928
2120 2.5 1953
2130 2.6 1979
2140 2.4 2003
2150 2.7 2030
2160 2.1 2051
2170 1.5 2066
2180 1.3 2079
2190 2.4 2103
2200 1.5 2118
2210 2.7 2145
2220 2.2 2167
2230 1.3 2180
2240 1.8 2198
2250 1.6 2214
2260 2.6 2240
2270 1.3 2253
2280 2.4 2277
2290 2 2297
2300 2.1 2318
2310 1.3 2331
2320 1 2341
2330 1.6 2357
2340 2.6 2383
2350 2 2403
2360 2.3 2426
2370 2.3 2449
2380 1.8 2467
2390 2.7 2494
2400 1.4 2508
2410 2.2 2530
2420 1.6 2546
2430 1.5 2561
2440 1.6 2577
2450 1.8 2595
2460 1.7 2612
2470 2.1 2633
2480 1.4 2647
2490 1.1 2658
2500 1.8 2676
2510 1.4 2690
2520 2.4 2714
2530 1.6 2730
2540 1.7 2747
2550 1.1 2758
2560 1.8 2776
2570 1.9 2795
2580 1.3 2808
2590 2.2 2830
2600 2.2 2852
2610 1.9 2871
2620 1.5 2886
2630 2 2906
2640 1.2 2918
2650 2.6 2944
2660 0.8 2952
2670 0.8 2960
2680 1.9 2979
2690 3 3009
2700 1.3 3022
2710 1.5 3037
2720 1.1 3048
2730 1.4 3062
2740 1.6 3078
2750 0.6 3084
2760 1.7 3101
2770 2.9 3130
2780 2.5 3155
2790 1.7 3172
2800 2.2 3194
2810 1 3204
2820 2.4 3228
2830 2.1 3249
2840 1.8 3267
2850 2 3287
2860 2.7 3314
2870 3.3 3347
2880 1.4 3361
2890 2.9 3390
2900 1.6 3406
2910 1.4 3420
2920 2.8 3448
2930 1 3458
2940 2.1 3479
2950 1.8 3497
2960 1.5 3512
2970 2.1 3533
2980 2.3 3556
2990 1.3 3569
3000 2.5 3594
3010 2.1 3615
3020 2.7 3642
3030 2.3 3665
3040 1.8 3683
3050 2.6 3709
3060 2.1 3730
3070 2.9 3759
3080 2.5 3784
3090 1.8 3802
3100 1.6 3818
3110 2 3838
3120 1.5 3853
3130 1.7 3870
3140 2 3890
3150 1.8 3908
3160 2.5 3933
3170 2.6 3959
3180 2.6 3985
3190 2.4 4009
3200 1.8 4027
3210 2.1 4048
3220 1.9 4067
3230 1.9 4086
3240 1.6 4102
3250 2.2 4124
3260 1.3 4137
3270 2.5 4162
3280 2.3 4185
3290 2.9 4214
3300 1.6 4230
3310 2.4 4254
3320 2.2 4276
3330 1.7 4293
3340 1.5 4308
3350 1.1 4319
3360 1.7 4336
3370 2 4356
3380 2.3 4379
3390 1.6 4395
3400 2.2 4417
3410 2.8 4445
3420 2.7 4472
3430 1.4 4486
3440 3.3 4519
3450 2.1 4540
3460 0.3 4543
3470 3.8 4581
3480 2.1 4602
3490 2.2 4624
3500 2.1 4645
3510 1.9 4664
3520 1.6 4680
3530 2.4 4704
3540 1.5 4719
3550 2.8 4747
3560 1.7 4764
3570 2.4 4788
3580 2.8 4816
3590 2.8 4844
3600 1.6 4860
3610 2.4 4884
3620 1.3 4897
3630 3 4927
3640 2.8 4955
3650 2.3 4978
3660 0.6 4984
3670 2.8 5012
3680 1.6 5028
3690 1.2 5040
3700 3.7 5077
3710 1.3 5090
3720 2.4 5114
3730 1.1 5125
3740 2.1 5146
3750 1.5 5161
3760 1.8 5179
3770 1.5 5194
3780 2.4 5218
3790 1.9 5237
3800 2.5 5262
3810 2.4 5286
3820 1.5 5301
3830 3.1 5332
3840 1 5342
3850 1.9 5361
3860 2.2 5383
3870 1.5 5398
3880 1.7 5415
3890 0.7 5422
3901 2.5 5447
3910 1.7 5464
3920 1.8 5482
3930 1.9 5501
3940 3.5 5536
3950 1.5 5551
3960 3.4 5585
3970 1.9 5604
3980 1.9 5623
3990 1.5 5638
4000 1.3 5651
4010 1.3 5664
4020 1.4 5678
4030 1.9 5697
4040 1.9 5716
4050 1.5 5731
4060 2.6 5757
4070 2 5777
4080 1.7 5794
4090 2.1 5815
4100 1.1 5826
4110 2.5 5851
4120 1.5 5866
4130 2.3 5889
4140 1.5 5904
4150 1.6 5920
4160 1.7 5937
4170 2.3 5960
4180 2.7 5987
4190 2.6 6013
4200 1.9 6032
4210 1 6042
4220 1.2 6054
4230 2.7 6081
4240 2.5 6106
4250 2 6126
4260 2.1 6147
4270 1.5 6162
4280 2.6 6188
4290 0.8 6196
4300 2.5 6221
4310 1.6 6237
4320 1.3 6250
4330 2.6 6276
4340 1.1 6287
4350 2 6307
4360 3.2 6339
4370 2.6 6365
4380 1.7 6382
4390 1.7 6399
4400 2.7 6426
4410 2.8 6454
4420 1.6 6470
4430 1.2 6482
4440 1.5 6497
4450 2.3 6520
4460 2.1 6541
4470 1.1 6552
4480 1.7 6569
4490 2.2 6591
4500 1.8 6609
4510 1.5 6624
4520 2 6644
4530 1.1 6655
4540 2.8 6683
4550 2.6 6709
4560 1.8 6727
4570 3.4 6761
4580 1.5 6776
4590 1.6 6792
4600 2.5 6817
4610 2.4 6841
4620 1.8 6859
4630 1.7 6876
4640 1 6886
4650 2.3 6909
4660 1.9 6928
4670 1 6938
4680 2.2 6960
4690 1.7 6977
4700 1.7 6994
4710 2.4 7018
4720 1.8 7036
4730 2.4 7060
4740 2.2 7082
4750 1.5 7097
4760 0.7 7104
4770 1.7 7121
4780 1.7 7138
4790 1.4 7152
4800 2.1 7173
4810 2.1 7194
4820 1.8 7212
4830 1.9 7231
4840 2.6 7257
4850 2 7277
4860 1.3 7290
4870 2.3 7313
4880 2.8 7341
4890 2.2 7363
4900 2.8 7391
4910 2.4 7415
4920 2.3 7438
4930 1.9 7457
4940 2.3 7480
4950 1.4 7494
4960 3.4 7528
4970 0.8 7536
4980 3.1 7567
4990 2.8 7595
5000 2.5 7620
5010 2.4 7644
5020 1.8 7662
5030 2.2 7684
5040 1.3 7697
5050 1.8 7715
5060 1.7 7732
5070 2.5 7757
5080 2 7777
5090 2.1 7798
5100 2.7 7825
5110 2 7845
5120 1.9 7864
5130 1.7 7881
5140 2.5 7906
5150 1.5 7921
5160 1.7 7938
5170 2.4 7962
5180 2.8 7990
5190 2.4 8014
5200 2.3 8037
5210 1.7 8054
5220 1.1 8065
5230 4.1 8106
5240 2.3 8129
5250 2.3 8152
5260 1.9 8171
5270 2 8191
5280 2.2 8213
5290 2.6 8239
5300 1.4 8253
5310 2.6 8279
5320 1.9 8298
5330 2.6 8324
5340 2.2 8346
5350 1.5 8361
5360 1 8371
5370 1.5 8386
5380 0.7 8393
5390 1.9 8412
5400 2.8 8440
5410 1.6 8456
5420 2.5 8481
5430 1.9 8500
5440 2.3 8523
5450 1.3 8536
5460 2.1 8557
5470 1.9 8576
5480 1.3 8589
5490 2.2 8611
5500 3.1 8642
5510 2 8662
5520 1.6 8678
5530 2.3 8701
5540 1.8 8719
5550 2.4 8743
5560 1 8753
5570 1.2 8765
5580 2.5 8790
5590 1.2 8802
5600 2.1 8823
5610 2.4 8847
5620 3.1 8878
5630 2.2 8900
5640 1.5 8915
5650 1 8925
5660 2.9 8954
5670 2.4 8978
5680 1.4 8992
5690 2.4 9016
5700 1.8 9034
5710 1.8 9052
5720 2 9072
5730 2.5 9097
5740 1.4 9111
5750 2 9131
5760 1.6 9147
5770 2.6 9173
5780 2 9193
5790 2.1 9214
5800 1.6 9230
5810 1.9 9249
5820 2.1 9270
5830 2.7 9297
5840 1.1 9308
5850 2.9 9337
5860 2.4 9361
5870 2 9381
5880 2 9401
5890 1.4 9415
5900 1.6 9431
5910 3.4 9465
5920 1.9 9484
5930 2.3 9507
5940 1.6 9523
5950 1.5 9538
5960 2.2 9560
5970 2.2 9582
5980 2.3 9605
5990 2.1 9626
6000 1.2 9638
6010 2 9658
6020 2.1 9679
6030 1.6 9695
6040 2.8 9723
6050 2.4 9747
6060 1.9 9766
6070 1.3 9779
6080 1.6 9795
6090 2.1 9816
6100 1.8 9834
6110 1.8 9852
6120 2 9872
6130 2.4 9896
6140 1.1 9907
6150 4 9947
6160 2.5 9972
6170 2 9992
6180 1.5 10007
6190 1.7 10024
6200 1.3 10037
6210 1.3 10050
6220 2.2 10072
6230 1.5 10087
6240 3 10117
6250 2.4 10141
6260 1.4 10155
6270 2.3 10178
6280 2.9 10207
6290 1.5 10222
6300 1.5 10237
6310 2.3 10260
6320 1.6 10276
6330 2.2 10298
6340 2.9 10327
6350 2.1 10348
6360 2 10368
6370 1.6 10384
6380 2.9 10413
6390 1.9 10432
6400 1.8 10450
6410 3 10480
6420 1.8 10498
6430 1.2 10510
6440 2 10530
6450 1.6 10546
6460 1.9 10565
6470 2.1 10586
6480 1.3 10599
6490 2.9 10628
6500 2.2 10650
6510 2 10670
6520 2.7 10697
6530 2.4 10721
6540 1.3 10734
6550 1.1 10745
6560 2.8 10773
6570 1.4 10787
6580 2.6 10813
6590 1.9 10832
6600 1.5 10847
6610 1.6 10863
6620 1.8 10881
6630 2.2 10903
6640 2.4 10927
6650 1.6 10943
6660 1.1 10954
6670 1.6 10970
6680 1.2 10982
6690 1.9 11001
6700 2.3 11024
6710 2.1 11045
6720 1.6 11061
6730 2.7 11088
6740 1.7 11105
6750 2.3 11128
6760 2.2 11150
6770 1.7 11167
6780 1.7 11184
6790 1.4 11198
6800 2.4 11222
6810 1.8 11240
6820 2.1 11261
6830 2.3 11284
6840 1.5 11299
6850 1.5 11314
6860 1.9 11333
6870 2.2 11355
6880 2 11375
6890 0.9 11384
6900 3.2 11416
6910 1.6 11432
6920 2.1 11453
6930 0.7 11460
6940 2 11480
6950 2 11500
6960 2.9 11529
6970 1.7 11546
6980 1.3 11559
6990 1.8 11577
7000 1.9 11596
7010 1.7 11613
7020 0.6 11619
7030 4.2 11661
7040 1.5 11676
7050 1.4 11690
7060 1.8 11708
7070 2 11728
7080 1.8 11746
7090 2.5 11771
7100 1.8 11789
7110 2.4 11813
7120 2 11833
7130 1.3 11846
7140 1.6 11862
7150 0.8 11870
7160 2.4 11894
7170 2.3 11917
7180 1.4 11931
7190 2.5 11956
7200 1.7 11973
7210 2.5 11998
7220 2.2 12020
7230 2.2 12042
7240 1.6 12058
7250 1.1 12069
7260 2.3 12092
7270 2.6 12118
7280 3.3 12151
7290 1.7 12168
7300 1.7 12185
7310 1.7 12202
7320 1.6 12218
7330 1.7 12235
7340 2.3 12258
7350 2.4 12282
7360 1.2 12294
7370 2.1 12315
7380 1.9 12334
7390 2.3 12357
7400 2.1 12378
7410 1.4 12392
7420 2.5 12417
7430 1.7 12434
7440 1.5 12449
7450 1.9 12468
7460 1.5 12483
7470 1.9 12502
7480 2 12522
7490 1.7 12539
7500 1.5 12554
7510 1.9 12573
7520 0.9 12582
7530 2.5 12607
7540 1.7 12624
7550 2.3 12647
7560 0.8 12655
7570 2.2 12677
7580 2.8 12705
7590 2.2 12727
7600 1.6 12743
7610 2.4 12767
7620 1.9 12786
7630 1.4 12800
7640 2 12820
7650 0.5 12825
7660 3.6 12861
7670 1.3 12874
7680 2.3 12897
7690 1.9 12916
7700 1.6 12932
7710 1.6 12948
7720 2.1 12969
7730 2.2 12991
7740 2.2 13013
7750 2.8 13041
7760 1.9 13060
7770 1.8 13078
7780 0.8 13086
7790 4.2 13128
7800 2.6 13154
7810 1.7 13171
7820 1.4 13185
7830 4.4 13229
7840 1.6 13245
7850 2 13265
7860 1.8 13283
7870 2.9 13312
7880 1.8 13330
7890 2 13350
7900 0.8 13358
7910 3.6 13394
7920 1.6 13410
7930 2.1 13431
7940 1.6 13447
7950 2.8 13475
7960 2.1 13496
7970 1.3 13509
7980 1.7 13526
7990 3.2 13558
8000 1.5 13573
8010 2.3 13596
8020 2 13616
8030 1.4 13630
8040 2.8 13658
8050 1.6 13674
8060 2.7 13701
8070 1.8 13719
8080 1.9 13738
8090 1.3 13751
8100 1.3 13764
8110 2.2 13786
8120 1.5 13801
8130 1.6 13817
8140 2.9 13846
8150 2.3 13869
8160 2.6 13895
8170 1.9 13914
8180 2.4 13938
8190 1.3 13951
8200 1.9 13970
8210 2 13990
8220 1.7 14007
8230 2.7 14034
8240 1.6 14050
8250 2 14070
8260 1.1 14081
8270 1.9 14100
8280 1.9 14119
8290 2.1 14140
8300 1.7 14157
8310 3.1 14188
8320 2 14208
8330 1.3 14221
8340 2.7 14248
8350 1.4 14262
8360 1.4 14276
8370 1.6 14292
8380 1.5 14307
8390 1.4 14321
8400 1.3 14334
8410 1.8 14352
8420 2.1 14373
8430 2.6 14399
8440 2.6 14425
8450 2.4 14449
8460 2.5 14474
8470 0.8 14482
8480 1.3 14495
8490 2.3 14518
8500 2.7 14545
8510 2.1 14566
8520 1.5 14581
8530 2 14601
8540 2.4 14625
8550 1.9 14644
8560 2.2 14666
8570 2.8 14694
8580 3 14724
8590 1.8 14742
8600 1.3 14755
8610 2.4 14779
8620 1.4 14793
8630 1.4 14807
8640 2.9 14836
8650 1.8 14854
8660 3.1 14885
8670 2.8 14913
8680 1.8 14931
8690 1.9 14950
8700 1.5 14965
8710 2.9 14994
8720 1.3 15007
8730 1.9 15026
8740 1.2 15038
8750 2.8 15066
8760 1.6 15082
8770 2.4 15106
8780 1.4 15120
8790 1.2 15132
8800 2.2 15154
8810 2.3 15177
8820 0.8 15185
8830 2.2 15207
8840 2 15227
8850 1.9 15246
8860 2.3 15269
8870 3.3 15302
8880 1.9 15321
8890 2.4 15345
8900 2 15365
8910 1.5 15380
8920 1.6 15396
8930 2.3 15419
8940 2.1 15440
8950 2.2 15462
8960 2 15482
8970 1.9 15501
8980 1.7 15518
8990 1.7 15535
9000 1.6 15551
9010 2.5 15576
9020 2 15596
9030 2.2 15618
9040 1.9 15637
9050 2.2 15659
9060 0.9 15668
9070 1.4 15682
9080 2.5 15707
9090 2.6 15733
9100 2.4 15757
9110 2.3 15780
9120 2.2 15802
9130 1.7 15819
9140 2.5 15844
9150 1.7 15861
9160 2.4 15885
9170 1.7 15902
9180 2 15922
9190 1.3 15935
9200 2.4 15959
9210 1.7 15976
9220 2.4 16000
9230 2.1 16021
9240 3.5 16056
9250 2.2 16078
9260 1.8 16096
9270 1.6 16112
9280 3.3 16145
9290 2.4 16169
9300 2.4 16193
9310 1.1 16204
9320 2.9 16233
9330 1.9 16252
9340 1.7 16269
9350 1.3 16282
9360 3.1 16313
9370 2.3 16336
9380 1.6 16352
9390 3.7 16389
9400 2.6 16415
9410 1.9 16434
9420 1.3 16447
9430 2.6 16473
9440 1.8 16491
9450 2.2 16513
9460 2.5 16538
9470 1.6 16554
9480 2.3 16577
9490 2.2 16599
9500 2.4 16623
9510 2 16643
9520 2 16663
9530 1.7 16680
9540 1.3 16693
9550 1.8 16711
9560 2 16731
9570 1.6 16747
9580 1.9 16766
9590 2 16786
9600 1.9 16805
9610 1.9 16824
9620 2 16844
9630 1.4 16858
9640 1.5 16873
9650 1.4 16887
9660 2.4 16911
9670 1.1 16922
9680 2.2 16944
9690 1.2 16956
9700 2.8 16984
9710 0.7 16991
9720 3.1 17022
9730 2.7 17049
9740 2.1 17070
9750 1.2 17082
9760 3.5 17117
9770 2.3 17140
9780 2.2 17162
9790 2.3 17185
9800 1.8 17203
9810 2.4 17227
9820 1.7 17244
9830 2.1 17265
9840 1.6 17281
9850 2.1 17302
9860 1.3 17315
9870 1.9 17334
9880 1.5 17349
9890 1.7 17366
9900 2 17386
9910 1.9 17405
9920 1.7 17422
9930 2.5 17447
9940 2.4 17471
9950 1.7 17488
9960 2.6 17514
9970 1.9 17533
9980 1.6 17549
9990 1.1 17560
10000 2.3 17583
10010 1.7 17600
10020 1.4 17614
10030 4 17654
10040 2 17674
10050 1.2 17686
10060 2 17706
10070 1.4 17720
10080 1.8 17738
10090 1.4 17752
10100 1.8 17770
10110 1.6 17786
10120 2.1 17807
10130 2.5 17832
10140 1.8 17850
10150 2.2 17872
10160 1.8 17890
10170 1.6 17906
10180 1.3 17919
10190 2.4 17943
10200 2.1 17964
10210 2 17984
10220 1.3 17997
10230 1.8 18015
10240 1.8 18033
10250 2.3 18056
10260 1.4 18070
10270 1.5 18085
10280 2.3 18108
10290 0.8 18116
10300 2.1 18137
10310 1.4 18151
10320 2.6 18177
10330 2.2 18199
10340 2.5 18224
10350 1.7 18241
10360 2.4 18265
10370 2.2 18287
10380 1.9 18306
10390 1.6 18322
10400 2.4 18346
10410 1.6 18362
10420 2.7 18389
10430 1.3 18402
10440 1.8 18420
10450 2.1 18441
10460 1.8 18459
10470 1.1 18470
10480 3.7 18507
10490 2.8 18535
10500 3.3 18568
10510 2.6 18594
10520 1.9 18613
10530 1.3 18626
10540 3.3 18659
10550 0.8 18667
10560 2 18687
10570 2.3 18710
10580 1.5 18725
10590 1.7 18742
10600 2.4 18766
10610 2.2 18788
10620 2.2 18810
10630 0.8 18818
10640 3 18848
10650 2.1 18869
10660 1.5 18884
10670 1.8 18902
10680 1.6 18918
10690 2.1 18939
10700 2.1 18960
10710 1.1 18971
10720 2.8 18999
10730 1.8 19017
10740 1.6 19033
10750 2.2 19055
10760 1.6 19071
10770 2 19091
10780 1.6 19107
10790 1.2 19119
10800 2.6 19145
10810 2.2 19167
10820 1.9 19186
10830 1.9 19205
10840 2 19225
10850 2.6 19251
10860 1.4 19265
10870 1 19275
10880 3.6 19311
10890 2.3 19334
10900 1.5 19349
10910 1.9 19368
10920 1.6 19384
10930 2.2 19406
10940 2.2 19428
10950 1.9 19447
10960 0.8 19455
10970 2.8 19483
10980 1.9 19502
10990 1.4 19516
11000 1.3 19529
11010 2 19549
11020 1.8 19567
11030 0.4 19571
11040 2.5 19596
11050 1.4 19610
11060 1.5 19625
11070 1.6 19641
11080 2.5 19666
11090 1.6 19682
11100 1.1 19693
11110 3.6 19729
11120 2.9 19758
11130 1.8 19776
11140 1.6 19792
11150 2.4 19816
11160 2.1 19837
11170 1.6 19853
11180 2.4 19877
11190 2.3 19900
11200 1.4 19914
11210 1.9 19933
11220 1.5 19948
11230 2.6 19974
11240 0.6 19980
11250 2.8 20008
11260 2.5 20033
11270 1.8 20051
11280 0.5 20056
11290 2.7 20083
11300 1.6 20099
11310 2 20119
11320 3 20149
11330 2.4 20173
11340 1.9 20192
11350 1.8 20210
11360 2.3 20233
11370 2.4 20257
11380 2.7 20284
11390 2.5 20309
11400 1.8 20327
11410 1.9 20346
11420 1.7 20363
11430 3.4 20397
11440 1.3 20410
11450 0.8 20418
11460 3.2 20450
11470 2.6 20476
11480 1.9 20495
11490 1.6 20511
11500 2.6 20537
11510 1.9 20556
11520 1.9 20575
11530 1.5 20590
11540 2.2 20612
11550 3.1 20643
11560 2.5 20668
11570 2.4 20692
11580 2.3 20715
11590 0.9 20724
11600 2.2 20746
11610 1.9 20765
11620 2.4 20789
11630 1.5 20804
11640 1.6 20820
11650 2.2 20842
11660 1.3 20855
11670 2.2 20877
11680 1.8 20895
11690 2.4 20919
11700 2.1 20940
11710 1.2 20952
11720 2.3 20975
11730 1.8 20993
11740 1.9 21012
11750 0.6 21018
11760 2.5 21043
11770 1.8 21061
11780 1.1 21072
11790 1.3 21085
11800 2.7 21112
11810 1.1 21123
11820 1.7 21140
11830 2.6 21166
11840 3 21196
11850 2.2 21218
11860 2.6 21244
11870 0.9 21253
11880 3.1 21284
11890 1.9 21303
11900 2.7 21330
11910 3.4 21364
11920 1.3 21377
11930 2.3 21400
11940 1.4 21414
11950 3 21444
11960 2.3 21467
11970 1.5 21482
11980 3.1 21513
11990 1.2 21525
12000 2 21545
12010 1.7 21562
12020 2 21582
12030 2.6 21608
12040 0.8 21616
12050 2.2 21638
12060 2.3 21661
12070 1.4 21675
12080 2.4 21699
12090 1.8 21717
12100 3.3 21750
12110 1.5 21765
12120 0.8 21773
12130 3.5 21808
12140 2.6 21834
12150 2.6 21860
12160 1.8 21878
12170 2.2 21900
12180 1.6 21916
12190 2.4 21940
12200 1.5 21955
12210 2.3 21978
12220 2.3 22001
12230 1 22011
12240 0.6 22017
12250 4.3 22060
12260 2.1 22081
12270 2.6 22107
12280 2.3 22130
12290 2.2 22152
12300 2 22172
12310 2.6 22198
12320 1.6 22214
12330 1 22224
12340 2.5 22249
12350 2.3 22272
12360 1.1 22283
12370 2.6 22309
12380 1.3 22322
12390 1.7 22339
12400 2.1 22360
12410 2.1 22381
12420 1.6 22397
12430 2.1 22418
12440 1.7 22435
12450 2.2 22457
12460 1.6 22473
12470 1.4 22487
12480 2.2 22509
12490 2.3 22532
12500 1.9 22551
12510 1.4 22565
12520 2.7 22592
12530 3 22622
12540 1.3 22635
12550 1.5 22650
12560 1.9 22669
12570 2.5 22694
12580 0.8 22702
12590 3.1 22733
12600 1.4 22747
12610 1.8 22765
12620 1.3 22778
12630 2 22798
12640 2 22818
12650 2.8 22846
12660 1.8 22864
12670 1 22874
12680 1.9 22893
12690 1.6 22909
12700 1.4 22923
12710 1.6 22939
12720 1.6 22955
12730 0.9 22964
12740 1.4 22978
12750 3.3 23011
12760 1.6 23027
12770 3 23057
12780 1.6 23073
12790 2.2 23095
12800 2.6 23121
12810 1.9 23140
12820 1.5 23155
12830 1.5 23170
12840 1.8 23188
12850 3.5 23223
12860 1.9 23242
12870 1.3 23255
12880 2.4 23279
12890 2 23299
12900 1.2 23311
12910 2.5 23336
12920 1 23346
12930 1.9 23365
12940 2.2 23387
12950 2.5 23412
12960 1.1 23423
12970 1.5 23438
12980 2.7 23465
12990 2.5 23490
13000 3.1 23521
13010 0.9 23530
13020 3 23560
13030 1.9 23579
13040 0.9 23588
13050 1.8 23606
13060 1.8 23624
13070 2.2 23646
13080 2.2 23668
13090 1.9 23687
13100 1.6 23703
13110 2.5 23728
13120 2.3 23751
13130 1.7 23768
13140 1.7 23785
13150 1.8 23803
13160 1.7 23820
13170 0.9 23829
13180 3.5 23864
13190 2.2 23886
13200 1.4 23900
13210 1.7 23917
13220 2.2 23939
13230 3.3 23972
13240 1.6 23988
13250 1.2 24000
13260 2.6 24026
13270 1.6 24042
13280 1 24052
13290 1 24062
13300 1.4 24076
13310 1.3 24089
13320 0.8 24097
13330 3.3 24130
13340 1.5 24145
13350 2.4 24169
13360 1.7 24186
13370 2.2 24208
13380 1.9 24227
13390 0.8 24235
13400 3 24265
13410 3.2 24297
13420 1.6 24313
13430 2.1 24334
13440 2.4 24358
13450 2.7 24385
13460 1.6 24401
13470 1.1 24412
13480 1.4 24426
13490 3 24456
13500 2.2 24478
13510 1.7 24495
13520 2.3 24518
13530 2.2 24540
13540 2.6 24566
13550 1.5 24581
13560 1.4 24595
13570 1.7 24612
13580 2.5 24637
13590 2.7 24664
13600 2 24684
13610 0.9 24693
13620 1.8 24711
13630 2 24731
13640 2.5 24756
13650 2.6 24782
13660 2.8 24810
13670 1.9 24829
13680 2.6 24855
13690 1.5 24870
13700 2.8 24898
13710 1.2 24910
13720 1.5 24925
13730 2.4 24949
13740 1.3 24962
13750 2.1 24983
13760 1.5 24998
13770 2.6 25024
13780 2.3 25047
13790 1.1 25058
13800 2 25078
13810 1.3 25091
13820 2.4 25115
13830 2.2 25137
13840 2.4 25161
13850 1.7 25178
13860 2.2 25200
13870 2 25220
13880 2.4 25244
13890 1.6 25260
13900 1.8 25278
13910 2.4 25302
13920 1.8 25320
13930 1.8 25338
13940 2.2 25360
13950 1.8 25378
13960 2.1 25399
13970 1.2 25411
13980 2.9 25440
13990 2 25460
14000 1.5 25475
14010 3.1 25506
14020 1.5 25521
14030 1.8 25539
14040 3.1 25570
14050 2.4 25594
14060 1.8 25612
14070 1.9 25631
14080 3.2 25663
14090 2.2 25685
14100 1.5 25700
14110 1.9 25719
14120 1.6 25735
14130 1 25745
14140 1 25755
14150 3.5 25790
14160 2 25810
14170 2.1 25831
14180 1.9 25850
14190 2.7 25877
14200 1.8 25895
14210 1.5 25910
14220 2.7 25937
14230 2.1 25958
14240 0.1 25959
14250 1.9 25978
14260 1.4 25992
14270 2.3 26015
14280 0.7 26022
14290 3.3 26055
14300 2.1 26076
14310 2.2 26098
14320 3.3 26131
14330 2.5 26156
14340 2.8 26184
14350 1.4 26198
14360 1.8 26216
14370 2.5 26241
14380 1.2 26253
14390 1.4 26267
14400 2.2 26289
14410 2 26309
14420 1.8 26327
14430 2.5 26352
14440 2.1 26373
14450 1.4 26387
14460 3.3 26420
14470 1.4 26434
14480 1.1 26445
14490 2.1 26466
14500 2 26486
14510 2.2 26508
14520 1.1 26519
14530 3.2 26551
14540 2.1 26572
14550 2.4 26596
14560 1.8 26614
14570 1.5 26629
14580 2.2 26651
14590 2.7 26678
14600 2 26698
14610 1 26708
14620 1.7 26725
14630 1.7 26742
14640 1.5 26757
14650 1.2 26769
14660 3.2 26801
14670 3.1 26832
14680 2.1 26853
14690 2 26873
14700 2.1 26894
14710 3 26924
14720 1.7 26941
14730 2.4 26965
14740 2.2 26987
14750 1.5 27002
14760 2.5 27027
14770 1.7 27044
14780 2.1 27065
14790 2 27085
14800 1.2 27097
14810 3.3 27130
14820 2.3 27153
14830 2.3 27176
14840 1.4 27190
14850 3.5 27225
14860 2 27245
14870 2.6 27271
14880 1.5 27286
14890 1.8 27304
14900 2.3 27327
14910 2.2 27349
14920 2.5 27374
14930 1.8 27392
14940 1.3 27405
14950 1.5 27420
14960 1.9 27439
14970 2.1 27460
14980 2.2 27482
14990 1.5 27497
15000 1.4 27511
15010 2.3 27534
15020 2.4 27558
15030 1.7 27575
15040 2.1 27596
15050 1.8 27614
15060 3.4 27648
15070 2.6 27674
15080 1.9 27693
15090 1.7 27710
15100 2.7 27737
15110 1.9 27756
15120 1.8 27774
15130 2.7 27801
15140 2.2 27823
15150 2.5 27848
15160 2.4 27872
15170 2.4 27896
15180 2.1 27917
15190 2.3 27940
15200 0.8 27948
15210 2.8 27976
15220 2.5 28001
15230 1 28011
15240 3 28041
15250 1.9 28060
15260 2.8 28088
15270 1.7 28105
15280 1.9 28124
15290 1.9 28143
15300 2.2 28165
15310 2.8 28193
15320 1.8 28211
15330 2.1 28232
15340 2.7 28259
15350 2.3 28282
15360 3 28312
15370 2.4 28336
15380 1.7 28353
15390 1.8 28371
15400 2.9 28400
15410 2.1 28421
15420 1.8 28439
15430 0.9 28448
15440 1.8 28466
15450 2.2 28488
15460 2 28508
15470 1.2 28520
15480 2.5 28545
15490 2.1 28566
15500 0.8 28574
15510 2.2 28596
15520 1.8 28614
15530 2.5 28639
15540 2.8 28667
15550 2 28687
15560 0.9 28696
15570 3.2 28728
15580 2.3 28751
15590 1.6 28767
15600 1.4 28781
15610 1.3 28794
15620 1.9 28813
15630 2.3 28836
15640 1.5 28851
15650 2.1 28872
15660 3.5 28907
15670 1.8 28925
15680 3 28955
15690 2.2 28977
15700 1.5 28992
15710 1.2 29004
15720 0.8 29012
15730 1.4 29026
15740 0.9 29035
15750 1.6 29051
15760 0.6 29057
15770 1.8 29075
15780 1.9 29094
15790 2.8 29122
15800 2.8 29150
15810 2.5 29175
15820 1.2 29187
15830 2.3 29210
15840 2.1 29231
15850 1.7 29248
15860 0.9 29257
15870 3 29287
15880 2.4 29311
15890 1.8 29329
15900 1 29339
15910 1.9 29358
15920 2.9 29387
15930 1.7 29404
15940 2.7 29431
15950 1.4 29445
15960 1.8 29463
15970 2 29483
15980 3 29513
15990 1.2 29525
16000 2.7 29552
16010 2.7 29579
16020 1.9 29598
16030 2.9 29627
16040 2 29647
16050 2.6 29673
16060 2.7 29700
16070 1 29710
16080 2.5 29735
16090 2.9 29764
16100 0.8 29772
16110 3.3 29805
16120 2.2 29827
16130 1.5 29842
16140 1 29852
16150 2 29872
16160 1.7 29889
16170 3 29919
16180 1.5 29934
16190 3.1 29965
16200 2 29985
16210 3.4 30019
16220 2.9 30048
16230 2 30068
16240 0.1 30069
16250 0.2 30071
16260 0 30071
16270 0 30071
16280 0 30071
16290 0 30071
16300 0 30071
16310 0 30071
16320 0 30071
16330 0.1 30072
16340 0 30072
16350 0 30072
16360 0 30072
16370 0 30072
16376 0 30072
