20 0.1 63 0 63 63 0 0
30 0.1 139.0 0.0 139 63 63.0 1
40 0.1 250.0 0.0 250 63 101.0 2
50 0.1 308.0 0.0 308 63 150.66666666666666 3
60 0.1 287.0 0.0 308 63 190.0 4
70 0.1 392.0 0.0 392 63 209.4 5
80 0.1 257.0 0.0 392 63 239.83333333333334 6
90 0.1 351.0 0.0 392 63 242.28571428571428 7
100 0.1 292.0 0.0 392 63 255.875 8
110 0.1 288.0 0.0 392 63 259.8888888888889 9
120 0.1 244.0 0.0 392 63 262.7 10
130 0.1 291.0 0.0 392 63 261.0 11
140 0.1 388.0 0.0 392 63 263.5 12
150 0.1 377.0 0.0 392 63 273.0769230769231 13
160 0.1 195.0 0.0 392 63 280.5 14
170 0.1 329.0 0.0 392 63 274.8 15
180 0.1 225.0 0.0 392 63 278.1875 16
190 0.1 199.0 0.0 392 63 275.05882352941177 17
200 0.1 265.0 0.0 392 63 270.8333333333333 18
210 0.1 224.0 0.0 392 63 270.5263157894737 19
220 0.1 316.0 0.0 392 63 268.2 20
230 0.1 396.0 0.0 396 63 270.4761904761905 21
240 0.1 291.0 0.0 396 63 276.1818181818182 22
250 0.1 356.0 0.0 396 63 276.82608695652175 23
260 0.1 325.0 0.0 396 63 280.125 24
270 0.1 327.0 0.0 396 63 281.92 25
280 0.1 242.0 0.0 396 63 283.65384615384613 26
290 0.1 206.0 0.0 396 63 282.1111111111111 27
300 0.1 263.0 0.0 396 63 279.3928571428571 28
310 0.1 218.0 0.0 396 63 278.8275862068965 29
320 0.1 390.0 0.0 396 63 276.8 30
330 0.1 327.0 0.0 396 63 280.4516129032258 31
340 0.1 202.0 0.0 396 63 281.90625 32
350 0.1 238.0 0.0 396 63 279.4848484848485 33
360 0.1 211.0 0.0 396 63 278.2647058823529 34
370 0.1 201.0 0.0 396 63 276.34285714285716 35
380 0.1 161.0 0.0 396 63 274.25 36
390 0.1 287.0 0.0 396 63 271.18918918918916 37
400 0.1 297.0 0.0 396 63 271.60526315789474 38
410 0.1 198.0 0.0 396 63 272.2564102564103 39
420 0.1 463.0 0.0 463 63 270.4 40
430 0.1 334.0 0.0 463 63 275.0975609756098 41
440 0.1 405.0 0.0 463 63 276.50000000000006 42
450 0.1 465.0 0.0 465 63 279.4883720930233 43
460 0.1 168.0 0.0 465 63 283.7045454545455 44
470 0.1 73.0 0.0 465 63 281.1333333333334 45
480 0.1 217.0 0.0 465 63 276.60869565217394 46
490 0.1 150.0 0.0 465 63 275.34042553191495 47
500 0.1 273.0 0.0 465 63 272.7291666666667 48
510 0.1 315.0 0.0 465 63 272.734693877551 49
520 0.1 246.0 0.0 465 63 273.58 50
530 0.1 366.0 0.0 465 63 273.03921568627453 51
540 0.1 291.0 0.0 465 63 274.8269230769231 52
550 0.1 204.0 0.0 465 63 275.1320754716981 53
560 0.1 235.0 0.0 465 63 273.81481481481484 54
570 0.1 242.0 0.0 465 63 273.1090909090909 55
580 0.1 239.0 0.0 465 63 272.55357142857144 56
590 0.1 281.0 0.0 465 63 271.96491228070175 57
600 0.1 205.0 0.0 465 63 272.12068965517244 58
610 0.1 304.0 0.0 465 63 270.98305084745766 59
620 0.1 226.0 0.0 465 63 271.53333333333336 60
630 0.1 296.0 0.0 465 63 270.78688524590166 61
640 0.1 405.0 0.0 465 63 271.19354838709677 62
650 0.1 351.0 0.0 465 63 273.3174603174603 63
660 0.1 283.0 0.0 465 63 274.53125 64
670 0.1 403.0 0.0 465 63 274.66153846153844 65
680 0.1 367.0 0.0 465 63 276.6060606060606 66
690 0.1 288.0 0.0 465 63 277.95522388059703 67
700 0.1 309.0 0.0 465 63 278.1029411764706 68
710 0.1 415.0 0.0 465 63 278.5507246376812 69
720 0.1 296.0 0.0 465 63 280.5 70
730 0.1 378.0 0.0 465 63 280.71830985915494 71
740 0.1 330.0 0.0 465 63 282.06944444444446 72
750 0.1 407.0 0.0 465 63 282.7260273972603 73
760 0.1 278.0 0.0 465 63 284.4054054054054 74
770 0.1 441.0 0.0 465 63 284.32 75
780 0.1 482.0 0.0 482 63 286.38157894736844 76
790 0.1 367.0 0.0 482 63 288.9220779220779 77
800 0.1 337.0 0.0 482 63 289.9230769230769 78
810 0.1 406.0 0.0 482 63 290.5189873417722 79
820 0.1 324.0 0.0 482 63 291.9625 80
830 0.1 410.0 0.0 482 63 292.358024691358 81
840 0.1 285.0 0.0 482 63 293.7926829268293 82
850 0.1 278.0 0.0 482 63 293.68674698795184 83
860 0.1 228.0 0.0 482 63 293.50000000000006 84
870 0.1 474.0 0.0 482 63 292.7294117647059 85
880 0.1 368.0 0.0 482 63 294.83720930232556 86
890 0.1 262.0 0.0 482 63 295.67816091954023 87
900 0.1 385.0 0.0 482 63 295.29545454545456 88
910 0.1 239.0 0.0 482 63 296.30337078651684 89
920 0.1 287.0 0.0 482 63 295.6666666666667 90
930 0.1 342.0 0.0 482 63 295.57142857142856 91
940 0.1 333.0 0.0 482 63 296.07608695652175 92
950 0.1 366.0 0.0 482 63 296.4731182795699 93
960 0.1 395.0 0.0 482 63 297.21276595744683 94
970 0.1 451.0 0.0 482 63 298.24210526315795 95
980 0.1 347.0 0.0 482 63 299.8333333333334 96
990 0.1 437.0 0.0 482 63 300.31958762886603 97
1000 0.1 476.0 0.0 482 63 301.7142857142858 98
1010 0.1 313.0 0.0 482 63 303.4747474747476 99
1020 0.1 407.0 0.0 482 63 303.5700000000001 100
1030 0.1 403.0 0.0 482 63 304.5940594059407 101
1040 0.1 387.0 0.0 482 63 305.5588235294119 102
1050 0.1 357.0 0.0 482 63 306.3495145631069 103
1060 0.1 437.0 0.0 482 63 306.8365384615385 104
1070 0.1 563.0 0.0 563 63 308.0761904761905 105
1080 0.1 295.0 0.0 563 63 310.4811320754717 106
1090 0.1 436.0 0.0 563 63 310.33644859813086 107
1100 0.1 474.0 0.0 563 63 311.5 108
1110 0.1 387.0 0.0 563 63 312.9908256880734 109
1120 0.1 433.0 0.0 563 63 313.6636363636364 110
1130 0.1 401.0 0.0 563 63 314.73873873873873 111
1140 0.1 497.0 0.0 563 63 315.50892857142856 112
1150 0.1 415.0 0.0 563 63 317.11504424778764 113
1160 0.1 533.0 0.0 563 63 317.9736842105263 114
1170 0.1 484.0 0.0 563 63 319.8434782608696 115
1180 0.1 529.0 0.0 563 63 321.2586206896552 116
1190 0.1 614.0 0.0 614 63 323.03418803418805 117
1200 0.1 526.0 0.0 614 63 325.5 118
1210 0.1 530.0 0.0 614 63 327.1848739495798 119
1220 0.1 786.0 0.0 786 63 328.875 120
1230 0.1 751.0 0.0 786 63 332.6528925619835 121
1240 0.1 677.0 0.0 786 63 336.08196721311475 122
1250 0.1 804.0 0.0 804 63 338.8536585365854 123
1260 0.1 620.0 0.0 804 63 342.60483870967744 124
1270 0.1 678.0 0.0 804 63 344.824 125
1280 0.1 542.0 0.0 804 63 347.468253968254 126
1290 0.1 617.0 0.0 804 63 349.0 127
1300 0.1 420.0 0.0 804 63 351.09375 128
1310 0.1 445.0 0.0 804 63 351.6279069767442 129
1320 0.1 583.0 0.0 804 63 352.34615384615387 130
1330 0.1 564.0 0.0 804 63 354.10687022900765 131
1340 0.1 435.0 0.0 804 63 355.6969696969697 132
1350 0.1 446.0 0.0 804 63 356.29323308270676 133
1360 0.1 434.0 0.0 804 63 356.96268656716416 134
1370 0.1 449.0 0.0 804 63 357.53333333333336 135
1380 0.1 352.0 0.0 804 63 358.20588235294116 136
1390 0.1 536.0 0.0 804 63 358.16058394160586 137
1400 0.1 560.0 0.0 804 63 359.4492753623188 138
1410 0.1 513.0 0.0 804 63 360.89208633093523 139
1420 0.1 471.0 0.0 804 63 361.97857142857146 140
1430 0.1 515.0 0.0 804 63 362.75177304964546 141
1440 0.1 668.0 0.0 804 63 363.8239436619719 142
1450 0.1 377.0 0.0 804 63 365.951048951049 143
1460 0.1 517.0 0.0 804 63 366.0277777777778 144
1470 0.1 690.0 0.0 804 63 367.06896551724145 145
1480 0.1 670.0 0.0 804 63 369.2808219178083 146
1490 0.1 950.0 0.0 950 63 371.32653061224494 147
1500 0.1 807.0 0.0 950 63 375.2364864864865 148
1510 0.1 461.0 0.0 950 63 378.1342281879195 149
1520 0.1 603.0 0.0 950 63 378.6866666666667 150
1530 0.1 535.0 0.0 950 63 380.1721854304636 151
1540 0.1 562.0 0.0 950 63 381.1907894736843 152
1550 0.1 518.0 0.0 950 63 382.3725490196079 153
1560 0.1 644.0 0.0 950 63 383.2532467532468 154
1570 0.1 565.0 0.0 950 63 384.9354838709678 155
1580 0.1 565.0 0.0 950 63 386.08974358974365 156
1590 0.1 391.0 0.0 950 63 387.22929936305735 157
1600 0.1 493.0 0.0 950 63 387.2531645569621 158
1610 0.1 638.0 0.0 950 63 387.91823899371076 159
1620 0.1 606.0 0.0 950 63 389.48125000000005 160
1630 0.1 873.0 0.0 950 63 390.8260869565218 161
1640 0.1 637.0 0.0 950 63 393.80246913580254 162
1650 0.1 609.0 0.0 950 63 395.29447852760745 163
1660 0.1 649.0 0.0 950 63 396.59756097560984 164
1670 0.1 580.0 0.0 950 63 398.12727272727284 165
1680 0.1 677.0 0.0 950 63 399.22289156626516 166
1690 0.1 748.0 0.0 950 63 400.88622754491024 167
1700 0.1 737.0 0.0 950 63 402.952380952381 168
1710 0.1 521.0 0.0 950 63 404.92899408284035 169
1720 0.1 426.0 0.0 950 63 405.6117647058824 170
1730 0.1 408.0 0.0 950 63 405.7309941520469 171
1740 0.1 411.0 0.0 950 63 405.7441860465117 172
1750 0.1 457.0 0.0 950 63 405.7745664739885 173
1760 0.1 639.0 0.0 950 63 406.06896551724145 174
1770 0.1 883.0 0.0 950 63 407.4000000000001 175
1780 0.1 613.0 0.0 950 63 410.1022727272728 176
1790 0.1 1186.0 0.0 1186 63 411.24858757062157 177
1800 0.1 1347.0 0.0 1347 63 415.6011235955057 178
1810 0.1 1099.0 0.0 1347 63 420.8044692737431 179
1820 0.1 1005.0 0.0 1347 63 424.5722222222223 180
1830 0.1 939.0 0.0 1347 63 427.779005524862 181
1840 0.1 1167.0 0.0 1347 63 430.5879120879122 182
1850 0.1 1172.0 0.0 1347 63 434.6120218579236 183
1860 0.1 1560.0 0.0 1560 63 438.61956521739137 184
1870 0.1 1.2e3 0.0 1560 63 444.6810810810812 185
1880 0.1 1298.0 0.0 1560 63 448.74193548387103 186
1890 0.1 1526.0 0.0 1560 63 453.28342245989313 187
1900 0.1 1264.0 0.0 1560 63 458.9893617021277 188
1910 0.1 1298.0 0.0 1560 63 463.2486772486773 189
1920 0.1 1053.0 0.0 1560 63 467.642105263158 190
1940 0.1 1006.0 0.0 1560 63 470.7068062827226 191
1950 0.1 1.5e3 0.0 1560 63 473.49479166666674 192
1960 0.1 1552.0 0.0 1560 63 478.81347150259074 193
1970 0.1 1009.0 0.0 1560 63 484.34536082474233 194
1980 0.1 964.0 0.0 1560 63 487.03589743589754 195
1990 0.1 1171.0 0.0 1560 63 489.4693877551021 196
2000 0.1 900.0 0.0 1560 63 492.9289340101524 197
2010 0.1 801.0 0.0 1560 63 494.98484848484856 198
2020 0.1 940.0 0.0 1560 63 496.5226130653267 199
2030 0.1 1106.0 0.0 1560 63 498.74000000000007 200
2040 0.1 804.0 0.0 1560 63 501.7611940298508 201
2050 0.1 820.0 0.0 1560 63 503.25742574257436 202
2060 0.1 996.0 0.0 1560 63 504.8177339901479 203
2070 0.1 1152.0 0.0 1560 63 507.2254901960785 204
2080 0.1 1348.0 0.0 1560 63 510.37073170731713 205
2090 0.1 1215.0 0.0 1560 63 514.4368932038835 206
2100 0.1 1177.0 0.0 1560 63 517.8212560386473 207
2110 0.1 938.0 0.0 1560 63 520.9903846153846 208
2120 0.1 996.0 0.0 1560 63 522.9856459330143 209
2130 0.1 1475.0 0.0 1560 63 525.2380952380952 210
2140 0.1 1433.0 0.0 1560 63 529.739336492891 211
2150 0.1 1558.0 0.0 1560 63 534.0 212
2160 0.1 1197.0 0.0 1560 63 538.8075117370892 213
2170 0.1 836.0 0.0 1560 63 541.8831775700934 214
2180 0.1 959.0 0.0 1560 63 543.2511627906977 215
2190 0.1 1290.0 0.0 1560 63 545.175925925926 216
2200 0.1 1184.0 0.0 1560 63 548.6082949308757 217
2210 0.1 1224.0 0.0 1560 63 551.5229357798166 218
2220 0.1 1262.0 0.0 1560 63 554.5936073059362 219
2230 0.1 1099.0 0.0 1560 63 557.8090909090911 220
2240 0.1 968.0 0.0 1560 63 560.2579185520364 221
2250 0.1 1131.0 0.0 1560 63 562.0945945945947 222
2260 0.1 1363.0 0.0 1560 63 564.645739910314 223
2270 0.1 1195.0 0.0 1560 63 568.2098214285714 224
2280 0.1 1205.0 0.0 1560 63 570.9955555555556 225
2290 0.1 1294.0 0.0 1560 63 573.8008849557523 226
2300 0.1 1106.0 0.0 1560 63 576.9735682819384 227
2310 0.1 884.0 0.0 1560 63 579.2938596491229 228
2320 0.1 1084.0 0.0 1560 63 580.6244541484716 229
2330 0.1 912.0 0.0 1560 63 582.8130434782609 230
2340 0.1 1341.0 0.0 1560 63 584.2380952380952 231
2350 0.1 1503.0 0.0 1560 63 587.5 232
2360 0.1 1316.0 0.0 1560 63 591.4291845493563 233
2370 0.1 1080.0 0.0 1560 63 594.525641025641 234
2380 0.1 1233.0 0.0 1560 63 596.5914893617021 235
2390 0.1 1377.0 0.0 1560 63 599.2881355932203 236
2400 0.1 1162.0 0.0 1560 63 602.5696202531645 237
2410 0.1 1168.0 0.0 1560 63 604.9201680672269 238
2420 0.1 1259.0 0.0 1560 63 607.276150627615 239
2430 0.1 1002.0 0.0 1560 63 609.9916666666667 240
2440 0.1 1035.0 0.0 1560 63 611.6182572614108 241
2450 0.1 1107.0 0.0 1560 63 613.3677685950413 242
2460 0.1 1093.0 0.0 1560 63 615.3991769547325 243
2470 0.1 1250.0 0.0 1560 63 617.3565573770492 244
2480 0.1 1112.0 0.0 1560 63 619.9387755102041 245
2490 0.1 969.0 0.0 1560 63 621.939024390244 246
2500 0.1 1190.0 0.0 1560 63 623.3441295546559 247
2510 0.1 982.0 0.0 1560 63 625.6290322580645 248
2520 0.1 1247.0 0.0 1560 63 627.0602409638554 249
2530 0.1 1227.0 0.0 1560 63 629.54 250
2540 0.1 1427.0 0.0 1560 63 631.9203187250996 251
2550 0.1 751.0 0.0 1560 63 635.0753968253969 252
2560 0.1 1476.0 0.0 1560 63 635.5335968379446 253
2570 0.1 1284.0 0.0 1560 63 638.8425196850394 254
2590 0.1 996.0 0.0 1560 63 641.3725490196078 255
2600 0.1 1433.0 0.0 1560 63 642.7578125 256
2610 0.1 1397.0 0.0 1560 63 645.8326848249027 257
2620 0.1 1084.0 0.0 1560 63 648.7441860465116 258
2630 0.1 1044.0 0.0 1560 63 650.4247104247104 259
2640 0.1 1272.0 0.0 1560 63 651.9384615384615 260
2650 0.1 1195.0 0.0 1560 63 654.3141762452108 261
2660 0.1 1178.0 0.0 1560 63 656.3778625954199 262
2670 0.1 788.0 0.0 1560 63 658.361216730038 263
2680 0.1 1393.0 0.0 1560 63 658.8522727272727 264
2690 0.1 1377.0 0.0 1560 63 661.622641509434 265
2700 0.1 1321.0 0.0 1560 63 664.312030075188 266
2710 0.1 742.0 0.0 1560 63 666.7715355805243 267
2720 0.1 810.0 0.0 1560 63 667.0522388059702 268
2730 0.1 1145.0 0.0 1560 63 667.5836431226767 269
2740 0.1 1576.0 0.0 1576 63 669.351851851852 270
2750 0.1 1402.0 0.0 1576 63 672.6974169741699 271
2760 0.1 1078.0 0.0 1576 63 675.3786764705883 272
2770 0.1 1435.0 0.0 1576 63 676.8534798534798 273
2780 0.1 1415.0 0.0 1576 63 679.6204379562043 274
2790 0.1 1415.0 0.0 1576 63 682.2945454545454 275
2800 0.1 891.0 0.0 1576 63 684.9492753623189 276
2820 0.1 1475.0 0.0 1576 63 685.6931407942238 277
2830 0.1 1434.0 0.0 1576 63 688.5323741007194 278
2840 0.1 1384.0 0.0 1576 63 691.2043010752689 279
2850 0.1 1612.0 0.0 1612 63 693.6785714285714 280
2860 0.1 1040.0 0.0 1612 63 696.9466192170819 281
2870 0.1 1422.0 0.0 1612 63 698.1631205673759 282
2880 0.1 1499.0 0.0 1612 63 700.7208480565371 283
2890 0.1 1224.0 0.0 1612 63 703.5316901408451 284
2900 0.1 1258.0 0.0 1612 63 705.3578947368421 285
2910 0.1 888.0 0.0 1612 63 707.2902097902098 286
2930 0.1 1767.0 0.0 1767 63 707.9198606271777 287
2940 0.1 1359.0 0.0 1767 63 711.5972222222222 288
2950 0.1 1263.0 0.0 1767 63 713.8373702422145 289
2960 0.1 1186.0 0.0 1767 63 715.7310344827587 290
2970 0.1 634.0 0.0 1767 63 717.3470790378008 291
2980 0.1 1549.0 0.0 1767 63 717.0616438356166 292
2990 0.1 1764.0 0.0 1767 63 719.901023890785 293
3000 0.1 1627.0 0.0 1767 63 723.4523809523811 294
3010 0.1 1.4e3 0.0 1767 63 726.5152542372882 295
3020 0.1 774.0 0.0 1767 63 728.7905405405406 296
3030 0.1 1588.0 0.0 1767 63 728.9427609427611 297
3040 0.1 1160.0 0.0 1767 63 731.8255033557048 298
3050 0.1 1804.0 0.0 1804 63 733.2575250836121 299
3070 0.1 1611.0 0.0 1804 63 736.8266666666667 300
3080 0.1 1038.0 0.0 1804 63 739.7308970099667 301
3090 0.1 947.0 0.0 1804 63 740.7185430463575 302
3100 0.1 1283.0 0.0 1804 63 741.3993399339932 303
3110 0.1 1362.0 0.0 1804 63 743.1809210526313 304
3120 0.1 1120.0 0.0 1804 63 745.2098360655735 305
3130 0.1 1479.0 0.0 1804 63 746.4346405228756 306
3140 0.1 924.0 0.0 1804 63 748.8208469055372 307
3150 0.1 1431.0 0.0 1804 63 749.3896103896102 308
3160 0.1 1587.0 0.0 1804 63 751.5954692556633 309
3170 0.1 1162.0 0.0 1804 63 754.290322580645 310
3180 0.1 1748.0 0.0 1804 63 755.6012861736333 311
3190 0.1 681.0 0.0 1804 63 758.782051282051 312
3200 0.1 1793.0 0.0 1804 63 758.5335463258783 313
3220 0.1 1261.0 0.0 1804 63 761.8280254777068 314
3230 0.1 1266.0 0.0 1804 63 763.4126984126981 315
3240 0.1 1181.0 0.0 1804 63 765.0031645569618 316
3250 0.1 1028.0 0.0 1804 63 766.315457413249 317
3260 0.1 964.0 0.0 1804 63 767.138364779874 318
3270 0.1 1431.0 0.0 1804 63 767.7554858934168 319
3280 0.1 1562.0 0.0 1804 63 769.8281249999998 320
3290 0.1 1833.0 0.0 1833 63 772.2959501557631 321
3300 0.1 561.0 0.0 1833 63 775.5900621118011 322
3310 0.1 1742.0 0.0 1833 63 774.9256965944271 323
3320 0.1 1180.0 0.0 1833 63 777.9104938271603 324
3340 0.1 1269.0 0.0 1833 63 779.1476923076922 325
3350 0.1 1173.0 0.0 1833 63 780.6503067484662 326
3360 0.1 761.0 0.0 1833 63 781.8501529051987 327
3370 0.1 1334.0 0.0 1833 63 781.7865853658536 328
3380 0.1 1261.0 0.0 1833 63 783.4650455927052 329
3390 0.1 1752.0 0.0 1833 63 784.9121212121213 330
3400 0.1 1326.0 0.0 1833 63 787.8338368580062 331
3410 0.1 973.0 0.0 1833 63 789.4548192771086 332
3420 0.1 1729.0 0.0 1833 63 790.0060060060061 333
3430 0.1 1320.0 0.0 1833 63 792.8173652694612 334
3440 0.1 1266.0 0.0 1833 63 794.3910447761195 335
3450 0.1 1334.0 0.0 1833 63 795.794642857143 336
3460 0.1 722.0 0.0 1833 63 797.3916913946589 337
3470 0.1 1605.0 0.0 1833 63 797.1686390532547 338
3480 0.1 1415.0 0.0 1833 63 799.5516224188792 339
3500 0.1 1616.0 0.0 1833 63 801.3617647058825 340
3510 0.1 1353.0 0.0 1833 63 803.7507331378301 341
3520 0.1 1140.0 0.0 1833 63 805.356725146199 342
3530 0.1 1090.0 0.0 1833 63 806.3323615160351 343
3540 0.1 1278.0 0.0 1833 63 807.1569767441862 344
3550 0.1 1681.0 0.0 1833 63 808.521739130435 345
3560 0.1 1755.0 0.0 1833 63 811.0433526011562 346
3570 0.1 1121.0 0.0 1833 63 813.7636887608071 347
3580 0.1 1170.0 0.0 1833 63 814.6465517241381 348
3590 0.1 1299.0 0.0 1833 63 815.6647564469915 349
3600 0.1 1211.0 0.0 1833 63 817.0457142857144 350
3620 0.1 1706.0 0.0 1833 63 818.1680911680913 351
3630 0.1 1221.0 0.0 1833 63 820.6903409090911 352
3640 0.1 1312.0 0.0 1833 63 821.8243626062325 353
3650 0.1 1295.0 0.0 1833 63 823.2090395480228 354
3660 0.1 881.0 0.0 1833 63 824.5380281690143 355
3670 0.1 1326.0 0.0 1833 63 824.6966292134833 356
3680 0.1 1296.0 0.0 1833 63 826.1008403361346 357
3690 0.1 980.0 0.0 1833 63 827.4134078212292 358
3700 0.1 1430.0 0.0 1833 63 827.8384401114208 359
3710 0.1 1340.0 0.0 1833 63 829.5111111111113 360
3720 0.1 1490.0 0.0 1833 63 830.9252077562328 361
3730 0.1 941.0 0.0 1833 63 832.7458563535913 362
3740 0.1 912.0 0.0 1833 63 833.0440771349864 363
3750 0.1 1157.0 0.0 1833 63 833.2609890109892 364
3760 0.1 1262.0 0.0 1833 63 834.1479452054796 365
3770 0.1 1162.0 0.0 1833 63 835.3169398907105 366
3780 0.1 1281.0 0.0 1833 63 836.207084468665 367
3790 0.1 933.0 0.0 1833 63 837.4157608695654 368
3810 0.1 1252.0 0.0 1833 63 837.6747967479677 369
3820 0.1 1491.0 0.0 1833 63 838.7945945945947 370
3830 0.1 1154.0 0.0 1833 63 840.5525606469005 371
3840 0.1 1692.0 0.0 1833 63 841.3951612903228 372
3850 0.1 704.0 0.0 1833 63 843.6756032171584 373
3860 0.1 1412.0 0.0 1833 63 843.3021390374333 374
3870 0.1 1336.0 0.0 1833 63 844.8186666666668 375
3880 0.1 1158.0 0.0 1833 63 846.1250000000001 376
3890 0.1 831.0 0.0 1833 63 846.9522546419099 377
3901 0.1 1303.0 0.0 1833 63 846.9100529100531 378
3920 0.1 1376.0 0.0 1833 63 848.1134564643801 379
3930 0.1 1543.0 0.0 1833 63 849.5026315789476 380
3940 0.1 1232.0 0.0 1833 63 851.3228346456694 381
3950 0.1 1736.0 0.0 1833 63 852.3193717277488 382
3960 0.1 932.0 0.0 1833 63 854.6266318537861 383
3970 0.1 1415.0 0.0 1833 63 854.8281250000001 384
3980 0.1 1089.0 0.0 1833 63 856.283116883117 385
3990 0.1 1253.0 0.0 1833 63 856.8860103626945 386
4000 0.1 1121.0 0.0 1833 63 857.9095607235143 387
4010 0.1 947.0 0.0 1833 63 858.5876288659796 388
4020 0.1 1429.0 0.0 1833 63 858.814910025707 389
4030 0.1 1405.0 0.0 1833 63 860.2769230769233 390
4040 0.1 1428.0 0.0 1833 63 861.6700767263428 391
4050 0.1 997.0 0.0 1833 63 863.1147959183675 392
4070 0.1 1012.0 0.0 1833 63 863.4554707379136 393
4080 0.1 1406.0 0.0 1833 63 863.8324873096448 394
4090 0.1 976.0 0.0 1833 63 865.2050632911394 395
4100 0.1 1537.0 0.0 1833 63 865.4848484848486 396
4110 0.1 572.0 0.0 1833 63 867.1763224181361 397
4120 0.1 1542.0 0.0 1833 63 866.4346733668343 398
4130 0.1 1220.0 0.0 1833 63 868.1278195488724 399
4140 0.1 1240.0 0.0 1833 63 869.0075000000002 400
4150 0.1 1535.0 0.0 1833 63 869.9326683291772 401
4160 0.1 1018.0 0.0 1833 63 871.587064676617 402
4170 0.1 1435.0 0.0 1833 63 871.9503722084369 403
4180 0.1 1515.0 0.0 1833 63 873.3440594059407 404
4200 0.1 1053.0 0.0 1833 63 874.9283950617286 405
4210 0.1 1356.0 0.0 1833 63 875.3669950738918 406
4220 0.1 571.0 0.0 1833 63 876.5479115479117 407
4230 0.1 1514.0 0.0 1833 63 875.7990196078433 408
4240 0.1 1549.0 0.0 1833 63 877.3594132029341 409
4250 0.1 1402.0 0.0 1833 63 878.9975609756099 410
4260 0.1 1252.0 0.0 1833 63 880.2700729927009 411
4270 0.1 1069.0 0.0 1833 63 881.1723300970875 412
4280 0.1 1150.0 0.0 1833 63 881.627118644068 413
4290 0.1 1113.0 0.0 1833 63 882.2753623188407 414
4300 0.1 1493.0 0.0 1833 63 882.831325301205 415
4310 0.1 994.0 0.0 1833 63 884.298076923077 416
4320 0.1 1194.0 0.0 1833 63 884.5611510791368 417
4330 0.1 1171.0 0.0 1833 63 885.3014354066987 418
4340 0.1 1352.0 0.0 1833 63 885.9832935560861 419
4360 0.1 1530.0 0.0 1833 63 887.0928571428573 420
4370 0.1 1306.0 0.0 1833 63 888.6199524940619 421
4380 0.1 957.0 0.0 1833 63 889.6090047393367 422
4390 0.1 1540.0 0.0 1833 63 889.7683215130025 423
4400 0.1 1454.0 0.0 1833 63 891.3018867924529 424
4410 0.1 1203.0 0.0 1833 63 892.6258823529413 425
4420 0.1 1004.0 0.0 1833 63 893.3544600938968 426
4430 0.1 1230.0 0.0 1833 63 893.6135831381735 427
4440 0.1 1188.0 0.0 1833 63 894.3995327102805 428
4450 0.1 1306.0 0.0 1833 63 895.0839160839162 429
4460 0.1 1607.0 0.0 1833 63 896.0395348837211 430
4470 0.1 953.0 0.0 1833 63 897.6890951276104 431
4490 0.1 1365.0 0.0 1833 63 897.8171296296298 432
4500 0.1 1437.0 0.0 1833 63 898.8960739030024 433
4510 0.1 1166.0 0.0 1833 63 900.135944700461 434
4520 0.1 946.0 0.0 1833 63 900.7471264367817 435
4530 0.1 1101.0 0.0 1833 63 900.8509174311928 436
4540 0.1 1949.0 0.0 1949 63 901.308924485126 437
4550 0.1 1319.0 0.0 1949 63 903.7009132420093 438
4560 0.1 1584.0 0.0 1949 63 904.6469248291573 439
4570 0.1 685.0 0.0 1949 63 906.1909090909093 440
4580 0.1 1251.0 0.0 1949 63 905.6893424036283 441
4590 0.1 1205.0 0.0 1949 63 906.4705882352943 442
4600 0.1 1472.0 0.0 1949 63 907.1444695259595 443
4610 0.1 919.0 0.0 1949 63 908.4166666666667 444
4620 0.1 1382.0 0.0 1949 63 908.4404494382023 445
4640 0.1 1331.0 0.0 1949 63 909.5022421524665 446
4650 0.1 942.0 0.0 1949 63 910.4451901565997 447
4660 0.1 1128.0 0.0 1949 63 910.5156250000001 448
4670 0.1 958.0 0.0 1949 63 911.0000000000001 449
4680 0.1 1474.0 0.0 1949 63 911.1044444444445 450
4690 0.1 1240.0 0.0 1949 63 912.3525498891354 451
4700 0.1 1456.0 0.0 1949 63 913.0774336283187 452
4710 0.1 985.0 0.0 1949 63 914.2759381898456 453
4720 0.1 1143.0 0.0 1949 63 914.4317180616741 454
4730 0.1 1184.0 0.0 1949 63 914.9340659340661 455
4740 0.1 1293.0 0.0 1949 63 915.5241228070176 456
4760 0.1 1179.0 0.0 1949 63 916.3501094091905 457
4770 0.1 1417.0 0.0 1949 63 916.9235807860264 458
4780 0.1 928.0 0.0 1949 63 918.013071895425 459
4790 0.1 1.5e3 0.0 1949 63 918.0347826086958 460
4800 0.1 1579.0 0.0 1949 63 919.2971800433841 461
4810 0.1 1322.0 0.0 1949 63 920.7251082251083 462
4820 0.1 728.0 0.0 1949 63 921.5917926565876 463
4830 0.1 1459.0 0.0 1949 63 921.1745689655173 464
4840 0.1 1215.0 0.0 1949 63 922.3311827956991 465
4850 0.1 1588.0 0.0 1949 63 922.9592274678113 466
4860 0.1 829.0 0.0 1949 63 924.3832976445398 467
4880 0.1 1269.0 0.0 1949 63 924.1794871794873 468
4890 0.1 1691.0 0.0 1949 63 924.9147121535183 469
4900 0.1 996.0 0.0 1949 63 926.544680851064 470
4910 0.1 1467.0 0.0 1949 63 926.6921443736732 471
4920 0.1 836.0 0.0 1949 63 927.8368644067798 472
4930 0.1 1171.0 0.0 1949 63 927.6427061310784 473
4940 0.1 1532.0 0.0 1949 63 928.15611814346 474
4950 0.1 1009.0 0.0 1949 63 929.4273684210527 475
4960 0.1 1604.0 0.0 1949 63 929.5945378151262 476
4970 0.1 1570.0 0.0 1949 63 931.0083857442349 477
4980 0.1 951.0 0.0 1949 63 932.3451882845189 478
4990 0.1 1468.0 0.0 1949 63 932.3841336116911 479
5000 0.1 1188.0 0.0 1949 63 933.5000000000001 480
5010 0.1 1096.0 0.0 1949 63 934.0291060291062 481
5020 0.1 739.0 0.0 1949 63 934.3651452282159 482
5040 0.1 1339.0 0.0 1949 63 933.96066252588 483
5050 0.1 1556.0 0.0 1949 63 934.7975206611571 484
5060 0.1 1696.0 0.0 1949 63 936.0783505154641 485
5070 0.1 1035.0 0.0 1949 63 937.6419753086421 486
5080 0.1 1.6e3 0.0 1949 63 937.8418891170433 487
5090 0.1 1068.0 0.0 1949 63 939.1987704918034 488
5100 0.1 1131.0 0.0 1949 63 939.4621676891617 489
5110 0.1 810.0 0.0 1949 63 939.8530612244899 490
5120 0.1 838.0 0.0 1949 63 939.5885947046844 491
5140 0.1 1682.0 0.0 1949 63 939.3821138211383 492
5150 0.1 1749.0 0.0 1949 63 940.8884381338744 493
5160 0.1 1434.0 0.0 1949 63 942.5242914979758 494
5170 0.1 1402.0 0.0 1949 63 943.5171717171719 495
5180 0.1 1499.0 0.0 1949 63 944.4415322580646 496
5190 0.1 1109.0 0.0 1949 63 945.5573440643865 497
5200 0.1 1158.0 0.0 1949 63 945.8855421686748 498
5210 0.1 1369.0 0.0 1949 63 946.3106212424851 499
5220 0.1 1440.0 0.0 1949 63 947.1560000000001 500
5230 0.1 982.0 0.0 1949 63 948.1397205588823 501
5250 0.1 1637.0 0.0 1949 63 948.2071713147411 502
5260 0.1 1265.0 0.0 1949 63 949.5765407554674 503
5270 0.1 1097.0 0.0 1949 63 950.2023809523811 504
5280 0.1 548.0 0.0 1949 63 950.4930693069308 505
5290 0.1 1673.0 0.0 1949 63 949.6976284584981 506
5300 0.1 1213.0 0.0 1949 63 951.1242603550297 507
5310 0.1 1773.0 0.0 1949 63 951.6397637795277 508
5320 0.1 1090.0 0.0 1949 63 953.2534381139491 509
5330 0.1 1196.0 0.0 1949 63 953.5215686274511 510
5340 0.1 1169.0 0.0 1949 63 953.9960861056753 511
5350 0.1 985.0 0.0 1949 63 954.4160156250001 512
5360 0.1 1196.0 0.0 1949 63 954.4756335282652 513
5380 0.1 1371.0 0.0 1949 63 954.9455252918289 514
5390 0.1 973.0 0.0 1949 63 955.7533980582525 515
5400 0.1 1861.0 0.0 1949 63 955.7868217054265 516
5410 0.1 1484.0 0.0 1949 63 957.5377176015475 517
5420 0.1 1097.0 0.0 1949 63 958.5540540540542 518
5430 0.1 736.0 0.0 1949 63 958.8208092485551 519
5440 0.1 1550.0 0.0 1949 63 958.3923076923078 520
5450 0.1 1230.0 0.0 1949 63 959.52783109405 521
5460 0.1 1056.0 0.0 1949 63 960.0459770114944 522
5470 0.1 820.0 0.0 1949 63 960.2294455066923 523
5480 0.1 1398.0 0.0 1949 63 959.9618320610688 524
5490 0.1 1210.0 0.0 1949 63 960.7961904761905 525
5500 0.1 1370.0 0.0 1949 63 961.2699619771863 526
5520 0.1 1293.0 0.0 1949 63 962.0455407969639 527
5530 0.1 1195.0 0.0 1949 63 962.6723484848485 528
5540 0.1 1140.0 0.0 1949 63 963.1115311909263 529
5550 0.1 1071.0 0.0 1949 63 963.4452830188679 530
5560 0.1 1033.0 0.0 1949 63 963.647834274953 531
5570 0.1 1002.0 0.0 1949 63 963.7781954887218 532
5580 0.1 1078.0 0.0 1949 63 963.8499061913697 533
5590 0.1 1583.0 0.0 1949 63 964.0636704119851 534
5600 0.1 1213.0 0.0 1949 63 965.2205607476635 535
5610 0.1 1311.0 0.0 1949 63 965.6828358208955 536
5620 0.1 1255.0 0.0 1949 63 966.3258845437616 537
5630 0.1 1355.0 0.0 1949 63 966.8624535315985 538
5640 0.1 1030.0 0.0 1949 63 967.582560296846 539
5650 0.1 1108.0 0.0 1949 63 967.6981481481481 540
5660 0.1 1569.0 0.0 1949 63 967.9574861367837 541
5670 0.1 766.0 0.0 1949 63 969.0664206642066 542
5680 0.1 1427.0 0.0 1949 63 968.6924493554328 543
5690 0.1 1377.0 0.0 1949 63 969.5349264705883 544
5710 0.1 1608.0 0.0 1949 63 970.2825688073394 545
5720 0.1 944.0 0.0 1949 63 971.4505494505495 546
5730 0.1 923.0 0.0 1949 63 971.4003656307129 547
5740 0.1 1549.0 0.0 1949 63 971.3120437956204 548
5750 0.1 1666.0 0.0 1949 63 972.3642987249544 549
5760 0.1 1521.0 0.0 1949 63 973.6254545454545 550
5770 0.1 772.0 0.0 1949 63 974.6188747731397 551
5780 0.1 1257.0 0.0 1949 63 974.2518115942029 552
5790 0.1 1121.0 0.0 1949 63 974.7631103074141 553
5800 0.1 1358.0 0.0 1949 63 975.0270758122743 554
5810 0.1 1021.0 0.0 1949 63 975.7171171171171 555
5820 0.1 1652.0 0.0 1949 63 975.7985611510792 556
5830 0.1 1504.0 0.0 1949 63 977.0125673249552 557
5850 0.1 1148.0 0.0 1949 63 977.9569892473119 558
5860 0.1 1646.0 0.0 1949 63 978.2611806797853 559
5870 0.1 995.0 0.0 1949 63 979.4535714285714 560
5880 0.1 1152.0 0.0 1949 63 979.4812834224599 561
5890 0.1 1669.0 0.0 1949 63 979.788256227758 562
5900 0.1 1502.0 0.0 1949 63 981.01243339254 563
5910 0.1 915.0 0.0 1949 63 981.936170212766 564
5920 0.1 1288.0 0.0 1949 63 981.8176991150442 565
5930 0.1 1113.0 0.0 1949 63 982.3586572438163 566
5940 0.1 1702.0 0.0 1949 63 982.589065255732 567
5950 0.1 1476.0 0.0 1949 63 983.8556338028169 568
5960 0.1 871.0 0.0 1949 63 984.7205623901582 569
5970 0.1 1241.0 0.0 1949 63 984.521052631579 570
5980 0.1 1408.0 0.0 1949 63 984.970227670753 571
6000 0.1 1291.0 0.0 1949 63 985.7097902097902 572
6010 0.1 1071.0 0.0 1949 63 986.2425828970331 573
6020 0.1 1307.0 0.0 1949 63 986.390243902439 574
6030 0.1 1492.0 0.0 1949 63 986.9478260869565 575
6040 0.1 1486.0 0.0 1949 63 987.8246527777778 576
6050 0.1 507.0 0.0 1949 63 988.688041594454 577
6060 0.1 1467.0 0.0 1949 63 987.8546712802768 578
6070 0.1 1378.0 0.0 1949 63 988.6822107081174 579
6080 0.1 1188.0 0.0 1949 63 989.3534482758621 580
6090 0.1 719.0 0.0 1949 63 989.6953528399312 581
6100 0.1 1524.0 0.0 1949 63 989.2302405498282 582
6110 0.1 1028.0 0.0 1949 63 990.147512864494 583
6120 0.1 1423.0 0.0 1949 63 990.2123287671233 584
6130 0.1 1639.0 0.0 1949 63 990.9521367521368 585
6140 0.1 1157.0 0.0 1949 63 992.0580204778157 586
6150 0.1 1348.0 0.0 1949 63 992.3390119250425 587
6170 0.1 1255.0 0.0 1949 63 992.9438775510204 588
6180 0.1 1311.0 0.0 1949 63 993.3887945670629 589
6190 0.1 861.0 0.0 1949 63 993.9271186440678 590
6200 0.1 1414.0 0.0 1949 63 993.7021996615905 591
6210 0.1 899.0 0.0 1949 63 994.4121621621622 592
6220 0.1 1217.0 0.0 1949 63 994.2512647554806 593
6230 0.1 1457.0 0.0 1949 63 994.6262626262626 594
6240 0.1 1.3e3 0.0 1949 63 995.4033613445379 595
6250 0.1 1180.0 0.0 1949 63 995.9144295302013 596
6260 0.1 1240.0 0.0 1949 63 996.2227805695143 597
6270 0.1 1222.0 0.0 1949 63 996.6304347826087 598
6280 0.1 1241.0 0.0 1949 63 997.0066777963273 599
6290 0.1 750.0 0.0 1949 63 997.4133333333333 600
6300 0.1 1632.0 0.0 1949 63 997.0016638935108 601
6320 0.1 1526.0 0.0 1949 63 998.0564784053156 602
6330 0.1 1683.0 0.0 1949 63 998.9320066334992 603
6340 0.1 834.0 0.0 1949 63 1000.0645695364238 604
6350 0.1 1687.0 0.0 1949 63 999.7900826446281 605
6360 0.1 1404.0 0.0 1949 63 1000.9240924092409 606
6370 0.1 1106.0 0.0 1949 63 1001.5881383855025 607
6380 0.1 1395.0 0.0 1949 63 1001.7598684210526 608
6390 0.1 1106.0 0.0 1949 63 1002.4055829228244 609
6400 0.1 1275.0 0.0 1949 63 1002.5754098360655 610
6410 0.1 1360.0 0.0 1949 63 1003.0212765957447 611
6420 0.1 1115.0 0.0 1949 63 1003.6045751633987 612
6430 0.1 1131.0 0.0 1949 63 1003.7862969004894 613
6440 0.1 829.0 0.0 1949 63 1003.9934853420195 614
6450 0.1 1095.0 0.0 1949 63 1003.7089430894309 615
6470 0.1 1023.0 0.0 1949 63 1003.8571428571429 616
6480 0.1 1382.0 0.0 1949 63 1003.8881685575365 617
6490 0.1 1013.0 0.0 1949 63 1004.5 618
6500 0.1 1720.0 0.0 1949 63 1004.513731825525 619
6510 0.1 1575.0 0.0 1949 63 1005.6677419354838 620
6520 0.1 1333.0 0.0 1949 63 1006.5845410628019 621
6530 0.1 920.0 0.0 1949 63 1007.1093247588425 622
6540 0.1 1035.0 0.0 1949 63 1006.9695024077047 623
6550 0.1 878.0 0.0 1949 63 1007.0144230769231 624
6560 0.1 1526.0 0.0 1949 63 1006.808 625
6570 0.1 1649.0 0.0 1949 63 1007.6373801916933 626
6580 0.1 1437.0 0.0 1949 63 1008.6602870813397 627
6600 0.1 616.0 0.0 1949 63 1009.3423566878981 628
6610 0.1 1230.0 0.0 1949 63 1008.7170111287759 629
6620 0.1 1259.0 0.0 1949 63 1009.068253968254 630
6630 0.1 1426.0 0.0 1949 63 1009.4643423137876 631
6640 0.1 613.0 0.0 1949 63 1010.123417721519 632
6650 0.1 984.0 0.0 1949 63 1009.4960505529226 633
6660 0.1 1283.0 0.0 1949 63 1009.4558359621451 634
6670 0.1 1509.0 0.0 1949 63 1009.8866141732284 635
6680 0.1 903.0 0.0 1949 63 1010.6713836477987 636
6690 0.1 1431.0 0.0 1949 63 1010.502354788069 637
6700 0.1 1445.0 0.0 1949 63 1011.1614420062696 638
6710 0.1 1426.0 0.0 1949 63 1011.8403755868544 639
6720 0.1 1052.0 0.0 1949 63 1012.4875 640
6740 0.1 1328.0 0.0 1949 63 1012.5491419656786 641
6750 0.1 1270.0 0.0 1949 63 1013.0404984423676 642
6760 0.1 1151.0 0.0 1949 63 1013.4401244167963 643
6770 0.1 554.0 0.0 1949 63 1013.6537267080745 644
6780 0.1 1305.0 0.0 1949 63 1012.9410852713178 645
6790 0.1 1236.0 0.0 1949 63 1013.3931888544892 646
6800 0.1 1375.0 0.0 1949 63 1013.7372488408037 647
6810 0.1 995.0 0.0 1949 63 1014.2947530864197 648
6820 0.1 1235.0 0.0 1949 63 1014.2650231124808 649
6830 0.1 1739.0 0.0 1949 63 1014.6046153846154 650
6850 0.1 1318.0 0.0 1949 63 1015.7173579109063 651
6860 0.1 992.0 0.0 1949 63 1016.180981595092 652
6870 0.1 1161.0 0.0 1949 63 1016.1439509954058 653
6880 0.1 1331.0 0.0 1949 63 1016.3654434250765 654
6890 0.1 1103.0 0.0 1949 63 1016.8458015267175 655
6900 0.1 701.0 0.0 1949 63 1016.9771341463414 656
6910 0.1 1486.0 0.0 1949 63 1016.496194824962 657
6920 0.1 1147.0 0.0 1949 63 1017.209726443769 658
6930 0.1 1282.0 0.0 1949 63 1017.4066767830045 659
6940 0.1 665.0 0.0 1949 63 1017.8075757575757 660
6950 0.1 1506.0 0.0 1949 63 1017.2738275340394 661
6960 0.1 1295.0 0.0 1949 63 1018.012084592145 662
6970 0.1 1041.0 0.0 1949 63 1018.4298642533937 663
6980 0.1 1097.0 0.0 1949 63 1018.4638554216867 664
7000 0.1 1259.0 0.0 1949 63 1018.581954887218 665
7010 0.1 1564.0 0.0 1949 63 1018.942942942943 666
7020 0.1 1058.0 0.0 1949 63 1019.76011994003 667
7030 0.1 702.0 0.0 1949 63 1019.8173652694611 668
7040 0.1 1197.0 0.0 1949 63 1019.3423019431988 669
7050 0.1 1329.0 0.0 1949 63 1019.6074626865671 670
7060 0.1 1359.0 0.0 1949 63 1020.0685543964232 671
7070 0.1 819.0 0.0 1949 63 1020.5729166666666 672
7080 0.1 1281.0 0.0 1949 63 1020.2734026745914 673
7090 0.1 1471.0 0.0 1949 63 1020.660237388724 674
7100 0.1 1384.0 0.0 1949 63 1021.3274074074075 675
7110 0.1 614.0 0.0 1949 63 1021.8639053254437 676
7120 0.1 881.0 0.0 1949 63 1021.261447562777 677
7130 0.1 1437.0 0.0 1949 63 1021.0545722713864 678
7140 0.1 1220.0 0.0 1949 63 1021.6671575846833 679
7150 0.1 1026.0 0.0 1949 63 1021.9588235294118 680
7160 0.1 1169.0 0.0 1949 63 1021.9647577092511 681
7170 0.1 1281.0 0.0 1949 63 1022.1803519061583 682
7180 0.1 1392.0 0.0 1949 63 1022.5592972181552 683
7190 0.1 1407.0 0.0 1949 63 1023.0994152046784 684
7200 0.1 1155.0 0.0 1949 63 1023.6598540145985 685
7220 0.1 1089.0 0.0 1949 63 1023.8513119533528 686
7230 0.1 1237.0 0.0 1949 63 1023.9461426491994 687
7240 0.1 1173.0 0.0 1949 63 1024.2558139534883 688
7250 0.1 1016.0 0.0 1949 63 1024.4716981132076 689
7260 0.1 1685.0 0.0 1949 63 1024.459420289855 690
7270 0.1 1148.0 0.0 1949 63 1025.4153400868306 691
7280 0.1 1391.0 0.0 1949 63 1025.592485549133 692
7290 0.1 915.0 0.0 1949 63 1026.1197691197692 693
7300 0.1 1011.0 0.0 1949 63 1025.9596541786746 694
7310 0.1 1361.0 0.0 1949 63 1025.938129496403 695
7320 0.1 1082.0 0.0 1949 63 1026.4195402298851 696
7330 0.1 1195.0 0.0 1949 63 1026.4992826398852 697
7340 0.1 723.0 0.0 1949 63 1026.740687679083 698
7350 0.1 1361.0 0.0 1949 63 1026.3061516452074 699
7360 0.1 1266.0 0.0 1949 63 1026.7842857142857 700
7380 0.1 1153.0 0.0 1949 63 1027.1255349500714 701
7390 0.1 1566.0 0.0 1949 63 1027.3048433048434 702
7400 0.1 1052.0 0.0 1949 63 1028.0711237553344 703
7410 0.1 1466.0 0.0 1949 63 1028.1051136363637 704
7420 0.1 1086.0 0.0 1949 63 1028.726241134752 705
7430 0.1 873.0 0.0 1949 63 1028.8073654390937 706
7440 0.1 1198.0 0.0 1949 63 1028.5869872701558 707
7450 0.1 1005.0 0.0 1949 63 1028.8262711864409 708
7460 0.1 1377.0 0.0 1949 63 1028.7926657263754 709
7470 0.1 1328.0 0.0 1949 63 1029.2830985915496 710
7480 0.1 852.0 0.0 1949 63 1029.7032348804505 711
7490 0.1 961.0 0.0 1949 63 1029.4536516853937 712
7500 0.1 1467.0 0.0 1949 63 1029.357643758766 713
7510 0.1 1438.0 0.0 1949 63 1029.9705882352944 714
7520 0.1 688.0 0.0 1949 63 1030.541258741259 715
7540 0.1 1204.0 0.0 1949 63 1030.0628491620114 716
7550 0.1 1320.0 0.0 1949 63 1030.305439330544 717
7560 0.1 1310.0 0.0 1949 63 1030.7089136490251 718
7570 0.1 1262.0 0.0 1949 63 1031.0973574408902 719
7580 0.1 1021.0 0.0 1949 63 1031.4180555555556 720
7590 0.1 1170.0 0.0 1949 63 1031.4036061026352 721
7600 0.1 1255.0 0.0 1949 63 1031.595567867036 722
7610 0.1 1070.0 0.0 1949 63 1031.9045643153524 723
7620 0.1 746.0 0.0 1949 63 1031.9571823204417 724
7630 0.1 1350.0 0.0 1949 63 1031.5627586206892 725
7640 0.1 1373.0 0.0 1949 63 1032.0013774104677 726
7650 0.1 579.0 0.0 1949 63 1032.470426409903 727
7660 0.1 1451.0 0.0 1949 63 1031.8475274725267 728
7680 0.1 922.0 0.0 1949 63 1032.422496570644 729
7690 0.1 1526.0 0.0 1949 63 1032.2712328767116 730
7700 0.1 727.0 0.0 1949 63 1032.9466484268119 731
7710 0.1 902.0 0.0 1949 63 1032.5286885245894 732
7720 0.1 1722.0 0.0 1949 63 1032.3506139154154 733
7730 0.1 1444.0 0.0 1949 63 1033.290190735694 734
7740 0.1 1041.0 0.0 1949 63 1033.848979591836 735
7750 0.1 1282.0 0.0 1949 63 1033.8586956521733 736
7760 0.1 1323.0 0.0 1949 63 1034.1953867028487 737
7770 0.1 1189.0 0.0 1949 63 1034.586720867208 738
7780 0.1 1390.0 0.0 1949 63 1034.795669824086 739
7790 0.1 750.0 0.0 1949 63 1035.275675675675 740
7800 0.1 1731.0 0.0 1949 63 1034.8906882591086 741
7810 0.1 1192.0 0.0 1949 63 1035.8288409703498 742
7820 0.1 1176.0 0.0 1949 63 1036.0390309555848 743
7830 0.1 820.0 0.0 1949 63 1036.2271505376339 744
7850 0.1 1272.0 0.0 1949 63 1035.9369127516773 745
7860 0.1 1489.0 0.0 1949 63 1036.2533512064338 746
7870 0.1 895.0 0.0 1949 63 1036.8594377510035 747
7880 0.1 1545.0 0.0 1949 63 1036.6697860962563 748
7890 0.1 1187.0 0.0 1949 63 1037.3484646194922 749
7900 0.1 1261.0 0.0 1949 63 1037.5479999999995 750
7910 0.1 636.0 0.0 1949 63 1037.8455392809583 751
7920 0.1 1598.0 0.0 1949 63 1037.3111702127655 752
7930 0.1 1246.0 0.0 1949 63 1038.0557768924298 753
7940 0.1 1275.0 0.0 1949 63 1038.331564986737 754
7950 0.1 870.0 0.0 1949 63 1038.6450331125825 755
7960 0.1 1187.0 0.0 1949 63 1038.4219576719574 756
7970 0.1 1174.0 0.0 1949 63 1038.6182298546894 757
7990 0.1 977.0 0.0 1949 63 1038.796833773087 758
8000 0.1 1274.0 0.0 1949 63 1038.7154150197628 759
8010 0.1 1475.0 0.0 1949 63 1039.0249999999999 760
8020 0.1 1435.0 0.0 1949 63 1039.597897503285 761
8030 0.1 1197.0 0.0 1949 63 1040.116797900262 762
8040 0.1 1014.0 0.0 1949 63 1040.3224115334203 763
8050 0.1 1216.0 0.0 1949 63 1040.2879581151828 764
8060 0.1 1373.0 0.0 1949 63 1040.517647058823 765
8070 0.1 619.0 0.0 1949 63 1040.9516971279368 766
8080 0.1 868.0 0.0 1949 63 1040.4015645371571 767
8090 0.1 1335.0 0.0 1949 63 1040.1770833333328 768
8100 0.1 1208.0 0.0 1949 63 1040.5604681404416 769
8110 0.1 1191.0 0.0 1949 63 1040.7779220779214 770
8120 0.1 717.0 0.0 1949 63 1040.9727626459137 771
8130 0.1 1253.0 0.0 1949 63 1040.5531088082894 772
8140 0.1 1374.0 0.0 1949 63 1040.8279430789125 773
8150 0.1 1249.0 0.0 1949 63 1041.2583979328158 774
8170 0.1 1215.0 0.0 1949 63 1041.5264516129025 775
8180 0.1 825.0 0.0 1949 63 1041.7499999999993 776
8190 0.1 1226.0 0.0 1949 63 1041.4710424710418 777
8200 0.1 1150.0 0.0 1949 63 1041.708226221079 778
8210 0.1 1089.0 0.0 1949 63 1041.8472400513472 779
8220 0.1 1354.0 0.0 1949 63 1041.9076923076916 780
8230 0.1 1096.0 0.0 1949 63 1042.3072983354666 781
8240 0.1 1183.0 0.0 1949 63 1042.3759590792831 782
8250 0.1 804.0 0.0 1949 63 1042.5555555555547 783
8260 0.1 1547.0 0.0 1949 63 1042.2512755102034 784
8270 0.1 1152.0 0.0 1949 63 1042.894267515923 785
8280 0.1 1667.0 0.0 1949 63 1043.0330788804065 786
8290 0.1 1391.0 0.0 1949 63 1043.8259212198216 787
8300 0.1 808.0 0.0 1949 63 1044.2664974619283 788
8310 0.1 1810.0 0.0 1949 63 1043.967046894803 789
8320 0.1 1117.0 0.0 1949 63 1044.936708860759 790
8340 0.1 1042.0 0.0 1949 63 1045.027812895069 791
8350 0.1 852.0 0.0 1949 63 1045.0239898989894 792
8360 0.1 1032.0 0.0 1949 63 1044.7805800756614 793
8370 0.1 1101.0 0.0 1949 63 1044.7644836272034 794
8380 0.1 1065.0 0.0 1949 63 1044.8352201257856 795
8390 0.1 926.0 0.0 1949 63 1044.8605527638185 796
8400 0.1 1162.0 0.0 1949 63 1044.7114178168124 797
8410 0.1 1352.0 0.0 1949 63 1044.8583959899743 798
8420 0.1 1760.0 0.0 1949 63 1045.2428035043797 799
8430 0.1 1787.0 0.0 1949 63 1046.1362499999993 800
8440 0.1 742.0 0.0 1949 63 1047.0611735330829 801
8450 0.1 1319.0 0.0 1949 63 1046.6807980049869 802
8460 0.1 1444.0 0.0 1949 63 1047.0199252801985 803
8470 0.1 1173.0 0.0 1949 63 1047.5136815920391 804
8480 0.1 850.0 0.0 1949 63 1047.6695652173905 805
8500 0.1 1087.0 0.0 1949 63 1047.4243176178652 806
8510 0.1 1543.0 0.0 1949 63 1047.4733581164799 807
8520 0.1 1324.0 0.0 1949 63 1048.0866336633655 808
8530 0.1 822.0 0.0 1949 63 1048.4276885043257 809
8540 0.1 1808.0 0.0 1949 63 1048.1481481481476 810
8550 0.1 1749.0 0.0 1949 63 1049.0850801479648 811
8560 0.1 1073.0 0.0 1949 63 1049.9470443349749 812
8570 0.1 1293.0 0.0 1949 63 1049.975399753997 813
8580 0.1 1233.0 0.0 1949 63 1050.273955773955 814
8590 0.1 1210.0 0.0 1949 63 1050.4981595092017 815
8600 0.1 912.0 0.0 1949 63 1050.6936274509796 816
8610 0.1 968.0 0.0 1949 63 1050.5238678090568 817
8620 0.1 1170.0 0.0 1949 63 1050.4229828850848 818
8630 0.1 1401.0 0.0 1949 63 1050.5689865689858 819
8640 0.1 1859.0 0.0 1949 63 1050.996341463414 820
8650 0.1 1179.0 0.0 1949 63 1051.9805115712538 821
8660 0.1 928.0 0.0 1949 63 1052.1350364963496 822
8670 0.1 1588.0 0.0 1949 63 1051.9842041312263 823
8690 0.1 880.0 0.0 1949 63 1052.6347087378633 824
8700 0.1 1680.0 0.0 1949 63 1052.425454545454 825
8710 0.1 613.0 0.0 1949 63 1053.1852300242126 826
8720 0.1 1501.0 0.0 1949 63 1052.6529625151145 827
8730 0.1 1287.0 0.0 1949 63 1053.1944444444441 828
8740 0.1 1791.0 0.0 1949 63 1053.4764776839563 829
8750 0.1 1012.0 0.0 1949 63 1054.3650602409637 830
8760 0.1 1351.0 0.0 1949 63 1054.3140794223825 831
8770 0.1 1107.0 0.0 1949 63 1054.6706730769229 832
8790 0.1 889.0 0.0 1949 63 1054.7334933973586 833
8800 0.1 1263.0 0.0 1949 63 1054.5347721822538 834
8810 0.1 1.1e3 0.0 1949 63 1054.7844311377241 835
8820 0.1 1412.0 0.0 1949 63 1054.838516746411 836
8830 0.1 918.0 0.0 1949 63 1055.2652329749098 837
8840 0.1 1434.0 0.0 1949 63 1055.1014319809065 838
8850 0.1 1347.0 0.0 1949 63 1055.5530393325382 839
8860 0.1 1095.0 0.0 1949 63 1055.8999999999994 840
8870 0.1 1281.0 0.0 1949 63 1055.9464922711052 841
8880 0.1 1179.0 0.0 1949 63 1056.2137767220895 842
8890 0.1 1298.0 0.0 1949 63 1056.3594306049815 843
8900 0.1 1291.0 0.0 1949 63 1056.6457345971558 844
8910 0.1 397.0 0.0 1949 63 1056.9230769230762 845
8930 0.1 1524.0 0.0 1949 63 1056.1430260047275 846
8940 0.1 1.5e3 0.0 1949 63 1056.6953955135768 847
8950 0.1 1124.0 0.0 1949 63 1057.218160377358 848
8960 0.1 743.0 0.0 1949 63 1057.2968197879852 849
8970 0.1 1243.0 0.0 1949 63 1056.9270588235288 850
8980 0.1 1277.0 0.0 1949 63 1057.145710928319 851
8990 0.1 1204.0 0.0 1949 63 1057.4037558685438 852
9000 0.1 1335.0 0.0 1949 63 1057.575615474794 853
9010 0.1 961.0 0.0 1949 63 1057.900468384074 854
9020 0.1 1064.0 0.0 1949 63 1057.787134502923 855
9030 0.1 1358.0 0.0 1949 63 1057.7943925233635 856
9050 0.1 802.0 0.0 1949 63 1058.144690781796 857
9060 0.1 1447.0 0.0 1949 63 1057.846153846153 858
9070 0.1 1297.0 0.0 1949 63 1058.2991850989513 859
9080 0.1 706.0 0.0 1949 63 1058.5767441860455 860
9090 0.1 1460.0 0.0 1949 63 1058.1672473867586 861
9100 0.1 1449.0 0.0 1949 63 1058.633410672853 862
9110 0.1 1325.0 0.0 1949 63 1059.085747392815 863
9120 0.1 1057.0 0.0 1949 63 1059.3935185185178 864
9130 0.1 1082.0 0.0 1949 63 1059.390751445086 865
9140 0.1 1415.0 0.0 1949 63 1059.416859122401 866
9150 0.1 1134.0 0.0 1949 63 1059.8269896193763 867
9160 0.1 1269.0 0.0 1949 63 1059.9124423963124 868
9170 0.1 769.0 0.0 1949 63 1060.1530494821625 869
9180 0.1 1135.0 0.0 1949 63 1059.8183908045967 870
9190 0.1 983.0 0.0 1949 63 1059.9047072330643 871
9200 0.1 987.0 0.0 1949 63 1059.8165137614667 872
9210 0.1 1309.0 0.0 1949 63 1059.7331042382577 873
9230 0.1 1543.0 0.0 1949 63 1060.0183066361544 874
9240 0.1 1096.0 0.0 1949 63 1060.5702857142844 875
9250 0.1 806.0 0.0 1949 63 1060.610730593606 876
9260 0.1 1398.0 0.0 1949 63 1060.3204104903066 877
9270 0.1 1473.0 0.0 1949 63 1060.7050113895202 878
9280 0.1 1003.0 0.0 1949 63 1061.1740614334456 879
9290 0.1 1482.0 0.0 1949 63 1061.107954545453 880
9300 0.1 1091.0 0.0 1949 63 1061.585698070373 881
9310 0.1 1156.0 0.0 1949 63 1061.6190476190461 882
9320 0.1 778.0 0.0 1949 63 1061.7259343148344 883
9330 0.1 1320.0 0.0 1949 63 1061.4049773755642 884
9340 0.1 1408.0 0.0 1949 63 1061.6971751412416 885
9350 0.1 1109.0 0.0 1949 63 1062.0880361173802 886
9360 0.1 1403.0 0.0 1949 63 1062.1409244644858 887
9370 0.1 1444.0 0.0 1949 63 1062.5247747747735 888
9380 0.1 1217.0 0.0 1949 63 1062.953880764903 889
9390 0.1 780.0 0.0 1949 63 1063.1269662921336 890
9410 0.1 1177.0 0.0 1949 63 1062.8092031425354 891
9420 0.1 1277.0 0.0 1949 63 1062.9372197309406 892
9430 0.1 1090.0 0.0 1949 63 1063.1769316909283 893
9440 0.1 1122.0 0.0 1949 63 1063.2069351230414 894
9450 0.1 1266.0 0.0 1949 63 1063.2726256983228 895
9460 0.1 1460.0 0.0 1949 63 1063.4988839285702 896
9470 0.1 1376.0 0.0 1949 63 1063.9409141583042 897
9480 0.1 646.0 0.0 1949 63 1064.2884187082393 898
9490 0.1 1330.0 0.0 1949 63 1063.8231368186862 899
9500 0.1 1033.0 0.0 1949 63 1064.1188888888876 900
9510 0.1 1213.0 0.0 1949 63 1064.0843507214192 901
9520 0.1 1310.0 0.0 1949 63 1064.2494456762736 902
9530 0.1 908.0 0.0 1949 63 1064.521594684384 903
9540 0.1 1098.0 0.0 1949 63 1064.348451327432 904
9550 0.1 952.0 0.0 1949 63 1064.3856353591145 905
9560 0.1 1278.0 0.0 1949 63 1064.261589403972 906
9570 0.1 503.0 0.0 1949 63 1064.4972436604176 907
9580 0.1 1384.0 0.0 1949 63 1063.8788546255491 908
9600 0.1 1458.0 0.0 1949 63 1064.2310231023087 909
9610 0.1 1218.0 0.0 1949 63 1064.6637362637348 910
9620 0.1 519.0 0.0 1949 63 1064.8320526893508 911
9630 0.1 936.0 0.0 1949 63 1064.2335526315774 912
9640 0.1 1186.0 0.0 1949 63 1064.0930996714114 913
9650 0.1 542.0 0.0 1949 63 1064.2264770240686 914
9660 0.1 1261.0 0.0 1949 63 1063.6557377049166 915
9670 0.1 1442.0 0.0 1949 63 1063.8711790393 916
9680 0.1 1197.0 0.0 1949 63 1064.2835332606312 917
9690 0.1 1052.0 0.0 1949 63 1064.428104575162 918
9700 0.1 1297.0 0.0 1949 63 1064.4145810663751 919
9710 0.1 1132.0 0.0 1949 63 1064.6673913043464 920
9720 0.1 928.0 0.0 1949 63 1064.7404994571104 921
9730 0.1 1323.0 0.0 1949 63 1064.5921908893695 922
9740 0.1 1081.0 0.0 1949 63 1064.8721560129995 923
9750 0.1 1178.0 0.0 1949 63 1064.8896103896088 924
9760 0.1 1283.0 0.0 1949 63 1065.0118918918904 925
9770 0.1 1449.0 0.0 1949 63 1065.247300215981 926
9780 0.1 1472.0 0.0 1949 63 1065.6612729234073 927
9790 0.1 1154.0 0.0 1949 63 1066.099137931033 928
9800 0.1 893.0 0.0 1949 63 1066.1937567276627 929
9810 0.1 900.0 0.0 1949 63 1066.007526881719 930
9820 0.1 1041.0 0.0 1949 63 1065.8292158968836 931
9840 0.1 1218.0 0.0 1949 63 1065.8025751072946 932
9850 0.1 983.0 0.0 1949 63 1065.96570203644 933
9860 0.1 625.0 0.0 1949 63 1065.8768736616687 934
9870 0.1 1479.0 0.0 1949 63 1065.4053475935814 935
9880 0.1 953.0 0.0 1949 63 1065.8472222222208 936
9890 0.1 993.0 0.0 1949 63 1065.7267876200626 937
9900 0.1 1369.0 0.0 1949 63 1065.649253731342 938
9910 0.1 1205.0 0.0 1949 63 1065.972310969115 939
9920 0.1 1402.0 0.0 1949 63 1066.1202127659562 940
9930 0.1 651.0 0.0 1949 63 1066.4771519659923 941
9940 0.1 1410.0 0.0 1949 63 1066.0360934182577 942
9950 0.1 1232.0 0.0 1949 63 1066.4008483563082 943
9960 0.1 1047.0 0.0 1949 63 1066.5762711864393 944
9970 0.1 755.0 0.0 1949 63 1066.5555555555543 945
9980 0.1 1091.0 0.0 1949 63 1066.2262156448191 946
9990 0.1 895.0 0.0 1949 63 1066.2523759239693 947
10000 0.1 1347.0 0.0 1949 63 1066.0717299578048 948
10010 0.1 1370.0 0.0 1949 63 1066.367755532138 949
10030 0.1 715.0 0.0 1949 63 1066.6873684210516 950
10040 0.1 1272.0 0.0 1949 63 1066.3175604626697 951
10050 0.1 1334.0 0.0 1949 63 1066.533613445377 952
10060 0.1 831.0 0.0 1949 63 1066.8142707240281 953
10070 0.1 805.0 0.0 1949 63 1066.5670859538773 954
10080 0.1 989.0 0.0 1949 63 1066.2931937172764 955
10090 0.1 1385.0 0.0 1949 63 1066.2123430962333 956
10100 0.1 864.0 0.0 1949 63 1066.5454545454536 957
10110 0.1 1267.0 0.0 1949 63 1066.3340292275564 958
10120 0.1 1132.0 0.0 1949 63 1066.543274244003 959
10130 0.1 1334.0 0.0 1949 63 1066.6114583333322 960
10150 0.1 929.0 0.0 1949 63 1066.8896982310082 961
10160 0.1 1156.0 0.0 1949 63 1066.7463617463604 962
10170 0.1 1095.0 0.0 1949 63 1066.8390446521275 963
10180 0.1 1184.0 0.0 1949 63 1066.8682572614096 964
10190 0.1 724.0 0.0 1949 63 1066.9896373056984 965
10200 0.1 1385.0 0.0 1949 63 1066.6345755693571 966
10210 0.1 1086.0 0.0 1949 63 1066.9638055842802 967
10220 0.1 747.0 0.0 1949 63 1066.9834710743792 968
10230 0.1 1436.0 0.0 1949 63 1066.6532507739928 969
10240 0.1 1111.0 0.0 1949 63 1067.0340206185558 970
10250 0.1 868.0 0.0 1949 63 1067.0792996910393 971
10260 0.1 1118.0 0.0 1949 63 1066.874485596707 972
10280 0.1 1152.0 0.0 1949 63 1066.9270298047268 973
10290 0.1 1253.0 0.0 1949 63 1067.0143737166316 974
10300 0.1 797.0 0.0 1949 63 1067.2051282051273 975
10310 0.1 1181.0 0.0 1949 63 1066.9282786885237 976
10320 0.1 1280.0 0.0 1949 63 1067.04503582395 977
10330 0.1 1479.0 0.0 1949 63 1067.2627811860932 978
10340 0.1 1222.0 0.0 1949 63 1067.683350357507 979
10350 0.1 719.0 0.0 1949 63 1067.8408163265299 980
10360 0.1 1452.0 0.0 1949 63 1067.4852191641176 981
10370 0.1 1297.0 0.0 1949 63 1067.8767820773924 982
10380 0.1 903.0 0.0 1949 63 1068.1098677517796 983
10390 0.1 1501.0 0.0 1949 63 1067.942073170731 984
10410 0.1 926.0 0.0 1949 63 1068.3817258883241 985
10420 0.1 1615.0 0.0 1949 63 1068.2373225152123 986
10430 0.1 1122.0 0.0 1949 63 1068.7912867274563 987
10440 0.1 928.0 0.0 1949 63 1068.8451417004042 988
10450 0.1 1667.0 0.0 1949 63 1068.702730030333 989
10460 0.1 1223.0 0.0 1949 63 1069.30707070707 990
10470 0.1 1412.0 0.0 1949 63 1069.4621594349135 991
10480 0.1 966.0 0.0 1949 63 1069.8074596774186 992
10490 0.1 1217.0 0.0 1949 63 1069.702920443101 993
10500 0.1 1143.0 0.0 1949 63 1069.8511066398382 994
10510 0.1 1770.0 0.0 1949 63 1069.924623115577 995
10520 0.1 754.0 0.0 1949 63 1070.62751004016 996
10540 0.1 1155.0 0.0 1949 63 1070.3099297893675 997
10550 0.1 1485.0 0.0 1949 63 1070.3947895791575 998
10560 0.1 505.0 0.0 1949 63 1070.8098098098092 999
10570 0.1 1451.0 0.0 1949 63 1070.2439999999992 1000
10580 0.1 1229.0 0.0 1949 63 1070.624375624375 1001
10590 0.1 643.0 0.0 1949 63 1070.7824351297397 1002
10600 0.1 1444.0 0.0 1949 63 1070.355932203389 1003
10610 0.1 1245.0 0.0 1949 63 1070.7280876494017 1004
10620 0.1 1305.0 0.0 1949 63 1070.9014925373128 1005
10630 0.1 822.0 0.0 1949 63 1071.1341948310132 1006
10640 0.1 964.0 0.0 1949 63 1070.8867924528295 1007
10650 0.1 933.0 0.0 1949 63 1070.7807539682533 1008
10660 0.1 1334.0 0.0 1949 63 1070.644202180376 1009
10670 0.1 1246.0 0.0 1949 63 1070.9049504950488 1010
10690 0.1 933.0 0.0 1949 63 1071.0781404549944 1011
10700 0.1 1432.0 0.0 1949 63 1070.9416996047423 1012
10710 0.1 1274.0 0.0 1949 63 1071.29812438302 1013
10720 0.1 992.0 0.0 1949 63 1071.4980276134115 1014
10730 0.1 1234.0 0.0 1949 63 1071.419704433497 1015
10740 0.1 1109.0 0.0 1949 63 1071.579724409448 1016
10750 0.1 1062.0 0.0 1949 63 1071.6165191740406 1017
10760 0.1 593.0 0.0 1949 63 1071.6070726915514 1018
10770 0.1 1289.0 0.0 1949 63 1071.137389597644 1019
10780 0.1 1177.0 0.0 1949 63 1071.350980392156 1020
10790 0.1 1244.0 0.0 1949 63 1071.4544564152784 1021
10800 0.1 874.0 0.0 1949 63 1071.6232876712322 1022
10810 0.1 1092.0 0.0 1949 63 1071.430107526881 1023
10820 0.1 1391.0 0.0 1949 63 1071.4501953124993 1024
10830 0.1 1087.0 0.0 1949 63 1071.7619512195115 1025
10840 0.1 852.0 0.0 1949 63 1071.7768031189078 1026
10850 0.1 1322.0 0.0 1949 63 1071.5628042843225 1027
10870 0.1 1219.0 0.0 1949 63 1071.8064202334624 1028
10880 0.1 872.0 0.0 1949 63 1071.9494655004853 1029
10890 0.1 1056.0 0.0 1949 63 1071.7553398058246 1030
10900 0.1 1267.0 0.0 1949 63 1071.7400581959257 1031
10910 0.1 1357.0 0.0 1949 63 1071.9292635658908 1032
10920 0.1 1003.0 0.0 1949 63 1072.205227492739 1033
10930 0.1 1085.0 0.0 1949 63 1072.1382978723398 1034
10940 0.1 1094.0 0.0 1949 63 1072.1507246376805 1035
10950 0.1 1292.0 0.0 1949 63 1072.171814671814 1036
10960 0.1 1029.0 0.0 1949 63 1072.3837994214073 1037
10970 0.1 1031.0 0.0 1949 63 1072.342003853564 1038
10980 0.1 1041.0 0.0 1949 63 1072.3022136669867 1039
10990 0.1 1057.0 0.0 1949 63 1072.2721153846146 1040
11000 0.1 588.0 0.0 1949 63 1072.2574447646487 1041
11010 0.1 1240.0 0.0 1949 63 1071.7927063339725 1042
11020 0.1 970.0 0.0 1949 63 1071.9539789069984 1043
11030 0.1 912.0 0.0 1949 63 1071.8563218390798 1044
11040 0.1 1278.0 0.0 1949 63 1071.703349282296 1045
11050 0.1 1017.0 0.0 1949 63 1071.900573613766 1046
11060 0.1 926.0 0.0 1949 63 1071.848137535816 1047
11070 0.1 824.0 0.0 1949 63 1071.7089694656481 1048
11090 0.1 1424.0 0.0 1949 63 1071.4728312678735 1049
11100 0.1 1186.0 0.0 1949 63 1071.8085714285708 1050
11110 0.1 930.0 0.0 1949 63 1071.9172216936245 1051
11120 0.1 1078.0 0.0 1949 63 1071.7823193916342 1052
11130 0.1 1481.0 0.0 1949 63 1071.7882241215568 1053
11140 0.1 706.0 0.0 1949 63 1072.1764705882347 1054
11150 0.1 1004.0 0.0 1949 63 1071.8293838862553 1055
11160 0.1 860.0 0.0 1949 63 1071.7651515151508 1056
11170 0.1 1360.0 0.0 1949 63 1071.5648060548717 1057
11180 0.1 831.0 0.0 1949 63 1071.8374291115306 1058
11190 0.1 1360.0 0.0 1949 63 1071.61000944287 1059
11200 0.1 1298.0 0.0 1949 63 1071.8820754716974 1060
11210 0.1 739.0 0.0 1949 63 1072.0951932139485 1061
11220 0.1 1347.0 0.0 1949 63 1071.7815442561198 1062
11230 0.1 969.0 0.0 1949 63 1072.04045155221 1063
11240 0.1 872.0 0.0 1949 63 1071.9436090225558 1064
11260 0.1 1160.0 0.0 1949 63 1071.7558685446004 1065
11270 0.1 1129.0 0.0 1949 63 1071.8386491557217 1066
11280 0.1 1251.0 0.0 1949 63 1071.8922211808804 1067
11290 0.1 564.0 0.0 1949 63 1072.0599250936323 1068
11300 0.1 1401.0 0.0 1949 63 1071.5846585594006 1069
11310 0.1 1352.0 0.0 1949 63 1071.8925233644854 1070
11320 0.1 1439.0 0.0 1949 63 1072.1540616246493 1071
11330 0.1 1104.0 0.0 1949 63 1072.496268656716 1072
11340 0.1 1038.0 0.0 1949 63 1072.5256290773527 1073
11350 0.1 1325.0 0.0 1949 63 1072.4934823091244 1074
11360 0.1 1456.0 0.0 1949 63 1072.728372093023 1075
11370 0.1 753.0 0.0 1949 63 1073.0845724907058 1076
11380 0.1 1024.0 0.0 1949 63 1072.7873723305474 1077
11390 0.1 1027.0 0.0 1949 63 1072.742115027829 1078
11410 0.1 1435.0 0.0 1949 63 1072.6997219647817 1079
11420 0.1 1515.0 0.0 1949 63 1073.0351851851847 1080
11430 0.1 1224.0 0.0 1949 63 1073.4440333024972 1081
11440 0.1 1560.0 0.0 1949 63 1073.5831792975966 1082
11450 0.1 1353.0 0.0 1949 63 1074.0323176361953 1083
11460 0.1 1070.0 0.0 1949 63 1074.2896678966786 1084
11470 0.1 1310.0 0.0 1949 63 1074.2857142857138 1085
11480 0.1 1283.0 0.0 1949 63 1074.502762430939 1086
11490 0.1 1144.0 0.0 1949 63 1074.6945722171108 1087
11500 0.1 949.0 0.0 1949 63 1074.7582720588232 1088
11510 0.1 1018.0 0.0 1949 63 1074.642791551882 1089
11520 0.1 1057.0 0.0 1949 63 1074.590825688073 1090
11530 0.1 1440.0 0.0 1949 63 1074.5747021081572 1091
11540 0.1 828.0 0.0 1949 63 1074.9093406593402 1092
11560 0.1 1294.0 0.0 1949 63 1074.6834400731925 1093
11570 0.1 1360.0 0.0 1949 63 1074.8839122486283 1094
11580 0.1 1151.0 0.0 1949 63 1075.1442922374422 1095
11590 0.1 791.0 0.0 1949 63 1075.2135036496345 1096
11600 0.1 1279.0 0.0 1949 63 1074.9544211485863 1097
11610 0.1 868.0 0.0 1949 63 1075.1402550091068 1098
11620 0.1 1025.0 0.0 1949 63 1074.9517743403087 1099
11630 0.1 1134.0 0.0 1949 63 1074.906363636363 1100
11640 0.1 732.0 0.0 1949 63 1074.9600363306079 1101
11650 0.1 1312.0 0.0 1949 63 1074.648820326678 1102
11660 0.1 1330.0 0.0 1949 63 1074.8640072529458 1103
11670 0.1 290.0 0.0 1949 63 1075.0951086956516 1104
11680 0.1 1370.0 0.0 1949 63 1074.3846153846148 1105
11690 0.1 1456.0 0.0 1949 63 1074.6518987341765 1106
11700 0.1 1160.0 0.0 1949 63 1074.9963866305322 1107
11710 0.1 1031.0 0.0 1949 63 1075.07310469314 1108
11720 0.1 1053.0 0.0 1949 63 1075.0333633904413 1109
11730 0.1 869.0 0.0 1949 63 1075.0135135135129 1110
11740 0.1 1647.0 0.0 1949 63 1074.8280828082802 1111
11750 0.1 492.0 0.0 1949 63 1075.34262589928 1112
11760 0.1 1041.0 0.0 1949 63 1074.818508535489 1113
11780 0.1 1111.0 0.0 1949 63 1074.7881508078988 1114
11790 0.1 1335.0 0.0 1949 63 1074.82062780269 1115
11800 0.1 832.0 0.0 1949 63 1075.0537634408597 1116
11810 0.1 1106.0 0.0 1949 63 1074.8361683079675 1117
11820 0.1 1441.0 0.0 1949 63 1074.86404293381 1118
11830 0.1 839.0 0.0 1949 63 1075.191242180518 1119
11840 0.1 1036.0 0.0 1949 63 1074.9803571428567 1120
11850 0.1 1325.0 0.0 1949 63 1074.945584299732 1121
11860 0.1 1420.0 0.0 1949 63 1075.1684491978606 1122
11870 0.1 1257.0 0.0 1949 63 1075.4755120213708 1123
11880 0.1 794.0 0.0 1949 63 1075.6370106761563 1124
11890 0.1 1495.0 0.0 1949 63 1075.3866666666663 1125
11900 0.1 1233.0 0.0 1949 63 1075.7593250444045 1126
11910 0.1 847.0 0.0 1949 63 1075.8988464951194 1127
11920 0.1 1521.0 0.0 1949 63 1075.6959219858152 1128
11930 0.1 1294.0 0.0 1949 63 1076.0903454384406 1129
11940 0.1 914.0 0.0 1949 63 1076.2831858407076 1130
11950 0.1 1316.0 0.0 1949 63 1076.1396993810783 1131
11960 0.1 1161.0 0.0 1949 63 1076.3515901060066 1132
11970 0.1 1046.0 0.0 1949 63 1076.426301853486 1133
11980 0.1 718.0 0.0 1949 63 1076.3994708994705 1134
11990 0.1 1160.0 0.0 1949 63 1076.0837004405282 1135
12000 0.1 981.0 0.0 1949 63 1076.1575704225347 1136
12010 0.1 1372.0 0.0 1949 63 1076.0738786279678 1137
12030 0.1 1104.0 0.0 1949 63 1076.3339191564141 1138
12040 0.1 1277.0 0.0 1949 63 1076.3582089552233 1139
12050 0.1 523.0 0.0 1949 63 1076.534210526315 1140
12060 0.1 1215.0 0.0 1949 63 1076.0490797546004 1141
12070 0.1 1373.0 0.0 1949 63 1076.1707530647977 1142
12080 0.1 1025.0 0.0 1949 63 1076.430446194225 1143
12090 0.1 1033.0 0.0 1949 63 1076.3854895104887 1144
12100 0.1 1111.0 0.0 1949 63 1076.3475982532743 1145
12110 0.1 1385.0 0.0 1949 63 1076.3778359511336 1146
12120 0.1 1168.0 0.0 1949 63 1076.6469049694847 1147
12130 0.1 780.0 0.0 1949 63 1076.7264808362359 1148
12140 0.1 1671.0 0.0 1949 63 1076.4682332463 1149
12150 0.1 1144.0 0.0 1949 63 1076.9852173913034 1150
12160 0.1 1430.0 0.0 1949 63 1077.0434404865325 1151
12170 0.1 716.0 0.0 1949 63 1077.3498263888878 1152
12180 0.1 1270.0 0.0 1949 63 1077.0364267129216 1153
12190 0.1 1283.0 0.0 1949 63 1077.2036395147302 1154
12200 0.1 696.0 0.0 1949 63 1077.381818181817 1155
12210 0.1 1007.0 0.0 1949 63 1077.0519031141857 1156
12220 0.1 1186.0 0.0 1949 63 1076.991356957648 1157
12230 0.1 1195.0 0.0 1949 63 1077.085492227978 1158
12240 0.1 1320.0 0.0 1949 63 1077.1872303710081 1159
12250 0.1 1250.0 0.0 1949 63 1077.3965517241365 1160
12260 0.1 1534.0 0.0 1949 63 1077.5452196382414 1161
12270 0.1 1517.0 0.0 1949 63 1077.9380378657472 1162
12280 0.1 1059.0 0.0 1949 63 1078.3155631986228 1163
12290 0.1 1296.0 0.0 1949 63 1078.2989690721636 1164
12300 0.1 1043.0 0.0 1949 63 1078.48583690987 1165
12320 0.1 1338.0 0.0 1949 63 1078.4554030874772 1166
12330 0.1 928.0 0.0 1949 63 1078.677806341044 1167
12340 0.1 855.0 0.0 1949 63 1078.5488013698616 1168
12350 0.1 1286.0 0.0 1949 63 1078.357570573138 1169
12360 0.1 1053.0 0.0 1949 63 1078.5350427350413 1170
12370 0.1 920.0 0.0 1949 63 1078.513236549956 1171
12380 0.1 1234.0 0.0 1949 63 1078.3779863481216 1172
12390 0.1 1277.0 0.0 1949 63 1078.5106564364862 1173
12400 0.1 970.0 0.0 1949 63 1078.6797274275966 1174
12410 0.1 923.0 0.0 1949 63 1078.5872340425517 1175
12420 0.1 1277.0 0.0 1949 63 1078.4549319727876 1176
12430 0.1 1124.0 0.0 1949 63 1078.6236193712814 1177
12440 0.1 919.0 0.0 1949 63 1078.6621392190136 1178
12450 0.1 1233.0 0.0 1949 63 1078.5267175572503 1179
12460 0.1 1164.0 0.0 1949 63 1078.6576271186425 1180
12470 0.1 1187.0 0.0 1949 63 1078.729889923792 1181
12480 0.1 966.0 0.0 1949 63 1078.8214890016905 1182
12490 0.1 1.3e3 0.0 1949 63 1078.7261200338107 1183
12500 0.1 1.1e3 0.0 1949 63 1078.9130067567553 1184
12510 0.1 693.0 0.0 1949 63 1078.9308016877624 1185
12530 0.1 1067.0 0.0 1949 63 1078.6053962900492 1186
12540 0.1 1503.0 0.0 1949 63 1078.5956192080862 1187
12550 0.1 895.0 0.0 1949 63 1078.9528619528605 1188
12560 0.1 824.0 0.0 1949 63 1078.7981497056337 1189
12570 0.1 1397.0 0.0 1949 63 1078.584033613444 1190
12580 0.1 761.0 0.0 1949 63 1078.851385390427 1191
12590 0.1 665.0 0.0 1949 63 1078.5847315436229 1192
12600 0.1 1122.0 0.0 1949 63 1078.2380553227144 1193
12610 0.1 1241.0 0.0 1949 63 1078.2747068676704 1194
12620 0.1 1666.0 0.0 1949 63 1078.4108786610866 1195
12630 0.1 1053.0 0.0 1949 63 1078.9021739130421 1196
12640 0.1 1078.0 0.0 1949 63 1078.880534670007 1197
12650 0.1 1227.0 0.0 1949 63 1078.8797996661087 1198
12670 0.1 1.1e3 0.0 1949 63 1079.0033361134265 1199
12680 0.1 544.0 0.0 1949 63 1079.020833333332 1200
12690 0.1 1103.0 0.0 1949 63 1078.5753538717722 1201
12700 0.1 1095.0 0.0 1949 63 1078.5956738768705 1202
12710 0.1 623.0 0.0 1949 63 1078.6093100581866 1203
12720 0.1 745.0 0.0 1949 63 1078.2308970099655 1204
12730 0.1 1588.0 0.0 1949 63 1077.9543568464717 1205
12740 0.1 1237.0 0.0 1949 63 1078.3772802653386 1206
12750 0.1 1170.0 0.0 1949 63 1078.5086992543484 1207
12760 0.1 1662.0 0.0 1949 63 1078.5844370860914 1208
12770 0.1 1272.0 0.0 1949 63 1079.066997518609 1209
12780 0.1 645.0 0.0 1949 63 1079.2264462809903 1210
12790 0.1 981.0 0.0 1949 63 1078.8678777869516 1211
12800 0.1 1231.0 0.0 1949 63 1078.7871287128698 1212
12810 0.1 1332.0 0.0 1949 63 1078.912613355316 1213
12830 0.1 868.0 0.0 1949 63 1079.1210873146608 1214
12840 0.1 1543.0 0.0 1949 63 1078.9473251028792 1215
12850 0.1 794.0 0.0 1949 63 1079.3289473684194 1216
12860 0.1 1975.0 0.0 1975 63 1079.094494658996 1217
12870 0.1 1153.0 0.0 1975 63 1079.8300492610822 1218
12880 0.1 974.0 0.0 1975 63 1079.8900738310074 1219
12890 0.1 1115.0 0.0 1975 63 1079.8032786885228 1220
12900 0.1 1079.0 0.0 1975 63 1079.8321048321031 1221
12910 0.1 831.0 0.0 1975 63 1079.8314238952519 1222
12920 0.1 824.0 0.0 1975 63 1079.627964022893 1223
12930 0.1 1414.0 0.0 1975 63 1079.4191176470572 1224
12940 0.1 1174.0 0.0 1975 63 1079.6922448979574 1225
12950 0.1 774.0 0.0 1975 63 1079.7691680260994 1226
12960 0.1 1815.0 0.0 1975 63 1079.5199674001612 1227
12970 0.1 1625.0 0.0 1975 63 1080.1188925081417 1228
12980 0.1 930.0 0.0 1975 63 1080.5622457282327 1229
13000 0.1 1088.0 0.0 1975 63 1080.4398373983722 1230
13010 0.1 1273.0 0.0 1975 63 1080.4459788789584 1231
13020 0.1 586.0 0.0 1975 63 1080.602272727271 1232
13030 0.1 1357.0 0.0 1975 63 1080.2011354420094 1233
13040 0.1 1316.0 0.0 1975 63 1080.4254457050224 1234
13050 0.1 603.0 0.0 1975 63 1080.616194331982 1235
13060 0.1 1276.0 0.0 1975 63 1080.2297734627814 1236
13070 0.1 967.0 0.0 1975 63 1080.3880355699255 1237
13080 0.1 1034.0 0.0 1975 63 1080.2964458804506 1238
13090 0.1 1408.0 0.0 1975 63 1080.259079903146 1239
13100 0.1 638.0 0.0 1975 63 1080.5233870967722 1240
13110 0.1 1772.0 0.0 1975 63 1080.1668009669602 1241
13120 0.1 1260.0 0.0 1975 63 1080.7238325281785 1242
13130 0.1 760.0 0.0 1975 63 1080.8680611423956 1243
13140 0.1 1348.0 0.0 1975 63 1080.6101286173614 1244
13150 0.1 1094.0 0.0 1975 63 1080.8248995983918 1245
13160 0.1 924.0 0.0 1975 63 1080.835473515247 1246
13170 0.1 1269.0 0.0 1975 63 1080.7097032878892 1247
13180 0.1 911.0 0.0 1975 63 1080.8605769230753 1248
13190 0.1 1112.0 0.0 1975 63 1080.7245796637294 1249
13200 0.1 1498.0 0.0 1975 63 1080.7495999999985 1250
13220 0.1 688.0 0.0 1975 63 1081.083133493204 1251
13230 0.1 1536.0 0.0 1975 63 1080.7691693290722 1252
13240 0.1 1409.0 0.0 1975 63 1081.1324820430953 1253
13250 0.1 1211.0 0.0 1975 63 1081.3939393939381 1254
13260 0.1 401.0 0.0 1975 63 1081.4972111553773 1255
13270 0.1 1464.0 0.0 1975 63 1080.9554140127375 1256
13280 0.1 1319.0 0.0 1975 63 1081.2601431980895 1257
13290 0.1 730.0 0.0 1975 63 1081.4491255961834 1258
13300 0.1 1083.0 0.0 1975 63 1081.1699761715638 1259
13320 0.1 1386.0 0.0 1975 63 1081.1714285714277 1260
13330 0.1 786.0 0.0 1975 63 1081.4131641554313 1261
13340 0.1 1277.0 0.0 1975 63 1081.1790808240878 1262
13350 0.1 1363.0 0.0 1975 63 1081.3341250989697 1263
13360 0.1 976.0 0.0 1975 63 1081.5569620253154 1264
13370 0.1 1018.0 0.0 1975 63 1081.4735177865603 1265
13380 0.1 1302.0 0.0 1975 63 1081.4233807266971 1266
13390 0.1 1141.0 0.0 1975 63 1081.5974743488543 1267
13400 0.1 967.0 0.0 1975 63 1081.6443217665603 1268
13410 0.1 1328.0 0.0 1975 63 1081.5539795114253 1269
13420 0.1 1319.0 0.0 1975 63 1081.748031496062 1270
13430 0.1 1018.0 0.0 1975 63 1081.9346970889053 1271
13440 0.1 1065.0 0.0 1975 63 1081.884433962263 1272
13450 0.1 1305.0 0.0 1975 63 1081.8711704634711 1273
13460 0.1 877.0 0.0 1975 63 1082.0463108320241 1274
13480 0.1 1368.0 0.0 1975 63 1081.8854901960776 1275
13490 0.1 849.0 0.0 1975 63 1082.1097178683378 1276
13500 0.1 1318.0 0.0 1975 63 1081.927173061863 1277
13510 0.1 959.0 0.0 1975 63 1082.111893583724 1278
13520 0.1 1246.0 0.0 1975 63 1082.015637216575 1279
13530 0.1 1349.0 0.0 1975 63 1082.1437499999995 1280
13540 0.1 1074.0 0.0 1975 63 1082.3520686963304 1281
13550 0.1 745.0 0.0 1975 63 1082.3455538221524 1282
13560 0.1 1520.0 0.0 1975 63 1082.0826188620415 1283
13570 0.1 889.0 0.0 1975 63 1082.4236760124604 1284
13580 0.1 1001.0 0.0 1975 63 1082.2731517509721 1285
13590 0.1 1075.0 0.0 1975 63 1082.2099533437008 1286
13600 0.1 1151.0 0.0 1975 63 1082.2043512043506 1287
13610 0.1 762.0 0.0 1975 63 1082.2577639751548 1288
13620 0.1 1243.0 0.0 1975 63 1082.0093095422806 1289
13630 0.1 1284.0 0.0 1975 63 1082.1341085271315 1290
13640 0.1 1604.0 0.0 1975 63 1082.2904725019362 1291
13660 0.1 1288.0 0.0 1975 63 1082.6942724458202 1292
13670 0.1 1309.0 0.0 1975 63 1082.8530549110592 1293
13680 0.1 1109.0 0.0 1975 63 1083.0278207109734 1294
13690 0.1 1116.0 0.0 1975 63 1083.047876447876 1295
13700 0.1 1664.0 0.0 1975 63 1083.0733024691353 1296
13710 0.1 706.0 0.0 1975 63 1083.5212027756356 1297
13720 0.1 1235.0 0.0 1975 63 1083.2303543913708 1298
13730 0.1 1172.0 0.0 1975 63 1083.3471901462658 1299
13740 0.1 1167.0 0.0 1975 63 1083.415384615384 1300
13750 0.1 1057.0 0.0 1975 63 1083.4796310530355 1301
13760 0.1 1206.0 0.0 1975 63 1083.4592933947768 1302
13770 0.1 1215.0 0.0 1975 63 1083.5533384497307 1303
13780 0.1 944.0 0.0 1975 63 1083.6541411042938 1304
13790 0.1 1083.0 0.0 1975 63 1083.547126436781 1305
13810 0.1 1316.0 0.0 1975 63 1083.5467075038277 1306
13820 0.1 912.0 0.0 1975 63 1083.7245600612082 1307
13830 0.1 1247.0 0.0 1975 63 1083.5932721712531 1308
13840 0.1 1131.0 0.0 1975 63 1083.718105423987 1309
13850 0.1 1494.0 0.0 1975 63 1083.7541984732818 1310
13860 0.1 718.0 0.0 1975 63 1084.0671243325698 1311
13870 0.1 1313.0 0.0 1975 63 1083.788109756097 1312
13880 0.1 1012.0 0.0 1975 63 1083.9626808834723 1313
13890 0.1 1054.0 0.0 1975 63 1083.9079147640784 1314
13900 0.1 994.0 0.0 1975 63 1083.885171102661 1315
13910 0.1 1316.0 0.0 1975 63 1083.816869300911 1316
13920 0.1 1233.0 0.0 1975 63 1083.9931662870151 1317
13930 0.1 909.0 0.0 1975 63 1084.106221547799 1318
13940 0.1 1112.0 0.0 1975 63 1083.9734647460189 1319
13950 0.1 1205.0 0.0 1975 63 1083.9946969696962 1320
13970 0.1 983.0 0.0 1975 63 1084.086298258894 1321
13980 0.1 1207.0 0.0 1975 63 1084.0098335854757 1322
13990 0.1 1127.0 0.0 1975 63 1084.1027966742245 1323
14000 0.1 1154.0 0.0 1975 63 1084.1351963746217 1324
14010 0.1 878.0 0.0 1975 63 1084.1879245283012 1325
14020 0.1 1283.0 0.0 1975 63 1084.032428355957 1326
14030 0.1 1212.0 0.0 1975 63 1084.1823662396375 1327
14040 0.1 1083.0 0.0 1975 63 1084.2786144578306 1328
14050 0.1 1065.0 0.0 1975 63 1084.2776523702025 1329
14060 0.1 1629.0 0.0 1975 63 1084.2631578947362 1330
14070 0.1 1018.0 0.0 1975 63 1084.6724267468062 1331
14080 0.1 1371.0 0.0 1975 63 1084.6223723723717 1332
14100 0.1 1147.0 0.0 1975 63 1084.837209302325 1333
14110 0.1 956.0 0.0 1975 63 1084.8838080959513 1334
14120 0.1 1025.0 0.0 1975 63 1084.7872659176023 1335
14130 0.1 1021.0 0.0 1975 63 1084.7425149700591 1336
14140 0.1 889.0 0.0 1975 63 1084.6948391922208 1337
14150 0.1 1060.0 0.0 1975 63 1084.5485799701041 1338
14160 0.1 1504.0 0.0 1975 63 1084.530246452576 1339
14170 0.1 1275.0 0.0 1975 63 1084.843283582089 1340
14180 0.1 1017.0 0.0 1975 63 1084.9850857568972 1341
14200 0.1 1475.0 0.0 1975 63 1084.9344262295076 1342
14210 0.1 888.0 0.0 1975 63 1085.2248696947129 1343
14220 0.1 894.0 0.0 1975 63 1085.0781249999995 1344
14230 0.1 1516.0 0.0 1975 63 1084.9360594795535 1345
14240 0.1 787.0 0.0 1975 63 1085.256315007429 1346
14250 0.1 222.0 0.0 1975 63 1085.0348923533775 1347
14260 0.1 1257.0 0.0 1975 63 1084.3946587537089 1348
14270 0.1 1664.0 0.0 1975 63 1084.5226093402516 1349
14280 0.1 973.0 0.0 1975 63 1084.9518518518514 1350
14290 0.1 1228.0 0.0 1975 63 1084.8689859363428 1351
14300 0.1 1274.0 0.0 1975 63 1084.9748520710052 1352
14310 0.1 1361.0 0.0 1975 63 1085.1145602365107 1353
14330 0.1 984.0 0.0 1975 63 1085.3183161004422 1354
14340 0.1 1330.0 0.0 1975 63 1085.2435424354235 1355
14350 0.1 1067.0 0.0 1975 63 1085.4240412979343 1356
14360 0.1 725.0 0.0 1975 63 1085.4104642593948 1357
14370 0.1 1116.0 0.0 1975 63 1085.1450662739312 1358
14380 0.1 1148.0 0.0 1975 63 1085.167770419425 1359
14390 0.1 630.0 0.0 1975 63 1085.2139705882344 1360
14400 0.1 1162.0 0.0 1975 63 1084.879500367376 1361
14410 0.1 1155.0 0.0 1975 63 1084.9361233480167 1362
14420 0.1 981.0 0.0 1975 63 1084.9875275128384 1363
14430 0.1 1156.0 0.0 1975 63 1084.9112903225796 1364
14440 0.1 1462.0 0.0 1975 63 1084.963369963369 1365
14450 0.1 1169.0 0.0 1975 63 1085.2393850658848 1366
14460 0.1 1034.0 0.0 1975 63 1085.3006583760048 1367
14470 0.1 1127.0 0.0 1975 63 1085.2631578947357 1368
14480 0.1 1154.0 0.0 1975 63 1085.2936449963468 1369
14490 0.1 720.0 0.0 1975 63 1085.343795620437 1370
14500 0.1 1274.0 0.0 1975 63 1085.077315827862 1371
14510 0.1 1226.0 0.0 1975 63 1085.2150145772587 1372
14520 0.1 676.0 0.0 1975 63 1085.3175528040779 1373
14530 0.1 1198.0 0.0 1975 63 1085.019650655021 1374
14540 0.1 1327.0 0.0 1975 63 1085.1018181818174 1375
14560 0.1 1306.0 0.0 1975 63 1085.277616279069 1376
14570 0.1 1578.0 0.0 1975 63 1085.437908496731 1377
14580 0.1 920.0 0.0 1975 63 1085.7953555878075 1378
14590 0.1 1287.0 0.0 1975 63 1085.6751269035524 1379
14600 0.1 1504.0 0.0 1975 63 1085.8210144927527 1380
14610 0.1 848.0 0.0 1975 63 1086.1238233164365 1381
14620 0.1 940.0 0.0 1975 63 1085.9515195369022 1382
14630 0.1 1232.0 0.0 1975 63 1085.8459869848148 1383
14640 0.1 1161.0 0.0 1975 63 1085.9515895953748 1384
14650 0.1 1402.0 0.0 1975 63 1086.0057761732844 1385
14660 0.1 738.0 0.0 1975 63 1086.2337662337654 1386
14670 0.1 1423.0 0.0 1975 63 1085.9826964671945 1387
14680 0.1 1252.0 0.0 1975 63 1086.2255043227658 1388
14690 0.1 583.0 0.0 1975 63 1086.3448524118062 1389
14700 0.1 1485.0 0.0 1975 63 1085.9827338129487 1390
14710 0.1 1724.0 0.0 1975 63 1086.2695902228602 1391
14720 0.1 1254.0 0.0 1975 63 1086.7277298850565 1392
14740 0.1 990.0 0.0 1975 63 1086.8478104809753 1393
14750 0.1 957.0 0.0 1975 63 1086.7783357245328 1394
14760 0.1 1444.0 0.0 1975 63 1086.6853046594972 1395
14770 0.1 971.0 0.0 1975 63 1086.9412607449847 1396
14780 0.1 972.0 0.0 1975 63 1086.8582677165343 1397
14790 0.1 1332.0 0.0 1975 63 1086.7761087267513 1398
14800 0.1 1094.0 0.0 1975 63 1086.9513938527507 1399
14810 0.1 802.0 0.0 1975 63 1086.9564285714273 1400
14820 0.1 1462.0 0.0 1975 63 1086.7530335474648 1401
14830 0.1 1306.0 0.0 1975 63 1087.02068473609 1402
14840 0.1 1002.0 0.0 1975 63 1087.1767640769767 1403
14850 0.1 1176.0 0.0 1975 63 1087.1160968660956 1404
14870 0.1 1215.0 0.0 1975 63 1087.1793594306039 1405
14880 0.1 1269.0 0.0 1975 63 1087.270270270269 1406
14890 0.1 802.0 0.0 1975 63 1087.3994314143556 1407
14900 0.1 1002.0 0.0 1975 63 1087.1967329545444 1408
14910 0.1 1305.0 0.0 1975 63 1087.136266855925 1409
14920 0.1 883.0 0.0 1975 63 1087.2907801418428 1410
14930 0.1 1080.0 0.0 1975 63 1087.1459957476955 1411
14940 0.1 1193.0 0.0 1975 63 1087.1409348441914 1412
14950 0.1 1135.0 0.0 1975 63 1087.2158527954696 1413
14960 0.1 1126.0 0.0 1975 63 1087.2496463932098 1414
14970 0.1 735.0 0.0 1975 63 1087.2770318021192 1415
14980 0.1 1503.0 0.0 1975 63 1087.0282485875696 1416
14990 0.1 988.0 0.0 1975 63 1087.3218066337322 1417
15000 0.1 652.0 0.0 1975 63 1087.2517630465434 1418
15010 0.1 1336.0 0.0 1975 63 1086.9450317124727 1419
15020 0.1 1234.0 0.0 1975 63 1087.1204225352103 1420
15030 0.1 912.0 0.0 1975 63 1087.2237860661496 1421
15040 0.1 1306.0 0.0 1975 63 1087.1005625879034 1422
15050 0.1 913.0 0.0 1975 63 1087.2543921293034 1423
15070 0.1 1063.0 0.0 1975 63 1087.132022471909 1424
15080 0.1 1437.0 0.0 1975 63 1087.1150877192972 1425
15090 0.1 795.0 0.0 1975 63 1087.3604488078531 1426
15100 0.1 889.0 0.0 1975 63 1087.1555711282401 1427
15110 0.1 1559.0 0.0 1975 63 1087.016806722688 1428
15120 0.1 1424.0 0.0 1975 63 1087.3470958712376 1429
15130 0.1 700.0 0.0 1975 63 1087.5825174825166 1430
15140 0.1 1729.0 0.0 1975 63 1087.3116701607257 1431
15150 0.1 1506.0 0.0 1975 63 1087.7597765363118 1432
15160 0.1 893.0 0.0 1975 63 1088.0516399162586 1433
15170 0.1 917.0 0.0 1975 63 1087.9156206415612 1434
15180 0.1 1295.0 0.0 1975 63 1087.7965156794417 1435
15190 0.1 1261.0 0.0 1975 63 1087.9408077994422 1436
15200 0.1 635.0 0.0 1975 63 1088.061238691718 1437
15210 0.1 1269.0 0.0 1975 63 1087.7461752433928 1438
15220 0.1 1277.0 0.0 1975 63 1087.8721334259894 1439
15230 0.1 947.0 0.0 1975 63 1088.0034722222215 1440
15250 0.1 1156.0 0.0 1975 63 1087.90562109646 1441
15260 0.1 1380.0 0.0 1975 63 1087.9528432732309 1442
15270 0.1 1324.0 0.0 1975 63 1088.1552321552313 1443
15280 0.1 589.0 0.0 1975 63 1088.3185595567857 1444
15290 0.1 1456.0 0.0 1975 63 1087.9730103806219 1445
15300 0.1 1378.0 0.0 1975 63 1088.2275242047017 1446
15310 0.1 993.0 0.0 1975 63 1088.427781617138 1447
15320 0.1 954.0 0.0 1975 63 1088.3618784530377 1448
15330 0.1 1396.0 0.0 1975 63 1088.2691511387154 1449
15340 0.1 1385.0 0.0 1975 63 1088.4813793103438 1450
15350 0.1 889.0 0.0 1975 63 1088.6857339765668 1451
15370 0.1 1604.0 0.0 1975 63 1088.54820936639 1452
15380 0.1 1639.0 0.0 1975 63 1088.9029593943553 1453
15390 0.1 1013.0 0.0 1975 63 1089.2812929848683 1454
15400 0.1 1566.0 0.0 1975 63 1089.2288659793805 1455
15410 0.1 1085.0 0.0 1975 63 1089.5563186813176 1456
15420 0.1 692.0 0.0 1975 63 1089.5531914893606 1457
15430 0.1 1066.0 0.0 1975 63 1089.2805212620017 1458
15440 0.1 789.0 0.0 1975 63 1089.2645647703896 1459
15450 0.1 1047.0 0.0 1975 63 1089.058904109588 1460
15460 0.1 1009.0 0.0 1975 63 1089.0301163586573 1461
15470 0.1 619.0 0.0 1975 63 1088.9753761969894 1462
15480 0.1 1519.0 0.0 1975 63 1088.6541353383448 1463
15490 0.1 1346.0 0.0 1975 63 1088.9480874316928 1464
15500 0.1 1111.0 0.0 1975 63 1089.1235494880534 1465
15510 0.1 1402.0 0.0 1975 63 1089.138472032741 1466
15520 0.1 1241.0 0.0 1975 63 1089.3517382413077 1467
15530 0.1 1252.0 0.0 1975 63 1089.4550408719335 1468
15540 0.1 687.0 0.0 1975 63 1089.565690946221 1469
15550 0.1 1425.0 0.0 1975 63 1089.2918367346929 1470
15560 0.1 839.0 0.0 1975 63 1089.5200543847714 1471
15570 0.1 1225.0 0.0 1975 63 1089.3498641304338 1472
15590 0.1 1009.0 0.0 1975 63 1089.4419551934818 1473
15600 0.1 1254.0 0.0 1975 63 1089.38738127544 1474
15610 0.1 648.0 0.0 1975 63 1089.4989830508466 1475
15620 0.1 1394.0 0.0 1975 63 1089.1998644986443 1476
15630 0.1 1409.0 0.0 1975 63 1089.406228842247 1477
15640 0.1 1008.0 0.0 1975 63 1089.62246278755 1478
15650 0.1 1008.0 0.0 1975 63 1089.5672751859356 1479
15660 0.1 1816.0 0.0 1975 63 1089.5121621621613 1480
15670 0.1 1367.0 0.0 1975 63 1090.0027008777845 1481
15680 0.1 1119.0 0.0 1975 63 1090.1896086369763 1482
15690 0.1 1124.0 0.0 1975 63 1090.2090357383674 1483
15710 0.1 1211.0 0.0 1975 63 1090.2318059299184 1484
15720 0.1 849.0 0.0 1975 63 1090.3131313131307 1485
15730 0.1 547.0 0.0 1975 63 1090.1507402422606 1486
15740 0.1 1086.0 0.0 1975 63 1089.7854741089436 1487
15750 0.1 1130.0 0.0 1975 63 1089.7829301075262 1488
15760 0.1 1304.0 0.0 1975 63 1089.8099395567488 1489
15770 0.1 831.0 0.0 1975 63 1089.953691275167 1490
15780 0.1 1524.0 0.0 1975 63 1089.7800134138156 1491
15790 0.1 1351.0 0.0 1975 63 1090.071045576407 1492
15800 0.1 553.0 0.0 1975 63 1090.2458137977221 1493
15810 0.1 1381.0 0.0 1975 63 1089.886211512717 1494
15820 0.1 948.0 0.0 1975 63 1090.0809364548488 1495
15830 0.1 1097.0 0.0 1975 63 1089.9859625668444 1496
15840 0.1 1023.0 0.0 1975 63 1089.9906479625913 1497
15860 0.1 1132.0 0.0 1975 63 1089.9459279038713 1498
15870 0.1 894.0 0.0 1975 63 1089.9739826551029 1499
15880 0.1 1013.0 0.0 1975 63 1089.8433333333328 1500
15890 0.1 1222.0 0.0 1975 63 1089.7921385742834 1501
15900 0.1 1096.0 0.0 1975 63 1089.8801597869503 1502
15910 0.1 868.0 0.0 1975 63 1089.8842315369257 1503
15920 0.1 1086.0 0.0 1975 63 1089.736702127659 1504
15930 0.1 859.0 0.0 1975 63 1089.7342192691026 1505
15940 0.1 1157.0 0.0 1975 63 1089.5810092961483 1506
15950 0.1 1623.0 0.0 1975 63 1089.625746516257 1507
15960 0.1 802.0 0.0 1975 63 1089.979442970822 1508
15970 0.1 1230.0 0.0 1975 63 1089.788601722995 1509
15980 0.1 1113.0 0.0 1975 63 1089.881456953642 1510
15990 0.1 933.0 0.0 1975 63 1089.8967571144933 1511
16000 0.1 999.0 0.0 1975 63 1089.792989417989 1512
16010 0.1 1465.0 0.0 1975 63 1089.732980832782 1513
16020 0.1 1304.0 0.0 1975 63 1089.9808454425356 1514
16030 0.1 628.0 0.0 1975 63 1090.1221122112204 1515
16040 0.1 1140.0 0.0 1975 63 1089.817282321899 1516
16060 0.1 1431.0 0.0 1975 63 1089.8503625576789 1517
16070 0.1 1479.0 0.0 1975 63 1090.0750988142286 1518
16080 0.1 708.0 0.0 1975 63 1090.3311389071753 1519
16090 0.1 1633.0 0.0 1975 63 1090.0796052631574 1520
16100 0.1 1331.0 0.0 1975 63 1090.436554898093 1521
16110 0.1 866.0 0.0 1975 63 1090.5946123521678 1522
16120 0.1 1335.0 0.0 1975 63 1090.4471437951406 1523
16130 0.1 562.0 0.0 1975 63 1090.6076115485557 1524
16140 0.1 780.0 0.0 1975 63 1090.2609836065567 1525
16150 0.1 1030.0 0.0 1975 63 1090.057667103538 1526
16160 0.1 933.0 0.0 1975 63 1090.018336607727 1527
16170 0.1 1565.0 0.0 1975 63 1089.9155759162297 1528
16180 0.1 305.0 0.0 1975 63 1090.226291693917 1529
16190 0.1 1585.0 0.0 1975 63 1089.713071895424 1530
16200 0.1 1821.0 0.0 1975 63 1090.0365774003913 1531
16210 0.1 2022.0 0.0 2022 63 1090.513707571801 1532
16220 0.1 1624.0 0.0 2022 63 1091.1213307240698 1533
16230 0.1 297.0 0.0 2022 63 1091.4687092568442 1534
16240 0.1 25.0 0.0 2022 25 1090.9511400651459 1535
16250 0.1 31.0 0.0 2022 25 1090.2571614583326 1536
16270 0.1 17.0 0.0 2022 17 1089.5679895901098 1537
16280 0.1 19.0 0.0 2022 17 1088.8706111833542 1538
16290 0.1 19.0 0.0 2022 17 1088.1754385964905 1539
16300 0.1 18.0 0.0 2022 17 1087.4811688311681 1540
16310 0.1 19.0 0.0 2022 17 1086.7871512005183 1541
16320 0.1 18.0 0.0 2022 17 1086.0946822308683 1542
16330 0.1 17.0 0.0 2022 17 1085.4024627349313 1543
16340 0.1 19.0 0.0 2022 17 1084.7104922279786 1544
16350 0.1 18.0 0.0 2022 17 1084.0207119741094 1545
16360 0.1 17.0 0.0 2022 17 1083.3311772315647 1546
16370 0.1 17.0 0.0 2022 17 1082.6418875242398 1547
16376 0.1 18.0 0.0 2022 17 1081.9534883720924 1548
