10 1.40078125 1.40078125
20 0.60546875 2.00625
30 3.38046875 5.38671875
40 6.503125 11.88984375
50 4.46484375 16.3546875
60 8.22109375 24.57578125
70 8.715625 33.29140625
80 7.7234375 41.01484375
90 5.6609375 46.67578125
100 5.478125 52.15390625
110 6.45234375 58.60625
120 4.46875 63.075
130 6.459375 69.534375
140 8.3140625 77.8484375
150 4.37109375 82.21953125
160 6.10390625 88.3234375
170 6.34609375 94.66953125
180 3.9625 98.63203125
190 4.68671875 103.31875
200 5.62109375 108.93984375
210 5.44453125 114.384375
220 10.09375 124.478125
230 4.85078125 129.32890625
240 7.37578125 136.7046875
250 8.2515625 144.95625
260 7.81328125 152.76953125
270 6.73359375 159.503125
280 6.04453125 165.54765625
290 5.22578125 170.7734375
300 5.546875 176.3203125
310 8.09921875 184.41953125
320 9.0578125 193.47734375
330 4.59453125 198.071875
340 5.19921875 203.27109375
350 7.51328125 210.784375
360 4.4125 215.196875
370 4.45703125 219.65390625
380 4.90625 224.56015625
390 6.7296875 231.28984375
400 4.46796875 235.7578125
410 6.69375 242.4515625
420 6.21796875 248.66953125
430 7.6890625 256.35859375
440 9.6953125 266.05390625
450 7.3671875 273.42109375
460 2.25078125 275.671875
470 3.0359375 278.7078125
480 2.93359375 281.64140625
490 4.02265625 285.6640625
500 5.82890625 291.49296875
510 5.52109375 297.0140625
520 8.6796875 305.69375
530 6.434375 312.128125
540 5.65859375 317.78671875
550 4.3875 322.17421875
560 5.4640625 327.63828125
570 2.79609375 330.434375
580 6.28671875 336.72109375
590 6.065625 342.78671875
600 3.53515625 346.321875
610 5.50078125 351.82265625
620 5.25390625 357.0765625
630 9.1328125 366.209375
640 7.55859375 373.76796875
650 6.86015625 380.628125
660 6.4703125 387.0984375
670 6.72109375 393.81953125
680 6.0515625 399.87109375
690 5.83671875 405.7078125
700 6.6625 412.3703125
710 7.4046875 419.775
720 7.6625 427.4375
730 7.8109375 435.2484375
740 5.55234375 440.80078125
750 7.74765625 448.5484375
760 6.43515625 454.98359375
770 8.17890625 463.1625
780 7.7546875 470.9171875
790 7.17109375 478.08828125
800 6.5453125 484.63359375
810 7.25546875 491.8890625
820 6.63125 498.5203125
830 6.36796875 504.88828125
840 6.29296875 511.18125
850 6.89609375 518.07734375
860 6.6671875 524.74453125
870 8.17734375 532.921875
880 5.56953125 538.49140625
890 5.75 544.24140625
900 8.7453125 552.98671875
910 3.821875 556.80859375
920 9.834375 566.64296875
930 5.4375 572.08046875
940 6.7453125 578.82578125
950 7.0734375 585.89921875
960 9.284375 595.18359375
970 7.62109375 602.8046875
980 6.35234375 609.15703125
990 12.58046875 621.7375
1000 9.509375 631.246875
1010 7.49609375 638.74296875
1020 6.509375 645.25234375
1030 5.9703125 651.22265625
1040 8.44921875 659.671875
1050 8.02109375 667.69296875
1060 9.540625 677.23359375
1070 6.84609375 684.0796875
1080 7.8375 691.9171875
1090 7.22109375 699.13828125
1100 6.45859375 705.596875
1110 9.12109375 714.71796875
1120 6.28359375 721.0015625
1130 6.41953125 727.42109375
1140 10.36953125 737.790625
1150 10.146875 747.9375
1160 9.9171875 757.8546875
1170 10.08828125 767.94296875
1180 9.33359375 777.2765625
1190 9.1296875 786.40625
1200 9.21875 795.625
1210 14.53984375 810.16484375
1220 15.43671875 825.6015625
1230 13.05625 838.6578125
1240 14.81484375 853.47265625
1250 11.84140625 865.3140625
1260 17.7078125 883.021875
1270 10.8828125 893.9046875
1280 12.865625 906.7703125
1290 10.37265625 917.14296875
1300 7.90234375 925.0453125
1310 8.403125 933.4484375
1320 10.3640625 943.8125
1330 8.4078125 952.2203125
1340 7.24921875 959.46953125
1350 10.55390625 970.0234375
1360 11.334375 981.3578125
1370 7.90703125 989.26484375
1380 6.89296875 996.1578125
1390 9.54921875 1005.70703125
1400 9.325 1015.03203125
1410 10.1875 1025.21953125
1420 7.17734375 1032.396875
1430 10.8875 1043.284375
1440 8.18046875 1051.46484375
1450 6.9921875 1058.45703125
1460 10.10078125 1068.5578125
1470 13.9453125 1082.503125
1480 13.56640625 1096.06953125
1490 15.15546875 1111.225
1500 15.7953125 1127.0203125
1510 11.503125 1138.5234375
1520 10.771875 1149.2953125
1530 11.2203125 1160.515625
1540 13.02890625 1173.54453125
1550 11.80703125 1185.3515625
1560 11.3875 1196.7390625
1570 9.9546875 1206.69375
1580 11.5671875 1218.2609375
1590 8.209375 1226.4703125
1600 8.028125 1234.4984375
1610 12.11875 1246.6171875
1620 13.4421875 1260.059375
1630 14.765625 1274.825
1640 11.8953125 1286.7203125
1650 9.91171875 1296.63203125
1660 12.3515625 1308.98359375
1670 12.67734375 1321.6609375
1680 14.19140625 1335.85234375
1690 14.975 1350.82734375
1700 11.1078125 1361.93515625
1710 9.98046875 1371.915625
1720 6.9046875 1378.8203125
1730 7.5796875 1386.4
1740 7.71875 1394.11875
1750 12.18046875 1406.29921875
1760 14.778125 1421.07734375
1770 17.21484375 1438.2921875
1780 14.24140625 1452.53359375
1790 19.77578125 1472.309375
1800 22.590625 1494.9
1810 19.21875 1514.11875
1820 22.3625 1536.48125
1830 19.49921875 1555.98046875
1840 20.890625 1576.87109375
1850 22.509375 1599.38046875
1860 22.05859375 1621.4390625
1870 22.26796875 1643.70703125
1880 23.09609375 1666.803125
1890 25.59140625 1692.39453125
1900 23.48046875 1715.875
1910 22.6359375 1738.5109375
1920 18.53125 1757.0421875
1930 21.3828125 1778.425
1940 23.27734375 1801.70234375
1950 29.4671875 1831.16953125
1960 21.9875 1853.15703125
1970 19.53828125 1872.6953125
1980 21.79921875 1894.49453125
1990 19.178125 1913.67265625
2000 14.4796875 1928.15234375
2010 17.17109375 1945.3234375
2020 18.42734375 1963.75078125
2030 16.290625 1980.04140625
2040 18.0515625 1998.09296875
2050 14.509375 2012.60234375
2060 19.58671875 2032.1890625
2070 20.996875 2053.1859375
2080 24.77890625 2077.96484375
2090 21.94453125 2099.909375
2100 19.6421875 2119.5515625
2110 14.59375 2134.1453125
2120 19.6609375 2153.80625
2130 24.47578125 2178.28203125
2140 23.12421875 2201.40625
2150 24.05 2225.45625
2160 16.9421875 2242.3984375
2170 20.93671875 2263.33515625
2180 19.9515625 2283.28671875
2190 23.32265625 2306.609375
2200 18.30390625 2324.91328125
2210 25.95078125 2350.8640625
2220 17.59765625 2368.46171875
2230 15.24296875 2383.7046875
2240 21.278125 2404.9828125
2250 21.296875 2426.2796875
2260 23.22265625 2449.50234375
2270 20.784375 2470.28671875
2280 22.4734375 2492.76015625
2290 20.5265625 2513.28671875
2300 20.5015625 2533.78828125
2310 19.8375 2553.62578125
2320 20.12734375 2573.753125
2330 15.8734375 2589.6265625
2340 21.61015625 2611.23671875
2350 22.1421875 2633.37890625
2360 21.5078125 2654.88671875
2370 26.03203125 2680.91875
2380 21.69453125 2702.61328125
2390 23.8046875 2726.41796875
2400 17.68515625 2744.103125
2410 21.75078125 2765.85390625
2420 20.24609375 2786.1
2430 21.0828125 2807.1828125
2440 16.996875 2824.1796875
2450 18.478125 2842.6578125
2460 20.5359375 2863.19375
2470 22.3078125 2885.5015625
2480 18.78046875 2904.28203125
2490 17.765625 2922.04765625
2500 16.1890625 2938.23671875
2510 17.53203125 2955.76875
2520 21.38359375 2977.15234375
2530 18.22265625 2995.375
2540 21.46484375 3016.83984375
2550 13.29765625 3030.1375
2560 22.90859375 3053.04609375
2570 22.8515625 3075.89765625
2580 16.16015625 3092.0578125
2590 20.83515625 3112.89296875
2600 27.5953125 3140.48828125
2610 17.86796875 3158.35625
2620 19.83984375 3178.19609375
2630 24.315625 3202.51171875
2640 19.484375 3221.99609375
2650 25.1484375 3247.14453125
2660 21.51171875 3268.65625
2670 10.76484375 3279.42109375
2680 29.48203125 3308.903125
2690 27.28359375 3336.18671875
2700 14.59140625 3350.778125
2710 20.43203125 3371.21015625
2720 20.865625 3392.07578125
2730 15.35703125 3407.4328125
2740 21.26015625 3428.69296875
2750 18.81171875 3447.5046875
2760 25.8125 3473.3171875
2770 23.79375 3497.1109375
2780 22.29765625 3519.40859375
2790 19.7015625 3539.11015625
2800 14.296875 3553.40703125
2810 20.28671875 3573.69375
2820 25.83203125 3599.52578125
2830 19.671875 3619.19765625
2840 23.36640625 3642.5640625
2850 21.00546875 3663.56953125
2860 20.8484375 3684.41796875
2870 22.39140625 3706.809375
2880 24.69296875 3731.50234375
2890 21.11484375 3752.6171875
2900 18.22109375 3770.83828125
2910 13.0734375 3783.91171875
2920 23.4703125 3807.38203125
2930 21.27734375 3828.659375
2940 21.678125 3850.3375
2950 16.18203125 3866.51953125
2960 19.25546875 3885.775
2970 20.33125 3906.10625
2980 21.0546875 3927.1609375
2990 21.78046875 3948.94140625
3000 23.6953125 3972.63671875
3010 22.4578125 3995.09453125
3020 19.66640625 4014.7609375
3030 22.34375 4037.1046875
3040 17.83203125 4054.93671875
3050 30.22109375 4085.1578125
3060 21.2140625 4106.371875
3070 20.0765625 4126.4484375
3080 17.07109375 4143.51953125
3090 17.41484375 4160.934375
3100 22.95703125 4183.89140625
3110 20.3234375 4204.21484375
3120 22.23359375 4226.4484375
3130 20.99296875 4247.44140625
3140 20.9578125 4268.39921875
3150 24.4453125 4292.84453125
3160 22.08125 4314.92578125
3170 22.08125 4337.00703125
3180 18.0046875 4355.01171875
3190 15.47421875 4370.4859375
3200 23.21875 4393.7046875
3210 25.8390625 4419.54375
3220 16.0109375 4435.5546875
3230 23.8265625 4459.38125
3240 17.259375 4476.640625
3250 17.12265625 4493.76328125
3260 19.34140625 4513.1046875
3270 21.13828125 4534.24296875
3280 24.30859375 4558.5515625
3290 23.6203125 4582.171875
3300 17.16875 4599.340625
3310 19.41640625 4618.75703125
3320 25.1015625 4643.85859375
3330 22.73359375 4666.5921875
3340 17.44765625 4684.03984375
3350 19.021875 4703.06171875
3360 20.5140625 4723.57578125
3370 21.66796875 4745.24375
3380 22.8890625 4768.1328125
3390 25.065625 4793.1984375
3400 25.803125 4819.0015625
3410 24.60234375 4843.60390625
3420 20.878125 4864.48203125
3430 26.17890625 4890.6609375
3440 18.21875 4908.8796875
3450 20.83984375 4929.71953125
3460 16.765625 4946.48515625
3470 25.43984375 4971.925
3480 24.7953125 4996.7203125
3490 25.93671875 5022.65703125
3500 21.796875 5044.45390625
3510 22.27578125 5066.7296875
3520 19.79921875 5086.52890625
3530 23.06171875 5109.590625
3540 20.6125 5130.203125
3550 27.28125 5157.484375
3560 25.86484375 5183.34921875
3570 22.075 5205.42421875
3580 20.275 5225.69921875
3590 19.9125 5245.61171875
3600 18.0640625 5263.67578125
3610 26.8859375 5290.56171875
3620 26.3421875 5316.90390625
3630 21.4875 5338.39140625
3640 22.0984375 5360.48984375
3650 18.13671875 5378.6265625
3660 17.84375 5396.4703125
3670 21.51328125 5417.98359375
3680 16.08203125 5434.065625
3690 18.83515625 5452.90078125
3700 22.35 5475.25078125
3710 22.4671875 5497.71796875
3720 25.5265625 5523.24453125
3730 16.60390625 5539.8484375
3740 19.821875 5559.6703125
3750 17.315625 5576.9859375
3760 19.93828125 5596.92421875
3770 22.6328125 5619.55703125
3780 23.04375 5642.60078125
3790 15.69140625 5658.2921875
3800 19.38671875 5677.67890625
3810 22.59296875 5700.271875
3820 23.2671875 5723.5390625
3830 22.24140625 5745.78046875
3840 18.91015625 5764.690625
3850 22.109375 5786.8
3860 18.49765625 5805.29765625
3870 20.19453125 5825.4921875
3880 17.76328125 5843.25546875
3890 18.090625 5861.34609375
3901 20.5375 5881.88359375
3910 22.33828125 5904.221875
3920 19.77890625 5924.00078125
3930 20.47109375 5944.471875
3940 22.8296875 5967.3015625
3950 20.0953125 5987.396875
3960 24.653125 6012.05
3970 21.378125 6033.428125
3980 11.515625 6044.94375
3990 21.7453125 6066.6890625
4000 20.49609375 6087.18515625
4010 14.540625 6101.72578125
4020 22.86171875 6124.5875
4030 19.49296875 6144.08046875
4040 21.19609375 6165.2765625
4050 18.97578125 6184.25234375
4060 15.76796875 6200.0203125
4070 22.6265625 6222.646875
4080 17.82890625 6240.47578125
4090 23.08984375 6263.565625
4100 15.0765625 6278.6421875
4110 18.3625 6297.0046875
4120 18.2375 6315.2421875
4130 24.0109375 6339.253125
4140 19.02109375 6358.27421875
4150 22.86484375 6381.1390625
4160 16.65390625 6397.79296875
4170 20.41484375 6418.2078125
4180 24.3078125 6442.515625
4190 21.59296875 6464.10859375
4200 18.24453125 6482.353125
4210 18.01796875 6500.37109375
4220 20.2890625 6520.66015625
4230 20.62578125 6541.2859375
4240 19.0578125 6560.34375
4250 23.69140625 6584.03515625
4260 18.959375 6602.99453125
4270 18.67109375 6621.665625
4280 19.14765625 6640.81328125
4290 23.3359375 6664.14921875
4300 21.24296875 6685.3921875
4310 17.7765625 6703.16875
4320 20.90625 6724.075
4330 19.509375 6743.584375
4340 21.2109375 6764.7953125
4350 20.5890625 6785.384375
4360 20.1359375 6805.5203125
4370 21.00859375 6826.52890625
4380 17.50625 6844.03515625
4390 23.63046875 6867.665625
4400 21.759375 6889.425
4410 19.3703125 6908.7953125
4420 16.12578125 6924.92109375
4430 19.81953125 6944.740625
4440 16.36328125 6961.10390625
4450 22.27265625 6983.3765625
4460 18.95234375 7002.32890625
4470 16.92578125 7019.2546875
4480 23.5859375 7042.840625
4490 19.60859375 7062.44921875
4500 20.7265625 7083.17578125
4510 16.384375 7099.56015625
4520 16.2015625 7115.76171875
4530 20.4234375 7136.18515625
4540 24.434375 7160.61953125
4550 22.23515625 7182.8546875
4560 18.1453125 7201
4570 21.11171875 7222.11171875
4580 17.7828125 7239.89453125
4590 20.803125 7260.69765625
4600 17.70078125 7278.3984375
4610 14.81328125 7293.21171875
4620 16.53359375 7309.7453125
4630 23.234375 7332.9796875
4640 18.96015625 7351.93984375
4650 18.7421875 7370.68203125
4660 13.82421875 7384.50625
4670 19.190625 7403.696875
4680 22.03671875 7425.73359375
4690 21.8671875 7447.60078125
4700 19.03203125 7466.6328125
4710 17.4578125 7484.090625
4720 19.54921875 7503.63984375
4730 20.1140625 7523.75390625
4740 18.96328125 7542.7171875
4750 14.76640625 7557.48359375
4760 20.1015625 7577.58515625
4770 14.6109375 7592.19609375
4780 16.1671875 7608.36328125
4790 26.89140625 7635.2546875
4800 22.7125 7657.9671875
4810 19.9390625 7677.90625
4820 17.69375 7695.6
4830 22.27265625 7717.87265625
4840 22.48359375 7740.35625
4850 19.3796875 7759.7359375
4860 18.14296875 7777.87890625
4870 25.82109375 7803.7
4880 22.96953125 7826.66953125
4890 23.4109375 7850.08046875
4900 23.32578125 7873.40625
4910 16.62109375 7890.02734375
4920 22.9734375 7913.00078125
4930 19.8734375 7932.87421875
4940 21.60859375 7954.4828125
4950 22.63984375 7977.12265625
4960 20.7609375 7997.88359375
4970 22.67421875 8020.5578125
4980 24.6578125 8045.215625
4990 22.96015625 8068.17578125
5000 20.54453125 8088.7203125
5010 20.2671875 8108.9875
5020 12.5890625 8121.5765625
5030 19.20546875 8140.78203125
5040 21.234375 8162.01640625
5050 19.05546875 8181.071875
5060 24.253125 8205.325
5070 19.49140625 8224.81640625
5080 22.584375 8247.40078125
5090 20.5671875 8267.96796875
5100 23.190625 8291.15859375
5110 15.91953125 8307.078125
5120 15.25234375 8322.33046875
5130 21.265625 8343.59609375
5140 27.19609375 8370.7921875
5150 23.42109375 8394.21328125
5160 18.78515625 8412.9984375
5170 26.51484375 8439.51328125
5180 23.12265625 8462.6359375
5190 19.0546875 8481.690625
5200 17.63203125 8499.32265625
5210 20.81796875 8520.140625
5220 23.93984375 8544.08046875
5230 18.1921875 8562.27265625
5240 27.50078125 8589.7734375
5250 20.31875 8610.0921875
5260 20.78828125 8630.88046875
5270 16.41953125 8647.3
5280 19.5671875 8666.8671875
5290 19.4234375 8686.290625
5300 17.11796875 8703.40859375
5310 21.05078125 8724.459375
5320 19.09921875 8743.55859375
5330 19.68359375 8763.2421875
5340 15.24765625 8778.48984375
5350 16.83828125 8795.328125
5360 17.7765625 8813.1046875
5370 19.15625 8832.2609375
5380 15.69296875 8847.95390625
5390 19.8984375 8867.85234375
5400 24.25078125 8892.103125
5410 20.0375 8912.140625
5420 20.56875 8932.709375
5430 13.51484375 8946.22421875
5440 21.19765625 8967.421875
5450 21.178125 8988.6
5460 17.64375 9006.24375
5470 18.096875 9024.340625
5480 21.271875 9045.6125
5490 20.80078125 9066.41328125
5500 19.83515625 9086.2484375
5510 21.73359375 9107.98203125
5520 15.6125 9123.59453125
5530 24.06640625 9147.6609375
5540 16.65 9164.3109375
5550 18.73828125 9183.04921875
5560 17.959375 9201.00859375
5570 15.4578125 9216.46640625
5580 19.58671875 9236.053125
5590 21.45 9257.503125
5600 22.70625 9280.209375
5610 21.17109375 9301.38046875
5620 18.78203125 9320.1625
5630 19.02109375 9339.18359375
5640 20.39375 9359.57734375
5650 15.21015625 9374.7875
5660 21.60859375 9396.39609375
5670 15.06484375 9411.4609375
5680 21.85703125 9433.31796875
5690 17.6125 9450.93046875
5700 22.2484375 9473.17890625
5710 20.16640625 9493.3453125
5720 11.99609375 9505.34140625
5730 21.92578125 9527.2671875
5740 21.38828125 9548.65546875
5750 23.30234375 9571.9578125
5760 17.315625 9589.2734375
5770 18.046875 9607.3203125
5780 20.36015625 9627.68046875
5790 18.27734375 9645.9578125
5800 22.87265625 9668.83046875
5810 18.128125 9686.95859375
5820 23.2390625 9710.19765625
5830 19.98671875 9730.184375
5840 17.75 9747.934375
5850 23.77890625 9771.71328125
5860 16.18046875 9787.89375
5870 20.63125 9808.525
5880 20.95546875 9829.48046875
5890 15.1734375 9844.65390625
5900 19.871875 9864.52578125
5910 16.534375 9881.06015625
5920 18.44296875 9899.503125
5930 18.50859375 9918.01171875
5940 18.31171875 9936.3234375
5950 24.31171875 9960.63515625
5960 17.61484375 9978.25
5970 18.9203125 9997.1703125
5980 23.63515625 10020.80546875
5990 21.009375 10041.81484375
6000 23.046875 10064.86171875
6010 13.0359375 10077.89765625
6020 19.9984375 10097.89609375
6030 19.4703125 10117.36640625
6040 23.16484375 10140.53125
6050 13.759375 10154.290625
6060 24.478125 10178.76875
6070 21.04765625 10199.81640625
6080 18.89296875 10218.709375
6090 18.9140625 10237.6234375
6100 21.7078125 10259.33125
6110 17.0203125 10276.3515625
6120 20.87265625 10297.22421875
6130 21.3640625 10318.58828125
6140 22.05078125 10340.6390625
6150 21.89140625 10362.53046875
6160 21.59765625 10384.128125
6170 19.884375 10404.0125
6180 17.50546875 10421.51796875
6190 17.20234375 10438.7203125
6200 17.85546875 10456.57578125
6210 20.95 10477.52578125
6220 20.453125 10497.97890625
6230 23.80859375 10521.7875
6240 17.16484375 10538.95234375
6250 22.17265625 10561.125
6260 20.47734375 10581.60234375
6270 24.409375 10606.01171875
6280 19.7484375 10625.76015625
6290 13.88671875 10639.646875
6300 18.5640625 10658.2109375
6310 20.1578125 10678.36875
6320 25.709375 10704.078125
6330 17.0671875 10721.1453125
6340 23.46171875 10744.60703125
6350 21.33671875 10765.94375
6360 21.6140625 10787.5578125
6370 17.66875 10805.2265625
6380 26.15390625 10831.38046875
6390 15.97109375 10847.3515625
6400 22.2109375 10869.5625
6410 20.7046875 10890.2671875
6420 20.1390625 10910.40625
6430 15.16875 10925.575
6440 18.93203125 10944.50703125
6450 17.41328125 10961.9203125
6460 20.77734375 10982.69765625
6470 21.05625 11003.75390625
6480 16.69296875 11020.446875
6490 19.4046875 11039.8515625
6500 22.0484375 11061.9
6510 24.16796875 11086.06796875
6520 26.81328125 11112.88125
6530 15.2734375 11128.1546875
6540 16.575 11144.7296875
6550 17.35 11162.0796875
6560 18.49140625 11180.57109375
6570 26.759375 11207.33046875
6580 23.175 11230.50546875
6590 14.36015625 11244.865625
6600 15.73125 11260.596875
6610 19.38828125 11279.98515625
6620 21.5734375 11301.55859375
6630 14.5734375 11316.13203125
6640 19.17578125 11335.3078125
6650 17.18984375 11352.49765625
6660 21.1421875 11373.63984375
6670 13.23125 11386.87109375
6680 20.7203125 11407.59140625
6690 23.0390625 11430.63046875
6700 22.66796875 11453.2984375
6710 18.8734375 11472.171875
6720 22.7984375 11494.9703125
6730 17.25078125 11512.22109375
6740 17.5453125 11529.76640625
6750 21.834375 11551.60078125
6760 13.98671875 11565.5875
6770 14.29140625 11579.87890625
6780 16.02890625 11595.9078125
6790 16.93515625 11612.84296875
6800 18.45390625 11631.296875
6810 18.4125 11649.709375
6820 16.5890625 11666.2984375
6830 20.865625 11687.1640625
6840 22.24453125 11709.40859375
6850 13.865625 11723.27421875
6860 19.6828125 11742.95703125
6870 18.5671875 11761.52421875
6880 17.67734375 11779.2015625
6890 16.8125 11796.0140625
6900 17.8015625 11813.815625
6910 21.56484375 11835.38046875
6920 17.43359375 11852.8140625
6930 17.546875 11870.3609375
6940 17.3390625 11887.7
6950 19.675 11907.375
6960 20.721875 11928.096875
6970 17.778125 11945.875
6980 14.91796875 11960.79296875
6990 16.575 11977.36796875
7000 22.34921875 11999.7171875
7010 20.528125 12020.2453125
7020 14.1109375 12034.35625
7030 16.8984375 12051.2546875
7040 18.1453125 12069.4
7050 20.59375 12089.99375
7060 22.23203125 12112.22578125
7070 15.58984375 12127.815625
7080 20.51875 12148.334375
7090 20.11796875 12168.45234375
7100 17.54609375 12185.9984375
7110 15.50703125 12201.50546875
7120 13.80078125 12215.30625
7130 18.6046875 12233.9109375
7140 15.925 12249.8359375
7150 17.25390625 12267.08984375
7160 20.79140625 12287.88125
7170 22.1078125 12309.9890625
7180 16.28515625 12326.27421875
7190 20.3109375 12346.58515625
7200 20.50703125 12367.0921875
7210 19.21328125 12386.30546875
7220 17.96015625 12404.265625
7230 16.94609375 12421.21171875
7240 13.76484375 12434.9765625
7250 17.76875 12452.7453125
7260 24.03515625 12476.78046875
7270 20.00390625 12496.784375
7280 21.82734375 12518.61171875
7290 18.2 12536.81171875
7300 16.57734375 12553.3890625
7310 18.16640625 12571.55546875
7320 19.5234375 12591.07890625
7330 21.146875 12612.22578125
7340 15.57421875 12627.8
7350 17.98828125 12645.78828125
7360 18.8953125 12664.68359375
7370 17.41484375 12682.0984375
7380 19.79609375 12701.89453125
7390 20.8859375 12722.78046875
7400 18.36640625 12741.146875
7410 20.778125 12761.925
7420 19.00859375 12780.93359375
7430 14.54765625 12795.48125
7440 15.746875 12811.228125
7450 17.35078125 12828.57890625
7460 16.2078125 12844.78671875
7470 26.753125 12871.53984375
7480 15.03203125 12886.571875
7490 16.22734375 12902.79921875
7500 18.26796875 12921.0671875
7510 25.22421875 12946.29140625
7520 17.503125 12963.79453125
7530 18.55390625 12982.3484375
7540 19.4 13001.7484375
7550 20.50234375 13022.25078125
7560 20.5546875 13042.80546875
7570 15.0671875 13057.87265625
7580 20.79609375 13078.66875
7590 18.4859375 13097.1546875
7600 19.64609375 13116.80078125
7610 19.33515625 13136.1359375
7620 13.0140625 13149.15
7630 19.14609375 13168.29609375
7640 20.80078125 13189.096875
7650 13.2015625 13202.2984375
7660 19.66171875 13221.96015625
7670 17.38125 13239.34140625
7680 21.246875 13260.58828125
7690 15.9765625 13276.56484375
7700 18.7875 13295.35234375
7710 19.17734375 13314.5296875
7720 22.10859375 13336.63828125
7730 17.86640625 13354.5046875
7740 27.875 13382.3796875
7750 24.134375 13406.5140625
7760 23.6703125 13430.184375
7770 23.1796875 13453.3640625
7780 20.115625 13473.4796875
7790 21.60390625 13495.08359375
7800 20.35234375 13515.4359375
7810 20.43515625 13535.87109375
7820 23.55390625 13559.425
7830 15.01484375 13574.43984375
7840 18.396875 13592.83671875
7850 20.88046875 13613.7171875
7860 17.26015625 13630.97734375
7870 20.775 13651.75234375
7880 20.53125 13672.28359375
7890 17.65 13689.93359375
7900 15.57109375 13705.5046875
7910 13.91328125 13719.41796875
7920 22.34140625 13741.759375
7930 21.14765625 13762.90703125
7940 18.11328125 13781.0203125
7950 19.25390625 13800.27421875
7960 16.84453125 13817.11875
7970 17.50078125 13834.61953125
7980 16.525 13851.14453125
7990 17.06953125 13868.2140625
8000 14.76015625 13882.97421875
8010 20.5921875 13903.56640625
8020 20.19609375 13923.7625
8030 19.6171875 13943.3796875
8040 17.5546875 13960.934375
8050 19.9375 13980.871875
8060 20.82421875 14001.69609375
8070 14.1578125 14015.85390625
8080 16.64453125 14032.4984375
8090 18.940625 14051.4390625
8100 18.09921875 14069.53828125
8110 20.5453125 14090.08359375
8120 17.42578125 14107.509375
8130 25.3890625 14132.8984375
8140 21.67421875 14154.57265625
8150 22.7203125 14177.29296875
8160 22.83515625 14200.128125
8170 15.3625 14215.490625
8180 18.7953125 14234.2859375
8190 16.98203125 14251.26796875
8200 16.6734375 14267.94140625
8210 16.075 14284.01640625
8220 18.61171875 14302.628125
8230 18.103125 14320.73125
8240 16.00390625 14336.73515625
8250 14.753125 14351.48828125
8260 19.0921875 14370.58046875
8270 21.76328125 14392.34375
8280 15.36796875 14407.71171875
8290 17.47578125 14425.1875
8300 19.24453125 14444.43203125
8310 21.27734375 14465.709375
8320 20.79375 14486.503125
8330 18.26796875 14504.77109375
8340 14.621875 14519.39296875
8350 15.23828125 14534.63125
8360 16.9734375 14551.6046875
8370 17.81328125 14569.41796875
8380 20.36015625 14589.778125
8390 12.00390625 14601.78203125
8400 19.5015625 14621.28359375
8410 18.6671875 14639.95078125
8420 25.81796875 14665.76875
8430 24.39765625 14690.16640625
8440 13.253125 14703.41953125
8450 22.621875 14726.04140625
8460 20.91796875 14746.959375
8470 21.64921875 14768.60859375
8480 17.45859375 14786.0671875
8490 20.78046875 14806.84765625
8500 17.871875 14824.71953125
8510 18.421875 14843.14140625
8520 15.72109375 14858.8625
8530 20.12578125 14878.98828125
8540 17.9859375 14896.97421875
8550 25.57421875 14922.5484375
8560 18.24375 14940.7921875
8570 21.75078125 14962.54296875
8580 19.96484375 14982.5078125
8590 19.1875 15001.6953125
8600 17.12265625 15018.81796875
8610 17.7921875 15036.61015625
8620 17.63984375 15054.25
8630 19.09609375 15073.34609375
8640 24.49609375 15097.8421875
8650 21.67421875 15119.51640625
8660 15.50703125 15135.0234375
8670 17.86796875 15152.89140625
8680 16.96953125 15169.8609375
8690 18.5671875 15188.428125
8700 17.73828125 15206.16640625
8710 18.8265625 15224.99296875
8720 15.27734375 15240.2703125
8730 18.95703125 15259.22734375
8740 20.00859375 15279.2359375
8750 18.95 15298.1859375
8760 17.3046875 15315.490625
8770 20.59296875 15336.08359375
8780 10.221875 15346.30546875
8790 20.91640625 15367.221875
8800 19.04765625 15386.26953125
8810 16.80546875 15403.075
8820 19.28359375 15422.35859375
8830 13.86875 15436.22734375
8840 21.9890625 15458.21640625
8850 21.025 15479.24140625
8860 15.59375 15494.83515625
8870 18.86171875 15513.696875
8880 18.046875 15531.74375
8890 16.7375 15548.48125
8900 22.24765625 15570.72890625
8910 13.3328125 15584.06171875
8920 19.890625 15603.95234375
8930 17.86328125 15621.815625
8940 22.28828125 15644.10390625
8950 19.265625 15663.36953125
8960 18.36875 15681.73828125
8970 20.07734375 15701.815625
8980 17.71953125 15719.53515625
8990 19.45234375 15738.9875
9000 16.38671875 15755.37421875
9010 20.04921875 15775.4234375
9020 17.0484375 15792.471875
9030 18.9875 15811.459375
9040 19.71015625 15831.16953125
9050 18.74609375 15849.915625
9060 16.94140625 15866.85703125
9070 18.909375 15885.76640625
9080 16.690625 15902.45703125
9090 22.1421875 15924.59921875
9100 19.08203125 15943.68125
9110 21.45390625 15965.13515625
9120 15.9328125 15981.06796875
9130 21.68359375 16002.7515625
9140 18.85 16021.6015625
9150 21.0375 16042.6390625
9160 20.9109375 16063.55
9170 16.4390625 16079.9890625
9180 17.42421875 16097.41328125
9190 16.34453125 16113.7578125
9200 18.00859375 16131.76640625
9210 21.4796875 16153.24609375
9220 18.47265625 16171.71875
9230 25.928125 16197.646875
9240 13.971875 16211.61875
9250 19.87421875 16231.49296875
9260 24.9375 16256.43046875
9270 15.65390625 16272.084375
9280 20.64375 16292.728125
9290 20.40234375 16313.13046875
9300 19.209375 16332.33984375
9310 16.921875 16349.26171875
9320 19.08046875 16368.3421875
9330 17.646875 16385.9890625
9340 18.53359375 16404.52265625
9350 18.72578125 16423.2484375
9360 19.8546875 16443.103125
9370 21.40234375 16464.50546875
9380 25.40625 16489.91171875
9390 15.06484375 16504.9765625
9400 20.84140625 16525.81796875
9410 19.0546875 16544.87265625
9420 21.253125 16566.12578125
9430 16.68046875 16582.80625
9440 18.478125 16601.284375
9450 17.58671875 16618.87109375
9460 21.6734375 16640.54453125
9470 20.53359375 16661.078125
9480 14.9296875 16676.0078125
9490 15.7828125 16691.790625
9500 20.03515625 16711.82578125
9510 16.25859375 16728.084375
9520 17.0671875 16745.1515625
9530 17.39375 16762.5453125
9540 18.1890625 16780.734375
9550 18.00546875 16798.73984375
9560 18.3203125 16817.06015625
9570 14.58125 16831.64140625
9580 16.11484375 16847.75625
9590 23.55859375 16871.31484375
9600 18.46953125 16889.784375
9610 11.490625 16901.275
9620 14.09296875 16915.36796875
9630 15.52109375 16930.8890625
9640 12.71640625 16943.60546875
9650 13.4875 16957.09296875
9660 17.7015625 16974.79453125
9670 20.734375 16995.52890625
9680 15.971875 17011.50078125
9690 23.36328125 17034.8640625
9700 19.81640625 17054.68046875
9710 17.90625 17072.58671875
9720 19.39140625 17091.978125
9730 20.9234375 17112.9015625
9740 20.1859375 17133.0875
9750 19.2578125 17152.3453125
9760 20.4390625 17172.784375
9770 24.7953125 17197.5796875
9780 23.7046875 17221.284375
9790 20.1890625 17241.4734375
9800 19.47734375 17260.95078125
9810 17.62578125 17278.5765625
9820 15.93515625 17294.51171875
9830 16.46171875 17310.9734375
9840 20.20703125 17331.18046875
9850 13.54765625 17344.728125
9860 19.62421875 17364.35234375
9870 17.0203125 17381.37265625
9880 19.146875 17400.51953125
9890 13.8578125 17414.37734375
9900 20.92421875 17435.3015625
9910 20.63046875 17455.93203125
9920 19.2265625 17475.15859375
9930 14.21875 17489.37734375
9940 20.75546875 17510.1328125
9950 21.4390625 17531.571875
9960 22.0453125 17553.6171875
9970 17.69296875 17571.31015625
9980 16.1609375 17587.47109375
9990 15.51015625 17602.98125
10000 17.6953125 17620.6765625
10010 17.40703125 17638.08359375
10020 20.3515625 17658.43515625
10030 18.98671875 17677.421875
10040 15.19140625 17692.61328125
10050 17.0703125 17709.68359375
10060 10.51328125 17720.196875
10070 18.61484375 17738.81171875
10080 20.32421875 17759.1359375
10090 17.87421875 17777.01015625
10100 16.84765625 17793.8578125
10110 17.4125 17811.2703125
10120 19.81640625 17831.08671875
10130 20.81640625 17851.903125
10140 16.2953125 17868.1984375
10150 20.36328125 17888.56171875
10160 17.7875 17906.34921875
10170 17.5359375 17923.88515625
10180 19.81328125 17943.6984375
10190 16.88828125 17960.58671875
10200 19.07734375 17979.6640625
10210 19.06875 17998.7328125
10220 14.878125 18013.6109375
10230 17.5390625 18031.15
10240 18.09140625 18049.24140625
10250 16.92265625 18066.1640625
10260 16.41796875 18082.58203125
10270 20.18984375 18102.771875
10280 19.334375 18122.10625
10290 16.80546875 18138.91171875
10300 20.6359375 18159.54765625
10310 18.73125 18178.27890625
10320 21.5265625 18199.80546875
10330 22.321875 18222.12734375
10340 14.5953125 18236.72265625
10350 19.41484375 18256.1375
10360 20.790625 18276.928125
10370 18.73359375 18295.66171875
10380 13.8234375 18309.48515625
10390 18.76875 18328.25390625
10400 17.5578125 18345.81171875
10410 16.02109375 18361.8328125
10420 20.7875 18382.6203125
10430 16.46953125 18399.08984375
10440 17.434375 18416.52421875
10450 22.2828125 18438.80703125
10460 21.2015625 18460.00859375
10470 21.56640625 18481.575
10480 21.86171875 18503.43671875
10490 22.62265625 18526.059375
10500 21.65625 18547.715625
10510 18.90078125 18566.61640625
10520 18.08125 18584.69765625
10530 17.30859375 18602.00625
10540 18.07421875 18620.08046875
10550 15.45859375 18635.5390625
10560 18.04140625 18653.58046875
10570 17.915625 18671.49609375
10580 21.2765625 18692.77265625
10590 16.30703125 18709.0796875
10600 17.39921875 18726.47890625
10610 19.484375 18745.96328125
10620 17.396875 18763.36015625
10630 15.74765625 18779.1078125
10640 14.778125 18793.8859375
10650 15.70234375 18809.58828125
10660 19.46015625 18829.0484375
10670 19.9375 18848.9859375
10680 16.9296875 18865.915625
10690 17.85546875 18883.77109375
10700 17.60703125 18901.378125
10710 16.803125 18918.18125
10720 17.1828125 18935.3640625
10730 16.48671875 18951.85078125
10740 17.9015625 18969.75234375
10750 16.7328125 18986.48515625
10760 15.4625 19001.94765625
10770 16.7875 19018.73515625
10780 17.25234375 19035.9875
10790 18.040625 19054.028125
10800 20.63203125 19074.66015625
10810 19.88515625 19094.5453125
10820 19.5953125 19114.140625
10830 19.9515625 19134.0921875
10840 15.68671875 19149.77890625
10850 22.996875 19172.77578125
10860 20.74453125 19193.5203125
10870 20.5109375 19214.03125
10880 15.2359375 19229.2671875
10890 18.85390625 19248.12109375
10900 15.82265625 19263.94375
10910 20.7296875 19284.6734375
10920 14.64296875 19299.31640625
10930 19.40625 19318.72265625
10940 17.83828125 19336.5609375
10950 18.1578125 19354.71875
10960 13.4046875 19368.1234375
10970 17.17734375 19385.30078125
10980 17.925 19403.22578125
10990 15.909375 19419.13515625
11000 14.65859375 19433.79375
11010 17.25 19451.04375
11020 16.425 19467.46875
11030 13.80078125 19481.26953125
11040 16.13515625 19497.4046875
11050 15.93125 19513.3359375
11060 18.55859375 19531.89453125
11070 13.5703125 19545.46484375
11080 25.56015625 19571.025
11090 21.06328125 19592.08828125
11100 18.17109375 19610.259375
11110 15.05078125 19625.31015625
11120 19.76015625 19645.0703125
11130 17.34140625 19662.41171875
11140 15.12734375 19677.5390625
11150 21.6359375 19699.175
11160 16.83828125 19716.01328125
11170 17.8484375 19733.86171875
11180 19.89375 19753.75546875
11190 15.5203125 19769.27578125
11200 20.65234375 19789.928125
11210 12.09140625 19802.01953125
11220 21.375 19823.39453125
11230 17.01015625 19840.4046875
11240 14.903125 19855.3078125
11250 18.425 19873.7328125
11260 17.08828125 19890.82109375
11270 19.5640625 19910.38515625
11280 10.64765625 19921.0328125
11290 13.9984375 19935.03125
11300 20.19375 19955.225
11310 21.99921875 19977.22421875
11320 23.81015625 20001.034375
11330 15.809375 20016.84375
11340 22.79765625 20039.64140625
11350 19.28046875 20058.921875
11360 20.22578125 20079.14765625
11370 16.81484375 20095.9625
11380 20.178125 20116.140625
11390 20.80703125 20136.94765625
11400 19.11015625 20156.0578125
11410 19.8859375 20175.94375
11420 19.8609375 20195.8046875
11430 19.15234375 20214.95703125
11440 19.08359375 20234.040625
11450 16.15234375 20250.19296875
11460 21.053125 20271.24609375
11470 21.51796875 20292.7640625
11480 19.4515625 20312.215625
11490 18.47734375 20330.69296875
11500 20.784375 20351.47734375
11510 21.54140625 20373.01875
11520 16.1703125 20389.1890625
11530 20.3609375 20409.55
11540 17.896875 20427.446875
11550 21.6953125 20449.1421875
11560 20.1671875 20469.309375
11570 18.21640625 20487.52578125
11580 14.84375 20502.36953125
11590 15.540625 20517.91015625
11600 17.03828125 20534.9484375
11610 15.103125 20550.0515625
11620 19.19296875 20569.24453125
11630 17.51484375 20586.759375
11640 12.2953125 20599.0546875
11650 17.44296875 20616.49765625
11660 16.76953125 20633.2671875
11670 15.99765625 20649.26484375
11680 21.4125 20670.67734375
11690 19.371875 20690.04921875
11700 16.540625 20706.58984375
11710 15.95546875 20722.5453125
11720 17.21640625 20739.76171875
11730 15.50859375 20755.2703125
11740 19.234375 20774.5046875
11750 11.4921875 20785.996875
11760 16.075 20802.071875
11770 19.7078125 20821.7796875
11780 21.28359375 20843.06328125
11790 19.353125 20862.41640625
11800 14.8828125 20877.29921875
11810 18.99375 20896.29296875
11820 20.9484375 20917.24140625
11830 15.909375 20933.15078125
11840 22.6734375 20955.82421875
11850 22.53828125 20978.3625
11860 21.88671875 21000.24921875
11870 20.20078125 21020.45
11880 20.33671875 21040.78671875
11890 18.50859375 21059.2953125
11900 23.36328125 21082.65859375
11910 16.721875 21099.38046875
11920 20.68984375 21120.0703125
11930 21.18203125 21141.25234375
11940 16.92265625 21158.175
11950 19.87734375 21178.05234375
11960 20.43125 21198.48359375
11970 18.58125 21217.06484375
11980 15.65078125 21232.715625
11990 15.8328125 21248.5484375
12000 19.29921875 21267.84765625
12010 17.04296875 21284.890625
12020 18.309375 21303.2
12030 18.325 21321.525
12040 16.984375 21338.509375
12050 16.9421875 21355.4515625
12060 19.54453125 21374.99609375
12070 18.3296875 21393.32578125
12080 15.8453125 21409.17109375
12090 21.996875 21431.16796875
12100 15.64609375 21446.8140625
12110 20.7953125 21467.609375
12120 16.53359375 21484.14296875
12130 18.940625 21503.08359375
12140 21.8953125 21524.97890625
12150 20.05546875 21545.034375
12160 19.875 21564.909375
12170 17.06640625 21581.97578125
12180 19.91796875 21601.89375
12190 19.42734375 21621.32109375
12200 19.56484375 21640.8859375
12210 18.44140625 21659.32734375
12220 15.66953125 21674.996875
12230 19.13046875 21694.12734375
12240 17.49609375 21711.6234375
12250 22.72265625 21734.34609375
12260 22.17421875 21756.5203125
12270 19.1890625 21775.709375
12280 17.86875 21793.578125
12290 22.85703125 21816.43515625
12300 19.40078125 21835.8359375
12310 20.6390625 21856.475
12320 18.4578125 21874.9328125
12330 12.2234375 21887.15625
12340 18.15546875 21905.31171875
12350 15.92109375 21921.2328125
12360 15.2296875 21936.4625
12370 13.20625 21949.66875
12380 15.53828125 21965.20703125
12390 15.9546875 21981.16171875
12400 14.8234375 21995.98515625
12410 19.44296875 22015.428125
12420 21.1484375 22036.5765625
12430 17.1046875 22053.68125
12440 15.934375 22069.615625
12450 22.0328125 22091.6484375
12460 16.18046875 22107.82890625
12470 20.034375 22127.86328125
12480 13.4328125 22141.29609375
12490 18.0984375 22159.39453125
12500 22.103125 22181.49765625
12510 15.690625 22197.18828125
12520 19.96640625 22217.1546875
12530 18.2109375 22235.365625
12540 15.5859375 22250.9515625
12550 14.60859375 22265.56015625
12560 20.5734375 22286.13359375
12570 16.24609375 22302.3796875
12580 15.4796875 22317.859375
12590 11.83828125 22329.69765625
12600 15.65078125 22345.3484375
12610 18.37265625 22363.72109375
12620 18.37734375 22382.0984375
12630 18.48671875 22400.58515625
12640 19.10390625 22419.6890625
12650 17.57578125 22437.26484375
12660 19.0203125 22456.28515625
12670 11.1921875 22467.47734375
12680 17.8375 22485.31484375
12690 15.9984375 22501.31328125
12700 17.51015625 22518.8234375
12710 11.8453125 22530.66875
12720 15.56328125 22546.23203125
12730 20.32421875 22566.55625
12740 17.91875 22584.475
12750 22.7015625 22607.1765625
12760 19.72265625 22626.89921875
12770 15.75703125 22642.65625
12780 13.665625 22656.321875
12790 18.775 22675.096875
12800 16.1203125 22691.2171875
12810 17.9328125 22709.15
12820 15.27734375 22724.42734375
12830 23.01015625 22747.4375
12840 18.446875 22765.884375
12850 17.05625 22782.940625
12860 21.90625 22804.846875
12870 19.8109375 22824.6578125
12880 20.1890625 22844.846875
12890 17.875 22862.721875
12900 17.18203125 22879.90390625
12910 14.85703125 22894.7609375
12920 15.4328125 22910.19375
12930 21.75078125 22931.94453125
12940 18.9171875 22950.86171875
12950 10.8859375 22961.74765625
12960 20.62890625 22982.3765625
12970 19.4859375 23001.8625
12980 16.40234375 23018.26484375
12990 22.42578125 23040.690625
13000 19.92109375 23060.61171875
13010 16.890625 23077.50234375
13020 17.24609375 23094.7484375
13030 15.28359375 23110.03203125
13040 15.3984375 23125.43046875
13050 16.4703125 23141.90078125
13060 20.47421875 23162.375
13070 17.49296875 23179.86796875
13080 16.83125 23196.69921875
13090 17.7453125 23214.44453125
13100 16.053125 23230.49765625
13110 22.12890625 23252.6265625
13120 16.2875 23268.9140625
13130 17.5296875 23286.44375
13140 16.83828125 23303.28203125
13150 18.73125 23322.01328125
13160 18.61640625 23340.6296875
13170 20.11015625 23360.73984375
13180 17.1 23377.83984375
13190 18.21953125 23396.059375
13200 16.296875 23412.35625
13210 16.13984375 23428.49609375
13220 19.19453125 23447.690625
13230 17.43125 23465.121875
13240 19.8953125 23485.0171875
13250 14.2578125 23499.275
13260 13.50078125 23512.77578125
13270 16.353125 23529.12890625
13280 18.16015625 23547.2890625
13290 14.05625 23561.3453125
13300 18.59453125 23579.93984375
13310 19.52109375 23599.4609375
13320 14.325 23613.7859375
13330 14.00546875 23627.79140625
13340 21.22890625 23649.0203125
13350 19.77734375 23668.79765625
13360 15.034375 23683.83203125
13370 21.0140625 23704.84609375
13380 17.9265625 23722.77265625
13390 16.94609375 23739.71875
13400 23.04921875 23762.76796875
13410 16.27265625 23779.040625
13420 21.6578125 23800.6984375
13430 14.71796875 23815.41640625
13440 21.67734375 23837.09375
13450 19.17265625 23856.26640625
13460 15.23125 23871.49765625
13470 18.9203125 23890.41796875
13480 18.63046875 23909.0484375
13490 20.43515625 23929.48359375
13500 17.0375 23946.52109375
13510 16.56796875 23963.0890625
13520 20.09375 23983.1828125
13530 18.7390625 24001.921875
13540 15.76484375 24017.68671875
13550 16.84765625 24034.534375
13560 16.39296875 24050.92734375
13570 15.41171875 24066.3390625
13580 17.28828125 24083.62734375
13590 15.96875 24099.59609375
13600 17.57421875 24117.1703125
13610 15.06484375 24132.23515625
13620 17.25390625 24149.4890625
13630 21.94921875 24171.43828125
13640 24.9109375 24196.34921875
13650 16.275 24212.62421875
13660 23.22578125 24235.85
13670 20.215625 24256.065625
13680 22.04296875 24278.10859375
13690 20.38203125 24298.490625
13700 14.9640625 24313.4546875
13710 19.0953125 24332.55
13720 19.1515625 24351.7015625
13730 21.66953125 24373.37109375
13740 13.28515625 24386.65625
13750 18.525 24405.18125
13760 20.0390625 24425.2203125
13770 18.67421875 24443.89453125
13780 16.16875 24460.06328125
13790 17.1453125 24477.20859375
13800 19.4703125 24496.67890625
13810 17.56484375 24514.24375
13820 20.5671875 24534.8109375
13830 18.83203125 24553.64296875
13840 19.0046875 24572.64765625
13850 23.59140625 24596.2390625
13860 16.1796875 24612.41875
13870 19.73515625 24632.15390625
13880 15.3515625 24647.50546875
13890 16.1671875 24663.67265625
13900 25.3296875 24689.00234375
13910 19.08671875 24708.0890625
13920 17.66953125 24725.75859375
13930 17.9421875 24743.70078125
13940 21.94453125 24765.6453125
13950 19.42421875 24785.06953125
13960 14.0546875 24799.12421875
13970 17.19921875 24816.3234375
13980 17.07109375 24833.39453125
13990 16.64921875 24850.04375
14000 16.740625 24866.784375
14010 15.37265625 24882.15703125
14020 16.29609375 24898.453125
14030 19.5 24917.953125
14040 16.184375 24934.1375
14050 19.025 24953.1625
14060 19.7515625 24972.9140625
14070 16.36796875 24989.28203125
14080 24.53203125 25013.8140625
14090 19.0890625 25032.903125
14100 16.7 25049.603125
14110 14.4109375 25064.0140625
14120 15.2953125 25079.309375
14130 16.7890625 25096.0984375
14140 16.0515625 25112.15
14150 17.97265625 25130.12265625
14160 20.50546875 25150.628125
14170 19.128125 25169.75625
14180 17.4328125 25187.1890625
14190 19.815625 25207.0046875
14200 18.31875 25225.3234375
14210 16.08984375 25241.41328125
14220 20.60859375 25262.021875
14230 18.23046875 25280.25234375
14240 11.91484375 25292.1671875
14250 17.09140625 25309.25859375
14260 19.19609375 25328.4546875
14270 19.30390625 25347.75859375
14280 16.23984375 25363.9984375
14290 19.31328125 25383.31171875
14300 24.67421875 25407.9859375
14310 21.80078125 25429.78671875
14320 16.3515625 25446.13828125
14330 16.99296875 25463.13125
14340 20.0109375 25483.1421875
14350 16.95234375 25500.09453125
14360 11.4578125 25511.55234375
14370 18.1796875 25529.73203125
14380 13.4640625 25543.19609375
14390 16.38046875 25559.5765625
14400 17.83359375 25577.41015625
14410 13.13046875 25590.540625
14420 17.34375 25607.884375
14430 19.82109375 25627.70546875
14440 19.83203125 25647.5375
14450 19.4953125 25667.0328125
14460 16.86796875 25683.90078125
14470 17.075 25700.97578125
14480 19.190625 25720.16640625
14490 11.00078125 25731.1671875
14500 20.43359375 25751.60078125
14510 17.83125 25769.43203125
14520 15.4953125 25784.92734375
14530 20.084375 25805.01171875
14540 19.3015625 25824.31328125
14550 18.10546875 25842.41875
14560 18.34453125 25860.76328125
14570 17.84609375 25878.609375
14580 18.2421875 25896.8515625
14590 19.61171875 25916.46328125
14600 16.19453125 25932.6578125
14610 14.40625 25947.0640625
14620 20.046875 25967.1109375
14630 17.096875 25984.2078125
14640 21.115625 26005.3234375
14650 16.3171875 26021.640625
14660 19.0640625 26040.7046875
14670 21.4 26062.1046875
14680 19.34921875 26081.45390625
14690 15.06484375 26096.51875
14700 17.6078125 26114.1265625
14710 25.13125 26139.2578125
14720 20.10703125 26159.36484375
14730 21.38125 26180.74609375
14740 17.06875 26197.81484375
14750 21.82265625 26219.6375
14760 21.50859375 26241.14609375
14770 16.15703125 26257.303125
14780 20.02109375 26277.32421875
14790 19.5234375 26296.84765625
14800 16.875 26313.72265625
14810 16.0140625 26329.73671875
14820 20.08359375 26349.8203125
14830 19.62109375 26369.44140625
14840 16.06171875 26385.503125
14850 23.82109375 26409.32421875
14860 18.8515625 26428.17578125
14870 19.3421875 26447.51796875
14880 20.57109375 26468.0890625
14890 14.9203125 26483.009375
14900 21.9109375 26504.9203125
14910 19.7140625 26524.634375
14920 15.79453125 26540.42890625
14930 18.90703125 26559.3359375
14940 17.66484375 26577.00078125
14950 18.134375 26595.13515625
14960 16.5578125 26611.69296875
14970 17.86171875 26629.5546875
14980 20.9921875 26650.546875
14990 21.046875 26671.59375
15000 12.90546875 26684.49921875
15010 20.5921875 26705.09140625
15020 22.21875 26727.31015625
15030 14.259375 26741.56953125
15040 23.80703125 26765.3765625
15050 13.8359375 26779.2125
15060 15.92890625 26795.14140625
15070 22.5171875 26817.65859375
15080 17.2671875 26834.92578125
15090 12.5765625 26847.50234375
15100 20.13203125 26867.634375
15110 20.1859375 26887.8203125
15120 17.5140625 26905.334375
15130 16.40234375 26921.73671875
15140 22.94296875 26944.6796875
15150 21.19921875 26965.87890625
15160 12.59140625 26978.4703125
15170 20.784375 26999.2546875
15180 16.8890625 27016.14375
15190 16.75703125 27032.90078125
15200 12.50078125 27045.4015625
15210 22.6375 27068.0390625
15220 16.75703125 27084.79609375
15230 16.24296875 27101.0390625
15240 17.865625 27118.9046875
15250 20.7515625 27139.65625
15260 17.065625 27156.721875
15270 14.39921875 27171.12109375
15280 17.39375 27188.51484375
15290 19.2203125 27207.73515625
15300 24.06953125 27231.8046875
15310 16.8671875 27248.671875
15320 16.64140625 27265.31328125
15330 21.77421875 27287.0875
15340 19.22109375 27306.30859375
15350 16.53359375 27322.8421875
15360 22.8859375 27345.728125
15370 17.44375 27363.171875
15380 14.51484375 27377.68671875
15390 23.65625 27401.34296875
15400 19.1625 27420.50546875
15410 21.559375 27442.06484375
15420 13.49140625 27455.55625
15430 19.575 27475.13125
15440 14.334375 27489.465625
15450 18.00390625 27507.46953125
15460 14.85625 27522.32578125
15470 12.54609375 27534.871875
15480 17.81796875 27552.68984375
15490 17.4203125 27570.11015625
15500 16.97265625 27587.0828125
15510 18.47890625 27605.56171875
15520 21.24609375 27626.8078125
15530 20.1875 27646.9953125
15540 17.671875 27664.6671875
15550 20.7578125 27685.425
15560 17.63828125 27703.06328125
15570 19.92421875 27722.9875
15580 17.00078125 27739.98828125
15590 17.99765625 27757.9859375
15600 14.8140625 27772.8
15610 17.86328125 27790.66328125
15620 19.95390625 27810.6171875
15630 21.04765625 27831.66484375
15640 15.36640625 27847.03125
15650 20.44140625 27867.47265625
15660 18.48984375 27885.9625
15670 20.7609375 27906.7234375
15680 14.06015625 27920.78359375
15690 16.63125 27937.41484375
15700 16.05078125 27953.465625
15710 14.915625 27968.38125
15720 10.8515625 27979.2328125
15730 16.80703125 27996.03984375
15740 16.14296875 28012.1828125
15750 19.53671875 28031.71953125
15760 20.1421875 28051.86171875
15770 17.22421875 28069.0859375
15780 23.3140625 28092.4
15790 21.19375 28113.59375
15800 17.4140625 28131.0078125
15810 19.1609375 28150.16875
15820 19.38984375 28169.55859375
15830 20.60390625 28190.1625
15840 19.0984375 28209.2609375
15850 17.63359375 28226.89453125
15860 16.35625 28243.25078125
15870 17.48984375 28260.740625
15880 19.29609375 28280.03671875
15890 17.13203125 28297.16875
15900 15.36796875 28312.53671875
15910 20.8765625 28333.41328125
15920 17.8453125 28351.25859375
15930 13.88203125 28365.140625
15940 22.35546875 28387.49609375
15950 24.25078125 28411.746875
15960 15.60546875 28427.35234375
15970 19.91875 28447.27109375
15980 19.63828125 28466.909375
15990 17.44375 28484.353125
16000 20.08828125 28504.44140625
16010 19.20078125 28523.6421875
16020 22.41171875 28546.05390625
16030 15.20859375 28561.2625
16040 19.79453125 28581.05703125
16050 22.96640625 28604.0234375
16060 20.69296875 28624.71640625
16070 14.71015625 28639.4265625
16080 19.69765625 28659.12421875
16090 19.16640625 28678.290625
16100 16.16484375 28694.45546875
16110 21.98671875 28716.4421875
16120 18.896875 28735.3390625
16130 8.296875 28743.6359375
16140 18.72421875 28762.36015625
16150 17.071875 28779.43203125
16160 16.2859375 28795.71796875
16170 13.8203125 28809.53828125
16180 9.01171875 28818.55
16190 14.2890625 28832.8390625
16200 16.04453125 28848.88359375
16210 15.0453125 28863.92890625
16220 16.371875 28880.30078125
16230 8.9296875 28889.23046875
16240 0.3671875 28889.59765625
16250 0.9375 28890.53515625
16260 0 28890.53515625
16270 0 28890.53515625
16280 0 28890.53515625
16290 0 28890.53515625
16300 0 28890.53515625
16310 0 28890.53515625
16320 0 28890.53515625
16330 0 28890.53515625
16340 0 28890.53515625
16350 0 28890.53515625
16360 0 28890.53515625
16370 0 28890.53515625
16376 0 28890.53515625
