10 1.9 0.8879780016447368 0.10276555301546839 1.06005859375 0.712158203125 0 0
20 2.1 0.8515741257440477 0.07339446116626688 1.06005859375 0.708984375 0.8879780016447368 19
30 2 0.83316650390625 0.07242818642349624 1.06005859375 0.68310546875 0.868865966796875 40
40 2 0.8338623046875 0.07237344894328379 1.06005859375 0.68310546875 0.8569661458333333 60
50 2.6 0.8449613131009616 0.09583201882440844 1.131103515625 0.656005859375 0.851190185546875 80
60 2.1 0.884765625 0.07958502926252266 1.131103515625 0.653076171875 0.8496623489091981 106
70 1.7 0.8310977711397058 0.13991615397462656 1.2939453125 0.64013671875 0.855466827632874 127
80 1.7 0.8275505514705882 0.08004273698229901 1.2939453125 0.635986328125 0.8525899251302084 144
90 1.4 0.8400704520089286 0.12224957067911674 1.2939453125 0.635986328125 0.8499460161102484 161
100 1.6 0.808807373046875 0.07608550016224827 1.2939453125 0.635986328125 0.8491559709821429 175
110 2.6 0.8437124399038461 0.13181022879932114 1.2939453125 0.6220703125 0.8457759837205497 191
120 1.9 0.7987895764802632 0.07182733728163283 1.2939453125 0.6220703125 0.8455287388392857 217
130 1.9 0.8760793585526315 0.04626959410009103 1.2939453125 0.6220703125 0.8417658401747882 236
140 4 0.831658935546875 0.0961223526774271 1.2939453125 0.6220703125 0.8443225337009804 255
150 3.4 0.7774514590992647 0.06730813420649738 1.2939453125 0.6220703125 0.8426054356461864 295
160 4.8 0.7620035807291666 0.06330288986663972 1.2939453125 0.6220703125 0.8358721979483282 329
170 2.7 4.216200086805556 17.294502154167297 92.39892578125 0.617919921875 0.826467175066313 377
180 4.8 0.7453664143880209 0.06535115419887184 92.39892578125 0.617919921875 1.053008731048886 404
190 4.5 0.7722005208333333 0.06488719950106896 92.39892578125 0.617919921875 1.0203387505185286 452
200 3.1 0.8926175025201613 0.13059913786631663 92.39892578125 0.617919921875 0.9978715063820421 497
210 4 0.847491455078125 0.09401690933107268 92.39892578125 0.617919921875 0.9916918205492424 528
220 2.8 0.8262939453125 0.14046336527550504 92.39892578125 0.617919921875 0.981536865234375 568
230 4 0.799298095703125 0.12147642873184678 92.39892578125 0.616943359375 0.9742435736944212 596
240 3.1 0.8577211441532258 0.1026709806472386 92.39892578125 0.616943359375 0.9632407134433962 636
250 5.9 0.8162903866525424 0.11459772933882374 92.39892578125 0.60498046875 0.9583365055753373 667
260 6 0.78828125 0.08933151618926578 92.39892578125 0.60498046875 0.9467928127152204 726
270 6.4 0.7846221923828125 0.07658706965383548 92.39892578125 0.60498046875 0.9346926934239822 786
280 5.8 0.782958984375 0.09236548813981157 92.39892578125 0.5869140625 0.9233932674632352 850
290 4.8 0.7922159830729166 0.13858030845135932 92.39892578125 0.5869140625 0.9144227956360133 908
300 4.2 0.8819870721726191 0.11565945714991421 92.39892578125 0.5869140625 0.9082868887290795 956
310 5 0.8273095703125 0.08340249130795553 92.39892578125 0.5869140625 0.9071800828218938 998
320 5.5 0.7980113636363636 0.0691171508216636 92.39892578125 0.5869140625 0.9033694667670563 1048
330 5.8 0.7785265692349138 0.14119654590788908 92.39892578125 0.5869140625 0.8981158895483907 1103
340 5.5 0.7652920809659091 0.07574557527226075 92.39892578125 0.5869140625 0.8921415738049095 1161
350 5.1 0.813265931372549 0.21531449433090766 92.39892578125 0.5869140625 0.8864041378623561 1216
360 6.7 0.7690174615205224 0.09170428837378738 92.39892578125 0.5869140625 0.8834601374432715 1267
370 7.9 0.8376433939873418 0.25957570438470096 92.39892578125 0.5869140625 0.8777122669134183 1334
380 8.4 0.8165225074404762 0.0951015182826599 92.39892578125 0.5869140625 0.875472039764685 1413
390 8 0.7761932373046876 0.1505765988401815 92.39892578125 0.5869140625 0.8721642503757515 1497
400 8.6 0.7655568677325585 0.13098994252736512 92.39892578125 0.5869140625 0.8672957145192612 1577
410 7.9 0.8014271410205696 0.16918389451873914 92.39892578125 0.5869140625 0.8620344151664913 1663
420 7.7 0.7926009537337663 0.1255412313061821 92.39892578125 0.5869140625 0.8592858648464409 1742
430 9.3 0.8798093077956989 0.08315825877224678 92.39892578125 0.5869140625 0.8564630291368884 1819
440 6.9 0.7866706295289855 0.11110518926126578 92.39892578125 0.5869140625 0.8575985960381799 1912
450 8 0.7562988281249998 0.08374075397296887 92.39892578125 0.5869140625 0.855128111591368 1981
460 7.8 0.7634402544070512 0.14803887146794587 92.39892578125 0.5869140625 0.8512919433830665 2061
470 5.5 0.7843128551136364 0.1014747808290849 92.39892578125 0.5869140625 0.8480883754821178 2139
480 8.7 0.8211936512212644 0.10747479963704529 92.39892578125 0.5869140625 0.8464896272504557 2194
490 9.8 0.8238923987563775 0.1454846620403184 92.39892578125 0.5869140625 0.8455248092256684 2281
500 7.8 0.7570800781249999 0.06942373154333797 92.39892578125 0.5869140625 0.8446336884917506 2379
510 9.2 0.788903277853261 0.13903617048133357 92.39892578125 0.5869140625 0.841854208797568 2457
520 8.7 0.755963204920977 0.11158178996459478 92.39892578125 0.5869140625 0.8399430728042858 2549
530 10 0.7863916015625 0.16173452703944033 92.39892578125 0.5869140625 0.837171354858213 2636
540 9.7 0.8149816768685567 0.13509855744732624 92.39892578125 0.5869140625 0.8353153697231358 2736
550 8.9 0.8521632505266854 0.1718407268707476 92.39892578125 0.5869140625 0.8346191578604835 2833
560 9.1 0.7565086280906593 0.09314968205304629 92.39892578125 0.5869140625 0.8351535261860453 2922
570 8.2 0.7607779153963414 0.0850437243022333 92.39892578125 0.5869140625 0.8327782571098157 3013
580 9.7 0.7532317171391752 0.12515083912548725 92.39892578125 0.5869140625 0.8308706551645798 3095
590 9.7 0.7492902303479382 0.09463674188090214 92.39892578125 0.5869140625 0.8285113265341085 3192
600 9.1 0.7699739225618132 0.17716693495589753 92.39892578125 0.5869140625 0.8261749184070005 3289
610 15.5 0.8882119455645161 0.09865562525485633 92.39892578125 0.5869140625 0.8246618146727069 3380
620 15.3 0.7661627476511436 0.2099174176962279 92.39892578125 0.5869140625 0.8274483126326024 3535
630 13.4 0.7698938170475746 0.15027055566134495 92.39892578125 0.5869140625 0.824905825799044 3688
640 15 0.767288411458333 0.08908552524307303 92.39892578125 0.5869140625 0.8229770949846283 3822
650 14.6 1.1838813677226028 3.5739328659914964 92.39892578125 0.5869140625 0.8208740480236656 3972
660 15.5 0.7303695186491936 0.07015737668339585 92.39892578125 0.5869140625 0.8337441472650557 4118
670 15.1 0.7728279568501655 0.1590182923233342 92.39892578125 0.5869140625 0.8299943070040077 4273
680 14.8 0.8903891073690878 0.18261857557377736 92.39892578125 0.5869140625 0.828043104727057 4424
690 15.1 0.8319843620653975 0.23184983339629914 92.39892578125 0.5869140625 0.8300613042876477 4572
700 15.1 0.7475181731167221 0.10873707927088183 92.39892578125 0.5869140625 0.8301227867615922 4723
710 14.6 0.8015287216395546 0.40566420876942955 92.39892578125 0.5869140625 0.8275636368517901 4874
720 13 0.8001652644230769 0.20015878704825685 92.39892578125 0.5869140625 0.8268064460906375 5020
730 13.3 0.8690653636043233 0.14708838791118597 92.39892578125 0.5869140625 0.8261339502427184 5150
740 12.8 0.7664527893066408 0.11279184677084114 92.39892578125 0.5869140625 0.8272147524341047 5283
750 13.7 0.7577055770985401 0.11642850262708847 92.39892578125 0.5869140625 0.8257773968103169 5411
760 13.3 0.7657755227913535 0.14250165722814018 92.39892578125 0.5869140625 0.8240964596617024 5548
770 14.6 1.0812453178510277 3.9292716762566595 92.39892578125 0.5869140625 0.8227310865577143 5681
780 17.3 0.8867385070447977 0.22537784185875112 92.39892578125 0.5869140625 0.82920836093026 5827
790 15.9 0.8513014691430818 0.3047994032213453 92.39892578125 0.5869140625 0.8308671468098958 6000
800 14.5 0.7563072467672416 0.07488633681660631 92.39892578125 0.5869140625 0.8313946768068071 6159
810 14.9 0.7589758546560403 0.11375863553624495 92.39892578125 0.5869140625 0.8296675706272802 6304
820 13.6 0.7491832059972425 0.08510918867868235 92.39892578125 0.5869140625 0.8280352963858864 6453
830 15 1.5916389973958325 6.19004148962493 92.39892578125 0.5869140625 0.8264077528598801 6589
840 16.4 0.8015970369664634 0.1336916648328583 92.39892578125 0.5869140625 0.8434406489394755 6739
850 13 0.8550837590144231 0.1323018674456468 92.39892578125 0.5869140625 0.8424465373411016 6903
860 14.9 0.7701162043833893 0.12394952955206942 92.39892578125 0.5869140625 0.8426801273905161 7033
870 14.6 0.7733739565496576 0.08476008487383148 92.39892578125 0.5869140625 0.8411746937330304 7182
880 15.8 0.7562688513647152 0.1092844143675266 92.39892578125 0.5869140625 0.8398238602684054 7328
890 15 0.8023225911458334 0.11540845969178963 92.39892578125 0.5869140625 0.8380603428483169 7486
900 15.5 0.9097152217741935 0.14114177488117222 92.39892578125 0.5869140625 0.8373583178672571 7636
910 15.1 0.7775636382450332 0.197196979531195 92.39892578125 0.5869140625 0.8387978404067995 7791
920 14.9 0.7605832503145972 0.09736935218451177 92.39892578125 0.5869140625 0.8376336041279747 7942
930 15.1 0.7926987401697019 0.25810885505667425 92.39892578125 0.5869140625 0.8362146815327215 8091
940 13.5 0.7463704427083333 0.06997998768978878 92.39892578125 0.5869140625 0.8354174348515985 8242
950 15.7 3.0665151025079602 10.676496840091309 92.39892578125 0.5869140625 0.833982393197147 8377
960 15.2 0.7634004291735197 0.09480925565781645 92.39892578125 0.5869140625 0.875054297973547 8534
970 13.8 0.852813278419384 0.15758848744873227 92.39892578125 0.5869140625 0.8731004195418633 8686
980 13.1 0.8727598699904581 0.19942522129526036 92.39892578125 0.5869140625 0.8727831455759859 8824
990 13.4 0.7788796496035447 0.1408209939734484 92.39892578125 0.5869140625 0.87278280508445 8955
1000 15.1 0.763451986754967 0.11918915219695264 92.39892578125 0.5869140625 0.8713983818437809 9089
1010 16.2 0.9391441816165127 2.4282802497717673 92.39892578125 0.5869140625 0.8696343227898403 9240
1020 14.5 0.9752980199353443 2.725574916728321 92.39892578125 0.5869140625 0.8708320038289725 9402
1030 12.5 0.81844140625 0.2868547129785952 92.39892578125 0.5869140625 0.8724186354761313 9547
1040 16.4 0.8946518316501524 0.19500492440004763 92.39892578125 0.5869140625 0.8717210389445694 9672
1050 15.2 0.7712836014597041 0.08916149793481132 92.39892578125 0.56396484375 0.8721033742438491 9836
1060 13.6 0.7901934455422794 0.19791319794843598 92.39892578125 0.56396484375 0.8705690725354801 9988
1070 16.1 0.8002065338703416 0.22524690883759244 92.39892578125 0.56396484375 0.8694893525363616 10124
1080 13.4 0.8415618440998134 0.13203999399083172 92.39892578125 0.56396484375 0.8684048086564171 10285
1090 15.2 0.8086853027343751 0.1393322890083477 92.39892578125 0.56396484375 0.8680595780920074 10419
1100 15.3 0.7693190231821896 0.11491968115977107 92.39892578125 0.56396484375 0.8672058376838757 10571
1110 15.1 0.7824480675703642 0.13111632871896728 92.39892578125 0.56396484375 0.865809280184924 10724
1120 14.7 0.7636303544855442 0.14986100518706813 92.39892578125 0.56396484375 0.8646518049568965 10875
1130 15.2 0.7624575966282894 0.10067007884553283 92.39892578125 0.56396484375 0.8633044856664512 11022
1140 14.7 0.7597838940263605 0.12849039322117792 92.39892578125 0.56396484375 0.8619326647309044 11174
1150 16.2 0.8807674455054012 0.17383957562636485 92.39892578125 0.56396484375 0.8606062916813886 11321
1160 15.2 0.85205078125 0.17522838495017992 92.39892578125 0.56396484375 0.860890721440118 11483
1170 14.3 0.7863957331730769 0.15278549152736048 92.39892578125 0.56396484375 0.8607752361879566 11635
1180 12.3 0.7799260829522358 0.13389844717322896 92.39892578125 0.56396484375 0.8598721737893212 11778
1190 15.5 0.7825557585685485 0.18974805348295484 92.39892578125 0.56396484375 0.8590459096793337 11901
1200 15.4 0.8656180245535714 0.12323098723756024 92.39892578125 0.56396484375 0.8580625011340308 12056
1210 20.7 0.8085996471165459 0.22586435395090956 92.39892578125 0.56396484375 0.858157796024007 12210
1220 19.4 0.830920032619201 0.6110944174573107 92.39892578125 0.56396484375 0.8573316273178908 12417
1230 18.2 0.7768715659340659 0.15326616847793387 92.39892578125 0.56396484375 0.8569253273122175 12611
1240 19.8 0.7668013139204546 0.13786597908524986 92.39892578125 0.56396484375 0.8557864400636579 12793
1250 19.3 0.7872346077558292 0.13511604047265782 92.39892578125 0.56396484375 0.8544301891994939 12991
1260 22.1 0.9362991816317874 0.2461128583811609 92.39892578125 0.56396484375 0.8534465160184693 13184
1270 20.4 0.8485645967371324 0.8313426074213434 92.39892578125 0.56396484375 0.8548124570181369 13405
1280 20.2 0.7743330851639855 0.10086913958070845 92.39892578125 0.56396484375 0.8547188010921082 13609
1290 18.5 0.7970491976351352 0.16438556398480583 92.39892578125 0.56396484375 0.8535430777833339 13811
1300 19.3 0.7656186751133418 0.0928421616833711 92.39892578125 0.56396484375 0.8527963381557677 13996
1310 20.1 0.798378711909204 0.2133803938923891 92.39892578125 0.56396484375 0.8516105400750581 14189
1320 20.3 0.7678547375307879 0.11062214847633549 92.39892578125 0.56396484375 0.8508669961236102 14390
1330 19.4 0.7856873187822165 0.21997821745136176 92.39892578125 0.56396484375 0.849712230928356 14593
1340 21.3 0.9299029856220657 0.15923682557493307 92.39892578125 0.56396484375 0.8488722476351694 14787
1350 18.4 1.0337909200917126 3.4282646075493 92.39892578125 0.56396484375 0.8500228841145834 15000
1360 18.9 0.7612072172619048 0.1126871330535977 92.39892578125 0.56396484375 0.8522497886601439 15184
1370 17.9 1.2265911421962294 3.586382619957935 92.39892578125 0.56396484375 0.8511304855967037 15373
1380 18.7 0.9229272852606952 0.13342729884268323 92.39892578125 0.56396484375 0.8554519527733572 15552
1390 19.1 1.0976191815281413 4.1291177450404115 92.39892578125 0.56396484375 0.8562536483814093 15739
1400 17.7 0.7949729100459043 0.16944295587780778 92.39892578125 0.56396484375 0.8591476105176946 15930
1410 21 0.751113746279762 0.09112500482692582 92.39892578125 0.56396484375 0.8584423940289936 16107
1420 19.2 0.9859517415364581 3.039921517681021 92.39892578125 0.56396484375 0.8570610729511399 16317
1430 18.4 1.1360818614130432 4.247988319196474 92.39892578125 0.56396484375 0.8585600740031952 16509
1440 19.5 0.940635016025641 0.16940288628491942 92.39892578125 0.56396484375 0.8616190813046636 16693
1450 22.9 0.8210673103165939 0.29621485254844127 92.39892578125 0.56396484375 0.8625314514651675 16888
1460 19.6 0.7838570731026784 0.1058617831672349 92.39892578125 0.56396484375 0.8619767229307851 17117
1470 18.4 0.7906958538552987 0.20277536990479048 92.39892578125 0.56396484375 0.8610923325093498 17313
1480 21.6 1.34055017541956 5.080529796010796 92.39892578125 0.56396484375 0.8603520369116847 17497
1490 18.9 0.7929467902612434 0.20101214531108 92.39892578125 0.56396484375 0.8662077811626699 17713
1500 19 0.9216925370065789 0.19895192663263292 92.39892578125 0.56396484375 0.8654343297449306 17902
1510 20 0.7774291992187499 0.1306297696305984 92.39892578125 0.56396484375 0.8660251466463077 18092
1520 16.4 0.8245001071836892 0.3930546683831411 92.39892578125 0.56396484375 0.8650564614568527 18292
1530 18.2 1.1226109095982144 4.768413682404044 92.39892578125 0.56396484375 0.8646960777279407 18456
1540 20 0.7520678710937498 0.13272236606368462 92.39892578125 0.56396484375 0.8672146150924857 18638
1550 23.1 0.9803937111066018 1.683439576248654 92.39892578125 0.56396484375 0.8659921207300403 18838
1560 19.7 0.8869133189244924 0.21925123815210562 92.39892578125 0.56396484375 0.8673779704010763 19069
1570 20.4 0.7508209826899508 0.11490858271983205 92.39892578125 0.56396484375 0.8675777245617279 19266
1580 17.4 0.7790274784482759 0.1239336311833859 92.39892578125 0.56396484375 0.866354387358757 19470
1590 20 0.76781494140625 0.13897330372432729 92.39892578125 0.56396484375 0.8655808747263796 19644
1600 18.7 0.7644943808489307 0.09876558623437993 92.39892578125 0.56396484375 0.864595529701988 19844
1610 18.3 0.7855057846653009 0.17694817227679707 92.39892578125 0.56396484375 0.863661032430982 20031
1620 21.3 0.7625898620892018 0.10948682049459163 92.39892578125 0.56396484375 0.8629534826960893 20214
1630 20.6 0.8963563789441747 0.24846305276605382 92.39892578125 0.56396484375 0.8619069535342316 20427
1640 17 9.188477998621323 39.20519038972719 268.385986328125 0.56396484375 0.8622508968112369 20633
1650 19.7 0.769231341211929 0.13980142443920082 268.385986328125 0.56396484375 0.9302919777758917 20803
1660 22.9 0.7620332542985809 0.12212775942771885 268.385986328125 0.56396484375 0.9287810756138393 21000
1670 19.3 0.7955277991418394 0.4237169877759625 268.385986328125 0.56396484375 0.926982345052758 21229
1680 19.5 0.8246932592147436 0.1942992786439884 268.385986328125 0.56396484375 0.9257980145812424 21422
1690 18.8 0.9025775016622339 0.1314140666189642 268.385986328125 0.56396484375 0.9248859811216288 21617
1700 21.5 0.7840025436046513 0.2258876246415503 268.385986328125 0.56396484375 0.9246936401843041 21805
1710 22.1 0.7901186015271491 0.338098797085524 268.385986328125 0.56396484375 0.9233199532740123 22020
1720 19.1 0.8304641483965969 0.9632101485985741 268.385986328125 0.56396484375 0.9219963842467178 22241
1730 20.5 0.8042742473323171 0.23258872520887008 268.385986328125 0.56396484375 0.9212170218605118 22432
1740 18.8 0.7696455285904257 0.21383455258459597 268.385986328125 0.56396484375 0.9201579915659374 22637
1750 21.5 0.9063317587209302 0.28262958411487893 268.385986328125 0.56396484375 0.9189182832180997 22825
1760 20.5 0.8480313929115854 0.23307072973521686 268.385986328125 0.56396484375 0.9188008308410645 23040
1770 19.1 0.7585602605530102 0.11417630933051914 268.385986328125 0.56396484375 0.9181767080286083 23245
1780 19.1 0.7534857145778797 0.15028837834420358 268.385986328125 0.56396484375 0.9168758571381902 23436
1790 16.7 0.7995693183944612 0.1904977855957302 268.385986328125 0.56396484375 0.9155550158452195 23627
1800 20.6 0.8794146787773058 0.2439329054601298 268.385986328125 0.56396484375 0.9147409613998014 23794
1810 24.2 0.8393181414643593 0.1899292902138711 268.385986328125 0.56396484375 0.914437744140625 24000
1820 24.3 1.0689039191100838 2.7582915644747774 268.385986328125 0.56396484375 0.9136878495837545 24242
1830 26.2 0.9868350429389298 3.4688913519218674 268.385986328125 0.56396484375 0.9152282827017817 24485
1840 23.5 1.1475076878324468 4.016842323486679 268.385986328125 0.56396484375 0.9159863936316776 24747
1850 22.2 2.349095799901464 8.223015768131233 268.385986328125 0.56396484375 0.9181642618622908 24982
1860 23.3 0.7466103222237124 0.0911432254310115 268.385986328125 0.56396484375 0.9307680867093269 25204
1870 25 0.8788779296875 0.23949597005499806 268.385986328125 0.56396484375 0.9290812227267367 25437
1880 23.1 0.8534236759334416 0.17500059773644885 268.385986328125 0.56396484375 0.9285926166902275 25687
1890 25.9 1.4295611878619696 5.227575532516462 268.385986328125 0.56396484375 0.9279226566117177 25918
1900 26.4 0.7942088734019886 0.4327857938876904 268.385986328125 0.56396484375 0.9328859594956928 26177
1910 22.9 1.452250784661572 4.7098551074651605 268.385986328125 0.56396484375 0.9315013389923557 26441
1920 25.7 1.2667953550583662 4.6534617328077745 268.385986328125 0.56396484375 0.9359727159349222 26670
1930 24.2 0.937893449767562 0.31708439284861595 268.385986328125 0.56396484375 0.9391301942375451 26927
1940 28.9 1.2277679971345152 3.9398818713269934 268.385986328125 0.56396484375 0.9391191782943106 27169
1950 25.1 0.7864148873256972 0.17392388011967347 268.385986328125 0.56396484375 0.9421572549439143 27458
1960 23.1 0.7729111708603896 0.15100362229073777 268.385986328125 0.56396484375 0.9407464738160435 27709
1970 23.6 0.7831648487155722 0.1857267633776053 268.385986328125 0.56396484375 0.9393588591065677 27940
1980 25 0.9069970703125 0.23507604307125626 268.385986328125 0.56396484375 0.938050590138216 28176
1990 24.6 0.802953704585874 0.14272418759464772 268.385986328125 0.56396484375 0.9377774817178816 28426
2000 22.4 0.7714244297572544 0.10986941546984914 268.385986328125 0.56396484375 0.9366207207952227 28672
2010 25.4 0.9698063407357287 2.7508035002498814 268.385986328125 0.56396484375 0.9353401293918275 28896
2020 27.6 1.2994384765625002 4.473113557207573 268.385986328125 0.56396484375 0.9356404524683748 29150
2030 22.8 0.8198060152823466 0.33247223367200957 268.385986328125 0.56396484375 0.9390526816075707 29426
2040 24.4 0.8554477378970289 1.0464677290525566 268.385986328125 0.551025390625 0.9381358326184916 29654
2050 23.4 1.3727328308627142 4.335592403406812 268.385986328125 0.551025390625 0.9374610083790095 29898
2060 23.7 1.6105689197652953 5.577305960610658 268.385986328125 0.551025390625 0.9408412555070191 30132
2070 23.2 0.7976979222790951 0.25037931373344624 268.385986328125 0.551025390625 0.9460678173440639 30369
2080 27.4 0.8012811145643248 0.3629203947236264 268.385986328125 0.551025390625 0.9449429581677273 30601
2090 25 1.8295751953125008 6.595894761221981 268.385986328125 0.551025390625 0.9436680320091093 30875
2100 26.6 0.8774753656602443 0.2534246427010449 268.385986328125 0.551025390625 0.9507837521962852 31125
2110 25.7 0.9918692622203318 3.178336385833049 268.385986328125 0.551025390625 0.9501625540560988 31391
2120 26.1 1.3883641268558429 5.068640137374557 268.385986328125 0.551025390625 0.9505012365636256 31648
2130 24.2 1.0713596816890492 3.344726930461746 268.385986328125 0.551025390625 0.9540827406648594 31909
2140 22.9 1.4097852415393013 4.057291746793799 268.385986328125 0.551025390625 0.9549654820952304 32151
2150 23.1 0.9347679501488094 1.1790729528229975 268.385986328125 0.551025390625 0.9581820887942016 32380
2160 26.6 0.7554436016799813 0.1405787296527124 268.385986328125 0.551025390625 0.9580162347563898 32611
2170 27.9 0.8541692918346773 1.021756719636002 268.385986328125 0.551025390625 0.9563772676852359 32877
2180 24.5 0.8693130181760205 0.18476016188222144 268.385986328125 0.551025390625 0.9555172114280787 33156
2190 23.6 1.0810464115466096 2.209970182199723 268.385986328125 0.551025390625 0.9548848942116254 33401
2200 24 0.7809814453125001 0.16363036267318157 268.385986328125 0.551025390625 0.9557700539491483 33637
2210 24.8 0.7918927592615927 0.2533150408189788 268.385986328125 0.551025390625 0.9545317723400094 33877
2220 21.8 0.7639260948251144 0.13416055814044506 268.385986328125 0.551025390625 0.9533498096955129 34125
2230 24.1 0.7842435084932572 0.1839858826924136 268.385986328125 0.551025390625 0.9521473996019931 34343
2240 25.6 1.482645034790039 5.174703660029122 268.385986328125 0.551025390625 0.9509773545592796 34584
2250 22.4 1.1436298915318084 3.995824871110202 268.385986328125 0.551025390625 0.9548839827492644 34840
2260 23.2 0.7735353667160559 0.15394719312220528 268.385986328125 0.551025390625 0.9560897517307637 35064
2270 25.3 1.477135699728261 5.673603631436895 268.385986328125 0.551025390625 0.9548898249026979 35296
2280 23.8 1.2638852415966386 5.339251294627531 268.385986328125 0.551025390625 0.9586066159891101 35549
2290 24 1.7931203206380208 6.340359218325073 268.385986328125 0.551025390625 0.9606368591750322 35787
2300 24.5 0.7562918526785715 0.09545299529360363 268.385986328125 0.551025390625 0.9661825896202848 36027
2310 25.1 0.7514619257345619 0.09701782541048957 268.385986328125 0.551025390625 0.9647648781472279 36272
2320 26.5 1.493632075471698 5.758419502841095 268.385986328125 0.551025390625 0.9632989788219923 36523
2330 25.6 1.3549728393554688 4.279223071401368 268.385986328125 0.551025390625 0.9671191992909542 36788
2340 21.1 0.9564781731338865 2.5208946803193677 268.385986328125 0.551025390625 0.9697995397470744 37044
2350 26.6 2.2403169789708643 8.336433733895683 268.385986328125 0.551025390625 0.9697240919318716 37255
2360 26.9 0.9030698187732342 0.22430906457028973 268.385986328125 0.551025390625 0.9787317865016424 37521
2370 23.9 0.7658670976072177 0.14027277853211206 268.385986328125 0.551025390625 0.9781932030319694 37790
2380 24.8 1.9425462292086697 5.844491068237209 268.385986328125 0.551025390625 0.976858801938159 38029
2390 23 1.2510965098505433 5.129983525745064 268.385986328125 0.551025390625 0.9831155744637772 38277
2400 23.8 0.7955999294248949 0.18012696096482675 268.385986328125 0.551025390625 0.9847162085079498 38507
2410 28.8 1.1922319200303817 3.4308431896941562 268.385986328125 0.551025390625 0.9835545186274035 38745
2420 30.2 0.7800220211610099 0.15056744579375633 268.385986328125 0.551025390625 0.9850942181535496 39033
2430 27.6 1.548220427139946 5.500646811223559 268.385986328125 0.551025390625 0.9835197474914993 39335
2440 29.2 1.8033321850920376 8.369202210957154 268.385986328125 0.551025390625 0.9874544471351077 39611
2450 32.4 1.2593059775270063 3.9531824394045336 268.385986328125 0.551025390625 0.9934248328074486 39903
2460 28.9 1.914674963505622 6.984524977803647 268.385986328125 0.551025390625 0.9955663171559991 40227
2470 30.7 1.5468455758855864 4.544140919458795 268.385986328125 0.551025390625 1.0021223048841816 40516
2480 26.7 2.545875577890916 7.891650140259641 268.385986328125 0.551025390625 1.0062187711947768 40823
2490 29.7 1.240192451862373 4.543684148707734 268.385986328125 0.551025390625 1.0162233554582927 41090
2500 28 1.445841761997768 4.254797809432049 268.385986328125 0.551025390625 1.0178305949690571 41387
2510 29.9 2.030272620976172 6.1039108722652085 268.385986328125 0.551025390625 1.0207068070017937 41667
2520 29.4 1.275834064094387 4.057564406740453 268.385986328125 0.551025390625 1.0278997769865037 41966
2530 25.6 1.9903144836425786 6.77756200389573 268.385986328125 0.551025390625 1.0296246392773158 42260
2540 25.6 0.9144220352172852 0.21851283963130222 268.385986328125 0.551025390625 1.0354092050915389 42516
2550 30.8 1.8759543678977273 6.606214020873891 268.385986328125 0.551025390625 1.0346850697813403 42772
2560 31.6 1.438505148585839 5.35710353333847 268.385986328125 0.551025390625 1.0406997156453106 43080
2570 28.5 1.3132872464364036 4.624375815970932 268.385986328125 0.551025390625 1.0435964461460296 43396
2580 25.3 1.0921481287055332 3.245276104699407 268.385986328125 0.551025390625 1.045356064242748 43681
2590 29.9 1.508179935723245 4.868881911139683 268.385986328125 0.551025390625 1.0456255228012468 43934
2600 31.1 1.2414801987037798 3.809406665935624 268.385986328125 0.551025390625 1.0487522329376535 44233
2610 29 1.4321449016702583 4.282502142104255 268.385986328125 0.551025390625 1.050097832734557 44544
2620 28.7 0.9626184124564462 3.1846115683770546 268.385986328125 0.551025390625 1.0525690298169352 44834
2630 32.3 3.315911921923373 10.032478485532662 268.385986328125 0.551025390625 1.051996883207098 45121
2640 29.6 1.2349300900021114 4.18746202257652 268.385986328125 0.551025390625 1.0680879966105254 45444
2650 24.5 1.1381178252551023 3.3426155465826883 268.385986328125 0.551025390625 1.0691676918366713 45740
2660 28.4 2.595744388204225 7.684578511533799 268.385986328125 0.551025390625 1.0695350460323332 45985
2670 30 1.4403645833333334 5.223836851295348 268.385986328125 0.551025390625 1.0789029479359147 46269
2680 29.5 1.1497848252118645 3.7589239541863138 268.385986328125 0.551025390625 1.0812315032112958 46569
2690 32.9 0.9995339808130702 1.7972702849503754 268.385986328125 0.551025390625 1.0816630333834998 46864
2700 28.2 1.516386857269503 5.09873814528944 268.385986328125 0.551025390625 1.0810904811343172 47193
2710 33.3 1.7703582488738725 5.416538923410589 268.385986328125 0.551025390625 1.0836761278551201 47475
2720 30.1 1.5669131865137047 5.186582093268797 268.385986328125 0.551025390625 1.0884591170263729 47808
2730 33.7 2.0479566081695113 7.465467007329075 268.385986328125 0.551025390625 1.0914526249961016 48109
2740 29.7 1.774801235006312 6.41009794513626 268.385986328125 0.551025390625 1.0981062567165625 48446
2750 27.8 1.7114407107126794 5.65268332901105 268.385986328125 0.551025390625 1.1022294827911179 48743
2760 31.1 2.2472579318227486 7.387837529601242 268.385986328125 0.551025390625 1.1056843433888657 49021
2770 28.2 2.462986722905585 8.416145400384892 268.385986328125 0.551025390625 1.1128810795034147 49332
2780 29.8 2.230636699087669 6.832108813299233 268.385986328125 0.551025390625 1.1205549173604594 49614
2790 29.2 0.7847415453767125 0.151029473176934 268.385986328125 0.551025390625 1.1271826696235365 49912
2800 30.4 1.5613403320312502 5.863901376225259 268.385986328125 0.551025390625 1.125190939715958 50204
2810 28.3 1.6542839346841882 5.5974358246994775 268.385986328125 0.551025390625 1.1278160568313427 50508
2820 31.1 2.571187010148715 7.832329559727995 268.385986328125 0.551025390625 1.1307494586039473 50791
2830 28.1 2.6118789618549823 8.098722550242568 268.385986328125 0.551025390625 1.1395157706569086 51102
2840 31.1 1.2955805051748392 4.627513942644679 268.385986328125 0.551025390625 1.1475677344723076 51383
2850 29.9 0.768475484688545 0.12481495829209535 268.385986328125 0.551025390625 1.148458204772313 51694
2860 28.7 1.6039128851807498 6.027800810054999 268.385986328125 0.551025390625 1.1462730099709928 51993
2870 29.5 2.4892569849046606 8.109227975007254 268.385986328125 0.551025390625 1.148785302323426 52280
2880 27.6 1.559313787930255 5.462738942920426 268.385986328125 0.551025390625 1.15630673164081 52575
2890 30.5 2.0791239754098365 7.024662666688298 268.385986328125 0.551025390625 1.1584113265876586 52851
2900 29.3 1.52072445605802 4.902726800194011 268.385986328125 0.551025390625 1.1636942176609288 53156
2910 29.3 1.982806833937714 7.026055341383777 268.385986328125 0.551025390625 1.165651407876842 53449
2920 26.7 3.044269004564607 8.991951194581912 268.385986328125 0.551025390625 1.1701065182157917 53742
2930 29 1.3437533674568962 4.695956498599725 268.385986328125 0.551025390625 1.179371666318055 54009
2940 28 1.2944117954799101 4.439815040428239 268.385986328125 0.551025390625 1.1802495958071848 54299
2950 30.7 0.7794829626425084 0.12403998600578167 268.385986328125 0.551025390625 1.180835268243623 54579
2960 28.8 1.3082309299045132 3.758061291656164 268.385986328125 0.551025390625 1.1785903395219173 54886
2970 29.7 0.9518599076704546 2.7913247614732435 268.385986328125 0.551025390625 1.179267043948462 55174
2980 29.6 1.0972595214843748 2.8917438110414726 268.385986328125 0.551025390625 1.1780494722538004 55471
2990 27.4 2.4578910883325746 8.676847978994743 268.385986328125 0.551025390625 1.1776206554727693 55767
3000 28.9 1.136578516976644 3.58190745242956 268.385986328125 0.551025390625 1.183880252885442 56041
3010 36.2 1.0652664774689227 1.7222315530013352 268.385986328125 0.551025390625 1.1836375722236694 56330
3020 35.8 2.4728451521037003 8.096419692285146 268.385986328125 0.551025390625 1.182881727725306 56692
3030 35.1 3.793996783742878 10.610209859914871 268.385986328125 0.551025390625 1.1909765025881889 57050
3040 37.3 2.9013174430294923 9.218395092699126 268.385986328125 0.551025390625 1.206893648956463 57401
3050 33.2 3.328876541321536 9.705055375382237 268.385986328125 0.551025390625 1.2178331732267098 57774
3060 36.6 3.667914051827187 11.993671330146643 268.385986328125 0.551025390625 1.2298950325563398 58106
3070 34.1 3.2294291834677438 9.38137473801027 268.385986328125 0.551025390625 1.2451555839493678 58472
3080 31.1 3.924025164539792 10.439771691498118 268.385986328125 0.551025390625 1.2566604773817 58813
3090 36.1 1.7574905860457055 5.6058977623360065 268.385986328125 0.551025390625 1.2706911657266389 59124
3100 33.7 3.0720953785701024 9.009197821659749 268.385986328125 0.551025390625 1.273645433033274 59485
3110 33.1 4.062811260857251 11.67313383047306 268.385986328125 0.551025390625 1.283776783232965 59822
3120 36 3.2923543294270834 9.646431535543197 268.385986328125 0.551025390625 1.2990687954699878 60153
3130 33.8 1.9503123266457094 5.663316907370396 268.385986328125 0.551025390625 1.3109271199990074 60513
3140 34.5 3.4554333673007234 10.086920066899747 268.385986328125 0.551025390625 1.3144786179176378 60851
3150 34.8 4.00998100193068 10.53893500180767 268.385986328125 0.551025390625 1.3265485144556004 61196
3160 36.3 3.0374328781422175 10.09469092203941 268.385986328125 0.551025390625 1.3417219595622125 61544
3170 33.5 2.6781293726679096 7.939425018469688 268.385986328125 0.551025390625 1.351664988031441 61907
3180 37.7 2.899208777146883 9.194588643742971 268.385986328125 0.551025390625 1.3588043082469423 62242
3190 34.5 4.7690960427989095 11.963772716364705 268.385986328125 0.551025390625 1.3680783701894081 62619
3200 36.5 3.1711626444777385 9.11983497498527 268.385986328125 0.551025390625 1.3867136395028299 62964
3210 31.8 2.613509268130897 8.047282810125328 268.385986328125 0.551025390625 1.3969984045680581 63329
3220 34.9 2.795194696901862 8.60514474195453 268.385986328125 0.551025390625 1.4030764672357876 63647
3230 34.3 3.6103415975765314 10.753785230997888 268.385986328125 0.551025390625 1.4106683364487613 63996
3240 33.4 3.1474280443020204 9.105940667250357 268.385986328125 0.551025390625 1.4223950951575821 64339
3250 35.1 2.39488667979879 6.737758735374743 268.385986328125 0.551025390625 1.4313039289060434 64673
3260 31.2 2.997082050030048 8.737582249857473 268.385986328125 0.551025390625 1.4365053552342202 65024
3270 33.6 3.2402249290829612 9.279664460170732 268.385986328125 0.551025390625 1.4439576009911734 65336
3280 35 2.658673270089287 7.712542576903834 268.385986328125 0.551025390625 1.4531479077008647 65672
3290 37.5 1.7896868489583342 5.889597394609804 268.385986328125 0.551025390625 1.4595387149595958 66022
3300 38.1 3.156295496021979 9.058034068968148 268.385986328125 0.551025390625 1.4614033406241518 66397
3310 32.2 2.36948939732143 6.899445056725952 268.385986328125 0.551025390625 1.4710735001258823 66778
3320 34.9 2.68559934075036 8.719341456689628 268.385986328125 0.551025390625 1.475384825295733 67100
3330 36.5 2.4456656678082176 8.025142050937534 268.385986328125 0.551025390625 1.4816468138484715 67449
3340 36.1 2.8432549558518008 8.760818371203056 268.385986328125 0.551025390625 1.4868355194504903 67814
3350 34.3 5.29452754874271 12.555030194640683 268.385986328125 0.551025390625 1.494018026477126 68175
3360 33.7 2.4373065710775204 7.613717712010766 268.385986328125 0.551025390625 1.5130433156878018 68518
3370 35.6 3.630456817284059 10.05182355200937 268.385986328125 0.551025390625 1.5175669772529217 68855
3380 34.1 6.338214236620229 15.610628349138176 268.385986328125 0.551025390625 1.5284350297742129 69211
3390 36.1 2.679242501298476 7.846951341270913 268.385986328125 0.551025390625 1.5520164466929858 69552
3400 33.3 3.9525524059215478 12.282506318927506 268.385986328125 0.551025390625 1.557836946538688 69913
3410 34.1 4.93655207569648 12.316533977843426 268.385986328125 0.551025390625 1.5691890555267372 70246
3420 37 2.6983240076013484 7.095022930459052 268.385986328125 0.551025390625 1.5854565097304558 70587
3430 36.5 4.602618659032536 12.371829668252195 268.385986328125 0.551025390625 1.5912594745431203 70957
3440 34.6 3.518057938945087 9.168641706419253 268.385986328125 0.551025390625 1.6066705132456054 71322
3450 35.4 3.344523801641949 9.530097692907585 268.385986328125 0.551025390625 1.6158983422528614 71668
3460 33.6 2.696698869977679 7.919729949694484 268.385986328125 0.551025390625 1.624394821281821 72022
3470 33.2 4.028347520943147 10.91456138587355 268.385986328125 0.551025390625 1.6293741485208522 72358
3480 33.9 5.001253111172569 12.293829331289249 268.385986328125 0.551025390625 1.6403310773920063 72690
3490 33.5 4.201258599580225 12.25552075395852 268.385986328125 0.551025390625 1.6559324490313772 73029
3500 35.7 3.7614096419817913 9.716864209386483 268.385986328125 0.551025390625 1.6675551012918028 73364
3510 30.6 3.312049217473447 9.289199786062012 268.385986328125 0.551025390625 1.6776947639527315 73721
3520 32.6 3.810454760592408 10.592724494029182 268.385986328125 0.551025390625 1.6844505755184755 74027
3530 36.1 4.88984997186634 13.255868395200517 268.385986328125 0.551025390625 1.693772020037649 74353
3540 30.5 2.9474137102971296 9.959537329785567 268.385986328125 0.551025390625 1.7092146966526096 74714
3550 34.5 2.6993539119112353 9.348380117892695 268.385986328125 0.551025390625 1.7142487640110333 75019
3560 34.1 2.273541313462244 7.247091112804776 268.385986328125 0.551025390625 1.7187583611134372 75364
3570 33.6 2.3524634951636894 7.671154983953822 268.385986328125 0.551025390625 1.7212572843913045 75705
3580 33.7 2.1221659402819006 7.133553489293273 268.385986328125 0.551025390625 1.7240463756291828 76041
3590 33.7 3.1756081057585313 9.312235801644407 268.385986328125 0.551025390625 1.7258029847743288 76378
3600 34.1 2.338008757560485 7.026613227331419 268.385986328125 0.551025390625 1.7321718086780202 76715
3610 39.9 2.5346679687500018 7.354324039899133 268.385986328125 0.551025390625 1.7348528510312298 77056
3620 36.7 5.066301808370225 12.157808727072373 268.385986328125 0.551025390625 1.7389730012083622 77455
3630 41.1 3.412048191339721 9.146543845637913 268.385986328125 0.551025390625 1.7546643182167712 77822
3640 39.1 3.650261998481458 9.863157625990414 268.385986328125 0.551025390625 1.7633714465622716 78233
3650 38.9 4.5310140183162 11.913985743076672 268.385986328125 0.551025390625 1.7727550216258705 78624
3660 36.2 4.712100877287637 17.644425162872718 268.385986328125 0.551025390625 1.7863345939710864 79013
3670 40.6 3.7289329491225374 16.948318678263387 298.39794921875 0.551025390625 1.799677931225393 79375
3680 36.9 3.9580819148035253 10.728323638897306 298.39794921875 0.551025390625 1.8094957767934636 79781
3690 41.4 3.93565656136776 10.60522040444888 298.39794921875 0.551025390625 1.8193875832179889 80150
3700 38.4 3.684240976969399 9.893870624132221 298.39794921875 0.551025390625 1.8302626062674157 80564
3710 40.8 3.5994861079197302 9.843762497533278 298.39794921875 0.551025390625 1.8390574831556594 80948
3720 37.3 3.0912189227965805 9.326652532324836 298.39794921875 0.551025390625 1.8478860253517326 81356
3730 36.8 4.85818547787873 15.236608609168545 298.39794921875 0.551025390625 1.8535604269808599 81729
3740 41.7 2.749645791179557 8.239686973795875 298.39794921875 0.551025390625 1.8670286659997084 82097
3750 39.4 2.287192407598348 7.149621638680573 298.39794921875 0.551025390625 1.8714891374494018 82514
3760 42.7 2.937476557925936 8.801970492095764 298.39794921875 0.551025390625 1.8734646656063794 82908
3770 33.8 3.7510567388590963 10.303097220060302 298.39794921875 0.551025390625 1.8789165535048666 83335
3780 39.5 2.269065837618668 6.500539140288635 298.39794921875 0.551025390625 1.8864791290387872 83673
3790 39 4.654444611378207 11.972878511600657 298.39794921875 0.551025390625 1.888276742279129 84068
3800 41.4 4.925635001509663 13.10221379067209 298.39794921875 0.551025390625 1.9010500197537157 84458
3810 40 2.9713897705078125 8.814749169317173 298.39794921875 0.551025390625 1.9158037451572287 84872
3820 36.8 3.652058476987093 10.355004323792198 298.39794921875 0.551025390625 1.9207553636268346 85272
3830 36.1 4.011614601367727 10.551608404627586 298.39794921875 0.551025390625 1.9281948725679436 85640
3840 36.6 4.314479807035523 11.144109590953375 298.39794921875 0.551025390625 1.9369402885758589 86001
3850 36 3.10781521267361 9.244960362373256 298.39794921875 0.551025390625 1.9470156583786336 86367
3860 40.4 3.1974656511061275 9.89798114288511 298.39794921875 0.551025390625 1.9518340867751673 86727
3870 40.6 3.6785792458820805 9.91913079079627 298.39794921875 0.551025390625 1.9576097022505976 87131
3880 39.4 2.842030481638642 8.698335505035748 298.39794921875 0.551025390625 1.965591625719695 87537
3890 36.9 4.413523935044039 12.716828454209205 298.39794921875 0.551025390625 1.969518760737289 87931
3900 39.5 3.0317660947389253 8.710683010653067 298.39794921875 0.551025390625 1.9797321005936785 88300
3910 37.6 4.2123776699634305 10.644027899525963 298.39794921875 0.551025390625 1.984417296238161 88695
3920 34.7 3.670686661338255 9.531396872749992 298.39794921875 0.551025390625 1.9938223001173214 89071
3930 39.5 3.5364727551424067 9.63131954839434 298.39794921875 0.551025390625 2.0003296245189373 89418
3940 39.4 3.996704721208755 11.14815693209 298.39794921875 0.551025390625 2.0070856235012258 89813
3950 39.7 7.597851193521733 25.472219356645688 298.39794921875 0.551025390625 2.0157757464905366 90207
3960 36.3 5.348252814006545 17.45258562354213 298.39794921875 0.551025390625 2.04023475439826 90604
3970 38.9 3.903400646690229 10.890549694244028 298.39794921875 0.551025390625 2.0534352617870693 90967
3980 36.2 3.7342947438276934 10.10512775459445 298.39794921875 0.551025390625 2.0613125389744167 91356
3990 36.1 20.391324283673825 223.07926153994129 3007.3720703125 0.551025390625 2.0679156000764567 91718
4000 34.4 213.2432371627453 862.2463446649722 9023.366943359375 0.551025390625 2.139753375625481 92079
4010 31.4 1164.2722510076635 1877.88030144142 9027.343994140625 0.551025390625 2.9254841831384293 92423
4020 32.5 1596.7376194411065 2785.46323546164 9067.357177734375 0.551025390625 6.857710638414111 92737
4030 30.4 2062.2743225097643 3214.6602215570306 9067.357177734375 0.551025390625 12.410041024187842 93062
4040 32.5 2475.897714092547 3264.7195423403145 9078.168212890625 0.551025390625 19.084405799069653 93366
4050 41.5 2653.261361069277 3457.9431526202216 9083.544921875 0.551025390625 27.60672197880282 93691
4060 35.4 2459.748436534472 3201.2175579425484 9083.544921875 0.551025390625 39.18565079548345 94106
4070 38.2 2690.5103753374538 3287.1410131722623 9083.544921875 0.551025390625 48.256995556775024 94460
4080 33.6 2728.2184077671577 3404.6502449678082 9091.18701171875 0.551025390625 58.8993353542932 94842
4090 38.6 2737.9390470672765 3422.064872690488 9091.18701171875 0.551025390625 68.32263914645864 95178
4100 33.8 2827.6743915264424 3382.5760825804136 9423.39013671875 0.551025390625 79.10569483120851 95564
4110 34.6 2820.2134995653428 3324.0867355458627 9423.39013671875 0.551025390625 88.79283607417517 95902
4120 30.8 2972.1582887327513 3373.524645067767 9423.39013671875 0.551025390625 98.61196529834548 96248
4130 33.9 2908.055233395558 3367.8408576508973 9423.39013671875 0.551025390625 107.77817213808405 96556
4140 25.9 2715.389854873009 3165.684427570243 9423.39013671875 0.551025390625 117.57531258667565 96895
4150 35 3641.8679659598206 3793.312991822187 9423.39013671875 0.551025390625 124.50075020583864 97154
4160 36.4 3229.3900555621135 3608.2051002597755 9423.39013671875 0.551025390625 137.12667863455843 97504
4170 38 3006.937131219161 3569.577844453016 9423.39013671875 0.551025390625 148.62771951821426 97868
4180 38 3035.4464535361853 3431.627995341167 9423.39013671875 0.551025390625 159.68298350777496 98248
4190 38.1 2783.952702079231 3278.2348316224084 9423.39013671875 0.551025390625 170.7629011641281 98628
4200 37.2 3092.627170357654 3465.051046168953 9423.39013671875 0.551025390625 180.81880834578484 99009
4210 34.3 3372.9443352257213 3585.9152082758237 9423.39013671875 0.551025390625 191.71820270354354 99381
4220 32.9 3477.4993328801766 3590.0097202344373 9423.39013671875 0.551025390625 202.66000771993984 99724
4230 33.9 2933.5639389173134 3309.1507725326333 9423.39013671875 0.551025390625 213.42852178726133 100053
4240 35.3 2936.5998645814884 3359.4764474716344 9423.39013671875 0.551025390625 222.61377466007082 100392
4250 31.3 2888.1855133349127 3305.145950520202 9423.39013671875 0.551025390625 232.1232995967154 100745
4260 34.5 3058.6092221467393 3437.530610561017 9423.39013671875 0.551025390625 240.34973860105012 101058
4270 34.3 3678.2492754077075 3633.535533509588 9423.39013671875 0.551025390625 249.93820759923815 101403
4280 40.4 2897.2854910368987 3467.898553030338 9423.39013671875 0.551025390625 261.4955238205963 101746
4290 38.4 3139.97683842977 3490.060123526634 9423.39013671875 0.551025390625 271.9199892807567 102150
4300 41.8 3706.5895651493347 3698.8799389501073 9423.39013671875 0.551025390625 282.6611466536595 102534
4310 34 3451.9449908088236 3541.769360473759 9423.39013671875 0.551025390625 296.56279090468126 102952
4320 46.1 3588.100453010609 3718.9578042109365 9423.39013671875 0.551025390625 306.9491707595336 103292
4330 36.2 3465.4841996503797 3498.4947695333576 9423.39013671875 0.551025390625 321.52812983655065 103753
4340 33.4 3475.3384074136884 3562.8433320417994 9423.39013671875 0.551025390625 332.4594278942043 104115
4350 31.4 3474.6976256157955 3470.320442556498 9423.39013671875 0.551025390625 342.50951529723835 104449
4360 37.5 3431.362324869792 3669.8733214268823 9423.39013671875 0.551025390625 351.8974391505074 104763
4370 36.1 3924.134426803798 3644.441158204834 9423.39013671875 0.551025390625 362.88109236955984 105138
4380 41 3529.1526605373465 3714.0212449272817 9423.39013671875 0.551025390625 375.0671079121788 105499
4390 43.9 3690.8259455305024 3581.831094111745 9423.39013671875 0.551025390625 387.2773551676181 105909
4400 42.7 3762.1357490485943 3492.288027272898 9423.39013671875 0.551025390625 400.91426259577196 106348
4410 50.5 3975.069530283107 3702.449092309424 9423.39013671875 0.551025390625 414.3560005935744 106775
4420 39.9 3560.4469474467405 3681.579139427423 9423.39013671875 0.551025390625 431.1173758032427 107280
4430 33.6 3662.7274002801805 3490.2028423447177 9423.39013671875 0.551025390625 442.7129747509089 107679
4440 40.1 3295.4677405607063 3415.46395815329 9423.39013671875 0.551025390625 452.7294062370714 108015
4450 35.9 3925.6670159895107 3653.0734692039455 9423.39013671875 0.551025390625 463.2438881591473 108416
4460 37.5 4464.606055989577 3712.625752063638 9423.39013671875 0.551025390625 474.67123730087195 108775
4470 37 3730.54988848712 3609.3807553384427 9423.39013671875 0.551025390625 488.37921308656377 109150
4480 39.3 3679.0037583989347 3549.7625198697033 9423.39013671875 0.551025390625 499.33249239534945 109520
4490 39.9 4098.974271616543 3611.0030845472093 9423.39013671875 0.551025390625 510.70158256247623 109913
4500 42.1 3619.5332947502225 3520.4350648100876 9423.39013671875 0.551025390625 523.6804135412689 110312
4510 42.8 3985.551562157748 3711.3114682074847 9423.39013671875 0.551025390625 535.450654237258 110733
4520 41.2 3768.2250810641685 3772.3589723656123 9423.39013671875 0.551025390625 548.7344784974749 111161
4530 41.7 3854.156855960544 3712.7050246423946 9423.39013671875 0.551025390625 560.6229293615503 111573
4540 44.1 3782.0215602191406 3754.677998042722 9423.39013671875 0.551025390625 572.8865568942923 111990
4550 44.6 4285.773364148332 3701.6701826977555 9540.69287109375 0.551025390625 585.4740864587919 112431
4560 37.6 3593.5019174129407 3472.959350029471 9540.69287109375 0.551025390625 600.0947219988004 112877
4570 39.5 4097.767170193826 3607.3570824394715 9540.69287109375 0.551025390625 610.0328349448214 113253
4580 38.6 3801.150360898033 3591.955228809114 9540.69287109375 0.551025390625 622.1549581887268 113648
4590 40.3 4215.771062126824 3768.0821316737106 9540.69287109375 0.551025390625 632.9157157298619 114034
4600 34.8 4016.3811891051546 3705.9709754768114 9540.69287109375 0.551025390625 645.5330571893371 114437
4610 39.8 4328.440182479778 3761.9847942972356 9753.904052734375 0.551025390625 655.752642935791 114785
4620 41.1 3854.861743936286 3693.1993641948375 9753.904052734375 0.551025390625 668.4431410191758 115183
4630 39.2 3780.363243881537 3702.0426920243367 9753.904052734375 0.551025390625 679.7726048823428 115594
4640 48.2 4556.056678107172 3832.4870495330338 9753.904052734375 0.551025390625 690.2517276254987 115986
4650 42.6 3417.0811492490097 3446.6019708113554 9753.904052734375 0.551025390625 706.250267878033 116468
4660 41.8 3396.5625064247533 3602.778360951696 9753.904052734375 0.551025390625 716.1294229712289 116894
4670 44.2 3928.0252773923576 3694.1342483801586 9753.904052734375 0.551025390625 725.6802023363712 117312
4680 35.7 3521.3306710379456 3579.0320112692325 9753.904052734375 0.551025390625 737.7004863451925 117754
4690 38.6 3641.5170044577794 3632.6682645533415 9753.904052734375 0.551025390625 746.1142325325528 118111
4700 45.8 3876.78523620872 3559.2852004510983 9753.904052734375 0.551025390625 755.5459098742841 118497
4710 44.9 3795.901288888502 3600.9247618986046 9753.904052734375 0.551025390625 767.5632913333332 118955
4720 45.4 4102.11921214637 3637.24618106233 9753.904052734375 0.551025390625 778.9508810363772 119404
4730 37.7 3818.388011335378 3631.105967826507 9753.904052734375 0.551025390625 791.5384298218061 119858
4740 46.6 3698.431607094957 3630.871273314172 9753.904052734375 0.551025390625 801.0291961729569 120235
4750 41.9 3946.850696645658 3554.4223823545613 9753.904052734375 0.551025390625 812.2154292902438 120701
4760 32 3885.0559715270997 3705.5992940213973 9753.904052734375 0.551025390625 823.0593211084565 121120
4770 36.5 4073.8028868792794 3614.8876284547327 9753.904052734375 0.551025390625 831.1278234811011 121440
4772 10.9 2769.667767165998 3025.373391111033 9753.904052734375 0.551025390625 840.8448006014191 121805
