4020 2.3 23
4030 4.8 71
4040 6 131
4050 9 221
4060 7 291
4070 8.3 374
4080 7.9 453
4090 12.8 581
4100 11.7 698
4110 7.4 772
4120 13.9 911
4130 14.6 1057
4140 17.1 1228
4150 14.2 1370
4160 18 1550
4170 17.1 1721
4180 12.5 1846
4190 14.9 1995
4200 16.8 2163
4210 16.5 2328
4220 15.3 2481
4230 18.7 2668
4240 20.7 2875
4250 23.6 3111
4260 25 3361
4270 29.2 3653
4280 30.9 3962
4290 26 4222
4300 29.7 4519
4310 28.1 4800
4320 23.1 5031
4330 30.9 5340
4340 34.6 5686
4350 33.2 6018
4360 37.8 6396
4370 41.3 6809
4380 45.1 7260
4390 42.5 7685
4400 42.1 8106
4410 42.2 8528
4420 45.1 8979
4430 43.4 9413
4440 43.8 9851
4450 51.7 10368
4460 42.1 10789
4470 53 11319
4480 54.2 11861
4490 53.1 12392
4500 44.6 12838
4510 45.8 13296
4520 53.8 13834
4530 51.3 14347
4540 47.1 14818
4550 49.2 15310
4560 47.5 15785
4570 44.6 16231
4580 51.7 16748
4590 52.1 17269
4600 46.1 17730
4610 54 18270
4620 48.9 18759
4630 53.1 19290
4640 54.6 19836
4650 51.2 20348
4660 50.1 20849
4670 52.4 21373
4680 57.8 21951
4690 44.9 22400
4700 53.3 22933
4710 53.6 23469
4720 50.5 23974
4730 45.2 24426
4740 51.2 24938
4750 52.5 25463
4760 48 25943
4770 37 26313
4772 7.7 26390
