20 0.3 3
30 3.2 35
40 2.5 60
50 2.1 81
60 2.4 105
70 2 125
80 2 145
90 1.6 161
100 1.4 175
110 1.5 190
120 2.5 215
130 2.2 237
140 2.6 263
150 3.4 297
160 4.1 338
170 3.3 371
180 4.8 419
190 3.5 454
200 4.1 495
210 2.8 523
220 3.6 559
230 4.2 601
240 3.3 634
250 3.5 669
260 5.9 728
270 5.4 782
280 6.2 844
290 7.3 917
300 3.2 949
310 5.9 1008
320 4.1 1049
330 4.7 1096
340 6.4 1160
350 5.6 1216
360 5.6 1272
370 6.6 1338
380 6.9 1407
390 8.8 1495
400 8.3 1578
410 7.4 1652
420 9.3 1745
430 6.2 1807
440 9.8 1905
450 7.8 1983
460 7.8 2061
470 7.4 2135
480 7.3 2208
490 8 2288
500 8.5 2373
510 8.4 2457
520 7.8 2535
530 11.5 2650
540 8.2 2732
550 8.7 2819
560 8.6 2905
570 9.4 2999
580 8.4 3083
590 10.3 3186
600 9.8 3284
610 10.2 3386
620 13.7 3523
630 12.8 3651
640 14.7 3798
650 15 3948
660 13.8 4086
670 13 4216
680 14.9 4365
690 15.1 4516
700 14.1 4657
710 17.6 4833
720 14.7 4980
730 12.5 5105
740 13.5 5240
750 14.4 5384
760 13.3 5517
770 14.4 5661
780 12.9 5790
790 15.3 5943
800 14.5 6088
810 14.8 6236
820 15.1 6387
830 14.9 6536
840 16.4 6700
850 13.4 6834
860 17.1 7005
870 14.4 7149
880 14.2 7291
890 15.4 7445
900 15.5 7600
910 15.2 7752
920 17.6 7928
930 10.3 8031
940 14.9 8180
950 15.7 8337
960 15.1 8488
970 13.8 8626
980 15.8 8784
990 15 8934
1000 13.6 9070
1010 15 9220
1020 14.2 9362
1030 13.4 9496
1040 14.5 9641
1050 14.1 9782
1060 15.6 9938
1070 14.9 10087
1080 15.2 10239
1090 15.5 10394
1100 14.1 10535
1110 15 10685
1120 13.7 10822
1130 14 10962
1140 16.1 11123
1150 12.3 11246
1160 17 11416
1170 16.7 11583
1180 14.3 11726
1190 14.4 11870
1200 14 12010
1210 14 12150
1220 16.9 12319
1230 18.7 12506
1240 17.9 12685
1250 21.1 12896
1260 18.8 13084
1270 19.3 13277
1280 20.4 13481
1290 19.2 13673
1300 21.9 13892
1310 16 14052
1320 19.2 14244
1330 21.4 14458
1340 19.8 14656
1350 20.4 14860
1360 21.6 15076
1370 17.3 15249
1380 19.9 15448
1390 18.9 15637
1400 20.3 15840
1410 16.2 16002
1420 18 16182
1430 19.7 16379
1440 21.2 16591
1450 21.2 16803
1460 18.1 16984
1470 19.1 17175
1480 19.9 17374
1490 18 17554
1500 20.6 17760
1510 19.9 17959
1520 20.9 18168
1530 18.1 18349
1540 17.7 18526
1550 18.8 18714
1560 21.6 18930
1570 19.9 19129
1580 20.2 19331
1590 20.9 19540
1600 21.2 19752
1610 16.7 19919
1620 18.5 20104
1630 17.5 20279
1640 21.9 20498
1650 21 20708
1660 19 20898
1670 19.8 21096
1680 18.4 21280
1690 21.1 21491
1700 19.5 21686
1710 19.3 21879
1720 19.5 22074
1730 21.1 22285
1740 21.2 22497
1750 19.3 22690
1760 21.8 22908
1770 20.1 23109
1780 19.8 23307
1790 21.9 23526
1800 17.5 23701
1810 19.1 23892
1820 22.6 24118
1830 20.6 24324
1840 22.3 24547
1850 24.9 24796
1860 23.2 25028
1870 23.9 25267
1880 22.8 25495
1890 25.3 25748
1900 21.3 25961
1910 24.4 26205
1920 27.7 26482
1930 24.9 26731
1940 23.2 26963
1950 22.8 27191
1960 28.6 27477
1970 24.3 27720
1980 23.1 27951
1990 22.8 28179
2000 26.3 28442
2010 27.5 28717
2020 23.2 28949
2030 23.8 29187
2040 23.5 29422
2050 21.8 29640
2060 25.3 29893
2070 27.4 30167
2080 24.8 30415
2090 24 30655
2100 22.2 30877
2110 24.8 31125
2120 27.2 31397
2130 26.7 31664
2140 27.4 31938
2150 24.5 32183
2160 23.6 32419
2170 22.1 32640
2180 24.8 32888
2190 25.5 33143
2200 27.2 33415
2210 23.5 33650
2220 23.1 33881
2230 24 34121
2240 24.9 34370
2250 25.2 34622
2260 23.6 34858
2270 23.8 35096
2280 24 35336
2290 26.8 35604
2300 26.7 35871
2310 21.6 36087
2320 21.8 36305
2330 21.3 36518
2340 25.7 36775
2350 27.7 37052
2360 23.1 37283
2370 25.8 37541
2380 28.3 37824
2390 27.5 38099
2400 24.2 38341
2410 21.9 38560
2420 21.8 38778
2430 28.7 39065
2440 28.7 39352
2450 26.7 39619
2460 27.3 39892
2470 25.4 40146
2480 31.2 40458
2490 28.3 40741
2500 27.6 41017
2510 31.8 41335
2520 26.8 41603
2530 29.4 41897
2540 29.8 42195
2550 27.3 42468
2560 29.3 42761
2570 27.9 43040
2580 29.1 43331
2590 30.6 43637
2600 28.3 43920
2610 28 44200
2620 25.9 44459
2630 30.2 44761
2640 29.9 45060
2650 30.7 45367
2660 31.9 45686
2670 31.8 46004
2680 26.8 46272
2690 25.1 46523
2700 27.8 46801
2710 34.2 47143
2720 28.6 47429
2730 31.1 47740
2740 30.6 48046
2750 32.2 48368
2760 28.7 48655
2770 31.1 48966
2780 33.3 49299
2790 27.1 49570
2800 29.1 49861
2810 28.6 50147
2820 33.7 50484
2830 31.8 50802
2840 29 51092
2850 26.2 51354
2860 28.5 51639
2870 29.3 51932
2880 27.2 52204
2890 31.8 52522
2900 28.6 52808
2910 28.4 53092
2920 31.1 53403
2930 33 53733
2940 25.6 53989
2950 29.6 54285
2960 26.3 54548
2970 29.8 54846
2980 28.7 55133
2990 30.4 55437
3000 27.5 55712
3010 29.3 56005
3020 28.7 56292
3030 31.6 56608
3040 33.4 56942
3050 31.9 57261
3060 34.8 57609
3070 33.8 57947
3080 34.5 58292
3090 34.1 58633
3100 34 58973
3110 34.2 59315
3120 34.1 59656
3130 34.2 59998
3140 32.2 60320
3150 35.2 60672
3160 32.7 60999
3170 34.3 61342
3180 35.2 61694
3190 33 62024
3200 34.7 62371
3210 35.1 62722
3220 38 63102
3230 32.3 63425
3240 34.9 63774
3250 35.3 64127
3260 36.5 64492
3270 37.5 64867
3280 34.6 65213
3290 31.2 65525
3300 32.3 65848
3310 28.2 66130
3320 35.9 66489
3330 34 66829
3340 37 67199
3350 33.3 67532
3360 36.6 67898
3370 34 68238
3380 34.4 68582
3390 34.2 68924
3400 34.6 69270
3410 33.8 69608
3420 36.2 69970
3430 34.7 70317
3440 35.5 70672
3450 36.7 71039
3460 32 71359
3470 36.2 71721
3480 35 72071
3490 35 72421
3500 37.4 72795
3510 35.2 73147
3520 35.9 73506
3530 35.5 73861
3540 34.8 74209
3550 36.9 74578
3560 32.4 74902
3570 31.3 75215
3580 36.3 75578
3590 30.6 75884
3600 33.7 76221
3610 33.1 76552
3620 35.4 76906
3630 33.8 77244
3640 33.4 77578
3650 35.3 77931
3660 34.1 78272
3670 31.4 78586
3680 33 78916
3690 30.7 79223
3700 33.7 79560
3710 32.9 79889
3720 32.4 80213
3730 34.7 80560
3740 33 80890
3750 33.3 81223
3760 33.6 81559
3770 30.1 81860
3780 31.1 82171
3790 33.9 82510
3800 30.6 82816
3810 32 83136
3820 34.4 83480
3830 29.9 83779
3840 32.7 84106
3850 29.5 84401
3860 35.7 84758
3870 34.8 85106
3880 35 85456
3890 29.4 85750
3900 30.9 86059
3910 31 86369
3920 33.9 86708
3930 33.1 87039
3940 30.4 87343
3950 32.7 87670
3960 31.4 87984
3970 34.1 88325
3980 29.8 88623
3990 32.6 88949
4000 33 89279
4010 30.6 89585
4020 39 89975
4030 30.7 90282
4040 38.7 90669
4050 36 91029
4060 40.3 91432
4070 34.6 91778
4080 29.9 92077
4090 33.4 92411
4100 33.9 92750
4110 31.2 93062
4120 31.6 93378
4130 34.1 93719
4140 34.2 94061
4150 35.4 94415
4160 38 94795
4170 37.3 95168
4180 39.9 95567
4190 31.3 95880
4200 34.6 96226
4210 28.6 96512
4220 32.2 96834
4230 33.7 97171
4240 32.2 97493
4250 37.9 97872
4260 35.7 98229
4270 37.5 98604
4280 33.3 98937
4290 38.6 99323
4300 39.3 99716
4310 33.5 100051
4320 34.1 100392
4330 35.6 100748
4340 31 101058
4350 27.8 101336
4360 38.5 101721
4370 41.4 102135
4380 38.7 102522
4390 38.5 102907
4400 39.7 103304
4410 42.6 103730
4420 34.3 104073
4430 34.3 104416
4440 34.8 104764
4450 37.8 105142
4460 39.4 105536
4470 38.1 105917
4480 42.8 106345
4490 39.5 106740
4500 41.1 107151
4510 35.3 107504
4520 42.5 107929
4530 40.5 108334
4540 36.4 108698
4550 37.2 109070
4560 39.4 109464
4570 38 109844
4580 38.5 110229
4590 42.8 110657
4600 33.9 110996
4610 45.7 111453
4620 39.8 111851
4630 43.4 112285
4640 45.2 112737
4650 35.2 113089
4660 37.2 113461
4670 40 113861
4680 44.6 114307
4690 37.9 114686
4700 36.9 115055
4710 45.1 115506
4720 44.3 115949
4730 40.9 116358
4740 41.3 116771
4750 41.4 117185
4760 38.4 117569
4770 36.8 117937
4772 11.2 118049
