10 0.1 6087.59375 0 6087.59375 6087.59375 0 0
20 0.1 5863.859375 0.0 6087.59375 5863.859375 6087.59375 1
30 0.1 5762.25 0.0 6087.59375 5762.25 5975.7265625 2
40 0.1 5761.40234375 0.0 6087.59375 5761.40234375 5904.567708333333 3
50 0.1 5743.4609375 0.0 6087.59375 5743.4609375 5868.7763671875 4
60 0.1 5742.4296875 0.0 6087.59375 5742.4296875 5843.71328125 5
70 0.1 5740.1640625 0.0 6087.59375 5740.1640625 5826.832682291667 6
80 0.1 5747.53125 0.0 6087.59375 5740.1640625 5814.451450892857 7
90 0.1 5746.92578125 0.0 6087.59375 5740.1640625 5806.08642578125 8
100 0.1 5746.29296875 0.0 6087.59375 5740.1640625 5799.513020833333 9
110 0.1 5745.79296875 0.0 6087.59375 5740.1640625 5794.191015625 10
120 0.1 5745.80859375 0.0 6087.59375 5740.1640625 5789.791193181818 11
130 0.1 5743.87109375 0.0 6087.59375 5740.1640625 5786.1259765625 12
140 0.1 5743.1875 0.0 6087.59375 5740.1640625 5782.875600961538 13
150 0.1 5742.0390625 0.0 6087.59375 5740.1640625 5780.040736607143 14
160 0.1 5738.27734375 0.0 6087.59375 5738.27734375 5777.507291666667 15
170 0.1 5736.6640625 0.0 6087.59375 5736.6640625 5775.055419921875 16
180 0.1 5736.30078125 0.0 6087.59375 5736.30078125 5772.797104779412 17
190 0.1 5733.06640625 0.0 6087.59375 5733.06640625 5770.76953125 18
200 0.1 5731.04296875 0.0 6087.59375 5731.04296875 5768.78515625 19
210 0.1 5727.29296875 0.0 6087.59375 5727.29296875 5766.898046875 20
220 0.1 5726.765625 0.0 6087.59375 5726.765625 5765.012090773809 21
230 0.1 5725.984375 0.0 6087.59375 5725.984375 5763.273615056818 22
240 0.1 5722.36328125 0.0 6087.59375 5722.36328125 5761.65234375 23
250 0.1 5721.36328125 0.0 6087.59375 5721.36328125 5760.015299479167 24
260 0.1 5718.01953125 0.0 6087.59375 5718.01953125 5758.46921875 25
270 0.1 5709.47265625 0.0 6087.59375 5709.47265625 5756.913461538462 26
280 0.1 5702.2578125 0.0 6087.59375 5702.2578125 5755.156394675926 27
290 0.1 5702.75 0.0 6087.59375 5702.2578125 5753.267159598215 28
300 0.1 5701.109375 0.0 6087.59375 5701.109375 5751.525188577586 29
310 0.1 5696.55078125 0.0 6087.59375 5696.55078125 5749.844661458334 30
320 0.1 5699.6484375 0.0 6087.59375 5696.55078125 5748.1255040322585 31
330 0.1 5698.6953125 0.0 6087.59375 5696.55078125 5746.610595703125 32
340 0.1 5698.390625 0.0 6087.59375 5696.55078125 5745.158617424242 33
350 0.1 5697.56640625 0.0 6087.59375 5696.55078125 5743.783088235294 34
360 0.1 5697.421875 0.0 6087.59375 5696.55078125 5742.462611607143 35
370 0.1 5696.79296875 0.0 6087.59375 5696.55078125 5741.211480034723 36
380 0.1 5694.09375 0.0 6087.59375 5694.09375 5740.01097972973 37
390 0.1 5691.04296875 0.0 6087.59375 5691.04296875 5738.8026315789475 38
400 0.1 5690.43359375 0.0 6087.59375 5690.43359375 5737.578024839743 39
410 0.1 5684.33203125 0.0 6087.59375 5684.33203125 5736.399414062499 40
420 0.1 5683.9609375 0.0 6087.59375 5683.9609375 5735.129477896341 41
430 0.1 5682.8515625 0.0 6087.59375 5682.8515625 5733.911179315475 42
440 0.1 5683.0625 0.0 6087.59375 5682.8515625 5732.723746366279 43
450 0.1 5683.0703125 0.0 6087.59375 5682.8515625 5731.595081676136 44
460 0.1 5682.19921875 0.0 6087.59375 5682.19921875 5730.516753472222 45
470 0.1 5682.16796875 0.0 6087.59375 5682.16796875 5729.466372282609 46
480 0.1 5681.23046875 0.0 6087.59375 5681.23046875 5728.460023271276 47
490 0.1 5679.28125 0.0 6087.59375 5679.28125 5727.47607421875 48
500 0.1 5678.8359375 0.0 6087.59375 5678.8359375 5726.492506377551 49
510 0.1 5678.2421875 0.0 6087.59375 5678.2421875 5725.539375 50
520 0.1 5678.0234375 0.0 6087.59375 5678.0234375 5724.611979166667 51
530 0.1 5677.11328125 0.0 6087.59375 5677.11328125 5723.716045673077 52
540 0.1 5677.234375 0.0 6087.59375 5677.11328125 5722.836748231132 53
550 0.1 5676.8984375 0.0 6087.59375 5676.8984375 5721.992259837963 54
560 0.1 5676.4765625 0.0 6087.59375 5676.4765625 5721.172372159091 55
570 0.1 5676.76953125 0.0 6087.59375 5676.4765625 5720.374232700893 56
580 0.1 5676.5078125 0.0 6087.59375 5676.4765625 5719.609237938596 57
590 0.1 5675.96875 0.0 6087.59375 5675.96875 5718.8661099137935 58
600 0.1 5676.0390625 0.0 6087.59375 5675.96875 5718.139036016949 59
610 0.1 5675.65234375 0.0 6087.59375 5675.65234375 5717.437369791666 60
620 0.1 5674.58984375 0.0 6087.59375 5674.58984375 5716.7523693647545 61
630 0.1 5674.11328125 0.0 6087.59375 5674.11328125 5716.072328629032 62
640 0.1 5673.32421875 0.0 6087.59375 5673.32421875 5715.406312003968 63
650 0.1 5673.046875 0.0 6087.59375 5673.046875 5714.748779296875 64
660 0.1 5672.8671875 0.0 6087.59375 5672.8671875 5714.107211538461 65
670 0.1 5671.140625 0.0 6087.59375 5671.140625 5713.482362689394 66
680 0.1 5670.69140625 0.0 6087.59375 5670.69140625 5712.850396455224 67
690 0.1 5670.890625 0.0 6087.59375 5670.69140625 5712.230411305147 68
700 0.1 5670.41015625 0.0 6087.59375 5670.41015625 5711.631283967391 69
710 0.1 5669.23828125 0.0 6087.59375 5669.23828125 5711.042410714285 70
720 0.1 5669.5078125 0.0 6087.59375 5669.23828125 5710.453620158451 71
730 0.1 5669.06640625 0.0 6087.59375 5669.06640625 5709.884928385417 72
740 0.1 5669.28125 0.0 6087.59375 5669.06640625 5709.3257705479455 73
750 0.1 5668.6953125 0.0 6087.59375 5668.6953125 5708.784628378378 74
760 0.1 5668.43359375 0.0 6087.59375 5668.43359375 5708.2501041666665 75
770 0.1 5667.85546875 0.0 6087.59375 5667.85546875 5707.726202713816 76
780 0.1 5668.01171875 0.0 6087.59375 5667.85546875 5707.208400974026 77
790 0.1 5626.828125 0.0 6087.59375 5626.828125 5706.705879407052 78
800 0.1 5626.77734375 0.0 6087.59375 5626.77734375 5705.694768591773 79
810 0.1 5627.04296875 0.0 6087.59375 5626.77734375 5704.708300781251 80
820 0.1 5632.33203125 0.0 6087.59375 5626.77734375 5703.7494695216055 81
830 0.1 5631.52734375 0.0 6087.59375 5626.77734375 5702.87852515244 82
840 0.1 5631.8671875 0.0 6087.59375 5626.77734375 5702.018872364459 83
850 0.1 5631.52734375 0.0 6087.59375 5626.77734375 5701.183733258929 84
860 0.1 5631.30859375 0.0 6087.59375 5626.77734375 5700.36424632353 85
870 0.1 5631.5078125 0.0 6087.59375 5626.77734375 5699.561273619187 86
880 0.1 5630.90234375 0.0 6087.59375 5626.77734375 5698.779049928162 87
890 0.1 5631.07421875 0.0 6087.59375 5626.77734375 5698.007723721592 88
900 0.1 5631.13671875 0.0 6087.59375 5626.77734375 5697.255661867979 89
910 0.1 5630.02734375 0.0 6087.59375 5626.77734375 5696.521006944446 90
920 0.1 5629.45703125 0.0 6087.59375 5626.77734375 5695.790307348902 91
930 0.1 5629.20703125 0.0 6087.59375 5626.77734375 5695.069293478262 92
940 0.1 5629.17578125 0.0 6087.59375 5626.77734375 5694.361097110216 93
950 0.1 5629.02734375 0.0 6087.59375 5626.77734375 5693.667636303193 94
960 0.1 5628.515625 0.0 6087.59375 5626.77734375 5692.987212171054 95
970 0.1 5627.921875 0.0 6087.59375 5626.77734375 5692.315633138022 96
980 0.1 5627.67578125 0.0 6087.59375 5626.77734375 5691.651779961341 97
990 0.1 5626.8203125 0.0 6087.59375 5626.77734375 5690.99896364796 98
1000 0.1 5625.9375 0.0 6087.59375 5625.9375 5690.350694444445 99
1010 0.1 5626.0078125 0.0 6087.59375 5625.9375 5689.706562500001 100
1020 0.1 5625.44140625 0.0 6087.59375 5625.44140625 5689.075881806932 101
1030 0.1 5625.26171875 0.0 6087.59375 5625.26171875 5688.4520143995105 102
1040 0.1 5625.25 0.0 6087.59375 5625.25 5687.838516383496 103
1050 0.1 5625.28125 0.0 6087.59375 5625.25 5687.236703725963 104
1060 0.1 5624.12890625 0.0 6087.59375 5624.12890625 5686.646651785715 105
1070 0.1 5624.30078125 0.0 6087.59375 5624.12890625 5686.056861733492 106
1080 0.1 5624.3046875 0.0 6087.59375 5624.12890625 5685.479702102805 107
1090 0.1 5624.00390625 0.0 6087.59375 5624.00390625 5684.913266782409 108
1100 0.1 5623.56640625 0.0 6087.59375 5623.56640625 5684.354465309634 109
1110 0.1 5623.15625 0.0 6087.59375 5623.15625 5683.80184659091 110
1120 0.1 5623.32421875 0.0 6087.59375 5623.15625 5683.255489864866 111
1130 0.1 5622.96484375 0.0 6087.59375 5622.96484375 5682.720389229912 112
1140 0.1 5623.0 0.0 6087.59375 5622.96484375 5682.1915790929215 113
1150 0.1 5622.71875 0.0 6087.59375 5622.71875 5681.672354714913 114
1160 0.1 5622.25 0.0 6087.59375 5622.25 5681.159714673914 115
1170 0.1 5622.16796875 0.0 6087.59375 5622.16796875 5680.651872306035 116
1180 0.1 5622.26171875 0.0 6087.59375 5622.16796875 5680.152009882479 117
1190 0.1 5622.16796875 0.0 6087.59375 5622.16796875 5679.661414194917 118
1200 0.1 5621.82421875 0.0 6087.59375 5621.82421875 5679.1782759979005 119
1210 0.1 5621.578125 0.0 6087.59375 5621.578125 5678.700325520835 120
1220 0.1 5620.6484375 0.0 6087.59375 5620.6484375 5678.228241219009 121
1230 0.1 5620.47265625 0.0 6087.59375 5620.47265625 5677.756275614755 122
1240 0.1 5620.00390625 0.0 6087.59375 5620.00390625 5677.290555132115 123
1250 0.1 5619.77734375 0.0 6087.59375 5619.77734375 5676.828566028226 124
1260 0.1 5619.3046875 0.0 6087.59375 5619.3046875 5676.372156250001 125
1270 0.1 5619.09765625 0.0 6087.59375 5619.09765625 5675.91923983135 126
1280 0.1 5618.41796875 0.0 6087.59375 5618.41796875 5675.471825787403 127
1290 0.1 5618.5234375 0.0 6087.59375 5618.41796875 5675.026092529298 128
1300 0.1 5618.66796875 0.0 6087.59375 5618.41796875 5674.5880874515515 129
1310 0.1 5619.37109375 0.0 6087.59375 5618.41796875 5674.157932692308 130
1320 0.1 5618.76953125 0.0 6087.59375 5618.41796875 5673.739712547711 131
1330 0.1 5619.08203125 0.0 6087.59375 5618.41796875 5673.323271780304 132
1340 0.1 5618.890625 0.0 6087.59375 5618.41796875 5672.915442904136 133
1350 0.1 5618.41796875 0.0 6087.59375 5618.41796875 5672.512272621269 134
1360 0.1 5617.83984375 0.0 6087.59375 5617.83984375 5672.111574074075 135
1370 0.1 5618.76171875 0.0 6087.59375 5617.83984375 5671.712517233456 136
1380 0.1 5618.34765625 0.0 6087.59375 5617.83984375 5671.326015054745 137
1390 0.1 5617.8828125 0.0 6087.59375 5617.83984375 5670.942113903986 138
1400 0.1 5617.69921875 0.0 6087.59375 5617.69921875 5670.560392311152 139
1410 0.1 5617.171875 0.0 6087.59375 5617.171875 5670.182812500001 140
1420 0.1 5617.21875 0.0 6087.59375 5617.171875 5669.806848404256 141
1430 0.1 5617.21875 0.0 6087.59375 5617.171875 5669.4365096831 142
1440 0.1 5614.81640625 0.0 6087.59375 5614.81640625 5669.071350524477 143
1450 0.1 5615.8359375 0.0 6087.59375 5614.81640625 5668.694580078126 144
1460 0.1 5614.80859375 0.0 6087.59375 5614.80859375 5668.330037715518 145
1470 0.1 5615.22265625 0.0 6087.59375 5614.80859375 5667.963452482877 146
1480 0.1 5614.8046875 0.0 6087.59375 5614.8046875 5667.604671556122 147
1490 0.1 5614.75390625 0.0 6087.59375 5614.75390625 5667.247914907095 148
1500 0.1 5614.72265625 0.0 6087.59375 5614.72265625 5666.8956061241615 149
1510 0.1 5614.578125 0.0 6087.59375 5614.578125 5666.5477864583345 150
1520 0.1 5614.90625 0.0 6087.59375 5614.578125 5666.203616514901 151
1530 0.1 5614.2265625 0.0 6087.59375 5614.2265625 5665.866133840461 152
1540 0.1 5614.2421875 0.0 6087.59375 5614.2265625 5665.528620302288 153
1550 0.1 5613.21484375 0.0 6087.59375 5613.21484375 5665.195591517857 154
1560 0.1 5612.78125 0.0 6087.59375 5612.78125 5664.860231854838 155
1570 0.1 5612.35546875 0.0 6087.59375 5612.35546875 5664.5263922275635 156
1580 0.1 5611.640625 0.0 6087.59375 5611.640625 5664.19409335191 157
1590 0.1 5611.8671875 0.0 6087.59375 5611.640625 5663.861476463607 158
1600 0.1 5611.78125 0.0 6087.59375 5611.640625 5663.534468356917 159
1610 0.1 5612.10546875 0.0 6087.59375 5611.640625 5663.211010742187 160
1620 0.1 5611.83203125 0.0 6087.59375 5611.640625 5662.893585015528 161
1630 0.1 5611.515625 0.0 6087.59375 5611.515625 5662.578390239198 162
1640 0.1 5611.04296875 0.0 6087.59375 5611.04296875 5662.265121740797 163
1650 0.1 5610.90625 0.0 6087.59375 5610.90625 5661.952791539634 164
1660 0.1 5611.3359375 0.0 6087.59375 5610.90625 5661.643418560606 165
1670 0.1 5609.3046875 0.0 6087.59375 5609.3046875 5661.340361445783 166
1680 0.1 5608.77734375 0.0 6087.59375 5608.77734375 5661.028770583833 167
1690 0.1 5605.06640625 0.0 6087.59375 5605.06640625 5660.717750186012 168
1700 0.1 5605.39453125 0.0 6087.59375 5605.06640625 5660.3884522929 169
1710 0.1 5604.515625 0.0 6087.59375 5604.515625 5660.064958639707 170
1720 0.1 5604.6796875 0.0 6087.59375 5604.515625 5659.740108735381 171
1730 0.1 5601.3828125 0.0 6087.59375 5601.3828125 5659.419990007268 172
1740 0.1 5601.4453125 0.0 6087.59375 5601.3828125 5659.084514992775 173
1750 0.1 5601.53515625 0.0 6087.59375 5601.3828125 5658.753255208334 174
1760 0.1 5600.671875 0.0 6087.59375 5600.671875 5658.426294642858 175
1770 0.1 5600.37109375 0.0 6087.59375 5600.37109375 5658.098144531251 176
1780 0.1 5599.95703125 0.0 6087.59375 5599.95703125 5657.772003001413 177
1790 0.1 5600.6015625 0.0 6087.59375 5599.95703125 5657.447199789326 178
1800 0.1 5600.49609375 0.0 6087.59375 5599.95703125 5657.129626396648 179
1810 0.1 5600.0703125 0.0 6087.59375 5599.95703125 5656.814995659723 180
1820 0.1 5599.27734375 0.0 6087.59375 5599.27734375 5656.501489122928 181
1830 0.1 5599.3828125 0.0 6087.59375 5599.27734375 5656.187070741758 182
1840 0.1 5598.57421875 0.0 6087.59375 5598.57421875 5655.876664959016 183
1850 0.1 5598.17578125 0.0 6087.59375 5598.17578125 5655.565238620924 184
1860 0.1 5597.40625 0.0 6087.59375 5597.40625 5655.255025337838 185
1870 0.1 5597.421875 0.0 6087.59375 5597.40625 5654.944010416667 186
1880 0.1 5597.25390625 0.0 6087.59375 5597.25390625 5654.636405414439 187
1890 0.1 5588.17578125 0.0 6087.59375 5588.17578125 5654.331179355053 188
1900 0.1 5588.203125 0.0 6087.59375 5588.17578125 5653.981150793651 189
1910 0.1 5588.14453125 0.0 6087.59375 5588.14453125 5653.6349506578945 190
1920 0.1 5586.40625 0.0 6087.59375 5586.40625 5653.29206888089 191
1930 0.1 5584.6875 0.0 6087.59375 5584.6875 5652.943705240886 192
1940 0.1 5584.47265625 0.0 6087.59375 5584.47265625 5652.590046146373 193
1950 0.1 5583.9921875 0.0 6087.59375 5583.9921875 5652.238925579897 194
1960 0.1 5584.22265625 0.0 6087.59375 5583.9921875 5651.888942307693 195
1970 0.1 5584.0546875 0.0 6087.59375 5583.9921875 5651.543706154337 196
1980 0.1 5584.2109375 0.0 6087.59375 5583.9921875 5651.2011223033 197
1990 0.1 5583.5859375 0.0 6087.59375 5583.5859375 5650.862788036616 198
2000 0.1 5583.1171875 0.0 6087.59375 5583.1171875 5650.524713410804 199
2010 0.1 5583.3125 0.0 6087.59375 5583.1171875 5650.18767578125 200
2020 0.1 5583.0859375 0.0 6087.59375 5583.0859375 5649.85496346393 201
2030 0.1 5582.875 0.0 6087.59375 5582.875 5649.5244237314355 202
2040 0.1 5582.125 0.0 6087.59375 5582.125 5649.196101447044 203
2050 0.1 5581.98046875 0.0 6087.59375 5581.98046875 5648.86732153799 204
2060 0.1 5545.12109375 0.0 6087.59375 5545.12109375 5648.541044207317 205
2070 0.1 5545.6328125 0.0 6087.59375 5545.12109375 5648.0390056128645 206
2080 0.1 5546.2265625 0.0 6087.59375 5545.12109375 5647.544289704107 207
2090 0.1 5545.59765625 0.0 6087.59375 5545.12109375 5647.0571852463945 208
2100 0.1 5545.3828125 0.0 6087.59375 5545.12109375 5646.571732954545 209
2110 0.1 5544.63671875 0.0 6087.59375 5544.63671875 5646.089880952381 210
2120 0.1 5544.50390625 0.0 6087.59375 5544.50390625 5645.609060278436 211
2130 0.1 5544.828125 0.0 6087.59375 5544.50390625 5645.132149174528 212
2140 0.1 5544.70703125 0.0 6087.59375 5544.50390625 5644.661238262911 213
2150 0.1 5545.1796875 0.0 6087.59375 5544.50390625 5644.194162529206 214
2160 0.1 5545.28125 0.0 6087.59375 5544.50390625 5643.733630087209 215
2170 0.1 5544.515625 0.0 6087.59375 5544.50390625 5643.27783203125 216
2180 0.1 5544.6484375 0.0 6087.59375 5544.50390625 5642.822706653225 217
2190 0.1 5544.23828125 0.0 6087.59375 5544.23828125 5642.372365969037 218
2200 0.1 5544.05859375 0.0 6087.59375 5544.05859375 5641.924265125571 219
2210 0.1 5544.00390625 0.0 6087.59375 5544.00390625 5641.479421164773 220
2220 0.1 5543.86328125 0.0 6087.59375 5543.86328125 5641.038355486426 221
2230 0.1 5543.578125 0.0 6087.59375 5543.578125 5640.600629926802 222
2240 0.1 5542.3828125 0.0 6087.59375 5542.3828125 5640.1655514293725 223
2250 0.1 5542.10546875 0.0 6087.59375 5542.10546875 5639.729021344866 224
2260 0.1 5542.33984375 0.0 6087.59375 5542.10546875 5639.295138888889 225
2270 0.1 5542.3828125 0.0 6087.59375 5542.10546875 5638.866133158186 226
2280 0.1 5541.56640625 0.0 6087.59375 5541.56640625 5638.441096503304 227
2290 0.1 5541.5546875 0.0 6087.59375 5541.5546875 5638.016207510965 228
2300 0.1 5541.92578125 0.0 6087.59375 5541.5546875 5637.594978165939 229
2310 0.1 5541.515625 0.0 6087.59375 5541.515625 5637.17902513587 230
2320 0.1 5526.17578125 0.0 6087.59375 5526.17578125 5636.764897862554 231
2330 0.1 5533.42578125 0.0 6087.59375 5526.17578125 5636.288220635776 232
2340 0.1 5534.03515625 0.0 6087.59375 5526.17578125 5635.846750938841 233
2350 0.1 5533.8515625 0.0 6087.59375 5526.17578125 5635.411658653846 234
2360 0.1 5534.05078125 0.0 6087.59375 5526.17578125 5634.979488031915 235
2370 0.1 5533.62109375 0.0 6087.59375 5526.17578125 5634.551824020127 236
2380 0.1 5533.28515625 0.0 6087.59375 5526.17578125 5634.125955959916 237
2390 0.1 5533.71484375 0.0 6087.59375 5526.17578125 5633.702255120798 238
2400 0.1 5533.328125 0.0 6087.59375 5526.17578125 5633.283897751046 239
2410 0.1 5533.51171875 0.0 6087.59375 5526.17578125 5632.867415364583 240
2420 0.1 5532.71875 0.0 6087.59375 5526.17578125 5632.455151063278 241
2430 0.1 5532.91796875 0.0 6087.59375 5526.17578125 5632.043017174587 242
2440 0.1 5533.0859375 0.0 6087.59375 5526.17578125 5631.635095164609 243
2450 0.1 5532.9140625 0.0 6087.59375 5526.17578125 5631.23120517418 244
2460 0.1 5532.828125 0.0 6087.59375 5526.17578125 5630.829910714286 245
2470 0.1 5526.453125 0.0 6087.59375 5526.17578125 5630.431529471544 246
2480 0.1 5525.66015625 0.0 6087.59375 5525.66015625 5630.010564271255 247
2490 0.1 5525.51953125 0.0 6087.59375 5525.51953125 5629.589796496975 248
2500 0.1 5525.828125 0.0 6087.59375 5525.51953125 5629.171843624498 249
2510 0.1 5524.5703125 0.0 6087.59375 5524.5703125 5628.75846875 250
2520 0.1 5525.30078125 0.0 6087.59375 5524.5703125 5628.343376494024 251
2530 0.1 5524.83984375 0.0 6087.59375 5524.5703125 5627.934477306548 252
2540 0.1 5525.03125 0.0 6087.59375 5524.5703125 5627.526988636364 253
2550 0.1 5525.1875 0.0 6087.59375 5524.5703125 5627.1234621062995 254
2560 0.1 5524.8046875 0.0 6087.59375 5524.5703125 5626.723713235294 255
2570 0.1 5524.27734375 0.0 6087.59375 5524.27734375 5626.325592041016 256
2580 0.1 5524.88671875 0.0 6087.59375 5524.27734375 5625.928517144942 257
2590 0.1 5521.9296875 0.0 6087.59375 5521.9296875 5625.536882267442 258
2600 0.1 5514.6484375 0.0 6087.59375 5514.6484375 5625.136854488417 259
2610 0.1 5507.23828125 0.0 6087.59375 5507.23828125 5624.7118990384615 260
2620 0.1 5500.32421875 0.0 6087.59375 5500.32421875 5624.26180854885 261
2630 0.1 5506.6875 0.0 6087.59375 5500.32421875 5623.788764312977 262
2640 0.1 5507.12109375 0.0 6087.59375 5500.32421875 5623.3435123574145 263
2650 0.1 5507.453125 0.0 6087.59375 5500.32421875 5622.903275923295 264
2660 0.1 5507.42578125 0.0 6087.59375 5500.32421875 5622.4676149764155 265
2670 0.1 5507.41015625 0.0 6087.59375 5500.32421875 5622.035126879699 266
2680 0.1 5505.67578125 0.0 6087.59375 5500.32421875 5621.6058198735955 267
2690 0.1 5498.33984375 0.0 6087.59375 5498.33984375 5621.173245102612 268
2700 0.1 5488.31640625 0.0 6087.59375 5488.31640625 5620.716615357806 269
2710 0.1 5489.984375 0.0 6087.59375 5488.31640625 5620.226244212963 270
2720 0.1 5489.9453125 0.0 6087.59375 5488.31640625 5619.745646909594 271
2730 0.1 5489.82421875 0.0 6087.59375 5488.31640625 5619.268439797794 272
2740 0.1 5489.08984375 0.0 6087.59375 5488.31640625 5618.794285141941 273
2750 0.1 5488.9765625 0.0 6087.59375 5488.31640625 5618.320911268248 274
2760 0.1 5488.91015625 0.0 6087.59375 5488.31640625 5617.850568181818 275
2770 0.1 5488.1484375 0.0 6087.59375 5488.1484375 5617.383392776268 276
2780 0.1 5488.22265625 0.0 6087.59375 5488.1484375 5616.916840591155 277
2790 0.1 5488.9921875 0.0 6087.59375 5488.1484375 5616.453911870503 278
2810 0.1 5488.34765625 0.0 6087.59375 5488.1484375 5615.997059811828 279
2820 0.1 5488.30859375 0.0 6087.59375 5488.1484375 5615.541169084821 280
2830 0.1 5488.41015625 0.0 6087.59375 5488.1484375 5615.088384119217 281
2840 0.1 5488.62109375 0.0 6087.59375 5488.1484375 5614.639170545212 282
2850 0.1 5488.36328125 0.0 6087.59375 5488.1484375 5614.193876987632 283
2860 0.1 5488.0078125 0.0 6087.59375 5488.0078125 5613.750811509683 284
2870 0.1 5480.4609375 0.0 6087.59375 5480.4609375 5613.309608004386 285
2880 0.1 5459.26953125 0.0 6087.59375 5459.26953125 5612.845102163462 286
2890 0.1 5462.22265625 0.0 6087.59375 5459.26953125 5612.309995644599 287
2900 0.1 5462.03515625 0.0 6087.59375 5459.26953125 5611.7888590494795 288
2910 0.1 5461.9765625 0.0 6087.59375 5459.26953125 5611.270680147059 289
2920 0.1 5461.9453125 0.0 6087.59375 5459.26953125 5610.7558728448275 290
2930 0.1 5459.83984375 0.0 6087.59375 5459.26953125 5610.244496348797 291
2940 0.1 5460.91796875 0.0 6087.59375 5459.26953125 5609.729411922089 292
2950 0.1 5460.3125 0.0 6087.59375 5459.26953125 5609.221523037542 293
2960 0.1 5460.6015625 0.0 6087.59375 5459.26953125 5608.715029761905 294
2970 0.1 5459.984375 0.0 6087.59375 5459.26953125 5608.212950211864 295
2980 0.1 5460.5703125 0.0 6087.59375 5459.26953125 5607.712177998311 296
2990 0.1 5460.0859375 0.0 6087.59375 5459.26953125 5607.216750841751 297
3000 0.1 5460.375 0.0 6087.59375 5459.26953125 5606.723023280201 298
3010 0.1 5459.79296875 0.0 6087.59375 5459.26953125 5606.233565008361 299
3020 0.1 5459.3671875 0.0 6087.59375 5459.26953125 5605.7454296875 300
3030 0.1 5454.4140625 0.0 6087.59375 5454.4140625 5605.25912323505 301
3040 0.1 5446.5234375 0.0 6087.59375 5446.5234375 5604.759636278974 302
3050 0.1 5445.8515625 0.0 6087.59375 5445.8515625 5604.237404599835 303
3060 0.1 5445.1171875 0.0 6087.59375 5445.1171875 5603.716398540296 304
3070 0.1 5445.0 0.0 6087.59375 5445.0 5603.196401127049 305
3080 0.1 5445.32421875 0.0 6087.59375 5445.0 5602.679419424019 306
3090 0.1 5445.7734375 0.0 6087.59375 5445.0 5602.1668617671 307
3100 0.1 5444.9453125 0.0 6087.59375 5444.9453125 5601.65909090909 308
3110 0.1 5445.1015625 0.0 6087.59375 5444.9453125 5601.151926577669 309
3120 0.1 5444.5859375 0.0 6087.59375 5444.5859375 5600.64853830645 310
3130 0.1 5444.29296875 0.0 6087.59375 5444.29296875 5600.146729300642 311
3140 0.1 5432.84375 0.0 6087.59375 5432.84375 5599.647198016825 312
3150 0.1 5401.171875 0.0 6087.59375 5401.171875 5599.114279652555 313
3160 0.1 5403.5859375 0.0 6087.59375 5401.171875 5598.48388982882 314
3170 0.1 5403.59375 0.0 6087.59375 5401.171875 5597.8651661706335 315
3180 0.1 5403.31640625 0.0 6087.59375 5401.171875 5597.250383208068 316
3190 0.1 5403.15234375 0.0 6087.59375 5401.171875 5596.638604100945 317
3200 0.1 5402.27734375 0.0 6087.59375 5401.171875 5596.030156741351 318
3210 0.1 5399.8671875 0.0 6087.59375 5399.8671875 5595.422781152036 319
3220 0.1 5399.65234375 0.0 6087.59375 5399.65234375 5594.8116699218735 320
3230 0.1 5397.13671875 0.0 6087.59375 5397.13671875 5594.203696943145 321
3240 0.1 5398.80078125 0.0 6087.59375 5397.13671875 5593.591687694098 322
3250 0.1 5398.23828125 0.0 6087.59375 5397.13671875 5592.98861987229 323
3260 0.1 5398.203125 0.0 6087.59375 5397.13671875 5592.387538580246 324
3270 0.1 5398.25390625 0.0 6087.59375 5397.13671875 5591.790048076921 325
3280 0.1 5398.6015625 0.0 6087.59375 5397.13671875 5591.196378930213 326
3290 0.1 5398.80859375 0.0 6087.59375 5397.13671875 5590.60740395642 327
3300 0.1 5398.67578125 0.0 6087.59375 5397.13671875 5590.022651486278 328
3310 0.1 5397.49609375 0.0 6087.59375 5397.13671875 5589.441050056988 329
3320 0.1 5370.52734375 0.0 6087.59375 5370.52734375 5588.85939867424 330
3330 0.1 5372.1015625 0.0 6087.59375 5370.52734375 5588.1997852152535 331
3340 0.1 5383.01171875 0.0 6087.59375 5370.52734375 5587.548886954063 332
3350 0.1 5383.28125 0.0 6087.59375 5370.52734375 5586.934661223721 333
3360 0.1 5382.67578125 0.0 6087.59375 5370.52734375 5586.324920471555 334
3370 0.1 5381.91015625 0.0 6087.59375 5370.52734375 5585.717012593282 335
3380 0.1 5381.73828125 0.0 6087.59375 5370.52734375 5585.1104445684505 336
3390 0.1 5379.375 0.0 6087.59375 5370.52734375 5584.506966339019 337
3400 0.1 5380.0234375 0.0 6087.59375 5370.52734375 5583.900067030323 338
3410 0.1 5379.93359375 0.0 6087.59375 5370.52734375 5583.298661043508 339
3420 0.1 5380.171875 0.0 6087.59375 5370.52734375 5582.700528492645 340
3430 0.1 5379.55859375 0.0 6087.59375 5370.52734375 5582.10660282258 341
3440 0.1 5380.0390625 0.0 6087.59375 5370.52734375 5581.514357182016 342
3450 0.1 5379.91796875 0.0 6087.59375 5370.52734375 5580.926965652331 343
3460 0.1 5369.22265625 0.0 6087.59375 5369.22265625 5580.342637172964 344
3470 0.1 5355.65625 0.0 6087.59375 5355.65625 5579.730695199274 345
3480 0.1 5356.09765625 0.0 6087.59375 5355.65625 5579.083081195808 346
3490 0.1 5356.1875 0.0 6087.59375 5355.65625 5578.440471902016 347
3500 0.1 5356.65625 0.0 6087.59375 5355.65625 5577.8018139367805 348
3510 0.1 5356.37890625 0.0 6087.59375 5355.65625 5577.168159025787 349
3520 0.1 5356.734375 0.0 6087.59375 5355.65625 5576.537332589284 350
3530 0.1 5356.7890625 0.0 6087.59375 5355.65625 5575.911113336893 351
3540 0.1 5356.8671875 0.0 6087.59375 5355.65625 5575.288607510652 352
3550 0.1 5356.31640625 0.0 6087.59375 5355.65625 5574.669849946882 353
3560 0.1 5354.6015625 0.0 6087.59375 5354.6015625 5574.05303230932 354
3570 0.1 5341.015625 0.0 6087.59375 5341.015625 5573.434859154928 355
3580 0.1 5333.4140625 0.0 6087.59375 5333.4140625 5572.781996137638 356
3590 0.1 5334.1796875 0.0 6087.59375 5333.4140625 5572.111497724087 357
3600 0.1 5334.84765625 0.0 6087.59375 5333.4140625 5571.446883729048 358
3610 0.1 5334.70703125 0.0 6087.59375 5333.4140625 5570.787832956125 359
3620 0.1 5334.0 0.0 6087.59375 5333.4140625 5570.132052951386 360
3630 0.1 5333.12109375 0.0 6087.59375 5333.12109375 5569.477947541548 361
3640 0.1 5333.1796875 0.0 6087.59375 5333.12109375 5568.825028055936 362
3650 0.1 5332.1796875 0.0 6087.59375 5332.1796875 5568.175867338151 363
3660 0.1 5330.9140625 0.0 6087.59375 5330.9140625 5567.527526184749 364
3670 0.1 5328.125 0.0 6087.59375 5328.125 5566.879270119859 365
3680 0.1 5292.07421875 0.0 6087.59375 5292.07421875 5566.226936048493 366
3690 0.1 5281.91796875 0.0 6087.59375 5281.91796875 5565.479925919614 367
3700 0.1 5282.08984375 0.0 6087.59375 5281.91796875 5564.709377122957 368
3710 0.1 5280.6953125 0.0 6087.59375 5280.6953125 5563.943470528451 369
3720 0.1 5280.69140625 0.0 6087.59375 5280.69140625 5563.177934966212 370
3730 0.1 5275.23828125 0.0 6087.59375 5275.23828125 5562.4165157513435 371
3740 0.1 5274.859375 0.0 6087.59375 5274.859375 5561.644531249995 372
3750 0.1 5274.53515625 0.0 6087.59375 5274.53515625 5560.875670241283 373
3760 0.1 5273.09375 0.0 6087.59375 5273.09375 5560.110053893713 374
3770 0.1 5215.95703125 0.0 6087.59375 5215.95703125 5559.34467708333 375
3780 0.1 5215.08984375 0.0 6087.59375 5215.08984375 5558.4314120678155 376
3790 0.1 5214.390625 0.0 6087.59375 5214.390625 5557.52069172745 377
3800 0.1 5207.4765625 0.0 6087.59375 5207.4765625 5556.612940228171 378
3810 0.1 5179.07421875 0.0 6087.59375 5179.07421875 5555.6917360653 379
3820 0.1 5179.4453125 0.0 6087.59375 5179.07421875 5554.7006373355225 380
3830 0.1 5178.09375 0.0 6087.59375 5178.09375 5553.715715223094 381
3840 0.1 5177.546875 0.0 6087.59375 5177.546875 5552.732411649211 382
3850 0.1 5140.3828125 0.0 6087.59375 5140.3828125 5551.752814947777 383
3860 0.1 5139.23828125 0.0 6087.59375 5139.23828125 5550.681538899736 384
3870 0.1 5138.40234375 0.0 6087.59375 5138.40234375 5549.612855113633 385
3880 0.1 5136.98828125 0.0 6087.59375 5136.98828125 5548.547542908027 386
3890 0.1 5136.0390625 0.0 6087.59375 5136.0390625 5547.484082283588 387
3900 0.1 5124.34375 0.0 6087.59375 5124.34375 5546.423656974867 388
3910 0.1 5123.9296875 0.0 6087.59375 5123.9296875 5545.338618653595 389
3920 0.1 5123.4765625 0.0 6087.59375 5123.4765625 5544.258082932689 390
3930 0.1 5105.69921875 0.0 6087.59375 5105.69921875 5543.18191536125 391
3940 0.1 5061.8515625 0.0 6087.59375 5061.8515625 5542.065888073976 392
3950 0.1 5060.8828125 0.0 6087.59375 5060.8828125 5540.84396867048 393
3960 0.1 5074.94140625 0.0 6087.59375 5060.8828125 5539.625793147205 394
3970 0.1 5073.89453125 0.0 6087.59375 5060.8828125 5538.449376977845 395
3980 0.1 5055.125 0.0 6087.59375 5055.125 5537.276258680552 396
3990 0.1 5030.8125 0.0 6087.59375 5030.8125 5536.061771882868 397
4000 0.1 5030.39453125 0.0 6087.59375 5030.39453125 5534.792301350499 398
4010 0.1 5029.625 0.0 6087.59375 5029.625 5533.528146538217 399
4020 0.1 5029.765625 0.0 6087.59375 5029.625 5532.268388671871 400
4030 0.1 4996.53515625 0.0 6087.59375 4996.53515625 5531.0152645729395 401
4040 0.1 4980.59375 0.0 6087.59375 4980.59375 5529.685712064673 402
4050 0.1 4981.5625 0.0 6087.59375 4980.59375 5528.323200992552 403
4060 0.1 4982.01953125 0.0 6087.59375 4980.59375 5526.969832920789 404
4070 0.1 4982.15625 0.0 6087.59375 4980.59375 5525.624276620367 405
4080 0.1 4980.83984375 0.0 6087.59375 4980.59375 5524.285685421794 406
4090 0.1 4968.99609375 0.0 6087.59375 4968.99609375 5522.95043765356 407
4100 0.1 4969.01171875 0.0 6087.59375 4968.99609375 5521.592706418502 408
4110 0.1 4968.16796875 0.0 6087.59375 4968.16796875 5520.24165265892 409
4120 0.1 4966.8046875 0.0 6087.59375 4966.8046875 5518.8951314786555 410
4130 0.1 4967.10546875 0.0 6087.59375 4966.8046875 5517.551845726883 411
4140 0.1 4899.33984375 0.0 6087.59375 4899.33984375 5516.215810831307 412
4150 0.1 4900.28125 0.0 6087.59375 4899.33984375 5514.72216442191 413
4160 0.1 4900.3046875 0.0 6087.59375 4899.33984375 5513.238007623789 414
4170 0.1 4900.45703125 0.0 6087.59375 4899.33984375 5511.761059864454 415
4180 0.1 4900.28515625 0.0 6087.59375 4899.33984375 5510.291579026439 416
4190 0.1 4900.50390625 0.0 6087.59375 4899.33984375 5508.828733887886 417
4200 0.1 4892.609375 0.0 6087.59375 4892.609375 5507.373411333729 418
4210 0.1 4839.83203125 0.0 6087.59375 4839.83203125 5505.906194063243 419
4220 0.1 4840.69921875 0.0 6087.59375 4839.83203125 5504.320303199402 420
4230 0.1 4840.859375 0.0 6087.59375 4839.83203125 5502.744006086695 421
4240 0.1 4839.7421875 0.0 6087.59375 4839.7421875 5501.175559093598 422
4250 0.1 4840.09765625 0.0 6087.59375 4839.7421875 5499.6118868203275 423
4260 0.1 4840.015625 0.0 6087.59375 4839.7421875 5498.05642872936 424
4270 0.1 4820.39453125 0.0 6087.59375 4820.39453125 5496.508097426467 425
4280 0.1 4791.15625 0.0 6087.59375 4791.15625 5494.920976379105 426
4290 0.1 4791.07421875 0.0 6087.59375 4791.07421875 5493.272815427397 427
4300 0.1 4791.25390625 0.0 6087.59375 4791.07421875 5491.632164500581 428
4310 0.1 4791.6328125 0.0 6087.59375 4791.07421875 5489.999581148016 429
4320 0.1 4790.77734375 0.0 6087.59375 4790.77734375 5488.375472383717 430
4330 0.1 4791.37109375 0.0 6087.59375 4790.77734375 5486.756915240716 431
4340 0.1 4791.33984375 0.0 6087.59375 4790.77734375 5485.147225839117 432
4350 0.1 4765.9453125 0.0 6087.59375 4765.9453125 5483.5448993215905 433
4360 0.1 4765.58984375 0.0 6087.59375 4765.58984375 5481.891444052416 434
4370 0.1 4765.5234375 0.0 6087.59375 4765.5234375 5480.244773706893 435
4380 0.1 4766.02734375 0.0 6087.59375 4765.5234375 5478.605504587153 436
4390 0.1 4765.53125 0.0 6087.59375 4765.5234375 5476.9748909467935 437
4400 0.1 4765.765625 0.0 6087.59375 4765.5234375 5475.350590396686 438
4410 0.1 4766.703125 0.0 6087.59375 4765.5234375 5473.734223732912 439
4420 0.1 4691.44140625 0.0 6087.59375 4691.44140625 5472.127334872156 440
4430 0.1 4675.34375 0.0 6087.59375 4675.34375 5470.357071995461 441
4440 0.1 4675.5234375 0.0 6087.59375 4675.34375 5468.558399321264 442
4450 0.1 4675.7578125 0.0 6087.59375 4675.34375 5466.768252680584 443
4460 0.1 4674.53125 0.0 6087.59375 4674.53125 5464.986697635132 444
4470 0.1 4674.30859375 0.0 6087.59375 4674.30859375 5463.210393258424 445
4480 0.1 4673.82421875 0.0 6087.59375 4673.82421875 5461.441555142934 446
4490 0.1 4672.80078125 0.0 6087.59375 4672.80078125 5459.6795476789675 447
4500 0.1 4650.90234375 0.0 6087.59375 4650.90234375 5457.923121861046 448
4510 0.1 4612.22265625 0.0 6087.59375 4612.22265625 5456.12574819042 449
4520 0.1 4614.03515625 0.0 6087.59375 4612.22265625 5454.250407986108 450
4530 0.1 4614.0859375 0.0 6087.59375 4612.22265625 5452.387402993345 451
4540 0.1 4613.58203125 0.0 6087.59375 4612.22265625 5450.532753733404 452
4550 0.1 4613.23046875 0.0 6087.59375 4612.22265625 5448.685180394588 453
4560 0.1 4612.9609375 0.0 6087.59375 4612.22265625 5446.844971778632 454
4570 0.1 4612.12890625 0.0 6087.59375 4612.12890625 5445.0122596153815 455
4590 0.1 4611.0859375 0.0 6087.59375 4611.0859375 5443.18576103344 456
4600 0.1 4560.82421875 0.0 6087.59375 4560.82421875 5441.3649736734105 457
4610 0.1 4544.38671875 0.0 6087.59375 4544.38671875 5439.442395605892 458
4620 0.1 4544.97265625 0.0 6087.59375 4544.38671875 5437.492383238015 459
4630 0.1 4545.09375 0.0 6087.59375 4544.38671875 5435.5521229619535 460
4640 0.1 4544.33984375 0.0 6087.59375 4544.33984375 5433.620542977221 461
4650 0.1 4545.75390625 0.0 6087.59375 4544.33984375 5431.695692978893 462
4660 0.1 4545.05078125 0.0 6087.59375 4544.33984375 5429.782211798053 463
4670 0.1 4545.359375 0.0 6087.59375 4544.33984375 5427.875463025321 464
4680 0.1 4544.65625 0.0 6087.59375 4544.33984375 5425.977578965051 465
4690 0.1 4543.8671875 0.0 6087.59375 4543.8671875 5424.086331478002 466
4700 0.1 4529.00390625 0.0 6087.59375 4529.00390625 5422.201493910597 467
4710 0.1 4529.16796875 0.0 6087.59375 4529.00390625 5420.292952056621 468
4720 0.1 4529.9296875 0.0 6087.59375 4529.00390625 5418.3928987873105 469
4730 0.1 4530.05078125 0.0 6087.59375 4529.00390625 5416.502551529253 470
4740 0.1 4529.28125 0.0 6087.59375 4529.00390625 5414.620488322715 471
4750 0.1 4528.81640625 0.0 6087.59375 4528.81640625 5412.744769597454 472
4760 0.1 4528.5078125 0.0 6087.59375 4528.5078125 5410.875999273253 473
4770 0.1 4528.43359375 0.0 6087.59375 4528.43359375 5409.014463014238 474
4772 0.1 4528.8125 0.0 6087.59375 4528.43359375 5407.160608552628 475
