10 1.5 4196.6984375 2036.9086645809714 7199.553955078125 829.967041015625 0 0
20 3.3 560.5075831557765 780.6234877848331 7199.553955078125 130.83984375 4196.6984375 15
30 9.2 1725.8240329908292 2583.4424115590946 8577.614013671875 92.532958984375 1696.8172251383464 48
40 6.6 143.56798946496212 58.65293483633559 8577.614013671875 80.291015625 1715.8788417271207 140
50 7.2 130.88632541232639 33.089300260168706 8577.614013671875 80.291015625 1212.1287628470116 206
60 7 130.09567173549107 28.75882074288936 8577.614013671875 80.291015625 932.0947502739996 278
70 5.7 119.78707939281799 25.884417067993848 8577.614013671875 77.06689453125 770.7730965449892 348
80 5.6 104.88194928850446 32.51086909131089 8577.614013671875 70.85302734375 679.1528422791281 405
90 4.5 104.67120225694444 28.534538348071166 8577.614013671875 69.617919921875 609.3932544104189 461
100 4.3 93.53650753997094 18.240826542626852 8577.614013671875 69.617919921875 564.5069058987463 506
110 6.1 107.15523341444673 25.38142498037627 8577.614013671875 69.617919921875 527.6185140418659 549
120 6.4 115.03932571411133 30.692936702033773 8577.614013671875 69.239013671875 485.57218597912396 610
130 5.9 109.1941786943856 35.68002492219047 8577.614013671875 69.239013671875 450.38805681449367 674
140 10.4 117.6642714280349 32.72567554329183 8577.614013671875 69.239013671875 422.92497521956005 733
150 10.2 111.88897824754902 27.946340442412826 8577.614013671875 66.679931640625 384.99532982610884 837
160 12.6 110.35019453745039 28.100021041616873 8577.614013671875 65.2080078125 355.32882518179247 939
170 9.8 113.03129733338648 43.398027973231244 8577.614013671875 63.289794921875 326.34543789429284 1065
180 13.2 111.62747839725378 29.814937154708762 8577.614013671875 63.289794921875 308.3705576062715 1163
190 12.2 102.89468934106046 29.971142414287208 8577.614013671875 61.050048828125 288.3164367911438 1295
200 11.7 109.00671908386751 31.28313794655221 8577.614013671875 61.050048828125 272.3521084997464 1417
210 10.2 96.14590992647061 25.6743401665129 8577.614013671875 61.050048828125 259.89356184938276 1534
220 9.4 98.2528102144282 26.031297128187155 8577.614013671875 61.050048828125 249.68435616714743 1636
230 12.1 102.38448516593489 24.274608349249313 8577.614013671875 61.050048828125 241.45628372809793 1730
240 9.8 94.56294842155614 25.410830086287618 8577.614013671875 59.534912109375 232.36515048875611 1851
250 14.1 103.36569322085549 29.133191397700106 8577.614013671875 59.534912109375 225.43615315546438 1949
260 18 108.98939344618053 30.451629790810717 8577.614013671875 59.224853515625 217.20077762877546 2090
270 17.7 109.82519117452331 29.53815278255092 8577.614013671875 59.224853515625 208.62013923544194 2270
280 18.1 109.01446229713397 28.682601384103187 8577.614013671875 59.031982421875 201.47395786773347 2447
290 17.6 108.05194646661931 28.761731485269014 8577.614013671875 59.031982421875 195.10593324890604 2628
300 12.3 92.32507423462906 22.90677374219381 8577.614013671875 58.218994140625 189.64177430679388 2804
310 15.5 104.28966418850804 32.42959416167569 8577.614013671875 57.9150390625 185.55227854018085 2927
320 14 96.20873325892856 26.685309570170954 8577.614013671875 57.9150390625 181.46541766266324 3082
330 16.2 95.66421772521218 24.356539958722415 8577.614013671875 57.642822265625 177.76090623605776 3222
340 18.2 98.92184548849586 23.95152119217734 8577.614013671875 56.493896484375 173.83074561585772 3384
350 15.6 93.56210092397835 22.117094671999673 8577.614013671875 56.453125 170.0075768488415 3566
360 18 93.52588026258685 19.939317554073526 8577.614013671875 56.2470703125 166.80352143662262 3722
370 22 102.55743519176139 32.44449729350295 8577.614013671875 56.2470703125 163.42320995242824 3902
380 22 96.59366455078128 26.221528860935965 8577.614013671875 56.166015625 160.1746727259977 4122
390 25.7 106.64421301222033 35.81981732258294 8577.614013671875 56.166015625 156.95315688109957 4342
400 25.8 96.48449990915695 22.58075653212681 8577.614013671875 56.13818359375 154.14180689755926 4599
410 23.8 101.512507590927 22.52589007711284 8577.614013671875 55.541015625 151.07909633486463 4857
420 23.7 105.21208300369199 36.42680776142454 8577.614013671875 55.467041015625 148.76371888225282 5095
430 24.7 113.73404288967609 52.750337623568974 8577.614013671875 55.467041015625 146.82790911045632 5332
440 25 127.77156542968761 90.13030200925992 8577.614013671875 55.467041015625 145.36273883683512 5579
450 23.9 101.02368776967835 24.68170079741355 8577.614013671875 55.263916015625 144.6082709432364 5829
460 22.6 102.62767906526545 30.61825157455978 8577.614013671875 55.263916015625 142.89160723551055 6068
470 19.5 97.47950470753207 23.7483208930937 8577.614013671875 54.910888671875 141.44584178166951 6294
480 23.3 90.89796493595762 20.58485218794039 8577.614013671875 54.47705078125 140.1246157484661 6489
490 27.3 101.24679844894689 34.725331356160744 8577.614013671875 54.47705078125 138.41830666793734 6722
500 24.8 93.9594529674899 21.69672442227447 8577.614013671875 54.47705078125 136.9675816152162 6995
510 25.4 93.37351401021162 22.11927280285597 8577.614013671875 54.47705078125 135.4949851904425 7243
520 26.2 97.4144138015863 27.31498617896919 8577.614013671875 54.47705078125 134.0679005326089 7497
530 32.1 102.14592460085667 26.322136329816097 8577.614013671875 54.451171875 132.8302135209414 7759
540 26.2 99.13653611044853 31.296430767924512 8577.614013671875 53.571044921875 131.61119659725983 8080
550 26.8 148.2150769589551 86.08426554559968 8577.614013671875 53.571044921875 130.59125401184332 8342
560 25.5 113.0775687423407 51.03538757074219 8577.614013671875 53.06787109375 131.13982364596944 8610
570 26.9 206.95317763998605 162.46696026169604 8577.614013671875 53.06787109375 130.62026639831853 8865
580 27.1 134.55392805148745 87.87975827716718 8577.614013671875 52.949951171875 132.8683015553153 9134
590 29.1 153.39873449581185 120.6460428624055 8577.614013671875 52.949951171875 132.91687197322733 9405
600 29 108.9337511786099 47.45219061776707 8577.614013671875 52.938232421875 133.53158133730244 9696
610 34 315.6071382410387 336.8225427189676 8577.614013671875 52.938232421875 132.8172441906951 9986
620 44 775.9560596812858 727.7564037799705 8577.614013671875 52.938232421875 138.83589264867658 10326
630 40.8 813.3389515596276 796.5998144263315 8577.614013671875 52.8818359375 164.874613946684 10766
640 43.2 908.2555033365888 884.0095717486879 8577.614013671875 52.8818359375 188.55220923450224 11174
650 44.3 835.1689579879729 784.4731853330666 8577.614013671875 52.8818359375 215.341096280177 11606
660 41.1 932.4945855430733 928.2330126978419 8577.614013671875 52.8818359375 238.13002006941707 12049
670 43.7 1268.9487025350393 1106.346971213637 8577.614013671875 52.8818359375 261.0340197812688 12460
680 45.8 1223.5601508128073 1086.7549648387385 8577.614013671875 52.8818359375 295.1860486533629 12897
690 42.9 1190.8598132011223 1071.2867853658806 8577.614013671875 52.820068359375 327.023962452616 13355
700 44.6 1228.470258088391 1106.6067667594216 8577.614013671875 52.820068359375 353.9091612317156 13784
710 48.4 1122.3993565583037 1034.2469330746412 8577.614013671875 52.820068359375 381.3198604023465 14230
720 45.7 1014.2951157985159 930.2111761959065 8577.614013671875 52.820068359375 405.6968127021618 14714
730 36.7 725.2181958606519 761.8525596814277 8577.614013671875 52.820068359375 424.0297785261045 15171
740 41.1 1089.2074832962676 1032.4693257339352 8577.614013671875 52.3349609375 431.1437024005915 15538
750 42.2 803.4043541496965 781.0442109590762 8577.614013671875 52.3349609375 448.1017696115842 15949
760 37.8 765.6828232215195 718.9964818886448 8577.614013671875 52.3349609375 457.2605070543234 16371
770 43.5 851.4110963317172 772.439315048619 8577.614013671875 51.695068359375 464.2211396599237 16749
780 42.4 1016.9376905909124 958.9987088370602 8577.614013671875 51.695068359375 474.02256139829836 17184
790 47 1366.9393772855713 1187.6178229466468 8577.614013671875 51.695068359375 487.0959379758579 17608
800 44.3 1504.725265744039 1337.025710219806 8577.614013671875 51.695068359375 509.9705046577677 18078
810 45.1 1379.662410896792 1214.3079776336715 8577.614013671875 51.695068359375 533.7638397455718 18521
820 44.1 1345.576797450752 1256.1886905374756 8577.614013671875 51.695068359375 553.8724342843236 18972
830 43.2 1306.8416589807582 1228.986132211367 8577.614013671875 50.343017578125 571.8573734568572 19413
840 49.4 1300.5528722600907 1091.544859331642 8577.614013671875 50.343017578125 587.8570313730238 19845
850 41 1311.2169463366997 1205.8267562481064 8577.614013671875 50.343017578125 605.1672110966194 20339
860 48 1206.2052001953118 1087.0224323058264 8577.614013671875 50.343017578125 619.1187456982115 20749
870 42.9 1053.664596308639 972.9803213571547 8577.614013671875 50.031982421875 632.3931108665477 21229
880 43.9 980.3517032006342 924.8078744411945 8577.614013671875 50.031982421875 640.7376240835879 21658
890 45.9 1072.8671954784506 966.5666206608516 8577.614013671875 50.031982421875 647.4847201026123 22097
900 49.2 1016.3778775843178 987.7893361926527 8577.614013671875 50.031982421875 656.1409781358411 22556
910 43.6 1080.6639197113325 992.3564400384225 8577.614013671875 50.031982421875 663.8308668259076 23048
920 51 844.0641591988358 798.5467412953686 8577.614013671875 50.031982421875 671.5697192811131 23484
930 35.1 1160.6783311631946 1141.290718669134 8577.614013671875 50.031982421875 675.2361427352282 23994
940 43.4 1204.504337152577 1129.2481552454324 8577.614013671875 50.031982421875 682.2351243798458 24345
950 47.5 1150.4333542351976 1006.8094701304689 8577.614013671875 50.031982421875 691.3825814339386 24779
960 43.5 1001.6332115436422 926.8461766895675 8577.614013671875 50.031982421875 700.0168222306678 25254
970 44.5 1202.4852193425208 1052.2822811061226 8577.614013671875 50.031982421875 705.1241883932722 25689
980 42.3 1024.1282275044323 966.4312885103818 8577.614013671875 50.031982421875 713.5930664361441 26134
990 43.1 752.0449105459688 768.663747324868 8577.614013671875 50.031982421875 718.5392716977282 26557
1000 42.6 846.2513754401404 765.1044149121882 8577.614013671875 49.929931640625 719.0743587861967 26988
1010 45.6 937.3296492727177 904.7863388871222 8577.614013671875 49.929931640625 721.0506267184423 27414
1020 41.5 965.9403432087726 885.1384186819679 8577.614013671875 49.77001953125 724.5893147085661 27870
1030 40.4 1107.7170585405715 1024.4123204679258 8577.614013671875 49.77001953125 728.1304381601336 28285
1040 44.9 953.4121001313683 914.5498241733889 8577.614013671875 49.77001953125 733.4757968214218 28689
1050 44.2 1154.455058792597 1038.1370483433184 8577.614013671875 49.77001953125 736.8648901080635 29138
1060 47.6 1223.708093979778 1095.8749289085952 8577.614013671875 49.77001953125 743.1047432033496 29580
1070 44.1 1040.4428528247224 977.898696436546 8577.614013671875 49.77001953125 750.7161084871392 30056
1080 46 1079.3187531844426 1031.2849437244415 8577.614013671875 49.77001953125 754.9056843225616 30497
1090 43.3 789.8693001903503 784.1564366316754 8577.614013671875 49.77001953125 759.7262422473109 30957
1100 44.4 1044.3443070145343 945.5681088632205 8577.614013671875 49.77001953125 760.1420416767259 31390
1110 44.7 1066.6831366007748 958.3976617052647 8577.614013671875 49.77001953125 764.1059106787359 31834
1120 42.2 1081.176966662657 1002.0048087994675 8577.614013671875 49.77001953125 768.295744326614 32281
1130 43.6 1220.9488150220402 1075.685226838132 8577.614013671875 49.77001953125 772.3331682885076 32703
1140 45.7 1315.3677933106542 1177.023920271681 8577.614013671875 49.77001953125 778.2354713747752 33139
1150 42.8 1272.2366983288916 1117.0762665230604 8577.614013671875 49.77001953125 785.541980218825 33596
1160 47.6 1372.9410067005313 1226.118005726378 8577.614013671875 49.77001953125 791.6642862190339 34024
1170 51.1 1372.7461993372356 1169.2535200622233 8577.614013671875 49.77001953125 799.6842201016192 34500
1180 37.7 992.8808166342014 960.7524004648342 8577.614013671875 49.77001953125 808.0482962888004 35011
1190 42.3 989.2682990035828 964.21063536222 8577.614013671875 49.77001953125 810.0173779031956 35388
1200 45.4 1237.9760150657348 1087.2613517517132 8577.614013671875 49.77001953125 812.1346921257938 35811
1210 46.1 1505.1672395056603 1303.4724667464259 8577.614013671875 49.77001953125 817.46578162296 36265
1220 55.9 1875.7430177528229 1495.5983297722912 8577.614013671875 49.77001953125 826.0980958440547 36726
1230 53 1762.5944732090213 1558.7803006022411 8577.614013671875 49.77001953125 841.8350278903737 37285
1240 58.7 2209.6411889773244 1713.9921946308723 8577.614013671875 49.77001953125 854.7400260662002 37815
1250 61.5 1934.0270690421748 1569.3860189427417 8577.614013671875 49.77001953125 875.4505875637481 38402
1260 56.4 1939.613941382009 1561.9492562492724 8577.614013671875 49.77001953125 892.1362511490886 39017
1270 60.5 2141.1723071894367 1684.992327162265 8577.614013671875 49.77001953125 907.0620341583954 39581
1280 62.1 2122.803901610938 1631.955879321373 8577.614013671875 49.77001953125 925.6415572555878 40186
1290 61 2275.8719106205194 1741.57735888245 8577.614013671875 49.77001953125 943.859946645758 40807
1300 61.1 1987.1731188785034 1654.171888849659 8577.614013671875 49.77001953125 963.4781540973987 41417
1310 48.9 2274.51280215523 1858.9453341226317 8577.614013671875 49.77001953125 978.3605568641555 42028
1320 63.2 2199.4988395594332 1716.1086921857252 8577.614013671875 49.77001953125 993.2679691450627 42517
1330 61.7 2238.25744332139 1781.4066942518027 8577.614013671875 49.77001953125 1010.9355375731117 43149
1340 59.3 2651.1415122226745 1948.9631452086974 8577.614013671875 49.77001953125 1028.2379553368253 43766
1350 58 2018.1543465449897 1745.0030061133634 8577.614013671875 49.77001953125 1049.9332552586745 44359
1360 63.7 2130.773926931046 1617.5683141984375 8577.614013671875 49.77001953125 1062.429488662757 44939
1370 50.9 1886.5584680823301 1585.2515005639837 8577.614013671875 49.77001953125 1077.3613696346918 45576
1380 55.8 1909.7018417303707 1585.798635599749 8577.614013671875 49.77001953125 1086.2987966306741 46085
1390 60 2056.565973307291 1593.0088346783864 8577.614013671875 49.77001953125 1096.1493401026985 46643
1400 58.7 1702.9873941086817 1440.8725846226557 8577.614013671875 49.77001953125 1108.3469139215235 47243
1410 51.1 1862.2717428487344 1561.4258330834828 8577.614013671875 49.77001953125 1115.6447178493902 47830
1420 56.3 2136.4689416699052 1717.827933465037 8577.614013671875 49.77001953125 1123.5371158091898 48341
1430 59.1 2121.7093916891386 1672.7988536303505 8577.614013671875 49.77001953125 1135.1983422520082 48904
1440 60.8 1953.3742286280567 1626.9018500885086 8577.614013671875 49.77001953125 1146.9778761487119 49495
1450 63.8 1834.6137220807207 1443.0250242557668 8577.614013671875 49.77001953125 1156.763497415052 50103
1460 56.5 2279.651905593201 1793.1984022222148 8577.614013671875 49.77001953125 1165.2865545746802 50741
1470 60.6 2272.7232754647525 1731.7881274328506 8577.614013671875 49.77001953125 1177.5583439039099 51306
1480 56.4 2226.432947037066 1751.9571464928229 8577.614013671875 49.77001953125 1190.3428628691947 51912
1490 56.6 2341.1299867663693 1709.922303746002 8577.614013671875 49.77001953125 1201.4785212172144 52476
1500 64 2361.8452865600593 1820.2118291132397 8577.614013671875 49.77001953125 1213.6395017515235 53042
1510 55.7 2114.9836294287206 1724.8257043401302 8577.614013671875 49.77001953125 1227.3284794773433 53682
1520 59.5 2083.08627478335 1691.6779921451753 8577.614013671875 49.77001953125 1236.4441327623028 54239
1530 53.9 1967.1578326110273 1538.1582524648006 8577.614013671875 49.77001953125 1245.6309889920603 54834
1540 55 1660.9642018821014 1479.2819874268746 8577.614013671875 49.77001953125 1252.6543210981522 55373
1550 60.9 1895.4723708179392 1517.6607643300365 8577.614013671875 49.77001953125 1256.6700290256806 55923
1560 65.9 2239.486498541823 1735.7542110293775 8577.614013671875 49.77001953125 1263.5516292901589 56532
1570 56.4 2175.654173938939 1723.876597754507 8577.614013671875 49.77001953125 1274.797123840645 57191
1580 58.5 2282.7701868823433 1773.5519747254666 8577.614013671875 49.77001953125 1283.5943427178927 57755
1590 62.9 1929.4373024362824 1565.002705837322 8577.614013671875 49.77001953125 1293.613503993796 58340
1600 58.5 1961.454789329594 1523.4570594120523 8577.614013671875 49.77001953125 1300.3955957576097 58969
1610 52.9 1822.4967292540466 1556.6340752858953 8577.614013671875 49.52099609375 1306.8891919600412 59554
1620 54 2104.032526312932 1640.3218592240835 8577.614013671875 49.52099609375 1311.4288518842882 60083
1630 58 2219.386893436828 1699.3396101760607 8577.614013671875 49.52099609375 1318.4889773183886 60623
1640 64.1 2159.8462748177894 1742.9204337878036 8577.614013671875 49.52099609375 1327.0264802406095 61203
1650 59.5 1941.9451643743434 1565.294528924248 8577.614013671875 49.52099609375 1335.6584815394256 61844
1660 59.4 1990.8475292475537 1594.3935778729312 8577.614013671875 49.52099609375 1341.4359695883497 62439
1670 62.6 2172.449083029651 1700.66839141219 8577.614013671875 49.52099609375 1347.5557872463633 63033
1680 56 2251.8907841273717 1876.1715597952218 8577.614013671875 49.52099609375 1355.6674949885573 63659
1690 62.2 2291.6851712438465 1748.2905744912255 8577.614013671875 49.52099609375 1363.482706093024 64219
1700 58.2 2104.4990876187967 1676.0972907184212 8577.614013671875 49.52099609375 1372.3866701485415 64841
1710 60 2281.217969156899 1796.9543455471264 8577.614013671875 49.52099609375 1378.8995085535014 65423
1720 58.7 2117.912769012192 1791.2284634141286 8577.614013671875 49.52099609375 1387.0995460610675 66023
1730 62.7 2577.1650741066082 1926.445074684816 8577.614013671875 49.52099609375 1393.5398307311216 66610
1740 60.8 2181.728141383122 1762.4581197318143 8577.614013671875 49.52099609375 1404.5773997421786 67237
1750 61.7 2146.5279962425325 1727.1324894402453 8577.614013671875 49.52099609375 1411.5419166692577 67845
1760 66.6 2157.983752184804 1709.4237574452611 8577.614013671875 49.52099609375 1418.1658308274289 68462
1770 56.2 2135.0747109409745 1723.0914832803574 8577.614013671875 49.385009765625 1425.2934598001175 69128
1780 60.4 2061.6713745925617 1754.50321704024 8577.614013671875 49.385009765625 1431.017337876472 69690
1790 58.4 2074.849667483813 1627.4973523059757 8577.614013671875 49.385009765625 1436.4362219658185 70294
1800 54.9 1829.429261921534 1502.4509191868267 8577.614013671875 49.385009765625 1441.6964360263523 70878
1810 61.4 2057.9654942615043 1538.1917559821168 8577.614013671875 49.27685546875 1444.676616090144 71427
1820 69.8 2135.8458871048997 1603.3324478675913 8577.614013671875 49.27685546875 1449.903630862249 72041
1830 64.9 2513.0467632746313 1912.4856372721983 8577.614013671875 49.27685546875 1456.485900275595 72739
1840 71.5 2789.4396771197553 1946.8813787770735 8577.614013671875 49.27685546875 1465.829498685231 73388
1850 72.5 2682.6187617861 1976.2712613749748 8577.614013671875 49.27685546875 1478.6006587945476 74103
1860 68.3 2918.604992979617 2094.61830762221 8577.614013671875 49.27685546875 1490.2662535541144 74828
1870 73 2472.0604167781466 1870.5639597488164 8577.614013671875 49.27685546875 1503.1856342937103 75511
1880 73.1 2562.015020827096 1884.5884359260333 8577.614013671875 49.27685546875 1512.462514072486 76241
1890 69.4 2942.6324336247053 2145.211901120579 8577.614013671875 49.27685546875 1522.4300721772204 76972
1900 72.7 2745.66772259446 1932.7382636654581 8577.614013671875 49.27685546875 1535.1205730250115 77666
1910 75.6 3072.941122065143 2135.769941280741 8577.614013671875 49.27685546875 1546.3469296861547 78393
1920 77.3 2638.7636917726218 1950.332949628626 8577.614013671875 49.27685546875 1560.9283547128575 79149
1930 72.2 2810.6221869724923 1987.825506716608 8577.614013671875 49.27685546875 1571.3531027865693 79922
1940 75.5 2913.4738475269014 2014.447827552667 8577.614013671875 49.27685546875 1582.4481908127366 80644
1950 74.9 3232.848510253255 2250.4083931090813 8577.614013671875 49.27685546875 1594.7938507203423 81399
1960 78.4 3145.251249040877 2165.446527820395 8577.614013671875 49.27685546875 1609.7291253465066 82148
1970 72.9 2821.0289753729458 2021.4059524258967 8577.614013671875 49.27685546875 1624.2452270319404 82932
1980 66.6 2937.7615915476026 2098.042631336333 8577.614013671875 49.27685546875 1634.6736865595649 83661
1990 74.1 3280.610674777012 2169.4468115474115 8577.614013671875 49.27685546875 1644.9652485115143 84327
2000 75.6 3231.3649091771053 2223.750983821073 8577.614013671875 49.27685546875 1659.2128299858964 85068
2010 79.2 2714.1758580063356 1919.096582845265 8577.614013671875 49.27685546875 1673.061485045886 85824
2020 70.4 2782.964104739101 1949.851279902127 8577.614013671875 49.27685546875 1682.5812340920747 86616
2030 74.4 3005.2284913421986 2152.9418455250025 8577.614013671875 49.27685546875 1691.45285045643 87320
2040 68.9 3432.822364840348 2368.322236769689 8577.614013671875 49.27685546875 1702.5521541085354 88064
2050 69.2 3220.968698843368 2332.0707328679996 8577.614013671875 49.27685546875 1715.9844456952335 88753
2060 74.6 3131.4025034559318 2125.2013593835186 8577.614013671875 49.1708984375 1727.6279037217137 89445
2070 77.7 3074.6673720665412 2181.6561784792143 8577.614013671875 49.1708984375 1739.2389940899513 90191
2080 74.3 2780.2936029241646 1978.9415184399952 8577.614013671875 49.1708984375 1750.6455090148459 90968
2090 76.6 3013.6522688504624 2074.929246133349 8577.614013671875 49.1708984375 1758.987240473173 91711
2100 70.4 3114.444066481157 2194.3537659889785 8577.614013671875 49.1708984375 1769.3798074004847 92477
2110 73.5 3400.594705968325 2303.921105194364 8577.614013671875 49.1708984375 1779.5420211392595 93181
2120 82.7 3336.091707425653 2251.5057167304726 8577.614013671875 49.1708984375 1792.2286104674822 93916
2130 75.1 2885.7043609822304 2063.3481806530453 8577.614013671875 49.1708984375 1805.7048016497797 94743
2140 79.7 2829.356484522036 2055.705070078805 8577.614013671875 49.1708984375 1814.1983161015637 95494
2150 73.7 2699.0631850513064 1975.7865382447987 8577.614013671875 49.1708984375 1822.6007738622177 96291
2160 70.1 2905.6402917010273 2064.6896353227653 8577.614013671875 49.1708984375 1829.2581593287464 97028
2170 72.2 2986.4769686120394 2062.038141606861 8577.614013671875 49.1708984375 1836.9789369361401 97729
2180 78.8 3400.185941589665 2220.684007567906 8577.614013671875 49.1708984375 1845.4088927402456 98451
2190 72.9 3265.304291650593 2210.9722419223676 8577.614013671875 49.1708984375 1857.7544858487347 99239
2200 78.8 3103.200944774646 2087.8365868110923 8577.614013671875 48.70703125 1868.0188085162838 99968
2210 67.4 3088.132508229785 2202.7753732873803 8577.614013671875 48.662109375 1877.6790126070734 100756
2220 70.6 3006.328258481985 2117.74687851989 8577.614013671875 48.662109375 1885.7224480408672 101430
2230 70.3 3011.7764109452764 2188.641971680693 8577.614013671875 48.662109375 1893.468470032833 102136
2240 74.5 2952.514200136324 2102.0895162681427 8577.614013671875 48.662109375 1901.1131426031754 102839
2250 77.2 3106.759861447033 2150.920463601 8577.614013671875 48.662109375 1908.67506131516 103584
2260 66.4 3013.2946946477336 2157.7735679303096 8577.614013671875 48.662109375 1917.538197749115 104356
2270 73.3 2775.8788992555224 2004.3710451593236 8577.614013671875 48.55322265625 1924.4662334941224 105020
2280 75.5 2938.325797418252 2100.508088304362 8577.614013671875 48.55322265625 1930.367583659159 105753
2290 78.3 2752.1013274016227 2025.8496716458444 8577.614013671875 48.55322265625 1937.5126662012037 106508
2300 75.3 2524.234708950654 1851.407640778399 8577.614013671875 48.55322265625 1943.457460468383 107291
2310 67 2720.232300897856 1971.6804631639807 8577.614013671875 48.55322265625 1947.5051194601563 108044
2320 71.2 3279.8037640860894 2198.2204925078504 8577.614013671875 48.55322265625 1952.2674059325816 108714
2330 70.1 3220.2941981599947 2323.456155278619 8577.614013671875 48.55322265625 1960.905260619816 109426
2340 75.2 3193.9284086836137 2243.330535012901 8577.614013671875 48.55322265625 1968.9217474506174 110127
2350 73.8 3123.8445697567354 2216.2354643752033 8577.614013671875 48.55322265625 1977.2299483655536 110879
2360 75.6 2992.993037471066 2132.665083159401 8577.614013671875 48.55322265625 1984.8112450370884 111617
2370 76.9 3348.0657122429675 2294.232860658144 8577.614013671875 48.55322265625 1991.5938835274737 112373
2380 84.2 2840.7234739181285 1989.6626765838698 8577.614013671875 48.55322265625 2000.8135087443006 113142
2390 77 2625.301226727375 1899.520540508498 8577.614013671875 48.55322265625 2007.0179250718234 113984
2400 68.9 2627.3211143726194 1957.4050981072455 8577.614013671875 48.55322265625 2011.1666095819473 114754
2410 70.5 2600.061426473851 1924.023233900538 8577.614013671875 48.55322265625 2014.844012748885 115443
2420 74.8 3093.5054530179423 2088.6607905947303 8577.614013671875 48.55322265625 2018.396189942432 116148
2430 89.7 3361.9038148537666 2182.2645473616353 8577.614013671875 48.55322265625 2025.2756531300558 116896
2440 85.6 3297.1060822388854 2250.901114885257 8577.614013671875 48.55322265625 2035.4541481260758 117793
2450 80.5 3585.481099269701 2354.5199520179453 8577.614013671875 48.55322265625 2044.5564082007545 118649
2460 88.6 3627.6169629236915 2270.4267849291837 8577.614013671875 48.55322265625 2054.9406931666035 119454
2470 80.5 4018.3681540542507 2604.6555711141295 8577.614013671875 48.55322265625 2066.5194797297145 120340
2480 88.3 4042.606343840684 2475.301410882005 8577.614013671875 48.55322265625 2079.4893768185852 121145
2490 81.5 4233.757513540066 2628.69264877989 8577.614013671875 48.55322265625 2093.6945779353823 122028
2500 90.3 3882.5670280921227 2486.766172009026 8577.614013671875 48.55322265625 2107.8927926689676 122843
2510 88.2 4180.030318279658 2594.287746741586 8577.614013671875 48.55322265625 2120.842955377961 123746
2520 84.9 3863.541707212989 2484.041960365499 8577.614013671875 48.55322265625 2135.4159506445085 124628
2530 88.1 4106.526615762005 2548.551140932869 8577.614013671875 48.55322265625 2147.1087610187333 125477
2540 82.4 3979.0912881499357 2592.3168191974255 8577.614013671875 48.55322265625 2160.7703188942046 126358
2550 86.3 3636.3930409454665 2321.4586204927946 8577.614013671875 48.55322265625 2172.5510463451546 127182
2560 85.3 3970.1399432380204 2507.7664193742817 8577.614013671875 48.55322265625 2182.417075017419 128045
2570 91.7 3842.0043498031964 2372.426138864873 8577.614013671875 48.55322265625 2194.2475736022857 128898
2580 80.5 3548.4628396739126 2404.8337655756427 8577.614013671875 48.55322265625 2205.8871604279702 129815
2590 91.7 3897.4852583790553 2383.851611572231 8577.614013671875 48.55322265625 2214.161340659122 130620
2600 86.2 3539.807569888794 2315.6546541307534 8577.614013671875 48.55322265625 2225.8965028762104 131537
2610 88.9 3624.6660082101553 2430.673682831288 8577.614013671875 48.55322265625 2234.4508827413515 132399
2620 72.8 4114.488620632299 2613.9360152892255 8577.614013671875 48.55322265625 2243.7232947104844 133288
2630 100.8 4168.074545724053 2550.829013398446 8577.614013671875 48.55322265625 2253.8856421710193 134016
2640 88 4007.0300675825633 2554.8135941071737 8577.614013671875 48.55322265625 2268.175712193989 135024
2650 84.4 4006.269889650752 2524.9780148023547 8577.614013671875 48.55322265625 2279.435070511198 135904
2660 90 3590.250347764758 2403.0567502045305 8577.614013671875 48.55322265625 2290.0929857081574 136748
2670 94.7 3399.3996228839424 2239.2163556473183 8577.614013671875 48.55322265625 2298.5939564876157 137648
2680 84.2 3775.8612756434636 2372.7297133164197 8577.614013671875 48.55322265625 2306.1156056530062 138595
2690 78 3811.657989032452 2501.9937943431073 8577.614013671875 48.55322265625 2314.9907668665433 139437
2700 89.3 4120.338642731221 2510.2857460422624 8577.614013671875 48.55322265625 2323.316436601949 140217
2710 95.6 3863.660654746339 2482.773890056765 8577.614013671875 48.55322265625 2334.6887052581283 141110
2720 93 4078.6755578482016 2492.6523374150793 8577.614013671875 48.55322265625 2344.9775652507424 142066
2730 88.6 4319.72264936116 2678.8233268534727 8577.614013671875 48.55322265625 2356.252979479921 142996
2740 100.5 4002.8833078260996 2411.0191742584047 8577.614013671875 48.55322265625 2368.3436796892233 143882
2750 88.4 4297.501153039715 2766.8341386777392 8577.614013671875 48.55322265625 2379.6815659473245 144887
2760 88.7 3956.7874644385934 2428.9719547975133 8577.614013671875 48.55322265625 2391.3118114350395 145771
2770 93.9 4319.195154419601 2592.6358706523565 8577.614013671875 48.55322265625 2400.7799407168663 146658
2780 95.2 3706.7970334862466 2341.1824973425696 8577.614013671875 48.55322265625 2412.9847408528235 147597
2790 82.8 3563.1231111535703 2386.024048591954 8577.614013671875 48.55322265625 2421.2763436410414 148549
2800 86.7 4035.5737459563393 2527.546177876607 8577.614013671875 48.55322265625 2427.6056254146774 149377
2810 89 3727.600671798192 2347.0362722579785 8577.614013671875 48.55322265625 2436.884587373289 150244
2820 94.1 3685.177951273579 2366.2925869180085 8577.614013671875 48.55322265625 2444.4853741925235 151134
2830 96.4 3454.7051475176672 2170.2266984246253 8577.614013671875 48.55322265625 2452.1624527066333 152075
2840 86.4 3708.8090794881186 2267.8575773162847 8577.614013671875 48.55322265625 2458.4775172182794 153039
2850 82.8 3918.5012271899527 2540.7726565008084 8577.614013671875 48.55322265625 2465.4967856523003 153903
2860 86.3 3670.861634503096 2306.4825788342973 8577.614013671875 48.55322265625 2473.2721356312522 154731
2870 82.1 4440.291177096807 2715.4709942533254 8577.614013671875 48.55322265625 2479.914549461647 155594
2880 87.1 3908.93919609061 2414.0608983956954 8577.614013671875 48.55322265625 2490.2042864516316 156415
2890 91.6 4042.3806069719712 2499.699492200056 8577.614013671875 48.55322265625 2498.0607905670363 157286
2900 88.3 3819.549158253999 2435.841521440188 8577.614013671875 48.55322265625 2507.0025040208925 158202
2910 81.6 4120.640142104207 2627.8344103585923 8577.614013671875 48.55322265625 2514.287783561313 159085
2920 99.5 3905.800753032742 2438.607453077144 8577.614013671875 48.55322265625 2522.485252773957 159901
2930 88.5 3623.1413074902894 2391.1405370167317 8577.614013671875 48.55322265625 2531.0398403507616 160896
2940 81.8 3279.385275693861 2228.037764190158 8577.614013671875 48.55322265625 2537.0140264320594 161781
2950 86.3 3848.9795450893503 2418.7262852483605 8577.614013671875 48.55322265625 2540.748733791245 162599
2960 83.7 3684.8181061921296 2411.959591825323 8577.614013671875 48.55322265625 2547.6555573352503 163462
2970 89.8 3919.221775386275 2453.0333684799925 8577.614013671875 48.55322265625 2553.448684824725 164299
2980 87.5 3884.617404296875 2422.1260787223305 8577.614013671875 48.55322265625 2560.8729372949533 165197
2990 87.1 3791.886056122633 2463.2707128502984 8577.614013671875 48.55322265625 2567.8474809183617 166072
3000 83.3 3778.7823903975655 2429.2065359091957 8577.614013671875 48.55322265625 2574.2337181310804 166943
3010 89.5 3799.2188883008903 2538.132397243568 8577.614013671875 48.55322265625 2580.2142460015625 167776
3020 96.8 3981.419279492591 2343.2790263163224 8577.614013671875 48.55322265625 2586.6825135452295 168671
3030 97 4523.598413337638 2631.432897965787 8577.614013671875 48.55322265625 2594.6412093017307 169639
3040 106.8 4616.688994561242 2585.212614138309 8577.614013671875 48.55322265625 2605.6083240958787 170609
3050 99.3 4822.65323721126 2738.2738888165113 8577.614013671875 48.55322265625 2618.1192262904474 171677
3060 105.8 5045.850008122637 2739.3426189470424 8577.614013671875 48.55322265625 2630.7971800336823 172670
3070 100.6 4951.603430685414 2830.056937313766 8577.614013671875 48.55322265625 2645.5048028240103 173728
3080 102.1 5042.766681189166 2882.6415265393034 8577.614013671875 48.55322265625 2658.781756477155 174734
3090 98.7 4698.225951530043 2758.989305762917 8577.614013671875 48.55322265625 2672.6308566912653 175755
3100 104.8 5175.186837931625 2926.430879384042 8577.614013671875 48.55322265625 2683.9426125761474 176742
3110 98.6 4940.704764901983 2862.7280726543454 8577.614013671875 48.55322265625 2698.6274876994535 177790
3120 106.4 4893.747341758325 2732.596903138149 8577.614013671875 48.55322265625 2710.993175461355 178776
3130 101.1 4675.820350895989 2871.236237276158 8577.614013671875 48.55322265625 2723.9071569612433 179840
3140 94.4 5323.8201868089645 2922.779280047651 9095.9619140625 48.55322265625 2734.8188148402046 180851
3150 108.5 5518.961694223429 2886.462707054665 9095.9619140625 48.55322265625 2748.2626240491404 181795
3160 102.2 5039.110615769475 2905.1325604391773 9095.9619140625 48.55322265625 2764.7007719665676 182880
3170 103.4 5764.333457135135 2809.0997031866805 9095.9619140625 48.55322265625 2777.3403672965073 183902
3180 104.2 5430.251345116441 2919.9808559332496 9095.9619140625 48.55322265625 2794.0410143035433 184936
3190 103.2 5449.785125022707 2937.884103411527 9095.9619140625 48.55322265625 2808.8112084378336 185978
3200 109.3 5733.727925041453 2928.9688947585832 9095.9619140625 48.55322265625 2823.385215613469 187010
3210 104.7 5624.561264839649 3023.194340174706 9095.9619140625 48.55322265625 2840.296187694748 188103
3220 108.6 5401.363671065705 2868.4589838056577 9095.9619140625 48.55322265625 2855.70790081011 189150
3230 95.8 6041.878610121187 3135.9060559168784 9547.807861328125 48.55322265625 2870.2402825175554 190236
3240 107.3 5335.242547453835 2861.9257134610175 9547.807861328125 48.55322265625 2886.132148987446 191194
3250 103.5 5212.5400732657745 2977.995077265433 9547.807861328125 48.55322265625 2899.8000975046352 192267
3260 109.5 5238.753178287314 2856.0657489485125 9547.807861328125 48.55322265625 2912.1832382632037 193302
3270 104.7 4779.813246645928 2696.0301576817706 9547.807861328125 48.55322265625 2925.2883483437417 194397
3280 103.2 4565.85973931837 2666.769447403155 9547.807861328125 48.55322265625 2935.2230998250993 195444
3290 94.2 4696.351136938526 2782.1458962202114 9547.807861328125 48.55322265625 2943.7881001913374 196476
3300 105.3 5259.637213291262 2919.712922320618 9547.807861328125 48.55322265625 2952.1506323850376 197418
3310 86.7 5513.1117792360465 3014.737420415751 10013.678955078125 48.55322265625 2964.39314322891 198471
3320 106.9 6930.369382710184 3149.165121535691 10425.307861328125 48.55322265625 2975.47853115002 199338
3330 109.6 5619.557709408505 2936.8624814581553 10425.307861328125 48.55322265625 2996.574492470322 200407
3340 103.7 5710.743787009553 3118.430432681764 10425.307861328125 48.55322265625 3010.8412259966926 201503
3350 104.6 5991.831937421576 3156.5969363685754 10425.307861328125 48.55322265625 3024.6646631240274 202540
3360 108.6 5922.427219341692 3058.594654069498 10425.307861328125 48.55322265625 3039.9096061403216 203586
3370 102.4 6101.758296728136 3107.4273715056665 10425.307861328125 48.55322265625 3055.2043906146837 204672
3380 104.9 6170.670399450368 3018.538734288116 10425.307861328125 48.55322265625 3070.3708070732446 205696
3390 98.9 6081.570650939631 2976.430584194627 10425.307861328125 48.55322265625 3086.1013653571385 206745
3400 105.5 6622.607783573385 3239.1395084092387 10425.307861328125 48.55322265625 3100.362483534428 207734
3410 104.1 6009.481500894948 3024.761814562966 10425.307861328125 48.55322265625 3118.160206554037 208789
3420 106.9 5977.632422194738 3043.7720163989047 10425.307861328125 48.55322265625 3132.504511312217 209830
3430 106.3 6029.7430437147195 3052.772761479362 10425.307861328125 48.55322265625 3146.9258302219005 210899
3440 106.5 5973.114091384242 3124.52808234588 10425.307861328125 48.55322265625 3161.3833023062502 211962
3450 110.3 6018.378463122591 3042.025520610869 10425.307861328125 48.55322265625 3175.4401743946146 213027
3460 96.7 5731.602930899363 3081.1444294317876 10425.307861328125 48.55322265625 3190.0843668593184 214130
3470 105.7 6386.75565704086 3231.8342583160097 10425.307861328125 48.55322265625 3201.510135007766 215097
3480 106.3 5951.410449540286 3002.079160474808 10425.307861328125 48.55322265625 3217.0860878783537 216154
3490 106.7 5799.54241365613 3001.5813114261473 10425.307861328125 48.55322265625 3230.4671160503967 217217
3500 104.5 5535.356928453948 2974.8822959538556 10425.307861328125 48.55322265625 3243.025083389026 218284
3510 101.8 5446.364645127939 2928.6830217565894 10425.307861328125 48.55322265625 3253.946971411553 219329
3520 104.3 5350.100000046822 2921.9469558569854 10425.307861328125 48.55322265625 3264.075909821621 220347
3530 101.6 5267.645082969361 2815.3253409165586 10425.307861328125 48.55322265625 3273.903468094826 221390
3540 110.5 4907.748597903704 2723.165695899786 10425.307861328125 48.55322265625 3283.0113225623877 222406
3550 102.3 4504.411959740418 2639.0236853427004 10425.307861328125 48.55322265625 3291.0437446322285 223511
3560 100.4 4752.998422569484 2729.0287893511 10425.307861328125 48.55322265625 3296.571975029655 224534
3570 93.3 4799.033702396511 2803.2894556033575 10425.307861328125 48.55322265625 3303.055370968831 225538
3580 106.7 5177.650938625745 2749.716816159095 10425.307861328125 48.55322265625 3309.218401923002 226471
3590 96 4610.990497080482 2776.952396822336 10425.307861328125 48.55322265625 3317.980092351246 227538
3600 100.8 4999.2938365633545 2817.7404394832593 10425.307861328125 48.55322265625 3323.4124812060286 228498
3610 106.6 4840.455190118214 2646.9631631286807 10425.307861328125 48.55322265625 3330.7730225696537 229506
3620 106.4 5233.96054857297 2881.689353346476 10425.307861328125 48.55322265625 3337.7527130377366 230572
3630 107.6 5247.548767770531 2805.203838687458 10425.307861328125 48.55322265625 3346.4627802855284 231636
3640 107.6 5984.274054658463 2986.1480388935965 10425.307861328125 48.55322265625 3355.252909383013 232712
3650 106.2 6202.309464794091 3120.7789180099658 10425.307861328125 48.55322265625 3367.352874960016 233788
3660 106.4 6772.40238941164 3174.7321846371374 10425.307861328125 48.55322265625 3380.1726488514523 234850
3670 94.6 7023.145756082351 3286.667152238619 11194.387939453125 48.55322265625 3395.472005582956 235914
3680 100.1 8533.610342538328 3581.150447691318 12522.64697265625 48.55322265625 3409.9606459948977 236860
3690 108.5 8961.09492952549 3463.455104870163 12759.587890625 48.55322265625 3431.52270680453 237861
3700 109.1 8717.051910204591 3546.7622420638395 12759.587890625 48.55322265625 3456.6312495784296 238946
3710 106.1 9115.982927644178 3921.4874245636483 13666.501953125 48.55322265625 3480.540559146301 240037
3720 99 10063.240881717544 3802.6468123953828 14451.52490234375 48.55322265625 3505.3404511112954 241098
3730 106.6 11121.25948186306 3994.0566807263144 15525.22802734375 48.55322265625 3532.1584735919646 242088
3740 106.5 11112.303494764168 4020.916355364104 15525.22802734375 48.55322265625 3565.429493911667 243154
3750 107.8 11109.012928808777 3850.1284569920676 15525.22802734375 48.55322265625 3598.3402044252143 244219
3760 104 12078.916070321893 4052.695948119942 16436.998046875 48.55322265625 3631.3471519088175 245297
3770 93.9 13341.708546273883 4643.252419101944 18664.86083984375 48.55322265625 3667.011594015158 246337
3780 104 14441.618964092548 4378.607650636381 19711.0498046875 48.55322265625 3703.7500580722076 247276
3790 106.8 13886.135231275237 4100.7442805879045 19711.0498046875 48.55322265625 3748.7225272737937 248316
3800 103.7 14518.681842859138 4402.427431356557 19711.0498046875 48.55322265625 3792.1365264392316 249384
3810 96.6 15675.198209332133 4530.874183283186 20613.22314453125 48.55322265625 3836.555434969776 250421
3820 106 16624.236058649043 4705.868218694404 21651.093017578125 48.55322265625 3882.0475603383675 251387
3830 103.7 17239.549875316396 4316.157281964776 22258.594970703125 48.55322265625 3935.550750347396 252447
3840 106.6 17459.857633494074 4512.97004689644 22676.101806640625 48.55322265625 3989.9772510046087 253484
3850 97 18107.019138863176 4506.126415093752 23649.889892578125 48.55322265625 4046.3861784755723 254550
3860 103.2 18864.826467114846 4425.225740808977 23649.889892578125 48.55322265625 4099.762876861514 255520
3870 107.7 18818.60199796346 4494.129511211838 23879.68994140625 48.55322265625 4159.156472020162 256552
3880 104.1 18784.314477281077 4600.971636966001 23879.68994140625 48.55322265625 4220.439257853438 257629
3890 93.8 19777.988100356903 4454.472067451489 25847.781982421875 48.55322265625 4279.050593158747 258670
3900 108.3 20842.434926266364 4598.6556456753315 26345.245849609375 48.55322265625 4335.050421290976 259608
3910 101.6 21214.441660963614 4867.302283185462 26345.245849609375 48.55322265625 4403.627769258065 260691
3920 105.8 21366.126188858678 4585.696174343395 26839.5791015625 48.55322265625 4468.890780617994 261707
3930 106.1 22018.96808407825 4517.217618927474 26919.63818359375 48.55322265625 4536.926002439464 262765
3940 95 23306.59638671873 4895.836301906979 29240.326904296875 48.55322265625 4607.231607833242 263826
3950 102.9 23253.91818916461 4918.720419954226 29240.326904296875 48.55322265625 4674.323778346964 264776
3960 103.3 24247.539375179607 4698.267739972055 29249.412109375 48.55322265625 4746.25020053139 265805
3970 101.9 24557.809731555524 4566.190083087854 30220.340087890625 48.55322265625 4821.7448141824125 266838
3980 94.1 25141.264199851794 4863.999894657865 30944.007080078125 48.55322265625 4896.826108122102 267857
3990 106.7 26221.3145707335 4694.647449032731 31507.26611328125 48.55322265625 4967.697231584023 268798
4000 107.3 25965.967800741208 4818.242213818333 32006.099853515625 48.55322265625 5051.730395206103 269865
4010 99.6 26273.90076247372 4888.033496869881 32062.3359375 48.55322265625 5134.557376789118 270938
4020 104.1 26169.86333120385 5452.629479042005 34255.804931640625 48.55322265625 5211.9834655170525 271934
4030 94.6 26984.254632736116 5527.495616122289 36650.531005859375 48.55322265625 5291.907095666992 272975
4040 108.1 28257.062241179327 5807.759077252523 43380.961181640625 48.55322265625 5366.822712834231 273921
4050 103.4 27943.32226798613 6411.5978965302 43591.51611328125 48.55322265625 5456.801509098044 275002
4060 106.1 26883.663285668 6697.446834922655 45335.112060546875 48.55322265625 5541.033502260858 276036
4070 101.9 26446.88290018936 6820.390478633657 47470.39794921875 48.55322265625 5622.754091802408 277097
4080 98.8 27314.124371362588 6605.2133797337 60414.18408203125 48.55322265625 5699.052425072505 278116
4090 100.3 28268.442188327594 6959.450285463793 60414.18408203125 48.55322265625 5775.5675989250285 279104
4100 104.7 28307.772285118943 6739.916277702645 60414.18408203125 48.55322265625 5856.109510455874 280107
4110 108.6 27839.367008553458 7101.126639921809 88375.65795898438 48.55322265625 5939.718105478788 281154
4120 104.7 27400.108404966573 7090.145663669868 88375.65795898438 48.55322265625 6023.983336164513 282240
4130 103.5 27492.91670912591 6823.383862406884 88375.65795898438 48.55322265625 6102.987324865145 283287
4140 90.2 27561.89704411205 7306.049267988169 88375.65795898438 48.55322265625 6180.851777537502 284322
4150 106.6 28994.140926625896 7399.821519931223 88375.65795898438 48.55322265625 6248.467766481105 285224
4160 105.8 29427.873982132045 8566.2721406732 138249.32006835938 48.55322265625 6333.161215741346 286290
4170 106.8 27853.577354859757 7071.666129179866 138249.32006835938 48.55322265625 6418.194715563309 287348
4180 103.1 27012.9727961987 7724.560401601382 138249.32006835938 48.55322265625 6497.569606896552 288416
4190 104.3 27286.618578141854 7942.8225054329605 138249.32006835938 48.55322265625 6570.644749109704 289447
4200 105.9 27397.3150610559 7200.535875665521 138249.32006835938 48.55322265625 6645.025143283963 290490
4210 89.5 28721.011027518332 7925.139515507837 138249.32006835938 48.55322265625 6720.404153408917 291549
4220 103.5 28649.132182923833 6880.1964589872205 138249.32006835938 48.55322265625 6787.7351403750645 292444
4230 106.9 29021.060881683374 7874.8323888148825 138249.32006835938 48.55322265625 6864.8328064398875 293479
4240 106.8 28561.976784466813 9285.703188236352 153733.02807617188 48.55322265625 6945.244175087561 294548
4250 102.3 27859.271910845477 8537.946486648023 153733.02807617188 48.55322265625 7023.340998083668 295616
4260 106.4 28502.903018349094 9079.746660687588 153733.02807617188 48.55322265625 7095.1965441303955 296639
4270 104.7 28821.418653369736 10324.20099311063 153733.02807617188 48.55322265625 7171.708368628532 297703
4280 92.9 29776.56990805175 8969.71812820537 153733.02807617188 48.55322265625 7247.581997643173 298750
4290 107.6 28857.98931022559 9588.654942158368 153733.02807617188 48.55322265625 7317.421491797817 299679
4300 110.5 27967.91154752013 8710.20455865816 153733.02807617188 48.55322265625 7394.486381733573 300755
4310 105.7 28317.38225469526 12034.594112974295 238831.79516601563 48.55322265625 7469.798230962336 301860
4320 108.1 27730.324127056116 8414.259610290796 238831.79516601563 48.55322265625 7542.543888396833 302917
4330 106.6 27690.574705657098 9304.45616084166 238831.79516601563 48.55322265625 7614.330513433809 303998
4340 108.3 27473.050354285682 9319.053199410937 238831.79516601563 48.55322265625 7684.483911766323 305064
4350 88.9 29746.037740735293 10189.950134333989 238831.79516601563 48.55322265625 7754.486287936099 306147
4360 110.7 30095.00639992484 9622.850196975543 238831.79516601563 48.55322265625 7818.161196551176 307036
4370 104.7 29532.03732623344 8793.12840011112 238831.79516601563 48.55322265625 7898.190493468953 308143
4380 113 28401.288966572185 11512.143758290089 238831.79516601563 48.55322265625 7971.448482517449 309190
4390 111.2 28240.58048122049 8350.77717731599 238831.79516601563 48.55322265625 8045.84175316382 310320
4400 105.2 28078.86947086464 10305.067788414895 238831.79516601563 48.55322265625 8117.9491456783935 311432
4410 107.8 27709.99688029953 10037.60535947575 238831.79516601563 48.55322265625 8185.149028495101 312484
4420 105.9 28301.01597242203 9560.652501326824 238831.79516601563 48.55322265625 8252.273826730363 313562
4430 92.4 30042.736631451233 12440.23704454804 238831.79516601563 48.55322265625 8319.756982439256 314621
4440 107.7 29751.33438311535 9716.3104061572 238831.79516601563 48.55322265625 8383.367666163247 315545
4450 111.4 29453.546036506257 10026.675616174352 238831.79516601563 48.55322265625 8456.05149784316 316622
4460 104.7 29285.05765636193 10848.67958253574 238831.79516601563 48.55322265625 8529.669875729427 317736
4470 108.9 28603.512278547194 9883.17437098827 238831.79516601563 48.55322265625 8597.838162640342 318783
4480 107.6 27935.897714153976 9797.156155004863 238831.79516601563 48.55322265625 8665.947215987377 319872
4490 107.7 28555.585615379456 10580.94964252973 238831.79516601563 48.55322265625 8730.551035721499 320948
4500 106.8 28917.716504729193 10676.019456144715 238831.79516601563 48.55322265625 8796.855087401622 322025
4510 95.5 30449.94282942367 12646.17772783265 238831.79516601563 48.55322265625 8863.365596740128 323093
4520 105.9 29626.78006410824 10673.243259478222 238831.79516601563 48.55322265625 8926.98327454469 324048
4530 108.2 29039.327533150776 10048.967242854631 238831.79516601563 48.55322265625 8994.410567098057 325107
4540 107.7 28763.022189821266 11129.395617331795 238831.79516601563 48.55322265625 9060.901467028063 326189
4550 103.6 29352.568512552032 14763.22609263241 238831.79516601563 48.55322265625 9125.739195415517 327266
4560 108.8 28890.168680303228 11953.12556226188 238831.79516601563 48.55322265625 9189.56760697729 328302
4570 107.2 29507.26465754722 12091.332610870313 252213.47192382813 48.55322265625 9254.640177388592 329390
4580 110.1 28962.168046804054 10676.406892819428 252213.47192382813 48.55322265625 9320.338543441965 330462
4590 106.8 30066.318637805045 17309.63756275541 254022.63305664063 48.55322265625 9385.561907578498 331563
4600 90.4 32483.68692205645 24182.41579822533 261937.20092773438 48.55322265625 9451.962959157821 332631
4610 119.5 33165.86398200511 23978.370821226505 261937.20092773438 48.55322265625 9514.387227862637 333535
4620 115.6 32021.1814142247 16280.210743502035 261937.20092773438 48.55322265625 9598.823982026292 334730
4630 114.5 33642.49805092623 31908.159285497568 261937.20092773438 48.55322265625 9675.993751506478 335886
4640 109.5 31645.435036074843 29254.025686922312 261937.20092773438 48.55322265625 9757.41548251293 337031
4650 115.7 35288.890690202636 39644.20586371675 261937.20092773438 48.55322265625 9828.298471135959 338126
4660 109.8 31363.037550295638 29386.42633683774 261937.20092773438 48.55322265625 9915.122465257267 339283
4670 103.3 29817.485086387496 20749.48789601722 275995.3811035156 48.55322265625 9984.309084849348 340381
4680 106.8 28667.516690029188 13032.600335061454 275995.3811035156 48.55322265625 10044.317376277319 341414
4690 104.7 31967.036456001533 26476.658409939824 275995.3811035156 48.55322265625 10102.392185660256 342482
4700 96.6 33552.263832613455 23975.70023022001 275995.3811035156 48.55322265625 10169.030759262621 343529
4710 109.2 32448.119620634105 24812.053731499094 275995.3811035156 48.55322265625 10234.599789724187 344495
4720 108.7 30551.52123619157 20432.201029584394 275995.3811035156 48.55322265625 10304.790982261387 345587
4730 108 31306.0795606825 25694.664816911158 275995.3811035156 48.55322265625 10368.274819486049 346674
4740 111.6 38284.94529171741 45012.94339323304 275995.3811035156 48.55322265625 10433.300179713371 347754
4750 106.3 33043.37952888896 29777.531565240824 275995.3811035156 48.55322265625 10522.394787862528 348870
4760 109.7 32805.9443679851 32557.22549633227 275995.3811035156 48.55322265625 10590.807331920136 349933
4770 121 34599.52983801979 34701.75653962348 358159.4479980469 48.55322265625 10660.231612832204 351030
4772 34.1 43281.441527962306 56130.48400869977 358159.4479980469 48.55322265625 10742.466880980275 352240
