10 1.5625 1.5625
20 7.65 9.2125
30 12.74609375 21.95859375
40 11.79453125 33.753125
50 11.86015625 45.61328125
60 12.825 58.43828125
70 10.259375 68.69765625
80 10.015625 78.71328125
90 7.7375 86.45078125
100 7.34921875 93.8
110 9.2609375 103.0609375
120 12.00625 115.0671875
130 10.103125 125.1703125
140 16.76640625 141.93671875
150 18.16328125 160.1
160 20.38828125 180.48828125
170 18.12421875 198.6125
180 22.48828125 221.10078125
190 20.0953125 241.19609375
200 21.315625 262.51171875
210 16.5578125 279.06953125
220 16.8671875 295.93671875
230 21.025 316.96171875
240 17.76484375 334.7265625
250 22.1703125 356.896875
260 31.171875 388.06875
270 30.1984375 418.2671875
280 31.5484375 449.815625
290 32.44453125 482.26015625
300 20.71875 502.97890625
310 27.08984375 530.06875
320 22.88828125 552.95703125
330 26.84921875 579.80625
340 32.85625 612.6625
350 27.64453125 640.30703125
360 29.5984375 669.90546875
370 36.81953125 706.725
380 37.03828125 743.76328125
390 45.321875 789.08515625
400 44.22734375 833.3125
410 41.08984375 874.40234375
420 42.021875 916.42421875
430 41.35546875 957.7796875
440 44.55 1002.3296875
450 42.06171875 1044.39140625
460 38.56171875 1082.953125
470 35.1765625 1118.1296875
480 39.7453125 1157.875
490 45.275 1203.15
500 44.09765625 1247.24765625
510 42.528125 1289.77578125
520 44.8171875 1334.59296875
530 57.128125 1391.72109375
540 43.26953125 1434.990625
550 46.98125 1481.971875
560 43.946875 1525.91875
570 46.384375 1572.303125
580 47.61015625 1619.91328125
590 50.10390625 1670.0171875
600 50.340625 1720.3578125
610 58.22421875 1778.58203125
620 76.01953125 1854.6015625
630 71.0796875 1925.68125
640 73.36875 1999.05
650 77.2671875 2076.3171875
660 73.1703125 2149.4875
670 71.8703125 2221.3578125
680 79.28125 2300.6390625
690 76.5109375 2377.15
700 75.42109375 2452.57109375
710 85.21484375 2537.7859375
720 77.565625 2615.3515625
730 66.034375 2681.3859375
740 70.7703125 2752.15625
750 72.359375 2824.515625
760 66.46328125 2890.97890625
770 73.44921875 2964.428125
780 75.6875 3040.115625
790 80.0765625 3120.1921875
800 78.13984375 3198.33203125
810 77.4453125 3275.77734375
820 75.88984375 3351.6671875
830 74.37890625 3426.04609375
840 84.63359375 3510.6796875
850 73.03984375 3583.71953125
860 82.78203125 3666.5015625
870 73.96015625 3740.46171875
880 77.3515625 3817.81328125
890 78.4171875 3896.23046875
900 84.8796875 3981.11015625
910 75.5359375 4056.64609375
920 87.81875 4144.46484375
930 62.6453125 4207.11015625
940 73.6171875 4280.72734375
950 81.7515625 4362.47890625
960 75.6734375 4438.15234375
970 78.1828125 4516.33515625
980 72.76953125 4589.1046875
990 75.25625 4664.3609375
1000 70.6046875 4734.965625
1010 81.153125 4816.11875
1020 72.90625 4889.025
1030 68.52734375 4957.55234375
1040 77.1265625 5034.67890625
1050 78.3078125 5112.98671875
1060 81.84296875 5194.8296875
1070 76.0203125 5270.85
1080 79.6203125 5350.4703125
1090 74.63984375 5425.11015625
1100 78.26953125 5503.3796875
1110 77.54453125 5580.92421875
1120 73.528125 5654.45234375
1130 76.14921875 5730.6015625
1140 78.44765625 5809.04921875
1150 75.69375 5884.74296875
1160 80.8484375 5965.59140625
1170 84.725 6050.31640625
1180 64.78359375 6115.1
1190 77.42890625 6192.52890625
1200 74.8328125 6267.36171875
1210 81.2015625 6348.56328125
1220 96.42734375 6444.990625
1230 98.290625 6543.28125
1240 98.690625 6641.971875
1250 108.61328125 6750.58515625
1260 95.93515625 6846.5203125
1270 106.0546875 6952.575
1280 106.61640625 7059.19140625
1290 104.28359375 7163.475
1300 103.065625 7266.540625
1310 87.4625 7354.003125
1320 110.8390625 7464.8421875
1330 103.58515625 7568.42734375
1340 96.78046875 7665.2078125
1350 109.90234375 7775.11015625
1360 102.83203125 7877.9421875
1370 93.31015625 7971.25234375
1380 98.20703125 8069.459375
1390 99.61484375 8169.07421875
1400 100.6359375 8269.71015625
1410 94.1671875 8363.87734375
1420 99.8671875 8463.74453125
1430 98.36640625 8562.1109375
1440 106.31015625 8668.42109375
1450 110.153125 8778.57421875
1460 96.37421875 8874.9484375
1470 103.97265625 8978.92109375
1480 100.52109375 9079.4421875
1490 100.43203125 9179.87421875
1500 105.8359375 9285.71015625
1510 98.8578125 9384.56796875
1520 102.9453125 9487.51328125
1530 90.15859375 9577.671875
1540 98.32578125 9675.99765625
1550 106.771875 9782.76953125
1560 112.0953125 9894.86484375
1570 101.70234375 9996.5671875
1580 98.17265625 10094.73984375
1590 109.72109375 10204.4609375
1600 96.221875 10300.6828125
1610 95.15625 10395.8390625
1620 93.7171875 10489.55625
1630 101.95390625 10591.51015625
1640 111.284375 10702.79453125
1650 99.95703125 10802.7515625
1660 102.40234375 10905.15390625
1670 109.309375 11014.46328125
1680 98.6859375 11113.14921875
1690 107.871875 11221.02109375
1700 97.1234375 11318.14453125
1710 107.54140625 11425.6859375
1720 105.18359375 11530.86953125
1730 104.4953125 11635.36484375
1740 104.12421875 11739.4890625
1750 109.18203125 11848.67109375
1760 110.7859375 11959.45703125
1770 102.25859375 12061.715625
1780 105.8796875 12167.5953125
1790 97.15859375 12264.75390625
1800 93.771875 12358.52578125
1810 110.95390625 12469.4796875
1820 115.89609375 12585.37578125
1830 115.43828125 12700.8140625
1840 128.125 12828.9390625
1850 124.17890625 12953.11796875
1860 116.571875 13069.68984375
1870 127.46875 13197.15859375
1880 126.5109375 13323.66953125
1890 119.8890625 13443.55859375
1900 130.71796875 13574.2765625
1910 126.80546875 13701.08203125
1920 135.14375 13836.22578125
1930 123.6828125 13959.90859375
1940 133.121875 14093.03046875
1950 132.05234375 14225.0828125
1960 136.19765625 14361.28046875
1970 123.828125 14485.10859375
1980 116.08515625 14601.19375
1990 128.653125 14729.846875
2000 129.39453125 14859.24140625
2010 133.27109375 14992.5125
2020 128.3625 15120.875
2030 123.9453125 15244.8203125
2040 117.4 15362.2203125
2050 129.94921875 15492.16953125
2060 124.32421875 15616.49375
2070 127.18046875 15743.67421875
2080 130.46875 15874.14296875
2090 132.52890625 16006.671875
2100 124.73515625 16131.40703125
2110 131.95390625 16263.3609375
2120 137.96484375 16401.32578125
2130 136.25 16537.57578125
2140 137.8984375 16675.47421875
2150 122.42578125 16797.9
2160 122.98203125 16920.88203125
2170 127.1953125 17048.07734375
2180 135.50234375 17183.5796875
2190 126.97109375 17310.55078125
2200 127.2984375 17437.84921875
2210 123.81875 17561.66796875
2220 123.5046875 17685.17265625
2230 125.98515625 17811.1578125
2240 124.1921875 17935.35
2250 129.90546875 18065.25546875
2260 115.69140625 18180.946875
2270 129.36484375 18310.31171875
2280 126.85234375 18437.1640625
2290 133.31953125 18570.48359375
2300 134.6890625 18705.17265625
2310 115.60625 18820.77890625
2320 119.66640625 18940.4453125
2330 125.22578125 19065.67109375
2340 134.69921875 19200.3703125
2350 123.65234375 19324.02265625
2360 134.98671875 19459.009375
2370 129.18125 19588.190625
2380 147.30546875 19735.49609375
2390 128.159375 19863.65546875
2400 117.14921875 19980.8046875
2410 129.30703125 20110.11171875
2420 136.33671875 20246.4484375
2430 148.4625 20394.9109375
2440 146.44609375 20541.35703125
2450 145.4203125 20686.77734375
2460 153.6625 20840.43984375
2470 148.4828125 20988.92265625
2480 148.6734375 21137.59609375
2490 140.896875 21278.49296875
2500 156.74921875 21435.2421875
2510 149.78046875 21585.02265625
2520 147.9609375 21732.98359375
2530 153.13515625 21886.11875
2540 141.80546875 22027.92421875
2550 151.71875 22179.64296875
2560 142.37734375 22322.0203125
2570 158.59453125 22480.61484375
2580 149.7859375 22630.40078125
2590 149.178125 22779.57890625
2600 147.69453125 22927.2734375
2610 154.146875 23081.4203125
2620 145.10234375 23226.52265625
2630 156.55390625 23383.0765625
2640 159.153125 23542.2296875
2650 143.20625 23685.4359375
2660 157.39765625 23842.83359375
2670 154.5234375 23997.35703125
2680 143.95703125 24141.3140625
2690 148.08828125 24289.40234375
2700 154.31953125 24443.721875
2710 167.6765625 24611.3984375
2720 158.4109375 24769.809375
2730 152.59140625 24922.40078125
2740 172.21875 25094.61953125
2750 155.71953125 25250.3390625
2760 155.00703125 25405.34609375
2770 157.64765625 25562.99375
2780 162.81484375 25725.80859375
2790 145.75 25871.55859375
2800 151.91640625 26023.475
2810 159.3625 26182.8375
2820 157.6859375 26340.5234375
2830 164.41484375 26504.93828125
2840 144.434375 26649.37265625
2850 150.59375 26799.96640625
2860 151.9625 26951.92890625
2870 144.6390625 27096.56796875
2880 148.659375 27245.22734375
2890 153.1296875 27398.35703125
2900 154.36953125 27552.7265625
2910 147.6265625 27700.353125
2920 166.4625 27866.815625
2930 148.53828125 28015.35390625
2940 146.584375 28161.93828125
2950 146.021875 28307.96015625
2960 148.92890625 28456.8890625
2970 151.7484375 28608.6375
2980 148.0953125 28756.7328125
2990 153.0390625 28909.771875
3000 147.31328125 29057.08515625
3010 159.00078125 29216.0859375
3020 170.2 29386.2859375
3030 169.15078125 29555.43671875
3040 185.35 29740.78671875
3050 179.93515625 29920.721875
3060 177.27890625 30098.00078125
3070 174.7578125 30272.75859375
3080 178.4234375 30451.18203125
3090 171.90859375 30623.090625
3100 179.528125 30802.61875
3110 174.38828125 30977.00703125
3120 176.33203125 31153.3390625
3130 186.209375 31339.5484375
3140 169.31484375 31508.86328125
3150 171.80390625 31680.6671875
3160 191.58515625 31872.25234375
3170 177.84921875 32050.1015625
3180 178.015625 32228.1171875
3190 182.371875 32410.4890625
3200 180.5421875 32591.03125
3210 187.44609375 32778.47734375
3220 182.3828125 32960.86015625
3230 169.03046875 33129.890625
3240 181.7875 33311.678125
3250 185.16328125 33496.84140625
3260 185.40703125 33682.2484375
3270 174.36328125 33856.61171875
3280 179.3984375 34036.01015625
3290 166.15078125 34202.1609375
3300 186.10546875 34388.26640625
3310 180.49609375 34568.7625
3320 160.31171875 34729.07421875
3330 185.39609375 34914.4703125
3340 184.1265625 35098.596875
3350 182.51640625 35281.11328125
3360 190.38671875 35471.5
3370 182.4921875 35653.9921875
3380 180.66640625 35834.65859375
3390 170.91015625 36005.56875
3400 178.27265625 36183.84140625
3410 187.12578125 36370.9671875
3420 180.19375 36551.1609375
3430 179.825 36730.9859375
3440 188.565625 36919.5515625
3450 182.92734375 37102.47890625
3460 184.36875 37286.84765625
3470 174.01484375 37460.8625
3480 180.80859375 37641.67109375
3490 181.446875 37823.11796875
3500 180.40078125 38003.51875
3510 178.16015625 38181.67890625
3520 180.725 38362.40390625
3530 169.49453125 38531.8984375
3540 188.44296875 38720.34140625
3550 175.0125 38895.35390625
3560 176.825 39072.17890625
3570 170.9296875 39243.10859375
3580 169.02578125 39412.134375
3590 172.4125 39584.546875
3600 176.34921875 39760.89609375
3610 186.53203125 39947.428125
3620 181.97734375 40129.40546875
3630 195.853125 40325.25859375
3640 186.5921875 40511.85078125
3650 193.23125 40705.08203125
3660 190.2875 40895.36953125
3670 182.37109375 41077.740625
3680 175.47421875 41253.21484375
3690 183.36328125 41436.578125
3700 195.90234375 41632.48046875
3710 194.00625 41826.48671875
3720 179.70859375 42006.1953125
3730 181.2453125 42187.440625
3740 196.77890625 42384.21953125
3750 189.784375 42574.00390625
3760 190.87890625 42764.8828125
3770 166.7609375 42931.64375
3780 188.01875 43119.6625
3790 193.98515625 43313.64765625
3800 187.78125 43501.42890625
3810 179.90546875 43681.334375
3820 185.67734375 43867.01171875
3830 184.525 44051.53671875
3840 198.7359375 44250.27265625
3850 172.05 44422.32265625
3860 179.2765625 44601.59921875
3870 194.00078125 44795.6
3880 180.4796875 44976.0796875
3890 176.08828125 45152.16796875
3900 184.11875 45336.28671875
3910 195.20546875 45531.4921875
3920 182.61171875 45714.10390625
3930 187.334375 45901.43828125
3940 179.24453125 46080.6828125
3950 180.8171875 46261.5
3960 183.86953125 46445.36953125
3970 179.45 46624.81953125
3980 180.34296875 46805.1625
3990 178.8484375 46984.0109375
4000 192.17890625 47176.18984375
4010 187.71171875 47363.9015625
4020 175.25078125 47539.15234375
4030 163.7734375 47702.92578125
4040 177.54765625 47880.4734375
4050 172.2625 48052.7359375
4060 175.17421875 48227.91015625
4070 179.60546875 48407.515625
4080 184.40625 48591.921875
4090 167.70078125 48759.62265625
4100 185.075 48944.69765625
4110 186.92734375 49131.625
4120 192.94765625 49324.57265625
4130 183.7921875 49508.36484375
4140 162.23359375 49670.5984375
4150 172.53828125 49843.13671875
4160 170.77421875 50013.9109375
4170 185.140625 50199.0515625
4180 171.91484375 50370.96640625
4190 182.21953125 50553.1859375
4200 187.38515625 50740.57109375
4210 165.5640625 50906.13515625
4220 175.11640625 51081.2515625
4230 188.46796875 51269.71953125
4240 192.32890625 51462.0484375
4250 179.09140625 51641.13984375
4260 181.103125 51822.24296875
4270 167.26640625 51989.509375
4280 162.7625 52152.271875
4290 175.57890625 52327.85078125
4300 185.8703125 52513.72109375
4310 174.77265625 52688.49375
4320 195.5453125 52884.0390625
4330 185.91953125 53069.95859375
4340 185.453125 53255.41171875
4350 166.42109375 53421.8328125
4360 188.54140625 53610.37421875
4370 169.79453125 53780.16875
4380 189.56015625 53969.72890625
4390 173.184375 54142.91328125
4400 178.8296875 54321.74296875
4410 175.48828125 54497.23125
4420 181.37734375 54678.60859375
4430 173.5328125 54852.14140625
4440 177.096875 55029.23828125
4450 180.51640625 55209.7546875
4460 186.9453125 55396.7
4470 192.13828125 55588.83828125
4480 185.7765625 55774.61484375
4490 175.978125 55950.59296875
4500 176.33125 56126.92421875
4510 165.93046875 56292.8546875
4520 176.028125 56468.8828125
4530 178.6203125 56647.503125
4540 195.88125 56843.384375
4550 188.08828125 57031.47265625
4560 177.14765625 57208.6203125
4570 188.75078125 57397.37109375
4580 194.65390625 57592.025
4590 186.83671875 57778.86171875
4600 148.00546875 57926.8671875
4610 174.11171875 58100.97890625
4620 185.49375 58286.47265625
4630 179.76015625 58466.2328125
4640 182.640625 58648.8734375
4650 194.94140625 58843.81484375
4660 189.54296875 59033.3578125
4670 185.50234375 59218.86015625
4680 181.0828125 59399.94296875
4690 171.1875 59571.13046875
4700 170.79140625 59741.921875
4710 174.9390625 59916.8609375
4720 180.5203125 60097.38125
4730 176.7359375 60274.1171875
4740 189.5984375 60463.715625
4750 177.63984375 60641.35546875
4760 179.921875 60821.27734375
4770 195.78359375 61017.0609375
4772 52.71953125 61069.78046875
