0 0 0
10 20 20
20 37 37
30 26 43
40 21 43
50 26 43
60 22 43
70 19 43
80 16 43
90 14 43
100 16 43
110 28 43
120 23 43
130 22 43
140 33 43
150 33 43
160 40 43
170 33 43
180 37 43
190 44 48
200 35 48
210 45 51
220 37 51
230 36 51
240 34 51
250 59 59
260 59 63
270 69 76
280 65 76
290 39 76
300 51 76
310 40 76
320 55 76
330 66 76
340 56 76
350 51 76
360 66 76
370 76 88
380 92 97
390 87 100
400 86 100
410 94 100
420 79 100
430 110 111
440 79 112
450 78 112
460 79 112
470 60 112
480 74 112
490 92 112
500 85 112
510 93 112
520 101 112
530 86 112
540 101 112
550 103 112
560 109 112
570 100 113
580 114 114
590 104 115
600 98 115
610 157 157
620 171 176
630 178 178
640 177 183
650 174 183
660 190 194
670 211 212
680 209 221
690 211 221
700 219 224
710 189 224
720 171 224
730 178 224
740 173 224
750 164 224
760 169 224
770 178 224
780 215 224
790 222 235
800 223 242
810 219 242
820 206 242
830 214 242
840 207 242
850 200 242
860 182 242
870 183 242
880 201 242
890 193 242
900 192 242
910 192 242
920 164 242
930 213 242
940 200 242
950 199 242
960 198 242
970 198 242
980 181 242
990 161 242
1000 179 242
1010 189 242
1020 187 242
1030 185 242
1040 198 242
1050 213 242
1060 187 242
1070 202 242
1080 182 242
1090 179 242
1100 192 242
1110 191 242
1120 200 242
1130 213 242
1140 197 242
1150 236 242
1160 218 242
1170 194 242
1180 185 242
1190 197 242
1200 204 242
1210 275 278
1220 297 310
1230 292 310
1240 313 340
1250 292 340
1260 325 340
1270 335 355
1280 337 355
1290 325 359
1300 300 359
1310 339 359
1320 351 367
1330 328 367
1340 343 367
1350 323 367
1360 296 367
1370 303 367
1380 300 367
1390 299 367
1400 273 367
1410 319 367
1420 327 367
1430 321 367
1440 303 367
1450 314 367
1460 334 367
1470 324 367
1480 342 367
1490 352 367
1500 331 367
1510 334 367
1520 287 367
1530 286 367
1540 310 367
1550 354 367
1560 333 367
1570 338 367
1580 313 367
1590 309 367
1600 281 367
1610 299 367
1620 332 367
1630 358 367
1640 309 367
1650 295 367
1660 334 367
1670 328 367
1680 340 367
1690 312 367
1700 338 367
1710 366 373
1720 360 373
1730 354 377
1740 326 377
1750 348 377
1760 335 377
1770 324 377
1780 317 377
1790 275 377
1800 304 377
1810 358 377
1820 374 377
1830 428 430
1840 438 471
1850 415 471
1860 420 471
1870 423 471
1880 426 471
1890 432 471
1900 487 495
1910 467 495
1920 447 495
1930 439 495
1940 498 503
1950 517 537
1960 463 537
1970 453 537
1980 483 537
1990 502 537
2000 463 537
2010 446 537
2020 485 537
2030 473 537
2040 481 537
2050 497 537
2060 477 537
2070 435 537
2080 459 537
2090 469 537
2100 515 537
2110 526 542
2120 511 542
2130 486 542
2140 443 542
2150 428 542
2160 458 542
2170 516 542
2180 509 542
2190 490 542
2200 458 542
2210 477 542
2220 467 542
2230 472 542
2240 480 542
2250 448 542
2260 444 542
2270 456 542
2280 454 542
2290 428 542
2300 404 542
2310 442 542
2320 484 542
2330 530 542
2340 484 542
2350 472 542
2360 511 542
2370 490 542
2380 452 542
2390 409 542
2400 403 542
2410 474 542
2420 560 563
2430 549 579
2440 550 579
2450 604 612
2460 622 628
2470 673 677
2480 640 677
2490 652 677
2500 656 677
2510 641 677
2520 661 677
2530 623 677
2540 579 677
2550 619 677
2560 645 677
2570 645 677
2580 603 677
2590 596 677
2600 623 677
2610 633 677
2620 661 677
2630 681 685
2640 676 687
2650 626 687
2660 596 687
2670 569 687
2680 598 687
2690 680 687
2700 687 689
2710 672 694
2720 690 694
2730 711 730
2740 704 730
2750 662 730
2760 685 730
2770 653 730
2780 613 730
2790 631 730
2800 648 730
2810 646 730
2820 615 730
2830 580 730
2840 598 730
2850 635 730
2860 643 730
2870 649 730
2880 649 730
2890 644 730
2900 645 730
2910 656 730
2920 608 730
2930 567 730
2940 594 730
2950 609 730
2960 628 730
2970 623 730
2980 636 730
2990 600 730
3000 618 730
3010 690 730
3020 756 762
3030 794 807
3040 832 833
3050 843 863
3060 863 868
3070 865 892
3080 840 892
3090 855 892
3100 850 892
3110 845 892
3120 858 892
3130 864 892
3140 886 900
3150 878 900
3160 913 943
3170 902 943
3180 929 943
3190 948 960
3200 961 981
3210 927 981
3220 894 981
3230 917 981
3240 898 981
3250 899 981
3260 843 981
3270 804 981
3280 805 981
3290 870 981
3300 926 981
3310 993 993
3320 973 996
3330 1005 1005
3340 984 1021
3350 1002 1021
3360 971 1021
3370 980 1021
3380 978 1021
3390 996 1021
3400 980 1021
3410 981 1021
3420 994 1021
3430 1006 1021
3440 998 1021
3450 985 1021
3460 998 1021
3470 968 1021
3480 956 1021
3490 941 1021
3500 923 1021
3510 890 1021
3520 863 1021
3530 864 1021
3540 822 1021
3550 790 1021
3560 802 1021
3570 831 1021
3580 811 1021
3590 833 1021
3600 842 1021
3610 901 1021
3620 922 1021
3630 991 1021
3640 1046 1048
3650 1079 1092
3660 1110 1122
3670 1204 1206
3680 1243 1246
3690 1346 1346
3700 1400 1405
3710 1469 1475
3720 1521 1524
3730 1539 1563
3740 1624 1638
3750 1688 1690
3760 1776 1783
3770 1814 1824
3780 1903 1903
3790 1958 1968
3800 2063 2067
3810 2137 2140
3820 2162 2182
3830 2223 2231
3840 2263 2275
3850 2332 2347
3860 2378 2381
3870 2428 2445
3880 2480 2483
3890 2547 2559
3900 2641 2641
3910 2702 2712
3920 2721 2732
3930 2782 2784
3940 2871 2877
3950 2944 2945
3960 2987 2990
3970 3031 3039
3980 3104 3108
3990 3152 3160
4000 3217 3217
4010 3292 3298
4020 3301 3337
4030 3380 3386
4040 3356 3395
4050 3433 3436
4060 3412 3443
4070 3480 3483
4080 3550 3550
4090 3591 3595
4100 3617 3641
4110 3678 3681
4120 3753 3761
4130 3784 3804
4140 3809 3814
4150 3756 3840
4160 3732 3840
4170 3729 3840
4180 3712 3840
4190 3769 3840
4200 3811 3840
4210 3907 3921
4220 3971 3976
4230 4023 4030
4240 4135 4145
4250 4156 4186
4260 4257 4268
4270 4230 4288
4280 4326 4328
4290 4376 4377
4300 4292 4377
4310 4378 4378
4320 4475 4480
4330 4563 4573
4340 4664 4666
4350 4785 4785
4360 4857 4876
4370 4912 4912
4380 4950 4988
4390 5005 5006
4400 5060 5068
4410 5054 5072
4420 5144 5144
4430 5241 5256
4440 5307 5320
4450 5371 5371
4460 5402 5408
4470 5451 5458
4480 5409 5484
4490 5412 5484
4500 5468 5484
4510 5557 5562
4520 5538 5573
4530 5555 5573
4540 5633 5633
4550 5669 5712
4560 5730 5739
4570 5772 5777
4580 5827 5827
4590 5776 5856
4600 5839 5856
4610 5772 5863
4620 5799 5863
4630 5792 5863
4640 5736 5863
4650 5803 5863
4660 5886 5888
4670 5864 5955
4680 5860 5955
4690 5881 5955
4700 5970 5972
4710 5932 5989
4720 5916 5989
4730 5906 5989
4740 5952 5989
4750 5781 5989
4760 5588 5989
4770 5220 5989
4772 5108 5989
