10 3.5 35
20 4.9 84
30 5.1 135
40 4.8 183
50 5.5 238
60 7.2 310
70 6.1 371
80 7.8 449
90 6.1 510
100 6.2 572
110 6 632
120 7.2 704
130 9.7 801
140 10.5 906
150 9.6 1002
160 9.9 1101
170 13.4 1235
180 10.4 1339
190 11.3 1452
200 13 1582
210 10.1 1683
220 10.5 1788
230 12.5 1913
240 11.9 2032
250 14.7 2179
260 15.8 2337
270 16.9 2506
280 18.3 2689
290 16.6 2855
300 17.4 3029
310 17.8 3207
320 18 3387
330 19.8 3585
340 19.3 3778
350 19.6 3974
360 16.5 4139
370 18.7 4326
380 23.9 4565
390 22.2 4787
400 23.8 5025
410 23.3 5258
420 27.7 5535
430 22.9 5764
440 23.2 5996
450 22.3 6219
460 22 6439
470 22.5 6664
480 23.6 6900
490 30.7 7207
500 30.3 7510
510 33.4 7844
520 29.4 8138
530 31 8448
540 28.1 8729
550 30.9 9038
560 29 9328
570 29.4 9622
580 28 9902
590 27.6 10178
600 31.1 10489
610 33.9 10828
620 44.4 11272
630 42.2 11694
640 44.9 12143
650 48.6 12629
660 47.1 13100
670 42.2 13522
680 38.1 13903
690 49.5 14398
700 41.8 14816
710 44.8 15264
720 42 15684
730 44.5 16129
740 45.5 16584
750 44.7 17031
760 45.8 17489
770 48 17969
780 45.9 18428
790 42.7 18855
800 45.3 19308
810 50.1 19809
820 39.1 20200
830 44 20640
840 46.7 21107
850 45.4 21561
860 40.9 21970
870 42 22390
880 41.6 22806
890 47 23276
900 39.1 23667
910 39 24057
920 40.9 24466
930 49.9 24965
940 45.3 25418
950 40.9 25827
960 43.9 26266
970 43 26696
980 40.4 27100
990 44.9 27549
1000 45.6 28005
1010 44.2 28447
1020 48.2 28929
1030 52.5 29454
1040 43.3 29887
1050 44.2 30329
1060 47.1 30800
1070 44.1 31241
1080 38.9 31630
1090 43.4 32064
1100 41.3 32477
1110 42.2 32899
1120 45.4 33353
1130 41 33763
1140 44.8 34211
1150 40.3 34614
1160 49.7 35111
1170 49.1 35602
1180 51.5 36117
1190 50.3 36620
1200 48.7 37107
1210 50.4 37611
1220 55.3 38164
1230 58.9 38753
1240 56.4 39317
1250 57.6 39893
1260 58.1 40474
1270 61.7 41091
1280 56.6 41657
1290 53.5 42192
1300 61.7 42809
1310 64.9 43458
1320 58 44038
1330 60.4 44642
1340 61.9 45261
1350 61.9 45880
1360 59.9 46479
1370 57.4 47053
1380 61.6 47669
1390 60.5 48274
1400 58.5 48859
1410 60.8 49467
1420 57.4 50041
1430 51.8 50559
1440 58.1 51140
1450 58.7 51727
1460 57.7 52304
1470 64.8 52952
1480 59.1 53543
1490 55.2 54095
1500 62.9 54724
1510 58.4 55308
1520 57.5 55883
1530 56.5 56448
1540 54.8 56996
1550 60.7 57603
1560 66.2 58265
1570 60.9 58874
1580 63.5 59509
1590 62.8 60137
1600 63.4 60771
1610 58.8 61359
1620 61.1 61970
1630 58.1 62551
1640 55.5 63106
1650 59.3 63699
1660 60 64299
1670 63 64929
1680 64.1 65570
1690 61.8 66188
1700 59.9 66787
1710 64 67427
1720 52 67947
1730 59.4 68541
1740 63.1 69172
1750 64.5 69817
1760 59.3 70410
1770 58.1 70991
1780 61.2 71603
1790 58.9 72192
1800 63 72822
1810 72.9 73551
1820 74.5 74296
1830 71 75006
1840 78 75786
1850 78.5 76571
1860 77.9 77350
1870 72.4 78074
1880 75.3 78827
1890 71.2 79539
1900 73.7 80276
1910 68.8 80964
1920 63.6 81600
1930 69.2 82292
1940 67.8 82970
1950 72.8 83698
1960 72.6 84424
1970 74 85164
1980 74.3 85907
1990 69.7 86604
2000 72.9 87333
2010 77.7 88110
2020 72.8 88838
2030 70.2 89540
2040 71.7 90257
2050 71.5 90972
2060 77.9 91751
2070 81.7 92568
2080 76.1 93329
2090 70.8 94037
2100 69.5 94732
2110 72.3 95455
2120 68.7 96142
2130 72.1 96863
2140 74.9 97612
2150 75.1 98363
2160 70.1 99064
2170 69.9 99763
2180 83.8 100601
2190 73.6 101337
2200 70.8 102045
2210 68.1 102726
2220 77.2 103498
2230 78 104278
2240 73.7 105015
2250 65.6 105671
2260 69.7 106368
2270 71.3 107081
2280 72.3 107804
2290 70.2 108506
2300 73 109236
2310 74.3 109979
2320 70.7 110686
2330 70.6 111392
2340 68.2 112074
2350 70.5 112779
2360 69.3 113472
2370 72.9 114201
2380 73.4 114935
2390 69 115625
2400 79.3 116418
2410 85.1 117269
2420 89.7 118166
2430 84.1 119007
2440 93.9 119946
2450 99.9 120945
2460 85.6 121801
2470 84.9 122650
2480 81 123460
2490 90.2 124362
2500 88.3 125245
2510 90.4 126149
2520 87.7 127026
2530 82.2 127848
2540 91.6 128764
2550 92.4 129688
2560 90.3 130591
2570 95.1 131542
2580 83.1 132373
2590 88.4 133257
2600 83.5 134092
2610 84.8 134940
2620 85.4 135794
2630 87.3 136667
2640 83.6 137503
2650 89.8 138401
2660 94.7 139348
2670 95.2 140300
2680 86 141160
2690 90.9 142069
2700 80.9 142878
2710 85.9 143737
2720 86.9 144606
2730 84.1 145447
2740 86.4 146311
2750 90.1 147212
2760 91 148122
2770 78 148902
2780 80.8 149710
2790 89.1 150601
2800 86.8 151469
2810 88.8 152357
2820 85.2 153209
2830 88.8 154097
2840 89.2 154989
2850 86 155849
2860 91.6 156765
2870 89.4 157659
2880 87 158529
2890 81.8 159347
2900 95 160297
2910 91.9 161216
2920 85.9 162075
2930 90.7 162982
2940 82 163802
2950 92.9 164731
2960 96.3 165694
2970 78.6 166480
2980 89 167370
2990 85.4 168224
3000 95.3 169177
3010 97.5 170152
3020 106 171212
3030 98.1 172193
3040 99.7 173190
3050 102.4 174214
3060 105.6 175270
3070 107.7 176347
3080 107.4 177421
3090 104 178461
3100 108.9 179550
3110 103.6 180586
3120 97.2 181558
3130 96.9 182527
3140 90.2 183429
3150 97.5 184404
3160 113.1 185535
3170 106.2 186597
3180 101.3 187610
3190 103.1 188641
3200 105.1 189692
3210 95 190642
3220 98.5 191627
3230 102.3 192650
3240 105.1 193701
3250 104 194741
3260 112.9 195870
3270 110.6 196976
3280 106.6 198042
3290 111.8 199160
3300 111.8 200278
3310 102.3 201301
3320 107.2 202373
3330 106.1 203434
3340 98.1 204415
3350 109.1 205506
3360 102.7 206533
3370 94.4 207477
3380 100 208477
3390 108.7 209564
3400 112.8 210692
3410 103.2 211724
3420 96.3 212687
3430 100 213687
3440 104.7 214734
3450 104.8 215782
3460 92.7 216709
3470 96.2 217671
3480 103.6 218707
3490 100.2 219709
3500 102.7 220736
3510 101.8 221754
3520 105.9 222813
3530 107.3 223886
3540 102 224906
3550 100.7 225913
3560 98.5 226898
3570 97 227868
3580 98.9 228857
3590 99.1 229848
3600 100.2 230850
3610 111.2 231962
3620 124.8 233210
3630 115.8 234368
3640 117.7 235545
3650 106.6 236611
3660 109 237701
3670 115.8 238859
3680 115.7 240016
3690 117.7 241193
3700 114.2 242335
3710 107.2 243407
3720 118 244587
3730 112.6 245713
3740 124.2 246955
3750 115.7 248112
3760 113.8 249250
3770 100.5 250255
3780 119 251445
3790 112 252565
3800 117 253735
3810 111.7 254852
3820 113.6 255988
3830 118.8 257176
3840 120.5 258381
3850 106.1 259442
3860 117.1 260613
3870 106.5 261678
3880 115.9 262837
3890 120.7 264044
3900 121.7 265261
3910 113.4 266395
3920 115.5 267550
3930 116.6 268716
3940 108.8 269804
3950 113.9 270943
3960 119.9 272142
3970 107.3 273215
3980 116.7 274382
3990 115.2 275534
4000 120.2 276736
4010 120.8 277944
4020 118.4 279128
4030 119 280318
4040 121.7 281535
4050 122.2 282757
4060 120.7 283964
4070 107.5 285039
4080 122.9 286268
4090 120.7 287475
4100 118.4 288659
4110 115.4 289813
4120 120 291013
4130 113.6 292149
4140 117.5 293324
4150 101.8 294342
4160 93.8 295280
4170 119.5 296475
4180 116 297635
4190 116.2 298797
4200 113.2 299929
4210 126.3 301192
4220 128.1 302473
4230 120.8 303681
4240 126.1 304942
4250 118.1 306123
4260 130.5 307428
4270 122.7 308655
4280 126.8 309923
4290 124.4 311167
4300 125.9 312426
4310 128.5 313711
4320 117.2 314883
4330 125.1 316134
4340 126.9 317403
4350 127 318673
4360 132.8 320001
4370 126.1 321262
4380 131.5 322577
4390 129.3 323870
4400 111.8 324988
4410 129.4 326282
4420 129.5 327577
4430 129.2 328869
4440 121.9 330088
4450 125.2 331340
4460 128.4 332624
4470 116.3 333787
4480 126.9 335056
4490 120.7 336263
4500 127.7 337540
4510 124.9 338789
4520 128.6 340075
4530 128.5 341360
4540 126 342620
4550 123.4 343854
4560 115.9 345013
4570 132.9 346342
4580 126 347602
4590 125.7 348859
4600 126.7 350126
4610 131.3 351439
4620 127.8 352717
4630 126.7 353984
4640 115.4 355138
4650 123.7 356375
4660 125.4 357629
4670 128.6 358915
4680 131.2 360227
4690 127.4 361501
4700 127.9 362780
4710 126.8 364048
4720 127.1 365319
4730 125 366569
4740 128.7 367856
4750 114.5 369001
4760 134.6 370347
4770 124.8 371595
4780 117.9 372774
4790 128.8 374062
4800 103.8 375100
4810 51.9 375619
4820 11.8 375737
4830 2.3 375760
4840 0.4 375764
