10 0.1 0.5226371135318935 0 0.5226371135318935 0.5226371135318935 0 0
20 0.1 6.042195219655495 0.0 6.042195219655495 0.5226371135318935 0.5226371135318935 1
30 0.1 4.821476873140384 0.0 6.042195219655495 0.5226371135318935 3.2824161665936944 2
40 0.1 2.762873882207832 0.0 6.042195219655495 0.5226371135318935 3.795436402109258 3
50 0.1 3.6813112992073087 0.0 6.042195219655495 0.5226371135318935 3.537295772133901 4
60 0.1 3.759207518415037 0.0 6.042195219655495 0.5226371135318935 3.5660988775485825 5
70 0.1 4.4260765231302495 0.0 6.042195219655495 0.5226371135318935 3.5982836510263247 6
80 0.1 3.848823269606915 0.0 6.042195219655495 0.5226371135318935 3.7165397756125995 7
90 0.1 4.362155874369911 0.0 6.042195219655495 0.5226371135318935 3.733075212361889 8
100 0.1 3.0948657805577273 0.0 6.042195219655495 0.5226371135318935 3.802973063696113 9
110 0.1 3.3498917335371288 0.0 6.042195219655495 0.5226371135318935 3.7321623353822746 10
120 0.1 2.974679424591551 0.0 6.042195219655495 0.5226371135318935 3.697410462487261 11
130 0.1 4.065399911621741 0.0 6.042195219655495 0.5226371135318935 3.637182875995952 12
140 0.1 5.066826251745462 0.0 6.042195219655495 0.5226371135318935 3.6701226479671663 13
150 0.1 5.6754221388367725 0.0 6.042195219655495 0.5226371135318935 3.7698871910941874 14
160 0.1 4.511229808868009 0.0 6.042195219655495 0.5226371135318935 3.8969228542770264 15
170 0.1 4.517688979384067 0.0 6.042195219655495 0.5226371135318935 3.9353170389389627 16
180 0.1 5.679233579157764 0.0 6.042195219655495 0.5226371135318935 3.9695742119063215 17
190 0.1 4.7119061507550715 0.0 6.042195219655495 0.5226371135318935 4.064555287864735 18
200 0.1 5.6232974445453365 0.0 6.042195219655495 0.5226371135318935 4.098626385911595 19
210 0.1 4.427333974975938 0.0 6.042195219655495 0.5226371135318935 4.174859938843282 20
220 0.1 3.718247637746963 0.0 6.042195219655495 0.5226371135318935 4.186882511992456 21
230 0.1 5.085878500300741 0.0 6.042195219655495 0.5226371135318935 4.165580926799479 22
240 0.1 5.438125777108828 0.0 6.042195219655495 0.5226371135318935 4.205593864777795 23
250 0.1 4.365973234397774 0.0 6.042195219655495 0.5226371135318935 4.256949361124921 24
260 0.1 5.6925261391506385 0.0 6.042195219655495 0.5226371135318935 4.261310316055835 25
270 0.1 5.8028244428083795 0.0 6.042195219655495 0.5226371135318935 4.316357078482558 26
280 0.1 6.041625888954133 0.0 6.042195219655495 0.5226371135318935 4.37141142530944 27
290 0.1 6.905675353882788 0.0 6.905675353882788 0.5226371135318935 4.431061941868179 28
300 0.1 5.963242099695888 0.0 6.905675353882788 0.5226371135318935 4.5163934388342 29
310 0.1 6.219997256892059 0.0 6.905675353882788 0.5226371135318935 4.564621727529589 30
320 0.1 5.913098236775818 0.0 6.905675353882788 0.5226371135318935 4.618020938154186 31
330 0.1 6.683352499492661 0.0 6.905675353882788 0.5226371135318935 4.658492103736112 32
340 0.1 6.210350584307179 0.0 6.905675353882788 0.5226371135318935 4.719851509668128 33
350 0.1 6.341073923747421 0.0 6.905675353882788 0.5226371135318935 4.763689717745748 34
360 0.1 6.294605542339099 0.0 6.905675353882788 0.5226371135318935 4.8087578379172236 35
370 0.1 5.554811042615921 0.0 6.905675353882788 0.5226371135318935 4.850031385262276 36
380 0.1 5.894492454533729 0.0 6.905675353882788 0.5226371135318935 4.869079484109672 37
390 0.1 8.424576330288025 0.0 8.424576330288025 0.5226371135318935 4.896064035962936 38
400 0.1 6.754810839115068 0.0 8.424576330288025 0.5226371135318935 4.9865387101764 39
410 0.1 8.320920785375762 0.0 8.424576330288025 0.5226371135318935 5.030745513399866 40
420 0.1 7.330226364846871 0.0 8.424576330288025 0.5226371135318935 5.110993690765132 41
430 0.1 8.955014386974526 0.0 8.955014386974526 0.5226371135318935 5.163832563957554 42
440 0.1 6.94739553151761 0.0 8.955014386974526 0.5226371135318935 5.251999583097483 43
450 0.1 7.540806690948335 0.0 8.955014386974526 0.5226371135318935 5.29053130919794 44
460 0.1 7.361559228287351 0.0 8.955014386974526 0.5226371135318935 5.340537428792393 45
470 0.1 6.933829098671074 0.0 8.955014386974526 0.5226371135318935 5.384472685303153 46
480 0.1 7.188686657064293 0.0 8.955014386974526 0.5226371135318935 5.417437715374811 47
490 0.1 8.562754433174637 0.0 8.955014386974526 0.5226371135318935 5.454338734993342 48
500 0.1 9.88163319590371 0.0 9.88163319590371 0.5226371135318935 5.517775790058265 49
510 0.1 10.488007763759878 0.0 10.488007763759878 0.5226371135318935 5.605052938175175 50
520 0.1 10.248911860718172 0.0 10.488007763759878 0.5226371135318935 5.700797150441541 51
530 0.1 9.642832752851191 0.0 10.488007763759878 0.5226371135318935 5.7882608948699374 52
540 0.1 10.237544671011142 0.0 10.488007763759878 0.5226371135318935 5.860988665775245 53
550 0.1 8.636518191091465 0.0 10.488007763759878 0.5226371135318935 5.942035999205539 54
560 0.1 10.028478437754272 0.0 10.488007763759878 0.5226371135318935 5.991026584512555 55
570 0.1 8.98915221446832 0.0 10.488007763759878 0.5226371135318935 6.063123939034729 56
580 0.1 9.221960255978443 0.0 10.488007763759878 0.5226371135318935 6.1144577684283 57
590 0.1 8.79377967384573 0.0 10.488007763759878 0.5226371135318935 6.168035397523993 58
600 0.1 8.26363998407009 0.0 10.488007763759878 0.5226371135318935 6.212539537800633 59
610 0.1 10.452191922678633 0.0 10.488007763759878 0.5226371135318935 6.2467245452384565 60
620 0.1 12.479189789123197 0.0 12.479189789123197 0.5226371135318935 6.3156666333932145 61
630 0.1 15.62522265764161 0.0 15.62522265764161 0.5226371135318935 6.415078297195311 62
640 0.1 14.302300268485595 0.0 15.62522265764161 0.5226371135318935 6.561271064821442 63
650 0.1 15.652544782485073 0.0 15.652544782485073 0.5226371135318935 6.682224646128695 64
660 0.1 17.673278359705815 0.0 17.673278359705815 0.5226371135318935 6.8202295713034085 65
670 0.1 16.24332515514504 0.0 17.673278359705815 0.5226371135318935 6.98466970446102 66
680 0.1 13.233858597127318 0.0 17.673278359705815 0.5226371135318935 7.122858591784663 67
690 0.1 16.962080488159234 0.0 17.673278359705815 0.5226371135318935 7.2127262389220546 68
700 0.1 16.417259915734416 0.0 17.673278359705815 0.5226371135318935 7.354021228041434 69
710 0.1 12.835342484844261 0.0 17.673278359705815 0.5226371135318935 7.483496066437049 70
720 0.1 15.742907282831236 0.0 17.673278359705815 0.5226371135318935 7.558874185006164 71
730 0.1 13.517096999302163 0.0 17.673278359705815 0.5226371135318935 7.672541311364845 72
740 0.1 15.602063803502652 0.0 17.673278359705815 0.5226371135318935 7.752603718048917 73
750 0.1 15.44849309184623 0.0 17.673278359705815 0.5226371135318935 7.858677502987481 74
760 0.1 13.788468340997523 0.0 17.673278359705815 0.5226371135318935 7.959875044172264 75
770 0.1 16.61146313364055 0.0 17.673278359705815 0.5226371135318935 8.036567061235754 76
780 0.1 17.268754552075745 0.0 17.673278359705815 0.5226371135318935 8.147929347890361 77
790 0.1 13.888295980078263 0.0 17.673278359705815 0.5226371135318935 8.264863004354275 78
800 0.1 14.505841037769654 0.0 17.673278359705815 0.5226371135318935 8.336045700249516 79
810 0.1 16.555003241841366 0.0 17.673278359705815 0.5226371135318935 8.413168141968516 80
820 0.1 15.456155890168292 0.0 17.673278359705815 0.5226371135318935 8.513684624682995 81
830 0.1 11.9375511317153 0.0 17.673278359705815 0.5226371135318935 8.598348908408425 82
840 0.1 15.018656716417912 0.0 17.673278359705815 0.5226371135318935 8.63858026049646 83
850 0.1 14.964131994261118 0.0 17.673278359705815 0.5226371135318935 8.714533551638382 84
860 0.1 14.35095982302148 0.0 17.673278359705815 0.5226371135318935 8.788058239198651 85
870 0.1 12.99323562570462 0.0 17.673278359705815 0.5226371135318935 8.852743141336127 86
880 0.1 13.693414186997602 0.0 17.673278359705815 0.5226371135318935 8.900335008972547 87
890 0.1 13.211125158027812 0.0 17.673278359705815 0.5226371135318935 8.954801817813742 88
900 0.1 14.75890685362713 0.0 17.673278359705815 0.5226371135318935 9.002625675568956 89
910 0.1 12.763882115237232 0.0 17.673278359705815 0.5226371135318935 9.066584355325157 90
920 0.1 12.47548332866349 0.0 17.673278359705815 0.5226371135318935 9.107214001038477 91
930 0.1 15.134308801048263 0.0 17.673278359705815 0.5226371135318935 9.143825624164835 92
940 0.1 17.71760724008535 0.0 17.71760724008535 0.5226371135318935 9.208239421765732 93
950 0.1 13.220338983050848 0.0 17.71760724008535 0.5226371135318935 9.298764611322325 94
960 0.1 15.300900900900901 0.0 17.71760724008535 0.5226371135318935 9.340044341551046 95
970 0.1 13.876511775938894 0.0 17.71760724008535 0.5226371135318935 9.402136597377607 96
980 0.1 12.558924927882925 0.0 17.71760724008535 0.5226371135318935 9.448264176538034 97
990 0.1 13.896342324530433 0.0 17.71760724008535 0.5226371135318935 9.480005612776248 98
1000 0.1 15.823699421965317 0.0 17.71760724008535 0.5226371135318935 9.52461507451114 99
1010 0.1 14.857990674014413 0.0 17.71760724008535 0.5226371135318935 9.587605917985682 100
1020 0.1 14.44198184028026 0.0 17.71760724008535 0.5226371135318935 9.639787945273095 101
1030 0.1 15.734467348998127 0.0 17.71760724008535 0.5226371135318935 9.686868277577087 102
1040 0.1 16.7770580100444 0.0 17.71760724008535 0.5226371135318935 9.745582831668553 103
1050 0.1 13.410339484434427 0.0 17.71760724008535 0.5226371135318935 9.813193169922167 104
1060 0.1 14.064936906281014 0.0 17.71760724008535 0.5226371135318935 9.847451706250855 105
1070 0.1 14.236061852745069 0.0 17.71760724008535 0.5226371135318935 9.887239302477555 106
1080 0.1 13.934484983155329 0.0 17.71760724008535 0.5226371135318935 9.927882503881923 107
1090 0.1 13.366827059156524 0.0 17.71760724008535 0.5226371135318935 9.964980674986306 108
1100 0.1 13.015107454429392 0.0 17.71760724008535 0.5226371135318935 9.996190274841078 109
1110 0.1 13.488730225395493 0.0 17.71760724008535 0.5226371135318935 10.0236349764737 110
1120 0.1 13.80589182002659 0.0 17.71760724008535 0.5226371135318935 10.05485205078831 111
1130 0.1 13.577004968062456 0.0 17.71760724008535 0.5226371135318935 10.088343477299366 112
1140 0.1 14.008823316699212 0.0 17.71760724008535 0.5226371135318935 10.119216587837094 113
1150 0.1 11.535533873088367 0.0 17.71760724008535 0.5226371135318935 10.153335945107814 114
1160 0.1 14.586265128060793 0.0 17.71760724008535 0.5226371135318935 10.165355057525035 115
1170 0.1 15.756641714369588 0.0 17.71760724008535 0.5226371135318935 10.203466351236552 116
1180 0.1 15.713984391478592 0.0 17.71760724008535 0.5226371135318935 10.250929388528286 117
1190 0.1 16.793723632595665 0.0 17.71760724008535 0.5226371135318935 10.297226464824476 118
1200 0.1 15.276496060197346 0.0 17.71760724008535 0.5226371135318935 10.351818877999023 119
1210 0.1 15.944553305755136 0.0 17.71760724008535 0.5226371135318935 10.392857854517342 120
1220 0.1 16.002277904328018 0.0 17.71760724008535 0.5226371135318935 10.438739635106083 121
1230 0.1 19.626515884234806 0.0 19.626515884234806 0.5226371135318935 10.484342407804624 122
1240 0.1 19.06776515994953 0.0 19.626515884234806 0.5226371135318935 10.558669021434136 123
1250 0.1 19.702962907679677 0.0 19.702962907679677 0.5226371135318935 10.62729076448668 124
1260 0.1 18.880227851896265 0.0 19.702962907679677 0.5226371135318935 10.699896141632223 125
1270 0.1 20.235034887991183 0.0 20.235034887991183 0.5226371135318935 10.764819409174002 126
1280 0.1 19.80546202768425 0.0 20.235034887991183 0.5226371135318935 10.83938803499146 127
1290 0.1 17.320503330866025 0.0 20.235034887991183 0.5226371135318935 10.909435488059371 128
1300 0.1 18.041423107454715 0.0 20.235034887991183 0.5226371135318935 10.959133688391207 129
1310 0.1 23.320581484315227 0.0 23.320581484315227 0.5226371135318935 11.013612837768617 130
1320 0.1 19.446103314422217 0.0 23.320581484315227 0.5226371135318935 11.107559163314775 131
1330 0.1 21.098834569396093 0.0 23.320581484315227 0.5226371135318935 11.170729952338316 132
1340 0.1 20.164578545481504 0.0 23.320581484315227 0.5226371135318935 11.245377355474089 133
1350 0.1 21.323139807735977 0.0 23.320581484315227 0.5226371135318935 11.311938558384592 134
1360 0.1 20.757825370675455 0.0 23.320581484315227 0.5226371135318935 11.386095604676083 135
1370 0.1 20.179573512906845 0.0 23.320581484315227 0.5226371135318935 11.455005382367254 136
1380 0.1 18.776449625064963 0.0 23.320581484315227 0.5226371135318935 11.518688361422289 137
1390 0.1 21.65556900726392 0.0 23.320581484315227 0.5226371135318935 11.571280834347236 138
1400 0.1 19.45430346051464 0.0 23.320581484315227 0.5226371135318935 11.643829670123615 139
1410 0.1 19.09510343801161 0.0 23.320581484315227 0.5226371135318935 11.699618768626408 140
1420 0.1 20.274914089347078 0.0 23.320581484315227 0.5226371135318935 11.752069014508573 141
1430 0.1 16.82126030624264 0.0 23.320581484315227 0.5226371135318935 11.812089050246872 142
1440 0.1 17.96829552065154 0.0 23.320581484315227 0.5226371135318935 11.84711821986922 143
1450 0.1 20.122956965062226 0.0 23.320581484315227 0.5226371135318935 11.889626395569097 144
1460 0.1 18.143584446248063 0.0 23.320581484315227 0.5226371135318935 11.946407985703532 145
1470 0.1 20.180207014669744 0.0 23.320581484315227 0.5226371135318935 11.988854399816852 146
1480 0.1 21.36875761266748 0.0 23.320581484315227 0.5226371135318935 12.044577886992721 147
1490 0.1 18.52013691646639 0.0 23.320581484315227 0.5226371135318935 12.10757910135539 148
1500 0.1 19.67065868263473 0.0 23.320581484315227 0.5226371135318935 12.150616402127945 149
1510 0.1 20.414445528943613 0.0 23.320581484315227 0.5226371135318935 12.200750017331323 150
1520 0.1 18.944509688784496 0.0 23.320581484315227 0.5226371135318935 12.25514535184531 151
1530 0.1 18.550896429100607 0.0 23.320581484315227 0.5226371135318935 12.299154327746226 152
1540 0.1 18.707331552389434 0.0 23.320581484315227 0.5226371135318935 12.340015387232203 153
1550 0.1 21.587108543630283 0.0 23.320581484315227 0.5226371135318935 12.38136159609686 154
1560 0.1 20.889054912215165 0.0 23.320581484315227 0.5226371135318935 12.440753511887399 155
1570 0.1 21.22673498605983 0.0 23.320581484315227 0.5226371135318935 12.494909290094629 156
1580 0.1 19.855997624703086 0.0 23.320581484315227 0.5226371135318935 12.550526014272751 157
1590 0.1 22.826169936636383 0.0 23.320581484315227 0.5226371135318935 12.596763176364083 158
1600 0.1 20.607930178316153 0.0 23.320581484315227 0.5226371135318935 12.661099067938123 159
1610 0.1 19.58631064309891 0.0 23.320581484315227 0.5226371135318935 12.710766762377984 160
1620 0.1 21.033814985848352 0.0 23.320581484315227 0.5226371135318935 12.753472003873148 161
1630 0.1 17.6834204135698 0.0 23.320581484315227 0.5226371135318935 12.804585232156946 162
1640 0.1 19.098791966204697 0.0 23.320581484315227 0.5226371135318935 12.834516736337392 163
1650 0.1 18.69597615499255 0.0 23.320581484315227 0.5226371135318935 12.87271353651951 164
1660 0.1 19.834832620557442 0.0 23.320581484315227 0.5226371135318935 12.908006037237527 165
1670 0.1 21.014656144306652 0.0 23.320581484315227 0.5226371135318935 12.949733908221383 166
1680 0.1 20.476900149031295 0.0 23.320581484315227 0.5226371135318935 12.99802685574285 167
1690 0.1 23.74641556227234 0.0 23.74641556227234 0.5226371135318935 13.042543958679092 168
1700 0.1 18.758334568084162 0.0 23.74641556227234 0.5226371135318935 13.105880477043549 169
1710 0.1 21.614916171716413 0.0 23.74641556227234 0.5226371135318935 13.139130206990847 170
1720 0.1 18.269585083646547 0.0 23.74641556227234 0.5226371135318935 13.188696206784563 171
1730 0.1 18.845926800472252 0.0 23.74641556227234 0.5226371135318935 13.218236258394226 172
1740 0.1 20.342952107569122 0.0 23.74641556227234 0.5226371135318935 13.250766261527625 173
1750 0.1 21.303353658536587 0.0 23.74641556227234 0.5226371135318935 13.291525950297977 174
1760 0.1 20.71739611779467 0.0 23.74641556227234 0.5226371135318935 13.337307822916484 175
1770 0.1 18.795714813446622 0.0 23.74641556227234 0.5226371135318935 13.379240142773746 176
1780 0.1 20.415224913494807 0.0 23.74641556227234 0.5226371135318935 13.409841694585458 177
1790 0.1 19.01439810004453 0.0 23.74641556227234 0.5226371135318935 13.44919778008495 178
1800 0.1 18.534738717339668 0.0 23.74641556227234 0.5226371135318935 13.480288284665729 179
1810 0.1 23.31692540704279 0.0 23.74641556227234 0.5226371135318935 13.50836856484725 180
1820 0.1 25.231751966970478 0.0 25.231751966970478 0.5226371135318935 13.562559486627336 181
1830 0.1 25.786459559111947 0.0 25.786459559111947 0.5226371135318935 13.626675928827023 182
1840 0.1 24.644293226105784 0.0 25.786459559111947 0.5226371135318935 13.693122833910547 183
1850 0.1 26.692502372666876 0.0 26.692502372666876 0.5226371135318935 13.752640064302911 184
1860 0.1 26.974310180780208 0.0 26.974310180780208 0.5226371135318935 13.822585265969742 185
1870 0.1 25.166434432574704 0.0 26.974310180780208 0.5226371135318935 13.893293464436466 186
1880 0.1 26.667716783492164 0.0 26.974310180780208 0.5226371135318935 13.95357764073667 187
1890 0.1 24.709461040480463 0.0 26.974310180780208 0.5226371135318935 14.02120604043218 188
1900 0.1 23.371267089284352 0.0 26.974310180780208 0.5226371135318935 14.07775765418905 189
1910 0.1 24.457840757848587 0.0 26.974310180780208 0.5226371135318935 14.12667086174218 190
1920 0.1 20.40544539804676 0.0 26.974310180780208 0.5226371135318935 14.180760756486194 191
1930 0.1 23.217438022872056 0.0 26.974310180780208 0.5226371135318935 14.213180988994322 192
1940 0.1 22.121792416698582 0.0 26.974310180780208 0.5226371135318935 14.259835170517004 193
1950 0.1 23.805519455699105 0.0 26.974310180780208 0.5226371135318935 14.300360723332373 194
1960 0.1 23.83891374787841 0.0 26.974310180780208 0.5226371135318935 14.3491051270881 195
1970 0.1 25.501705401760926 0.0 26.974310180780208 0.5226371135318935 14.3975225180105 196
1980 0.1 24.706061994197587 0.0 26.974310180780208 0.5226371135318935 14.453888928587913 197
1990 0.1 23.97116949546617 0.0 26.974310180780208 0.5226371135318935 14.505667580434427 198
2000 0.1 24.444444444444443 0.0 26.974310180780208 0.5226371135318935 14.553232916690868 199
2010 0.1 26.309616888193904 0.0 26.974310180780208 0.5226371135318935 14.602688974329634 200
2020 0.1 25.520710524247427 0.0 26.974310180780208 0.5226371135318935 14.660932396786672 201
2030 0.1 20.364559988047212 0.0 26.974310180780208 0.5226371135318935 14.714693674645389 202
2040 0.1 26.177187328040247 0.0 26.974310180780208 0.5226371135318935 14.74252552840599 203
2050 0.1 24.398359514044728 0.0 26.974310180780208 0.5226371135318935 14.798577792129688 204
2060 0.1 26.860095389507155 0.0 26.974310180780208 0.5226371135318935 14.845405995651225 205
2070 0.1 29.765913099246433 0.0 29.765913099246433 0.5226371135318935 14.903729730572856 206
2080 0.1 25.27120892843206 0.0 29.765913099246433 0.5226371135318935 14.975527717861134 207
2090 0.1 23.91674404209223 0.0 29.765913099246433 0.5226371135318935 15.025026185219646 208
2100 0.1 23.258677749557457 0.0 29.765913099246433 0.5226371135318935 15.067570289797985 209
2110 0.1 24.451771200736083 0.0 29.765913099246433 0.5226371135318935 15.106575563415888 210
2120 0.1 20.957720866798 0.0 29.765913099246433 0.5226371135318935 15.150865590133044 211
2130 0.1 25.040967616074912 0.0 29.765913099246433 0.5226371135318935 15.178256416909766 212
2140 0.1 23.99236641221374 0.0 29.765913099246433 0.5226371135318935 15.22456022535655 213
2150 0.1 24.732516669251048 0.0 29.765913099246433 0.5226371135318935 15.265531282304481 214
2160 0.1 24.025974025974026 0.0 29.765913099246433 0.5226371135318935 15.309563772476327 215
2170 0.1 24.053435114503817 0.0 29.765913099246433 0.5226371135318935 15.349917523649927 216
2180 0.1 27.028093434343436 0.0 29.765913099246433 0.5226371135318935 15.390025899644645 217
2190 0.1 27.998704138657164 0.0 29.765913099246433 0.5226371135318935 15.44341153053776 218
2200 0.1 22.57215874924835 0.0 29.765913099246433 0.5226371135318935 15.500741633771181 219
2210 0.1 24.621241550773057 0.0 29.765913099246433 0.5226371135318935 15.532884438841533 220
2220 0.1 25.663301244423575 0.0 29.765913099246433 0.5226371135318935 15.574008226678327 221
2230 0.1 26.64053312426499 0.0 29.765913099246433 0.5226371135318935 15.619455492524027 222
2240 0.1 26.192527610245165 0.0 29.765913099246433 0.5226371135318935 15.668877365312103 223
2250 0.1 22.050928056450374 0.0 29.765913099246433 0.5226371135318935 15.715857946762696 224
2260 0.1 22.541014879816863 0.0 29.765913099246433 0.5226371135318935 15.744013813916863 225
2270 0.1 22.98518799848082 0.0 29.765913099246433 0.5226371135318935 15.774089039872173 226
2280 0.1 24.491545234941167 0.0 29.765913099246433 0.5226371135318935 15.805855995636968 227
2290 0.1 22.02797202797203 0.0 29.765913099246433 0.5226371135318935 15.84395112387953 228
2300 0.1 25.212973817897616 0.0 29.765913099246433 0.5226371135318935 15.870955581976004 229
2310 0.1 25.270981728089193 0.0 29.765913099246433 0.5226371135318935 15.911573052566967 230
2320 0.1 23.15887705109262 0.0 29.765913099246433 0.5226371135318935 15.952089973240223 231
2330 0.1 23.87380438136378 0.0 29.765913099246433 0.5226371135318935 15.98315371064476 232
2340 0.1 21.84491379953728 0.0 29.765913099246433 0.5226371135318935 16.01701916416716 233
2350 0.1 23.253676470588236 0.0 29.765913099246433 0.5226371135318935 16.041924696796944 234
2360 0.1 21.592555869117536 0.0 29.765913099246433 0.5226371135318935 16.07261300221733 235
2370 0.1 25.384912959381044 0.0 29.765913099246433 0.5226371135318935 16.0960025906364 236
2380 0.1 23.812461443553364 0.0 29.765913099246433 0.5226371135318935 16.13519630527245 237
2390 0.1 25.078419071518194 0.0 29.765913099246433 0.5226371135318935 16.16745372181985 238
2400 0.1 26.545426162972213 0.0 29.765913099246433 0.5226371135318935 16.20473809566796 239
2410 0.1 31.56638406453206 0.0 31.56638406453206 0.5226371135318935 16.247824295948394 240
2420 0.1 32.059638259736026 0.0 32.059638259736026 0.5226371135318935 16.311386784614715 241
2430 0.1 30.338900599967573 0.0 32.059638259736026 0.5226371135318935 16.376462203933396 242
2440 0.1 36.047606815652024 0.0 36.047606815652024 0.5226371135318935 16.433920798155757 243
2450 0.1 40.8046475331657 0.0 40.8046475331657 0.5226371135318935 16.514304757243856 244
2460 0.1 33.59979804779535 0.0 40.8046475331657 0.5226371135318935 16.61344901347211 245
2470 0.1 31.62820719703082 0.0 40.8046475331657 0.5226371135318935 16.68249921279863 246
2480 0.1 28.857667438333202 0.0 40.8046475331657 0.5226371135318935 16.743008152006045 247
2490 0.1 35.684647302904565 0.0 40.8046475331657 0.5226371135318935 16.791857584612202 248
2500 0.1 31.921343711593607 0.0 40.8046475331657 0.5226371135318935 16.867732242115384 249
2510 0.1 33.940452428476384 0.0 40.8046475331657 0.5226371135318935 16.927946687993295 250
2520 0.1 32.10180623973727 0.0 40.8046475331657 0.5226371135318935 16.995725595325897 251
2530 0.1 32.827824940245605 0.0 40.8046475331657 0.5226371135318935 17.055670359787847 252
2540 0.1 34.143904063957365 0.0 40.8046475331657 0.5226371135318935 17.118010891726414 253
2550 0.1 38.7038158691702 0.0 40.8046475331657 0.5226371135318935 17.18504196720764 254
2560 0.1 33.08439133681852 0.0 40.8046475331657 0.5226371135318935 17.269429315842785 255
2570 0.1 37.760730908464055 0.0 40.8046475331657 0.5226371135318935 17.331206511237223 256
2580 0.1 29.84343637093537 0.0 40.8046475331657 0.5226371135318935 17.410698824066902 257
2590 0.1 32.315772197603806 0.0 40.8046475331657 0.5226371135318935 17.458887729287323 258
2600 0.1 31.44910962261068 0.0 40.8046475331657 0.5226371135318935 17.51625021758198 259
2610 0.1 31.647955420798162 0.0 40.8046475331657 0.5226371135318935 17.569838138370553 260
2620 0.1 30.501460564751703 0.0 40.8046475331657 0.5226371135318935 17.623777285046522 261
2630 0.1 33.17363290930117 0.0 40.8046475331657 0.5226371135318935 17.672928747946163 262
2640 0.1 30.25540275049116 0.0 40.8046475331657 0.5226371135318935 17.73186678658249 263
2650 0.1 32.82994090610637 0.0 40.8046475331657 0.5226371135318935 17.779304422809417 264
2660 0.1 36.239735884195376 0.0 40.8046475331657 0.5226371135318935 17.83609927746337 265
2670 0.1 37.01910828025478 0.0 40.8046475331657 0.5226371135318935 17.905285881248076 266
2680 0.1 32.22386587771203 0.0 40.8046475331657 0.5226371135318935 17.97687323105709 267
2690 0.1 34.161180098341525 0.0 40.8046475331657 0.5226371135318935 18.030033651380432 268
2700 0.1 28.19509858705197 0.0 40.8046475331657 0.5226371135318935 18.090000738543857 269
2710 0.1 31.15995115995116 0.0 40.8046475331657 0.5226371135318935 18.127427026871665 270
2720 0.1 31.829780228825417 0.0 40.8046475331657 0.5226371135318935 18.17551752182768 271
2730 0.1 33.07158967504804 0.0 40.8046475331657 0.5226371135318935 18.225717017073993 272
2740 0.1 30.757502808537957 0.0 40.8046475331657 0.5226371135318935 18.280097503000636 273
2750 0.1 34.08731808731809 0.0 40.8046475331657 0.5226371135318935 18.32563547856829 274
2760 0.1 33.55454168394857 0.0 40.8046475331657 0.5226371135318935 18.382950688054652 275
2770 0.1 28.104835497490637 0.0 40.8046475331657 0.5226371135318935 18.437920220648472 276
2780 0.1 28.595492099141733 0.0 40.8046475331657 0.5226371135318935 18.472818831756207 277
2790 0.1 34.53031704650576 0.0 40.8046475331657 0.5226371135318935 18.509231325523782 278
2800 0.1 31.332896675945637 0.0 40.8046475331657 0.5226371135318935 18.566654571835546 279
2810 0.1 33.76751854905194 0.0 40.8046475331657 0.5226371135318935 18.61224829363594 280
2820 0.1 31.381161542215715 0.0 40.8046475331657 0.5226371135318935 18.666181639740625 281
2830 0.1 32.524952569496 0.0 40.8046475331657 0.5226371135318935 18.711270220955072 282
2840 0.1 33.43123269279181 0.0 40.8046475331657 0.5226371135318935 18.76008181935981 283
2850 0.1 31.477880408361692 0.0 40.8046475331657 0.5226371135318935 18.811740801308517 284
2860 0.1 35.74317492416582 0.0 40.8046475331657 0.5226371135318935 18.856183396420985 285
2870 0.1 33.062510363123856 0.0 40.8046475331657 0.5226371135318935 18.91522882134317 286
2890 0.1 32.428418186319 0.0 40.8046475331657 0.5226371135318935 18.964522485251813 287
2900 0.1 29.630826399547622 0.0 40.8046475331657 0.5226371135318935 19.01127212310274 288
2910 0.1 37.00541088941495 0.0 40.8046475331657 0.5226371135318935 19.048017985650993 289
2920 0.1 35.77826601318236 0.0 40.8046475331657 0.5226371135318935 19.109940030146728 290
2930 0.1 31.95242001640689 0.0 40.8046475331657 0.5226371135318935 19.16721950087881 291
2940 0.1 34.47928049088006 0.0 40.8046475331657 0.5226371135318935 19.211004434151167 292
2950 0.1 29.5386361793562 0.0 40.8046475331657 0.5226371135318935 19.263114591341367 293
2960 0.1 34.777207222130194 0.0 40.8046475331657 0.5226371135318935 19.298065345042097 294
2970 0.1 37.198397135305655 0.0 40.8046475331657 0.5226371135318935 19.350537012422055 295
2980 0.1 30.297837617299063 0.0 40.8046475331657 0.5226371135318935 19.410833837161526 296
2990 0.1 33.52159468438538 0.0 40.8046475331657 0.5226371135318935 19.447490415545825 297
3000 0.1 31.268316509280364 0.0 40.8046475331657 0.5226371135318935 19.494718953360724 298
3010 0.1 37.88798631893972 0.0 40.8046475331657 0.5226371135318935 19.534095533815304 299
3020 0.1 38.61037062516123 0.0 40.8046475331657 0.5226371135318935 19.595275169765717 300
3030 0.1 46.71299259394715 0.0 46.71299259394715 0.5226371135318935 19.65844824436836 301
3040 0.1 39.18942424769526 0.0 46.71299259394715 0.5226371135318935 19.748032828307363 302
3050 0.1 40.80174291938998 0.0 46.71299259394715 0.5226371135318935 19.81219583629214 303
3060 0.1 42.22515391380826 0.0 46.71299259394715 0.5226371135318935 19.88124039906549 304
3070 0.1 45.63581981328741 0.0 46.71299259394715 0.5226371135318935 19.95449913190071 305
3080 0.1 45.57614098508812 0.0 46.71299259394715 0.5226371135318935 20.038425016480407 306
3090 0.1 47.21993974253629 0.0 47.21993974253629 0.5226371135318935 20.121609759049164 307
3100 0.1 46.523480160174735 0.0 47.21993974253629 0.5226371135318935 20.209591349904642 308
3110 0.1 48.96634838231204 0.0 48.96634838231204 0.5226371135318935 20.29474956611911 309
3120 0.1 44.12478647846804 0.0 48.96634838231204 0.5226371135318935 20.38723859455844 310
3130 0.1 39.1644908616188 0.0 48.96634838231204 0.5226371135318935 20.463565115085483 311
3140 0.1 38.6248822673174 0.0 48.96634838231204 0.5226371135318935 20.523503979657704 312
3150 0.1 36.28438425730004 0.0 48.96634838231204 0.5226371135318935 20.581335859170995 313
3160 0.1 42.65940346490445 0.0 48.96634838231204 0.5226371135318935 20.631345567445294 314
3170 0.1 53.57998658104093 0.0 53.57998658104093 0.5226371135318935 20.701275909976907 315
3180 0.1 43.492204899777285 0.0 53.57998658104093 0.5226371135318935 20.80532246273344 316
3190 0.1 41.857394366197184 0.0 53.57998658104093 0.5226371135318935 20.876889915216225 317
3200 0.1 42.42343304843305 0.0 53.57998658104093 0.5226371135318935 20.942866344307358 318
3210 0.1 44.82508609751677 0.0 53.57998658104093 0.5226371135318935 21.010203544006814 319
3220 0.1 36.9150194289576 0.0 53.57998658104093 0.5226371135318935 21.08462505198653 320
3230 0.1 39.23809523809524 0.0 53.57998658104093 0.5226371135318935 21.133940922319777 321
3240 0.1 42.232837933474876 0.0 53.57998658104093 0.5226371135318935 21.190165004045788 322
3250 0.1 44.468410173451964 0.0 53.57998658104093 0.5226371135318935 21.255312598254545 323
3260 0.1 44.86166007905138 0.0 53.57998658104093 0.5226371135318935 21.326957961140955 324
3270 0.1 51.199393192376974 0.0 53.57998658104093 0.5226371135318935 21.399372429196063 325
3280 0.1 52.3172569706104 0.0 53.57998658104093 0.5226371135318935 21.49078353583159 326
3290 0.1 47.28554426439623 0.0 53.57998658104093 0.5226371135318935 21.585054096794217 327
3300 0.1 50.97182181716731 0.0 53.57998658104093 0.5226371135318935 21.66340924974422 328
3310 0.1 51.100290289352934 0.0 53.57998658104093 0.5226371135318935 21.752492570617846 329
3320 0.1 43.63037478856939 0.0 53.57998658104093 0.5226371135318935 21.84142529097765 330
3330 0.1 45.6888727536758 0.0 53.57998658104093 0.5226371135318935 21.907252932964333 331
3340 0.1 48.284267766735425 0.0 53.57998658104093 0.5226371135318935 21.978884317966475 332
3350 0.1 46.01673335758458 0.0 53.57998658104093 0.5226371135318935 22.057879463458278 333
3360 0.1 45.90089682036416 0.0 53.57998658104093 0.5226371135318935 22.129612558949674 334
3370 0.1 41.22420179925913 0.0 53.57998658104093 0.5226371135318935 22.200571616446435 335
3380 0.1 36.52724968314322 0.0 53.57998658104093 0.5226371135318935 22.257189563419093 336
3390 0.1 42.58978700650566 0.0 53.57998658104093 0.5226371135318935 22.29953395546575 337
3400 0.1 52.189125295508276 0.0 53.57998658104093 0.5226371135318935 22.359564289936284 338
3410 0.1 49.42347033661893 0.0 53.57998658104093 0.5226371135318935 22.447557095262454 339
3420 0.1 41.42079381805409 0.0 53.57998658104093 0.5226371135318935 22.526898016560562 340
3430 0.1 37.86815068493151 0.0 53.57998658104093 0.5226371135318935 22.582305335626526 341
3440 0.1 44.89041219446198 0.0 53.57998658104093 0.5226371135318935 22.62700078986426 342
3450 0.1 42.853299856527975 0.0 53.57998658104093 0.5226371135318935 22.69190869483393 343
3460 0.1 46.16699658088897 0.0 53.57998658104093 0.5226371135318935 22.750517390071412 344
3470 0.1 38.88840867836459 0.0 53.57998658104093 0.5226371135318935 22.81839124279842 345
3480 0.1 40.85232730765872 0.0 53.57998658104093 0.5226371135318935 22.86483637989543 346
3490 0.1 41.10032362459547 0.0 53.57998658104093 0.5226371135318935 22.91667352954316 347
3500 0.1 41.87989096984085 0.0 53.57998658104093 0.5226371135318935 22.968925397632393 348
3510 0.1 43.30173493113933 0.0 53.57998658104093 0.5226371135318935 23.023111545403765 349
3520 0.1 46.652090735173545 0.0 53.57998658104093 0.5226371135318935 23.08105046936301 350
3530 0.1 46.05588639486945 0.0 53.57998658104093 0.5226371135318935 23.148204430234262 351
3540 0.1 44.5435092724679 0.0 53.57998658104093 0.5226371135318935 23.213283072179248 352
3550 0.1 41.90493051252545 0.0 53.57998658104093 0.5226371135318935 23.27370864215174 353
3560 0.1 39.128187456926256 0.0 53.57998658104093 0.5226371135318935 23.326339212407035 354
3570 0.1 43.482335301283854 0.0 53.57998658104093 0.5226371135318935 23.370851460983147 355
3580 0.1 42.0100246368193 0.0 53.57998658104093 0.5226371135318935 23.427344393118823 356
3590 0.1 38.6281276962899 0.0 53.57998658104093 0.5226371135318935 23.47939671873143 357
3600 0.1 40.10262654374674 0.0 53.57998658104093 0.5226371135318935 23.521711609730193 358
3610 0.1 46.22641509433962 0.0 53.57998658104093 0.5226371135318935 23.56789800230406 359
3620 0.1 50.49051667756703 0.0 53.57998658104093 0.5226371135318935 23.63083832755971 360
3630 0.1 62.87909836065574 0.0 62.87909836065574 0.5226371135318935 23.705241868695467 361
3640 0.1 60.003948277563914 0.0 62.87909836065574 0.5226371135318935 23.81345694187768 362
3650 0.1 52.42294926505453 0.0 62.87909836065574 0.5226371135318935 23.913155265116487 363
3660 0.1 50.35036905540503 0.0 62.87909836065574 0.5226371135318935 23.991478875006422 364
3670 0.1 55.305155237450435 0.0 62.87909836065574 0.5226371135318935 24.063695012486967 365
3680 0.1 53.85348194722302 0.0 62.87909836065574 0.5226371135318935 24.14905419342949 366
3690 0.1 53.47988864356341 0.0 62.87909836065574 0.5226371135318935 24.229992688671434 367
3700 0.1 67.35159817351598 0.0 67.35159817351598 0.5226371135318935 24.309476101592335 368
3710 0.1 52.37319014287084 0.0 67.35159817351598 0.5226371135318935 24.426121418860422 369
3720 0.1 55.06061189147585 0.0 67.35159817351598 0.5226371135318935 24.501654037033425 370
3730 0.1 58.43326125417732 0.0 67.35159817351598 0.5226371135318935 24.58402319567074 371
3740 0.1 53.2262635805385 0.0 67.35159817351598 0.5226371135318935 24.675015771096827 372
3750 0.1 63.80562659846547 0.0 67.35159817351598 0.5226371135318935 24.751560671390237 373
3760 0.1 58.56201436018491 0.0 67.35159817351598 0.5226371135318935 24.855983307558887 374
3770 0.1 57.34375000000001 0.0 67.35159817351598 0.5226371135318935 24.945866057032553 375
3780 0.1 45.416553102571086 0.0 67.35159817351598 0.5226371135318935 25.032030641987255 376
3790 0.1 56.558724021266315 0.0 67.35159817351598 0.5226371135318935 25.086100993341592 377
3800 0.1 54.857087678640404 0.0 67.35159817351598 0.5226371135318935 25.169361900822874 378
3810 0.1 55.769418661455795 0.0 67.35159817351598 0.5226371135318935 25.24769363110735 379
3820 0.1 52.61958997722096 0.0 67.35159817351598 0.5226371135318935 25.328013960134584 380
3830 0.1 53.925304878048784 0.0 67.35159817351598 0.5226371135318935 25.399645393250296 381
3840 0.1 58.8126159554731 0.0 67.35159817351598 0.5226371135318935 25.4743198945194 382
3850 0.1 57.58754863813229 0.0 67.35159817351598 0.5226371135318935 25.561365053947476 383
3860 0.1 55.673485140872245 0.0 67.35159817351598 0.5226371135318935 25.644766573697954 384
3870 0.1 52.93270615340309 0.0 67.35159817351598 0.5226371135318935 25.722763245301007 385
3880 0.1 54.024530471445 0.0 67.35159817351598 0.5226371135318935 25.793255325373806 386
3890 0.1 54.81811145510835 0.0 67.35159817351598 0.5226371135318935 25.866204356759003 387
3900 0.1 62.95065458207452 0.0 67.35159817351598 0.5226371135318935 25.94082267402279 388
3910 0.1 60.82494769353393 0.0 67.35159817351598 0.5226371135318935 26.03596363008462 389
3920 0.1 51.97734780556866 0.0 67.35159817351598 0.5226371135318935 26.125166153324233 390
3930 0.1 56.0085628101586 0.0 67.35159817351598 0.5226371135318935 26.191284264966804 391
3940 0.1 52.98925957608592 0.0 67.35159817351598 0.5226371135318935 26.267348751051475 392
3950 0.1 52.711043585604415 0.0 67.35159817351598 0.5226371135318935 26.335343435084646 393
3960 0.1 55.629394202061064 0.0 67.35159817351598 0.5226371135318935 26.402286836481903 394
3970 0.1 53.58714367706141 0.0 67.35159817351598 0.5226371135318935 26.476279513356786 395
3980 0.1 58.39921913128355 0.0 67.35159817351598 0.5226371135318935 26.544741291547957 396
3990 0.1 56.47175421209118 0.0 67.35159817351598 0.5226371135318935 26.624979270993133 397
4000 0.1 61.59072741806555 0.0 67.35159817351598 0.5226371135318935 26.699971167830064 398
4010 0.1 58.770718232044196 0.0 67.35159817351598 0.5226371135318935 26.78741667221662 399
4020 0.1 62.0630775411812 0.0 67.35159817351598 0.5226371135318935 26.86737492611619 400
4030 0.1 55.5043227665706 0.0 67.35159817351598 0.5226371135318935 26.955144758073956 401
4040 0.1 63.63636363636363 0.0 67.35159817351598 0.5226371135318935 27.026162613816485 402
4050 0.1 69.1080797481637 0.0 69.1080797481637 0.5226371135318935 27.117006785088314 403
4060 0.1 61.28064032016008 0.0 69.1080797481637 0.5226371135318935 27.22094508450187 404
4070 0.1 60.55328888446611 0.0 69.1080797481637 0.5226371135318935 27.30504309742942 405
4080 0.1 56.11148746733765 0.0 69.1080797481637 0.5226371135318935 27.386935328431974 406
4090 0.1 60.06148963602102 0.0 69.1080797481637 0.5226371135318935 27.457511623613563 407
4100 0.1 64.71910112359551 0.0 69.1080797481637 0.5226371135318935 27.537423334428286 408
4110 0.1 55.05040713454827 0.0 69.1080797481637 0.5226371135318935 27.62833208207906 409
4120 0.1 64.59310626147257 0.0 69.1080797481637 0.5226371135318935 27.69521519196313 410
4130 0.1 52.20226843100188 0.0 69.1080797481637 0.5226371135318935 27.784991082643202 411
4140 0.1 54.617972128784245 0.0 69.1080797481637 0.5226371135318935 27.844256318925623 412
4150 0.1 62.28646517739816 0.0 69.1080797481637 0.5226371135318935 27.909083717980973 413
4160 0.1 31.696574225122347 0.0 69.1080797481637 0.5226371135318935 27.99212087126459 414
4170 0.1 66.00498856786531 0.0 69.1080797481637 0.5226371135318935 28.001047264888346 415
4180 0.1 55.36778353033115 0.0 69.1080797481637 0.5226371135318935 28.092402893020502 416
4190 0.1 55.886835587731 0.0 69.1080797481637 0.5226371135318935 28.15781147968072 417
4200 0.1 54.153431514101456 0.0 69.1080797481637 0.5226371135318935 28.224148857929645 418
4210 0.1 58.89709502708026 0.0 69.1080797481637 0.5226371135318935 28.286032587419314 419
4220 0.1 67.84828441504754 0.0 69.1080797481637 0.5226371135318935 28.358916069418505 420
4230 0.1 68.2921658009117 0.0 69.1080797481637 0.5226371135318935 28.452715044111212 421
4240 0.1 75.20634231103388 0.0 75.20634231103388 0.5226371135318935 28.547121325525428 422
4250 0.1 65.82434514637904 0.0 75.20634231103388 0.5226371135318935 28.657426812488804 423
4260 0.1 71.70653907496013 0.0 75.20634231103388 0.5226371135318935 28.74508463874798 424
4270 0.1 67.87726988102692 0.0 75.20634231103388 0.5226371135318935 28.846170413892008 425
4280 0.1 71.98975234842015 0.0 75.20634231103388 0.5226371135318935 28.937792713110632 426
4290 0.1 68.58168761220826 0.0 75.20634231103388 0.5226371135318935 29.038616974551637 427
4300 0.1 68.16194837635304 0.0 75.20634231103388 0.5226371135318935 29.131007326508776 428
4310 0.1 72.5376965030478 0.0 75.20634231103388 0.5226371135318935 29.22198854107718 429
4320 0.1 63.055666800160196 0.0 75.20634231103388 0.5226371135318935 29.322722745639904 430
4330 0.1 74.39522810118193 0.0 75.20634231103388 0.5226371135318935 29.400989437181714 431
4340 0.1 67.00701320132013 0.0 75.20634231103388 0.5226371135318935 29.50514276742246 432
4350 0.1 76.49278579356272 0.0 76.49278579356272 0.5226371135318935 29.59175216796264 433
4360 0.1 76.94164107064502 0.0 76.94164107064502 0.5226371135318935 29.699819065717477 434
4370 0.1 74.79849543256314 0.0 76.94164107064502 0.5226371135318935 29.80842095538398 435
4380 0.1 77.35558972106304 0.0 77.35558972106304 0.5226371135318935 29.911609199597695 436
4390 0.1 77.36899563318778 0.0 77.36899563318778 0.5226371135318935 30.02017666074521 437
4400 0.1 61.49136892814131 0.0 77.36899563318778 0.5226371135318935 30.128278987166315 438
4410 0.1 70.77825159914713 0.0 77.36899563318778 0.5226371135318935 30.199721105482887 439
4420 0.1 79.97531972178595 0.0 79.97531972178595 0.5226371135318935 30.291945038423034 440
4430 0.1 74.79692407668146 0.0 79.97531972178595 0.5226371135318935 30.404605751990747 441
4440 0.1 63.53478923311325 0.0 79.97531972178595 0.5226371135318935 30.505040861322627 442
4450 0.1 66.72524291916477 0.0 79.97531972178595 0.5226371135318935 30.57960011272622 443
4460 0.1 74.74082073434126 0.0 79.97531972178595 0.5226371135318935 30.661009218146127 444
4470 0.1 61.97879858657244 0.0 79.97531972178595 0.5226371135318935 30.760064974362294 445
4480 0.1 70.01467812958691 0.0 79.97531972178595 0.5226371135318935 30.83006213492779 446
4490 0.1 67.4646128226478 0.0 79.97531972178595 0.5226371135318935 30.917723468249175 447
4500 0.1 68.33558863328822 0.0 79.97531972178595 0.5226371135318935 30.999301346272386 448
4510 0.1 63.651033787191125 0.0 79.97531972178595 0.5226371135318935 31.082455660942802 449
4520 0.1 73.48892234889223 0.0 79.97531972178595 0.5226371135318935 31.154830279001132 450
4530 0.1 75.95592286501378 0.0 79.97531972178595 0.5226371135318935 31.248697445453217 451
4540 0.1 75.47231985940246 0.0 79.97531972178595 0.5226371135318935 31.347607236204457 452
4550 0.1 68.47137067442586 0.0 79.97531972178595 0.5226371135318935 31.445012782834034 453
4560 0.1 67.59480519480519 0.0 79.97531972178595 0.5226371135318935 31.5265686372208 454
4570 0.1 81.13420695887935 0.0 81.13420695887935 0.5226371135318935 31.605839486797908 455
4580 0.1 72.47166987385076 0.0 81.13420695887935 0.5226371135318935 31.714454327745454 456
4590 0.1 72.96743584213931 0.0 81.13420695887935 0.5226371135318935 31.803638606839776 457
4600 0.1 70.20057306590259 0.0 81.13420695887935 0.5226371135318935 31.893515893379732 458
4610 0.1 75.52401746724891 0.0 81.13420695887935 0.5226371135318935 31.976973534278475 459
4620 0.1 71.78833280204017 0.0 81.13420695887935 0.5226371135318935 32.07164102108928 460
4630 0.1 75.92471714534378 0.0 81.13420695887935 0.5226371135318935 32.1577943655165 461
4640 0.1 63.61338590637954 0.0 81.13420695887935 0.5226371135318935 32.25252796460704 462
4650 0.1 69.1948658109685 0.0 81.13420695887935 0.5226371135318935 32.320261999038514 463
4660 0.1 69.79001793816609 0.0 81.13420695887935 0.5226371135318935 32.399733127943534 464
4670 0.1 68.05957798924285 0.0 81.13420695887935 0.5226371135318935 32.480142342589176 465
4680 0.1 73.16003423192127 0.0 81.13420695887935 0.5226371135318935 32.556493062860966 466
4690 0.1 69.41374592148195 0.0 81.13420695887935 0.5226371135318935 32.64343854716302 467
4700 0.1 71.02715217848873 0.0 81.13420695887935 0.5226371135318935 32.72200758001413 468
4710 0.1 74.19845668949027 0.0 81.13420695887935 0.5226371135318935 32.80368166231365 469
4720 0.1 71.35533482858058 0.0 81.13420695887935 0.5226371135318935 32.89175565173318 470
4730 0.1 68.29318722216479 0.0 81.13420695887935 0.5226371135318935 32.97341930179018 471
4740 0.1 70.06114273666456 0.0 81.13420695887935 0.5226371135318935 33.04824931857063 472
4750 0.1 61.36409027361693 0.0 81.13420695887935 0.5226371135318935 33.126500678862584 473
4760 0.1 75.53839460517729 0.0 81.13420695887935 0.5226371135318935 33.18607365269118 474
4770 0.1 74.23472147106544 0.0 81.13420695887935 0.5226371135318935 33.275236433643784 475
4780 0.1 69.53907815631263 0.0 81.13420695887935 0.5226371135318935 33.3612857719577 476
4790 0.1 68.42159488975891 0.0 81.13420695887935 0.5226371135318935 33.43713020043643 477
4800 0.1 48.79289612431783 0.0 81.13420695887935 0.5226371135318935 33.51031945710865 478
4810 0.1 17.68727705112961 0.0 81.13420695887935 0.5226371135318935 33.542224627603865 479
4820 0.1 3.2536008230452675 0.0 81.13420695887935 0.5226371135318935 33.50919348681954 480
4830 0.1 0.7001463942460696 0.0 81.13420695887935 0.5226371135318935 33.44629204677012 481
4840 0.1 0.13171098845960863 0.0 81.13420695887935 0.13171098845960863 33.37835398525036 482
