10 0.5 5
20 1.5 20
30 1.9 39
40 1.6 55
50 1.7 72
60 2.1 93
70 1.7 110
80 2.5 135
90 2.9 164
100 1.3 177
110 2.4 201
120 2 221
130 2.9 250
140 3.3 283
150 3.6 319
160 3 349
170 4.2 391
180 3.9 430
190 2.9 459
200 5.1 510
210 3.6 546
220 3.4 580
230 3.9 619
240 3.3 652
250 5.4 706
260 4.5 751
270 6.3 814
280 5.5 869
290 5.8 927
300 5.4 981
310 5.9 1040
320 5.6 1096
330 6.1 1157
340 6.9 1226
350 6.5 1291
360 6.2 1353
370 5.7 1410
380 7.3 1483
390 7.2 1555
400 7.4 1629
410 8.2 1711
420 9.2 1803
430 8.2 1885
440 6.9 1954
450 8 2034
460 6.7 2101
470 8.2 2183
480 7.6 2259
490 9.1 2350
500 10.3 2453
510 11.6 2569
520 10.3 2672
530 9.2 2764
540 10.5 2869
550 9.9 2968
560 9.3 3061
570 9.3 3154
580 9.8 3252
590 9.5 3347
600 10 3447
610 10.1 3548
620 14 3688
630 14.4 3832
640 14.1 3973
650 15.7 4130
660 15.3 4283
670 14.9 4432
680 14.4 4576
690 17.1 4747
700 13 4877
710 15.6 5033
720 14.2 5175
730 14.1 5316
740 15.5 5471
750 14.6 5617
760 15.2 5769
770 14.9 5918
780 17.2 6090
790 14.2 6232
800 14.5 6377
810 16.1 6538
820 14.1 6679
830 13.1 6810
840 17.4 6984
850 14.7 7131
860 12.8 7259
870 15.3 7412
880 13.3 7545
890 14.2 7687
900 16 7847
910 11.5 7962
920 13.2 8094
930 17.3 8267
940 15.8 8425
950 13.6 8561
960 15 8711
970 13.2 8843
980 13.5 8978
990 14.6 9124
1000 15.6 9280
1010 14.3 9423
1020 14.5 9568
1030 16.9 9737
1040 16.3 9900
1050 15.4 10054
1060 14.9 10203
1070 15.5 10358
1080 13.1 10489
1090 13.4 10623
1100 13.5 10758
1110 13.9 10897
1120 16.6 11063
1130 14 11203
1140 14.7 11350
1150 12.6 11476
1160 15.3 11629
1170 16.4 11793
1180 17.2 11965
1190 18 12145
1200 16.6 12311
1210 16.6 12477
1220 17.2 12649
1230 18.7 12836
1240 18.3 13019
1250 19.9 13218
1260 19.5 13413
1270 19.1 13604
1280 20.7 13811
1290 17.9 13990
1300 18.3 14173
1310 22 14393
1320 18.9 14582
1330 20.4 14786
1340 21.4 15000
1350 21 15210
1360 20.1 15411
1370 20.2 15613
1380 19.6 15809
1390 20.5 16014
1400 18 16194
1410 21.3 16407
1420 19.2 16599
1430 17.4 16773
1440 19.6 16969
1450 19.1 17160
1460 20 17360
1470 19 17550
1480 22 17770
1490 17.8 17948
1500 19.4 18142
1510 20.8 18350
1520 18.1 18531
1530 19.6 18727
1540 18.8 18915
1550 19.7 19112
1560 22.2 19334
1570 20.6 19540
1580 21.3 19753
1590 20 19953
1600 22.6 20179
1610 18.7 20366
1620 20.9 20575
1630 18.4 20759
1640 19.9 20958
1650 19.6 21154
1660 18.8 21342
1670 20.1 21543
1680 21.3 21756
1690 21.9 21975
1700 20.5 22180
1710 21 22390
1720 17.7 22567
1730 19 22757
1740 20.9 22966
1750 21.1 23177
1760 21.4 23391
1770 18.3 23574
1780 20.5 23779
1790 20.2 23981
1800 19.9 24180
1810 22.1 24401
1820 24.9 24650
1830 23.6 24886
1840 26.3 25149
1850 26.9 25418
1860 24.9 25667
1870 24.1 25908
1880 26 26168
1890 23.6 26404
1900 24.7 26651
1910 23.5 26886
1920 21.8 27104
1930 23.3 27337
1940 22.3 27560
1950 23.8 27798
1960 24.1 28039
1970 24.2 28281
1980 25.1 28532
1990 22.7 28759
2000 23.1 28990
2010 26.8 29258
2020 24.8 29506
2030 23.1 29737
2040 23.1 29968
2050 25.7 30225
2060 25.5 30480
2070 26.3 30743
2080 26.9 31012
2090 23.6 31248
2100 21.6 31464
2110 25.3 31717
2120 22.2 31939
2130 24.2 32181
2140 24.6 32427
2150 24 32667
2160 25 32917
2170 22.5 33142
2180 28 33422
2190 25 33672
2200 23.8 33910
2210 22.7 34137
2220 23.5 34372
2230 27 34642
2240 26 34902
2250 22.8 35130
2260 22.3 35353
2270 24.3 35596
2280 23.9 35835
2290 22.7 36062
2300 24.2 36304
2310 25.3 36557
2320 22.7 36784
2330 24.9 37033
2340 22.6 37259
2350 23.9 37498
2360 21.9 37717
2370 25.4 37971
2380 22.8 38199
2390 24.3 38442
2400 26.6 38708
2410 26.5 38973
2420 28.8 39261
2430 26.2 39523
2440 32 39843
2450 34 40183
2460 30.9 40492
2470 29.2 40784
2480 26.5 41049
2490 29.6 41345
2500 29.1 41636
2510 29.5 41931
2520 29.5 42226
2530 27.3 42499
2540 31.2 42811
2550 29.5 43106
2560 30.5 43411
2570 32 43731
2580 29.3 44024
2590 28.7 44311
2600 29.6 44607
2610 27.1 44878
2620 28.8 45166
2630 29.5 45461
2640 27.3 45734
2650 29.5 46029
2660 29.4 46323
2670 32.8 46651
2680 30 46951
2690 30.3 47254
2700 27.1 47525
2710 28.2 47807
2720 29 48097
2730 29.1 48388
2740 27.7 48665
2750 30.5 48970
2760 30.6 49276
2770 26.2 49538
2780 27.6 49814
2790 29.4 50108
2800 28.5 50393
2810 29.6 50689
2820 28.9 50978
2830 29.9 51277
2840 29.4 51571
2850 27 51841
2860 31.4 52155
2870 28.9 52444
2880 30.1 52745
2890 28.7 53032
2900 28.5 53317
2910 31.4 53631
2920 30.6 53937
2930 30.1 54238
2940 26.2 54500
2950 30.8 54808
2960 31 55118
2970 28.8 55406
2980 30.4 55710
2990 28.3 55993
3000 32.1 56314
3010 31 56624
3020 36.2 56986
3030 32.3 57309
3040 32.4 57633
3050 33.3 57966
3060 36 58326
3070 33.4 58660
3080 37.3 59033
3090 35.2 59385
3100 35.7 59742
3110 36.2 60104
3120 33.7 60441
3130 31.2 60753
3140 33.5 61088
3150 33.7 61425
3160 36.6 61791
3170 36.9 62160
3180 34 62500
3190 32.1 62821
3200 36.1 63182
3210 32.3 63505
3220 31.6 63821
3230 33.5 64156
3240 35.8 64514
3250 34.3 64857
3260 37 65227
3270 37.6 65603
3280 36.5 65968
3290 36.2 66330
3300 37 66700
3310 34.7 67047
3320 36.7 67414
3330 33.1 67745
3340 36.6 68111
3350 34.4 68455
3360 35.2 68807
3370 32.4 69131
3380 33.8 69469
3390 35 69819
3400 36.5 70184
3410 35.3 70537
3420 33.7 70874
3430 33.4 71208
3440 34.5 71553
3450 35.4 71907
3460 32 72227
3470 30.6 72533
3480 34.3 72876
3490 33.8 73214
3500 35.4 73568
3510 33.7 73905
3520 35.5 74260
3530 34.6 74606
3540 35 74956
3550 34.1 75297
3560 31.5 75612
3570 36.3 75975
3580 32.1 76296
3590 34.4 76640
3600 31.7 76957
3610 36.2 77319
3620 40.7 77726
3630 39.1 78117
3640 41.8 78535
3650 35.4 78889
3660 38.4 79273
3670 38.7 79660
3680 37.9 80039
3690 39.3 80432
3700 38.1 80813
3710 45.5 81268
3720 37.3 81641
3730 37.8 82019
3740 40.4 82423
3750 41.1 82834
3760 38.2 83216
3770 39.1 83607
3780 38.4 83991
3790 36.5 84356
3800 41.6 84772
3810 38.5 85157
3820 38.2 85539
3830 38.4 85923
3840 40.5 86328
3850 36.2 86690
3860 41.5 87105
3870 36.1 87466
3880 38 87846
3890 40.2 88248
3900 41.3 88661
3910 39.7 89058
3920 38.4 89442
3930 40.9 89851
3940 34.3 90194
3950 39.9 90593
3960 38.8 90981
3970 38.9 91370
3980 38 91750
3990 39.4 92144
4000 41.3 92557
4010 39.7 92954
4020 41.3 93367
4030 39.1 93758
4040 43.6 94194
4050 41.5 94609
4060 41.7 95026
4070 40.2 95428
4080 39.8 95826
4090 40.5 96231
4100 40.4 96635
4110 37.8 97013
4120 41.6 97429
4130 38.2 97811
4140 39.4 98205
4150 37.6 98581
4160 42.3 99004
4170 39.6 99400
4180 41.3 99813
4190 38.7 100200
4200 39.1 100591
4210 41.9 101010
4220 42.4 101434
4230 43.1 101865
4240 44.6 102311
4250 48.1 102792
4260 47.2 103264
4270 41.7 103681
4280 43.8 104119
4290 46 104579
4300 43.5 105014
4310 41.6 105430
4320 44.8 105878
4330 45 106328
4340 42.1 106749
4350 45.5 107204
4360 48 107684
4370 44.6 108130
4380 48.1 108611
4390 47.1 109082
4400 41.9 109501
4410 42.6 109927
4420 49.6 110423
4430 44.4 110867
4440 43.2 111299
4450 41.8 111717
4460 46.1 112178
4470 43.5 112613
4480 42.7 113040
4490 42.7 113467
4500 43 113897
4510 43.6 114333
4520 46 114793
4530 44.7 115240
4540 46.2 115702
4550 43.2 116134
4560 48.1 116615
4570 48.7 117102
4580 44.8 117550
4590 44.7 117997
4600 42.8 118425
4610 45.5 118880
4620 45 119330
4630 45 119780
4640 43 120210
4650 45.9 120669
4660 43.8 121107
4670 42.3 121530
4680 45.2 121982
4690 43.1 122413
4700 43.8 122851
4710 46.3 123314
4720 44.7 123761
4730 39.5 124156
4740 45.5 124611
4750 42.3 125034
4760 43.3 125467
4770 47.8 125945
4780 41.3 126358
4790 43.1 126789
4800 41.7 127206
4810 26.7 127473
4820 8.3 127556
4830 2 127576
4840 0.3 127579
