10 3.5 211.91699916294644 109.64874851638328 507.218017578125 92.5498046875 0 0
20 4.9 178.82040716677295 186.12316329245257 1035.419921875 74.657958984375 211.91699916294644 35
30 5.1 105.5781920189951 21.86977861214728 1035.419921875 70.35400390625 192.61065383184524 84
40 4.8 106.09726460774739 51.38413519862662 1035.419921875 66.35107421875 159.7317238136574 135
50 5.5 89.91880326704545 20.143702852452094 1035.419921875 64.998046875 145.6636689399761 183
60 7.2 94.78902520073787 21.14870361247363 1035.419921875 63.76416015625 132.78145208278625 238
70 6.1 97.06639824538935 29.53326492264865 1035.419921875 62.834228515625 123.95740454889113 310
80 7.8 103.52880859375001 33.96792920617643 1035.419921875 62.510986328125 119.53597224561994 371
90 6.1 91.00166095671104 22.416997353133034 1035.419921875 59.980224609375 116.7552177582127 449
100 6.2 77.54152753276212 18.154201946846566 1035.419921875 59.454833984375 113.6748903760723 510
110 6 83.44961344401041 20.140415648833642 1035.419921875 58.971923828125 109.75833706088834 572
120 7.2 88.87958441840277 29.701301403823955 1035.419921875 57.053955078125 107.26067342637461 632
130 9.7 83.8407473220039 19.129701639604917 1035.419921875 56.558837890625 105.38078932328658 704
140 10.5 82.66938709077381 21.160714932034775 1035.419921875 55.405029296875 102.77231981751326 801
150 9.6 87.86878967285156 24.664145834863582 1035.419921875 54.0390625 100.44250973328849 906
160 9.9 79.28839912799876 16.633885522350408 1035.419921875 53.680908203125 99.237841943067 1002
170 13.4 84.61164878731341 24.488272981230757 1035.419921875 52.0791015625 97.44402283435514 1101
180 10.4 81.13657555213344 21.10751078227503 1035.419921875 52.0791015625 96.05168427378543 1235
190 11.3 79.73972664892146 26.914192198809342 1035.419921875 50.197021484375 94.89322922744353 1339
200 13 87.48309607872596 25.27258784109037 1035.419921875 50.197021484375 93.71392771823348 1452
210 10.1 77.21460202660889 20.376407495010387 1035.419921875 49.422119140625 93.2019124760489 1582
220 10.5 77.27464657738093 22.477756985992563 1035.419921875 49.1259765625 92.24248386321858 1683
230 12.5 149.46653320312498 242.02778102335677 1244.426025390625 49.093994140625 91.36350012998986 1788
240 11.9 72.30188090861344 18.84290718469198 1244.426025390625 47.843017578125 95.16009141809332 1913
250 14.7 75.89507765997027 17.67509550737906 1244.426025390625 47.843017578125 93.82144621601255 2032
260 15.8 76.88668166534808 18.67967568986562 1244.426025390625 47.281005859375 92.61209505596747 2179
270 16.9 83.08798308062133 22.20532452821577 1244.426025390625 47.281005859375 91.54893060765004 2337
280 18.3 75.2816649056523 17.355180963616373 1244.426025390625 46.904052734375 90.97833997234761 2506
290 16.6 78.09643407614838 19.941081040973874 1244.426025390625 46.569091796875 89.91010213776032 2689
300 17.4 71.98550871048849 18.59161317089465 1244.426025390625 46.342041015625 89.22321285641966 2855
310 17.8 73.95498760094803 18.952363324500823 1244.426025390625 46.128173828125 88.2329980920116 3029
320 18 73.6520005967882 20.23798362514067 1244.426025390625 45.839111328125 87.4405173101565 3207
330 19.8 76.33627411813445 19.480633656544647 1244.426025390625 45.839111328125 86.70773519961433 3387
340 19.3 74.73239910540804 19.37033430987113 1244.426025390625 45.763916015625 86.13491810222716 3585
350 19.6 73.08530597297515 20.03357842872337 1244.426025390625 45.763916015625 85.55241779349606 3778
360 16.5 76.0614968039773 20.855664600077315 1244.426025390625 45.594970703125 84.93753256027459 3974
370 18.7 73.26437818557817 19.20996995409745 1244.426025390625 45.080078125 84.58369204329246 4139
380 23.9 74.76195778308052 17.048488611300158 1244.426025390625 45.080078125 84.09439206839821 4326
390 22.2 76.54169086078265 17.85314147380362 1244.426025390625 45.080078125 83.60579364688869 4565
400 23.8 74.51740989364497 17.73662009931694 1244.426025390625 45.080078125 83.27819163758943 4787
410 23.3 78.65705157758852 22.81969726476574 1244.426025390625 44.64306640625 82.86325311916977 5025
420 27.7 79.6866274396435 22.73169440127641 1244.426025390625 44.64306640625 82.67686191354245 5258
430 22.9 77.04083758358348 21.596525433997332 1244.426025390625 44.5810546875 82.52721512957316 5535
440 23.2 71.21891311119342 16.660929921291512 1244.426025390625 44.364990234375 82.30924489049758 5764
450 22.3 74.247441450042 19.31547861322042 1244.426025390625 43.986083984375 81.88013265353985 5996
460 22 71.49791814630679 16.660801870964107 1244.426025390625 43.960205078125 81.60644071940574 6219
470 22.5 76.30620551215272 23.064724052531755 1244.426025390625 43.960205078125 81.26106488991641 6439
480 23.6 73.02686581369177 17.493769601912877 1244.426025390625 43.960205078125 81.09377146854834 6664
490 30.7 72.63826948035425 15.118322597873343 1244.426025390625 43.960205078125 80.81785991281701 6900
500 30.3 80.04191644750411 22.024249601962072 1244.426025390625 43.960205078125 80.4694300164987 7207
510 33.4 80.8089489965382 23.07871746821312 1244.426025390625 43.960205078125 80.45218146637815 7510
520 29.4 75.59113337717899 17.798917977250756 1244.426025390625 43.8369140625 80.46737274060985 7844
530 31 74.56269610005042 16.761630063813797 1244.426025390625 43.8369140625 80.29120975549696 8138
540 28.1 78.01488215219082 20.78415622562153 1244.426025390625 43.8369140625 80.08100151293205 8448
550 30.9 75.68795272679 17.306647015544222 1244.426025390625 43.8369140625 80.01448993768078 8729
560 29 73.81096780711204 17.03421345862286 1244.426025390625 43.6279296875 79.86657004410198 9038
570 29.4 75.09879142086524 17.801203553455824 1244.426025390625 43.6279296875 79.67830625242883 9328
580 28 75.40413905552462 17.321548225831542 1244.426025390625 43.259033203125 79.53837927669825 9622
590 27.6 73.66116377236189 20.26896420159586 1244.426025390625 43.259033203125 79.42147488749116 9902
600 31.1 76.75062330436091 19.320195429204784 1244.426025390625 43.259033203125 79.26527073463444 10178
610 33.9 72.63667121819698 15.586468413423038 1244.426025390625 43.259033203125 79.19071116262424 10489
620 44.4 79.06033022768862 23.980250094919388 1244.426025390625 42.935791015625 78.98551911042985 10828
630 42.2 77.29691954698615 17.01677207766649 1244.426025390625 42.935791015625 78.98846589326013 11272
640 44.9 79.2832139998608 18.47935684095938 1244.426025390625 42.935791015625 78.92742325959092 11694
650 48.6 80.74978650253986 20.940272611320236 1244.426025390625 42.935791015625 78.94057899066077 12143
660 47.1 78.03522985502921 17.245275475707064 1244.426025390625 42.935791015625 79.01020246447288 12629
670 41.4 79.09087397626055 17.899429486888465 1244.426025390625 42.935791015625 78.97514810576693 13100
680 42.3 256.823201785978 485.581905299551 2133.840087890625 0.990966796875 78.97869335590637 13514
690 49.5 79.0281240135732 16.74827210338192 2133.840087890625 0.990966796875 84.37642795201174 13937
700 41.7 76.9677066940198 18.581747714916684 2133.840087890625 0.990966796875 84.19298764924517 14432
710 44.9 79.2131608652909 19.631702142997057 2133.840087890625 0.990966796875 83.99008225774884 14849
720 42 78.5381812686012 18.3099438332305 2133.840087890625 0.990966796875 83.84987845952595 15298
730 44.5 76.43178217169954 17.248889535631655 2133.840087890625 0.990966796875 83.70794482800869 15718
740 45.5 76.7441883799793 18.39582824394513 2133.840087890625 0.990966796875 83.50761738990576 16163
750 44.7 78.18508044078581 17.153110147028624 2133.840087890625 0.990966796875 83.32243504548907 16618
760 45.8 79.56539130731441 19.969000404816935 2133.840087890625 0.990966796875 83.18786736261171 17065
770 48 79.20580647786441 27.377498621156168 2133.840087890625 0.990966796875 83.09318642707977 17523
780 45.9 77.97817361536629 17.603242049585294 2133.840087890625 0.990966796875 82.98954023613251 18003
790 42.7 77.00689082625875 18.10627057080488 2133.840087890625 0.990966796875 82.8649482483234 18462
800 45.3 74.26284028783807 14.765967230065183 2133.840087890625 0.990966796875 82.73252247039859 18889
810 50.1 78.26848938841074 22.540966666923435 2133.840087890625 0.990966796875 82.53415797713522 19342
820 39.1 94.96584716172477 141.25141691162102 2133.840087890625 0.990966796875 82.42645753048144 19843
830 44 75.92910877574573 18.46140154495256 2133.840087890625 0.990966796875 82.6687675703063 20234
840 46.7 77.74268832809149 17.237583632409315 2133.840087890625 0.990966796875 82.52532895805871 20674
850 45.4 77.78224323289506 24.861116241869112 2133.840087890625 0.990966796875 82.41968148754196 21141
860 40.8 73.38447241689654 15.140963923457258 2133.840087890625 0.990966796875 82.32218683750216 21595
870 42 77.88660772414427 17.410888429783284 2133.840087890625 0.990966796875 82.15645546070776 22003
880 41.7 75.95730232220468 20.409225680941052 2133.840087890625 0.990966796875 82.07647793542762 22423
890 47 75.714175220246 18.67883578314047 2133.840087890625 0.990966796875 81.96475743495853 22840
900 39.1 76.13437537464038 16.37080739777893 2133.840087890625 0.990966796875 81.83872681973267 23310
910 39 76.35851549979972 19.85797424157463 2133.840087890625 0.990966796875 81.74462102609395 23701
920 40.9 73.54498514860951 16.368335977063946 2133.840087890625 0.990966796875 81.65742742038 24091
930 49.9 79.33128072551355 19.45735306816819 2133.840087890625 0.990966796875 81.52199930245534 24500
940 45.3 77.8423072528629 19.379678404232973 2133.840087890625 0.990966796875 81.4782708105199 24999
950 40.9 74.27904616824566 15.990567192386033 2133.840087890625 0.990966796875 81.41355717341403 25452
960 43.9 80.02352759289575 30.57533755131452 2133.840087890625 0.990966796875 81.30072259620844 25861
970 43 73.27181765534158 16.752313409817532 2133.840087890625 0.990966796875 81.27940363778812 26300
980 40.4 74.88262939453125 18.685053905560927 2133.840087890625 0.990966796875 81.15058725273568 26730
990 44.9 75.74998205647964 17.487854593980803 2133.840087890625 0.990966796875 81.0572631952906 27134
1000 45.6 74.10674674050843 18.332530781045648 2133.840087890625 0.990966796875 80.97087051750624 27583
1010 44.2 74.81460888892813 16.816754060492748 2133.840087890625 0.990966796875 80.85923884582354 28039
1020 48.2 74.3941407263031 17.958403914188732 2133.840087890625 0.990966796875 80.76543152020479 28481
1030 52.5 75.33027436755953 16.50768942787966 2133.840087890625 0.990966796875 80.65940099288854 28963
1040 43.3 72.15655954550377 14.96942227470806 2133.840087890625 0.990966796875 80.56452200895278 29488
1050 44.2 75.0061631698954 18.464713444288318 2133.840087890625 0.990966796875 80.44284667234393 29921
1060 47.1 75.86244723245088 18.210457858326166 2133.840087890625 0.990966796875 80.3637038304613 30363
1070 44.1 76.28964378720235 21.720494042697215 2133.840087890625 0.990966796875 80.29494558120194 30834
1080 38.9 72.27831403639134 15.419419643556223 2133.840087890625 0.990966796875 80.23846794439447 31275
1090 43.4 73.09256136142717 17.942961068658562 2133.840087890625 0.990966796875 80.1406755028137 31664
1100 41.3 73.41663632150427 19.204832395842 2133.840087890625 0.990966796875 80.04537730550042 32098
1110 42.2 74.12441336826133 18.222212588687903 2133.840087890625 0.990966796875 79.96116980568834 32511
1120 45.4 77.42432124604203 21.99277698489598 2133.840087890625 0.990966796875 79.8863782222737 32933
1130 41 75.83981874047261 19.64742396959542 2133.840087890625 0.990966796875 79.85289890795349 33387
1140 44.8 71.91984340122768 16.15501596411855 2133.840087890625 0.990966796875 79.80421521210276 33797
1150 40.3 72.46382054028385 16.33839326923198 2133.840087890625 0.990966796875 79.70107026915424 34245
1160 49.7 75.80670743209258 20.20955749709894 2133.840087890625 0.990966796875 79.61689191424963 34648
1170 49.1 80.08670970038827 27.63990505142205 2133.840087890625 0.990966796875 79.56301051753226 35145
1180 51.5 75.89954016231785 19.22029822320999 2133.840087890625 0.990966796875 79.57022615056577 35636
1190 50.3 74.2465766921906 17.05366029921061 2133.840087890625 0.990966796875 79.51793428356493 36151
1200 48.7 74.47266376973182 18.51211679480588 2133.840087890625 0.990966796875 79.44559585205783 36654
1210 50.4 73.83797781808025 16.824761085505944 2133.840087890625 0.990966796875 79.38038980149126 37141
1220 55.3 79.40957658157203 24.777964873635604 2133.840087890625 0.990966796875 79.30618670308141 37645
1230 58.9 79.06633329796259 21.517407126972728 2133.840087890625 0.990966796875 79.3076834987986 38198
1240 56.4 74.54670531360813 16.6262203270949 2133.840087890625 0.990966796875 79.30401847525225 38787
1250 57.6 74.69462839762367 16.45324306948901 2133.840087890625 0.990966796875 79.23583406765988 39351
1260 58.1 77.92021307887805 18.72648511333639 2133.840087890625 0.990966796875 79.17032114492737 39927
1270 61.7 85.98981573516008 45.95065849549867 2133.840087890625 0.990966796875 79.15239103763068 40508
1280 56.6 76.22951893081927 20.381919172210555 2133.840087890625 0.990966796875 79.25497319053952 41125
1290 53.5 75.01017404716706 17.4364327765248 2133.840087890625 0.990966796875 79.21389940696508 41691
1300 61.7 75.53781726410553 18.236195780881154 2133.840087890625 0.990966796875 79.16063854712773 42226
1310 64.9 77.16556044756356 19.23915771156829 2133.840087890625 0.990966796875 79.1084647793798 42843
1320 58 76.02670814251073 17.758745377090854 2133.840087890625 0.990966796875 79.07947220807131 43492
1330 60.4 80.59153414088364 23.59116408236219 2133.840087890625 0.990966796875 79.03929696850821 44072
1340 61.9 76.18182757597937 17.54261750116967 2133.840087890625 0.990966796875 79.06028253686962 44676
1350 61.9 77.51667176772013 18.22307627339544 2133.840087890625 0.990966796875 79.02094566479121 45295
1360 59.9 82.87112187304369 28.800563528023044 2133.840087890625 0.990966796875 79.00066545521925 45914
1370 57.4 78.26896640897212 19.061862339272743 2133.840087890625 0.990966796875 79.05050965779222 46513
1380 61.6 76.5458484996449 18.441212094501424 2133.840087890625 0.990966796875 79.04098248840741 47087
1390 60.4 76.33688698067573 17.58223083202907 2133.840087890625 0.990966796875 79.00876223942772 47703
1400 58.6 73.91802666048955 16.259629696532247 2133.840087890625 0.990966796875 78.97535481076757 48307
1410 60.8 78.96132539447976 21.40977035646098 2133.840087890625 0.990966796875 78.91474093360596 48893
1420 57.4 74.26086766046929 16.248120895837637 2133.840087890625 0.990966796875 78.91531311098038 49501
1430 51.8 75.07227269470918 17.524004976563997 2133.840087890625 0.990966796875 78.8619601067149 50075
1440 58.1 75.47435052710841 17.419592485818768 2133.840087890625 0.990966796875 78.82315912477236 50593
1450 58.7 75.56397773703685 16.49628475216154 2133.840087890625 0.990966796875 78.78513868870634 51174
1460 57.7 75.12670517628904 18.380694440867558 2133.840087890625 0.990966796875 78.7486088403914 51761
1470 64.8 75.37960890781734 18.616304094422567 2133.840087890625 0.990966796875 78.70867918289231 52338
1480 59.1 79.04166666666671 18.977912928138217 2133.840087890625 0.990966796875 78.66796583336134 52986
1490 55.2 72.27486298049703 15.493827357378343 2133.840087890625 0.990966796875 78.67208807224152 53577
1500 62.9 75.45739920757163 16.56991636375271 2133.840087890625 0.990966796875 78.60685006210569 54129
1510 58.4 73.86410564265842 15.816185801833717 2133.840087890625 0.990966796875 78.57067261611603 54758
1520 57.5 71.90268936820651 15.653812698364382 2133.840087890625 0.990966796875 78.52100626664367 55342
1530 56.5 83.67229673672567 34.55046402265103 2133.840087890625 0.990966796875 78.45294946430089 55917
1540 54.8 77.50234072051776 25.631925229573877 2133.840087890625 0.990966796875 78.50515957033325 56482
1550 60.7 74.64609624369335 16.17854282609796 2133.840087890625 0.990966796875 78.49552350633712 57030
1560 66.2 77.59974287787946 19.363609977834685 2133.840087890625 0.990966796875 78.4549835346449 57637
1570 60.9 77.1163500455408 18.254108769002247 2133.840087890625 0.990966796875 78.44527205906593 58299
1580 63.5 75.83900136872542 17.37775061072061 2133.840087890625 0.990966796875 78.4315334580909 58908
1590 62.8 80.59940294399385 25.043441661422076 2133.840087890625 0.990966796875 78.40388523954721 59543
1600 63.4 75.67311226155856 16.42890319604563 2133.840087890625 0.990966796875 78.42679968534988 60171
1610 58.8 75.91145667251273 17.560202278991515 2133.840087890625 0.990966796875 78.39808760860153 60805
1620 61.1 79.1037421843034 21.892985906324515 2133.840087890625 0.990966796875 78.37427155481005 61393
1630 58.1 74.82318041698038 23.291211893050175 2133.840087890625 0.990966796875 78.38145990644253 62004
1640 55.5 74.66146229237052 17.691213074125404 2133.840087890625 0.990966796875 78.34842706497288 62585
1650 59.3 74.5886946834158 16.220090162346747 2133.840087890625 0.990966796875 78.3160186796578 63140
1660 60 77.60655192057288 23.77875902498903 2133.840087890625 0.990966796875 78.28133800983571 63733
1670 63 78.59364265563003 20.397009340707406 2133.840087890625 0.990966796875 78.27504463546241 64333
1680 64.1 76.59236628254185 17.81512597442151 2133.840087890625 0.990966796875 78.27813434426135 64963
1690 61.8 80.86240621523555 23.216756668308435 2133.840087890625 0.990966796875 78.2616631332443 65604
1700 59.9 74.6461819503862 16.85379039410256 2133.840087890625 0.990966796875 78.28593390767985 66222
1710 64 76.40150680541997 19.158095712398293 2133.840087890625 0.990966796875 78.25330626932636 66821
1720 52 73.2583928034857 17.439755217007676 2133.840087890625 0.990966796875 78.23573831662924 67461
1730 59.4 73.02876790364576 16.123053948549245 2133.840087890625 0.990966796875 78.19766562474717 67981
1740 63.1 73.9415385734449 15.851062606624765 2133.840087890625 0.990966796875 78.15289238017796 68575
1750 64.5 76.22946871971907 18.120016948427608 2133.840087890625 0.990966796875 78.11449449195948 69206
1760 59.3 75.65830275743042 17.653444310873475 2133.840087890625 0.990966796875 78.09708827554032 69851
1770 58.1 74.45163620441576 18.528466109084295 2133.840087890625 0.990966796875 78.07655849568341 70444
1780 61.2 82.510340472452 41.427753359068426 2133.840087890625 0.990966796875 78.04690584026312 71025
1790 58.9 75.25491555801673 23.074699907857916 2133.840087890625 0.990966796875 78.08503728064868 71637
1800 63 74.87140803261401 21.512666644887748 2133.840087890625 0.990966796875 78.06195775672889 72226
1810 72.9 74.00151507844647 17.846829644684792 2133.840087890625 0.990966796875 78.03436845281168 72856
1820 74.5 81.4563594536494 23.945907130219464 2133.840087890625 0.990966796875 77.99441533587328 73585
1830 71 79.6130199163733 29.61135221307414 2133.840087890625 0.990966796875 78.02911395510836 74330
1840 78 76.16374198717949 18.231036951293877 2133.840087890625 0.990966796875 78.04410027217256 75040
1850 78.5 77.18152337529865 19.27725995112694 2133.840087890625 0.990966796875 78.02475604291519 75820
1860 77.9 78.81183495968396 22.307610532083544 2133.840087890625 0.990966796875 78.01611512333972 76605
1870 72.4 75.74222594203204 22.84733140572794 2133.840087890625 0.990966796875 78.02412538066051 77384
1880 75.3 80.29854442905457 30.328354665593587 2133.840087890625 0.990966796875 78.00297395963364 78108
1890 71.2 84.58378069588305 32.45918419411227 2133.840087890625 0.990966796875 78.02489309029993 78861
1900 73.7 71.63639477505933 15.62965476147694 2133.840087890625 0.990966796875 78.08358043368493 79573
1910 68.8 76.47461931095569 20.730317647651898 2133.840087890625 0.990966796875 78.0244150018532 80310
1920 63.6 73.70850070017686 15.996964863777748 2133.840087890625 0.990966796875 78.01125098008306 80998
1930 69.2 76.01328731823513 20.433458504104923 2133.840087890625 0.990966796875 77.97772880576818 81634
1940 67.8 73.50888844717915 18.508887995809488 2133.840087890625 0.990966796875 77.9612164826944 82326
1950 72.7 76.3782661784301 19.73371411519888 2133.840087890625 0.990966796875 77.92484861598822 83004
1960 72.7 77.5509189359095 25.196272306166026 2133.840087890625 0.990966796875 77.91142031067591 83731
1970 74 77.21326541385119 19.762516960184264 2133.840087890625 0.990966796875 77.9083171765802 84458
1980 74.3 76.31253450170345 20.161718305608847 2133.840087890625 0.990966796875 77.90228020030823 85198
1990 69.7 86.24475955826315 54.186826904495 2133.840087890625 0.990966796875 77.88853610780217 85941
2000 72.9 75.42618982553147 17.8980197741188 2133.840087890625 0.990966796875 77.95576166408199 86638
2010 77.8 83.49615902152955 42.742422585918234 2133.840087890625 0.990966796875 77.93465463430755 87367
2020 72.8 74.79954377897498 18.84678795318284 2133.840087890625 0.990966796875 77.98374250557941 88145
2030 70.2 73.64362389545498 16.591873634775272 2133.840087890625 0.990966796875 77.9576592556276 88873
2040 71.7 76.96552986347186 27.02025402895119 2133.840087890625 0.990966796875 77.9238501255931 89575
2050 71.5 75.29363492952366 18.725988367011546 2133.840087890625 0.990966796875 77.91624019749382 90292
2060 77.9 76.40754654655417 19.696689411222497 2133.840087890625 0.990966796875 77.89563559821465 91007
2070 81.7 82.22943600826197 29.984883502100104 2133.840087890625 0.990966796875 77.88300598834775 91786
2080 76.1 77.55470610730134 19.066815129735016 2133.840087890625 0.990966796875 77.92135283808555 92603
2090 70.8 73.54133700785658 16.13101939053068 2133.840087890625 0.990966796875 77.91836433971223 93364
2100 69.5 76.98668818851179 22.25881066082386 2133.840087890625 0.990966796875 77.88542217465829 94072
2110 72.3 73.25368439607118 16.23930563611964 2133.840087890625 0.990966796875 77.87883106044794 94767
2120 68.7 72.39761943345151 17.471600568933567 2133.840087890625 0.990966796875 77.84381188526368 95490
2130 72.1 76.54493338787287 19.38944800652052 2133.840087890625 0.990966796875 77.80490929717718 96177
2140 74.9 75.12252567225075 18.65958471177303 2133.840087890625 0.990966796875 77.79553405072619 96898
2150 75.1 80.913528381429 40.29674691800311 2133.840087890625 0.990966796875 77.7750307759151 97647
2160 70.1 77.47788385453812 20.306507832957752 2133.840087890625 0.990966796875 77.79898463373478 98398
2170 69.9 81.67511484039689 35.503442162782584 2133.840087890625 0.990966796875 77.79671325212429 99099
2180 83.8 82.3587815459987 33.15983111317115 2133.840087890625 0.990966796875 77.82387815232472 99798
2190 73.6 83.44417970076852 30.12251895695204 2133.840087890625 0.990966796875 77.86164047439534 100636
2200 70.8 75.70512950487732 19.598442978045846 2133.840087890625 0.990966796875 77.9021718723219 101372
2210 68.1 78.59486637871699 24.46575974560428 2133.840087890625 0.990966796875 77.88693376499283 102080
2220 77.2 81.68302134775728 31.600262007033336 2133.840087890625 0.990966796875 77.89162525407863 102761
2230 78 80.34729473407462 22.059371368255373 2133.840087890625 0.990966796875 77.91989602556521 103533
2240 73.7 77.78807798719482 23.36626165314725 2133.840087890625 0.990966796875 77.9380468887619 104313
2250 65.6 82.86796607040785 50.18613262652076 2133.840087890625 0.990966796875 77.93699475091844 105050
2260 69.7 73.07290067084372 17.026398960985688 2133.840087890625 0.990966796875 77.9675958254609 105706
2270 71.3 75.29856789095369 18.862601939360143 2133.840087890625 0.990966796875 77.93553279600903 106403
2280 72.3 77.513944380511 20.436901753819807 2133.840087890625 0.990966796875 77.91798027372192 107116
2290 70.2 76.14641934038893 21.616851333072297 2133.840087890625 0.990966796875 77.91527143971204 107839
2300 73 77.0574309048587 20.702788262920624 2133.840087890625 0.990966796875 77.90383120815231 108541
2310 74.3 81.4447693446122 27.20170235540811 2133.840087890625 0.990966796875 77.8981767140834 109271
2320 70.7 75.29793409377208 20.42136084335147 2133.840087890625 0.990966796875 77.92212928670583 110014
2330 70.6 75.21040564691044 19.243262235192727 2133.840087890625 0.990966796875 77.90537270031838 110721
2340 68.2 76.48211294045556 22.88647120792438 2133.840087890625 0.990966796875 77.88829742466969 111427
2350 70.5 80.65539775875442 21.219604682522107 2133.840087890625 0.990966796875 77.87974309077826 112109
2360 69.3 77.98182191614802 19.881472495759766 2133.840087890625 0.990966796875 77.8970887796194 112814
2370 72.9 76.6173626516417 17.14920000629027 2133.840087890625 0.990966796875 77.89760610510253 113507
2380 73.4 78.47044401662546 27.672566058129952 2133.840087890625 0.990966796875 77.88943619826429 114236
2390 69 81.31804800724636 26.550932207004106 2133.840087890625 0.990966796875 77.89314551146494 114970
2400 79.3 76.70702139817155 19.1265847675054 2133.840087890625 0.990966796875 77.91357766365314 115660
2410 85.1 90.53265517130585 41.20644792016208 2133.840087890625 0.990966796875 77.90536148099983 116453
2420 89.7 86.517075146321 32.77513684331556 2133.840087890625 0.990966796875 77.99696813491147 117304
2430 84.1 81.60774787966335 27.29875116411761 2133.840087890625 0.990966796875 78.06162525278047 118201
2440 93.9 86.1583094652722 28.90388390480128 2133.840087890625 0.990966796875 78.08667766393962 119042
2450 100.1 99.51374870246937 43.626064495960854 2133.840087890625 0.990966796875 78.14984818478419 119981
2460 91.1 170.626479047321 259.86433853779374 2133.840087890625 0.990966796875 78.32661220272242 120982
2470 84.9 79.41582813420193 20.472914312356977 2133.840087890625 0.990966796875 79.01643999181145 121893
2480 81 80.24293770495758 22.000514736614562 2133.840087890625 0.990966796875 79.01920253872196 122742
2490 90.2 93.17381161438125 43.56277763362288 2133.840087890625 0.990966796875 79.02722527801109 123552
2500 88.3 82.20321430625356 22.315003073419263 2133.840087890625 0.990966796875 79.12975489437864 124454
2510 90.4 83.79682827839802 25.410899625851012 2133.840087890625 0.990966796875 79.15140743641079 125337
2520 87.7 94.1861565306086 49.567513147514376 2133.840087890625 0.990966796875 79.18467286080664 126241
2530 83.9 93.51560201178866 85.6722962905168 2133.840087890625 0.990966796875 79.28816962112711 127118
2540 91.6 83.29839927973178 23.836048236207432 2133.840087890625 0.990966796875 79.38145733321605 127957
2550 92.4 98.82480320785986 46.18454790173681 2133.840087890625 0.990966796875 79.40929806651944 128873
2560 90.2 84.84939203029725 24.672419787264126 2133.840087890625 0.990966796875 79.54751333151478 129797
2570 95.2 90.88054496701017 29.96510714769528 2133.840087890625 0.990966796875 79.58410347058471 130699
2580 83.1 82.19686724390795 24.002789528799266 2133.840087890625 0.990966796875 79.66579075214426 131651
2590 88.4 79.91234467795535 21.493387430255215 2133.840087890625 0.990966796875 79.68166705658302 132482
2600 83.5 82.10304371725297 26.332825369563114 2133.840087890625 0.990966796875 79.68319607460332 133366
2610 84.8 91.47678303268721 42.8957852864116 2133.840087890625 0.990966796875 79.69825239148331 134201
2620 85.4 78.75608693464582 21.083252300998517 2133.840087890625 0.990966796875 79.77221216892514 135049
2630 87.3 86.79570379617698 39.288341003808 2133.840087890625 0.990966796875 79.76582694600823 135903
2640 83.6 80.58796100525187 26.1507237491891 2133.840087890625 0.990966796875 79.81069653197505 136776
2650 89.8 87.495598671962 27.40012474524083 2133.840087890625 0.990966796875 79.81541845375266 137612
2660 94.7 87.94329853319681 28.36196284033632 2133.840087890625 0.990966796875 79.86521126175174 138510
2670 95.2 85.58637526055331 27.769195041596948 2133.840087890625 0.990966796875 79.92006651208739 139457
2680 86 86.18209540788524 26.51022430988478 2133.840087890625 0.990966796875 79.95848517419978 140409
2690 90.9 84.40472311391294 27.098041319998593 2133.840087890625 0.990966796875 79.99637250122106 141269
2700 80.9 78.21157003244748 19.970893534296053 2133.840087890625 0.990966796875 80.02455682444221 142178
2710 85.9 81.57327004056322 23.278475116962518 2133.840087890625 0.990966796875 80.01429920441575 142987
2720 86.9 84.71047899884935 29.6865710654939 2133.840087890625 0.990966796875 80.02360885465455 143846
2730 84.1 87.26540292202367 30.349130814408113 2133.840087890625 0.990966796875 80.05175307021828 144715
2740 86.4 78.34340865523706 20.438755699528695 2133.840087890625 0.990966796875 80.0934324206083 145556
2750 90.1 84.48945778562012 28.751342064066645 2133.840087890625 0.990966796875 80.08310582223866 146420
2760 91 84.62927004635992 26.457685540919407 2133.840087890625 0.990966796875 80.11005461513993 147321
2770 78 77.8671561999198 18.326874768840838 2133.840087890625 0.990966796875 80.13779838022558 148231
2780 80.8 80.97100739431849 26.83020837061707 2133.840087890625 0.990966796875 80.12591267446803 149011
2790 89.1 95.60015574582631 48.502131059244824 2133.840087890625 0.990966796875 80.13047041770245 149819
2800 86.8 78.36541241764468 18.991567615056123 2133.840087890625 0.990966796875 80.22192745192287 150710
2810 91 110.908917571686 123.66084847793363 2133.840087890625 0.990966796875 80.21129625841355 151578
2820 85.6 96.00667222637989 55.647757687247704 2133.840087890625 0.990966796875 80.39448992214498 152488
2830 88.8 82.2361309979412 24.445361733240567 2133.840087890625 0.990966796875 80.48164056418136 153344
2840 89.2 82.17679175133125 23.69238168480604 2133.840087890625 0.990966796875 80.49174214819232 154232
2850 86 81.16651980377904 22.741086187726786 2133.840087890625 0.990966796875 80.50143158532649 155124
2860 91.6 92.92931649153937 40.04334868473248 2133.840087890625 0.990966796875 80.50509847339109 155984
2870 89.3 86.98587401796956 38.795020198120476 2133.840087890625 0.990966796875 80.57763246768442 156900
2880 87.1 82.99194335937501 25.51981671474438 2133.840087890625 0.990966796875 80.61389871336328 157793
2890 81.8 88.45481816597265 41.28841749653844 2133.840087890625 0.990966796875 80.6269531988589 158664
2900 95 94.85802194695727 52.8348323470291 2133.840087890625 0.990966796875 80.6671031439505 159482
2910 91.9 92.16217977463621 36.84777621184016 2133.840087890625 0.990966796875 80.75113483876734 160432
2920 85.9 82.24336017080171 21.356933425439053 2133.840087890625 0.990966796875 80.81612824008536 161351
2930 90.7 83.6528376838995 24.63819904039183 2133.840087890625 0.990966796875 80.8236862958679 162210
2940 82 83.00021079458841 26.136199961450824 2133.840087890625 0.990966796875 80.83941758266783 163117
2950 92.9 85.13886476974564 27.363829185727766 2133.840087890625 0.990966796875 80.85022570062641 163937
2960 96.3 85.4073472384475 25.340694610059558 2133.840087890625 0.990966796875 80.8743916638645 164866
2970 85.9 178.00484330662457 284.28309914944583 2133.840087890625 0.990966796875 80.90071538419282 165829
2980 89 88.32727297665029 27.99445264151656 2133.840087890625 0.990966796875 81.40112600694532 166688
2990 85.4 80.01984142866287 19.96193857357461 2133.840087890625 0.990966796875 81.4379104941873 167578
3000 95.3 88.69888033471611 27.64224483307839 2133.840087890625 0.990966796875 81.43072046508382 168432
3010 97.5 83.79050130208341 22.676643806552917 2133.840087890625 0.990966796875 81.47161284844574 169385
3020 106 106.70007623636495 43.47149365343531 2133.840087890625 0.990966796875 81.48488425160551 170360
3030 98.1 92.66244709042113 32.36242276584534 2133.840087890625 0.990966796875 81.64080598479792 171420
3040 99.7 89.44911149464022 27.0842117948306 2133.840087890625 0.990966796875 81.70352157185727 172401
3050 102.4 99.27844023704532 52.59095478972043 2133.840087890625 0.990966796875 81.74805699414019 173398
3060 105.6 93.88073106245567 26.234558909705022 2133.840087890625 0.990966796875 81.85097470200235 174422
3070 107.7 100.12583171026286 34.0293514406705 2133.840087890625 0.990966796875 81.92336795196324 175478
3080 107.4 105.52449794321755 49.16253230146758 2133.840087890625 0.990966796875 82.03440447580957 176555
3090 104 109.42013667179994 48.238922208107006 2133.840087890625 0.990966796875 82.17643286297606 177629
3100 109.7 112.21490851291878 62.432417209605596 2133.840087890625 0.990966796875 82.33501354547373 178669
3110 103.8 103.4941011109104 46.789041807471904 2133.840087890625 0.990966796875 82.5173519452784 179766
3120 97.2 91.45627697603199 32.13756693444323 2133.840087890625 0.990966796875 82.63777995369595 180804
3130 96.9 85.10102836364803 25.738319871585105 2133.840087890625 0.990966796875 82.68493457865036 181776
3140 101.7 148.3217300520066 271.68425439617437 2133.840087890625 0.958984375 82.69774584504704 182745
3150 97.9 107.46481557033641 64.19963923639054 2133.840087890625 0.958984375 83.06093079045729 183762
3160 113.2 115.19992680094691 51.57654927230623 2133.840087890625 0.958984375 83.19025456373718 184741
3170 106.2 103.61011937602991 38.223789945426205 2133.840087890625 0.958984375 83.38519922472895 185873
3180 101.3 84.7381147137988 21.28401335496288 2133.840087890625 0.958984375 83.50009940500917 186935
3190 103.1 94.99798625424346 35.29162651365356 2133.840087890625 0.958984375 83.50677204588752 187948
3200 105.1 97.07096385139153 34.91924827616012 2133.840087890625 0.958984375 83.56946388915483 188979
3210 95 94.12432925575655 37.137636986563635 2133.840087890625 0.958984375 83.64413671165818 190030
3220 98.5 81.55654842163703 20.99047661117683 2133.840087890625 0.958984375 83.69626878264411 190980
3230 102.3 92.56884431512705 31.99157701394028 2133.840087890625 0.958984375 83.6852895699981 191965
3240 105.1 105.4696794068893 50.621813098094975 2133.840087890625 0.958984375 83.7323799409241 192988
3250 104.4 88.7457712692319 32.22903775308819 2133.840087890625 0.958984375 83.85011865189834 194039
3260 112.9 103.55978374633251 37.695865711049905 2133.840087890625 0.958984375 83.87631807128649 195083
3270 112.9 156.71844466203504 97.62244477251062 2133.840087890625 0.958984375 83.98957634675959 196212
3280 107.2 111.8063905630539 51.98116757129535 2133.840087890625 0.958984375 84.40566267614855 197341
3290 112.3 111.65745222409289 46.07364981597436 2133.840087890625 0.958984375 84.55370529580938 198413
3300 111.8 117.35124782500833 55.574514887581635 2133.840087890625 0.958984375 84.70624673094119 199536
3310 102.3 98.1379189290842 36.5979009701803 2133.840087890625 0.958984375 84.88813750422838 200654
3320 107.2 111.2832741808535 49.95859718457363 2133.840087890625 0.958984375 84.95534658804868 201677
3330 107.4 131.56829231588998 104.6663988482049 2133.840087890625 0.958984375 85.0945509164522 202749
3340 98.1 89.25311185970948 24.62890761121867 2133.840087890625 0.958984375 85.33943396823241 203823
3350 109.1 111.74183505134346 59.4313820791757 2133.840087890625 0.958984375 85.35818027207188 204804
3360 102.7 105.71249980982233 44.58189056244934 2133.840087890625 0.958984375 85.49798243999332 205895
3370 94.4 85.22147046105334 26.918676035199766 2133.840087890625 0.958984375 85.59831159464491 206922
3380 100 95.86517602539062 39.13589027361109 2133.840087890625 0.958984375 85.59660021312936 207866
3390 110.2 142.56784273621818 96.41970974596552 2133.840087890625 0.958984375 85.64576367588664 208866
3400 113 114.77485394773228 46.57760434171706 2133.840087890625 0.958984375 85.94451458614193 209968
3410 103.6 113.9825762303178 65.54548973036037 2133.840087890625 0.958984375 86.09884235560729 211098
3420 96.3 89.47416165709377 30.300997491574584 2133.840087890625 0.958984375 86.23501830238716 212134
3430 100 91.19950781249997 30.391603124216402 2133.840087890625 0.958984375 86.24965621399822 213097
3440 104.7 95.20947102398219 34.88955262737686 2133.840087890625 0.958984375 86.272775882179 214097
3450 104.8 129.5585844316553 81.71390645377204 2133.840087890625 0.958984375 86.31626638069845 215144
3460 92.7 94.0489750834344 36.259982056801334 2133.840087890625 0.958984375 86.52588537361865 216192
3470 96.2 90.98612585880662 33.21338869447054 2133.840087890625 0.958984375 86.55800556651286 217119
3480 103.7 105.39443260494515 53.844355130990174 2133.840087890625 0.958984375 86.57753891293547 218081
3490 102.1 101.20069483234883 56.55921063574059 2133.840087890625 0.953857421875 86.66659192892965 219118
3500 103.8 99.42823324038115 49.1356626820871 2133.840087890625 0.953857421875 86.73400078907888 220139
3510 104 114.69424673227161 72.57515704250478 2133.840087890625 0.953857421875 86.79357575973339 221177
3520 105.9 98.93579862340647 38.147540791828305 2133.840087890625 0.953857421875 86.92415396847277 222217
3530 107.4 98.83259954754423 42.99869930060792 2133.840087890625 0.953857421875 86.98112530300749 223276
3540 102 96.63840379901966 33.35202081812097 2133.840087890625 0.953857421875 87.03786024100006 224350
3550 100.7 98.32140640516381 40.25892024106466 2133.840087890625 0.953857421875 87.08131125235552 225370
3560 98.7 90.86077998353605 40.00601259477332 2133.840087890625 0.953857421875 87.13131092466709 226377
3570 104.5 210.20221408679745 250.71398708007166 2133.840087890625 0.953857421875 87.14750076105766 227364
3580 98.9 89.9365908291994 30.390603794852055 2133.840087890625 0.953857421875 87.71049160391148 228409
3590 99.1 91.61198934945756 27.34940425243044 2133.840087890625 0.953857421875 87.72008895059196 229398
3600 100.2 92.69997236971358 29.177885542713117 2133.840087890625 0.953857421875 87.73682965129936 230389
3610 111.2 103.09200632657934 41.538339192247804 2133.840087890625 0.953857421875 87.75832171021197 231391
3620 126.4 143.24279360227945 66.51100213660203 2133.840087890625 0.953857421875 87.83165864476078 232503
3630 121.5 151.17294962062786 105.36560931207097 2133.840087890625 0.953857421875 88.13127182620343 233767
3640 120 132.81256774902343 77.23298016559771 2133.840087890625 0.953857421875 88.45723568096773 234982
3650 107.9 150.58445274487374 116.96203462932782 2133.840087890625 0.953857421875 88.68259747179712 236182
3660 110.7 133.97454541765472 78.84197642444356 2133.840087890625 0.953857421875 88.96411066545157 237261
3670 117.9 131.95871994109157 74.34751023581339 2133.840087890625 0.953857421875 89.17314271367403 238368
3680 118.6 142.60209051071087 88.50604445226034 2133.840087890625 0.953857421875 89.38372433461323 239547
3690 119.4 137.22636641050298 62.462946414489544 2133.840087890625 0.953857421875 89.64591099902921 240733
3700 115 146.44129670516296 63.18489643332099 2133.840087890625 0.953857421875 89.88073829718651 241927
3710 122.7 301.2514626550402 428.8384752348731 3347.06201171875 0.953857421875 90.14832693029113 243077
3720 118.5 132.77401457838857 64.22405473251207 3347.06201171875 0.953857421875 91.20857787802129 244304
3730 112.7 123.6149885013447 60.88678013582584 3347.06201171875 0.953857421875 91.40921840566178 245489
3740 127.2 163.39249233029918 91.23177160166325 3347.06201171875 0.914794921875 91.55639418865167 246616
3750 119.3 178.77842549965953 107.66147648690345 3347.06201171875 0.914794921875 91.92501032511723 247888
3760 114.1 112.21075562486304 44.28643080096029 3347.06201171875 0.914794921875 92.34100401513464 249081
3770 112.5 182.33506445312497 210.58447036478253 3347.06201171875 0.914794921875 92.43160910416239 250222
3780 119.1 163.65711340916243 193.35628318894285 3347.06201171875 0.914794921875 92.83400653587069 251347
3790 116.5 141.18450220460034 84.19206531189373 3347.06201171875 0.914794921875 93.16801694335823 252538
3800 118.9 132.55012295324323 60.37991431379515 3347.06201171875 0.914794921875 93.38850785331731 253703
3810 114 151.61545324492883 104.62730286259728 3347.06201171875 0.914794921875 93.57118585166096 254892
3820 113.7 112.5715417920652 51.44630880708317 3347.06201171875 0.914794921875 93.82963192413754 256032
3830 119.1 120.62600956555669 53.61748957108996 3347.06201171875 0.914794921875 93.91249397796143 257169
3840 122.1 136.57838393702687 70.73124889006854 3347.06201171875 0.914794921875 94.03563919031949 258360
3850 106.2 111.57759993673491 49.9431566426338 3347.06201171875 0.914794921875 94.23574894926074 259581
3860 118.2 130.4367147016444 59.449998593823636 3347.06201171875 0.914794921875 94.30640899287863 260643
3870 113.9 198.2829727025487 199.69564217061412 3347.06201171875 0.914794921875 94.46951802122871 261825
3880 116.4 148.13523775605387 82.81516526108996 3347.06201171875 0.914794921875 94.91917472283815 262964
3890 121.1 116.10077463743802 47.56933413603205 3347.06201171875 0.914794921875 95.15369547554388 264128
3900 124.4 155.55118514180586 87.34327565465247 3347.06201171875 0.914794921875 95.24929737675349 265339
3910 113.7 126.9893323215562 61.65610558127544 3347.06201171875 0.914794921875 95.53069397135901 266583
3920 116.3 138.37510957988513 70.59393376863433 3347.06201171875 0.914794921875 95.664298004693 267720
3930 119.3 155.31095882393396 85.6991355868777 3347.06201171875 0.914794921875 95.84903513519939 268883
3940 109 108.589248853211 41.81488526523396 3347.06201171875 0.914794921875 96.11169481232974 270076
3950 114.5 137.7740309003138 65.90837842499003 3347.06201171875 0.914794921875 96.16185056159242 271166
3960 120.4 132.58260023554266 49.4066956568304 3347.06201171875 0.914794921875 96.33681942619148 272311
3970 119.8 246.2005368648269 300.2639971487804 3347.06201171875 0.914794921875 96.49637162659899 273515
3980 116.9 128.8492167450809 54.434808853953115 3347.06201171875 0.914794921875 97.14921874324581 274713
3990 119.6 180.11149387933722 122.60889394612987 3347.06201171875 0.914794921875 97.28354174244164 275882
4000 121.5 186.2867937001671 87.70189434360258 3347.06201171875 0.914794921875 97.64106644940404 277078
4010 122.1 141.53539119286205 59.86859832657916 3347.06201171875 0.914794921875 98.02808501835719 278293
4020 118.6 125.6627075812867 52.43965881912184 3347.06201171875 0.914794921875 98.21813782730081 279514
4030 121.1 144.24068112613512 70.74421038298335 3347.06201171875 0.914794921875 98.33409528981676 280700
4040 124.7 171.61399840084962 89.63488863505134 3347.06201171875 0.914794921875 98.53129538292337 281911
4050 125.6 197.3118120910255 94.81960002106253 3347.06201171875 0.914794921875 98.85314442361216 283158
4060 122.6 157.6452467453226 74.90956277015405 3347.06201171875 0.914794921875 99.28794751554952 284414
4070 118.1 253.51974396863093 281.13627206715415 3347.06201171875 0.914794921875 99.53842381038113 285640
4080 123.6 166.77446620904124 111.96295338032989 3347.06201171875 0.914794921875 100.17244969797964 286821
4090 121.1 132.0928236365221 52.45385195718922 3347.06201171875 0.914794921875 100.45822679212307 288057
4100 119.7 143.04953892707042 77.08819452504937 3347.06201171875 0.914794921875 100.59066279188303 289268
4110 119.2 170.45108216560942 106.7895763454257 3347.06201171875 0.914794921875 100.76563490464643 290465
4120 120.2 162.82260482204163 73.37730865637441 3347.06201171875 0.914794921875 101.0504388117533 291657
4130 116.7 132.6018599875482 86.64516668988868 3347.06201171875 0.914794921875 101.30397427948475 292859
4140 118.3 139.73630563021754 63.62427685389518 3347.06201171875 0.914794921875 101.42819673811532 294026
4150 117.7 117.6078491729503 75.62468784965331 3347.06201171875 0.914794921875 101.58170998743819 295209
4160 124.7 313.9597596732157 620.2845635275456 3564.489990234375 0.914794921875 101.64535255429813 296386
4170 121.6 186.24094310559732 124.05989251234323 3564.489990234375 0.914794921875 102.53489123340056 297633
4180 119.3 148.14828688181046 87.42523712941463 3564.489990234375 0.914794921875 102.87548651421659 298849
4190 116.2 114.9050872855262 48.35073481936459 3564.489990234375 0.914794921875 103.05549614899618 300042
4200 114.3 128.31197967929793 55.74533835525009 3564.489990234375 0.914794921875 103.10121010000829 301204
4210 127.5 161.59540766697305 74.50792213336759 3564.489990234375 0.914794921875 103.19651751046425 302347
4220 130.8 160.65261271532148 79.90941216539503 3564.489990234375 0.914794921875 103.4417519959414 303622
4230 136.1 269.1723430109408 183.4602081482296 3564.489990234375 0.914794921875 103.68715850176552 304930
4240 134.8 233.40993855190564 120.9153005243754 3564.489990234375 0.914794921875 104.4224897263754 306291
4250 139.8 446.16392418857345 523.3865177991091 3685.56103515625 0.914794921875 104.98768165918241 307639
4260 136.1 197.913898005545 103.1316372777647 3685.56103515625 0.914794921875 106.53107092019675 309037
4270 127.8 202.59156706187636 131.8411910648537 3685.56103515625 0.914794921875 106.93175658074598 310398
4280 132.5 201.95598927623837 116.22695875257972 3685.56103515625 0.914794921875 107.32400121233418 311676
4290 137.8 248.5997642218115 152.9944957881163 3685.56103515625 0.914794921875 107.72459860398683 313001
4300 129.5 193.7069933563585 94.66320418962438 3685.56103515625 0.914794921875 108.3420888887112 314379
4310 132.2 207.79094360166926 112.51295666093027 3685.56103515625 0.914794921875 108.69228418919717 315674
4320 131.8 298.85043941607825 388.6310061679845 3685.56103515625 0.914794921875 109.10556520139696 316996
4330 131.9 220.63718722605913 163.68211705481747 3685.56103515625 0.914794921875 109.8912163013013 318314
4340 130.7 197.7093521736922 102.30375068443125 3685.56103515625 0.914794921875 110.34822147801883 319633
4350 136.9 317.86031714384353 191.63240089083322 3685.56103515625 0.914794921875 110.70399202023621 320940
4360 142.6 223.5693592215989 111.39163092103993 3685.56103515625 0.914794921875 111.58388370521621 322309
4370 136.6 228.2511052456991 127.05561736618354 3685.56103515625 0.914794921875 112.07716150368212 323735
4380 139.2 258.75934855143214 124.90059647853417 3685.56103515625 0.914794921875 112.56529782793703 325101
4390 136.6 235.3817660553734 149.58987283795142 3685.56103515625 0.914794921875 113.18859486219843 326493
4400 124.2 263.4933846146591 275.1842095794274 3685.56103515625 0.914794921875 113.69770357005723 327859
4410 141.7 246.02613872563074 140.2228016686462 3685.56103515625 0.914794921875 114.2630201016308 329101
4420 142.4 295.5225214583146 176.68827089739247 3685.56103515625 0.914794921875 114.82791623161528 330518
4430 134.1 193.77839786947717 94.65608889279382 3685.56103515625 0.914794921875 115.60307911501906 331942
4440 123.8 137.17499656862134 67.23082362574637 3685.56103515625 0.914794921875 115.91762591893563 333283
4450 130.8 189.96981914181953 98.48897442265942 3685.56103515625 0.914794921875 115.9962954938332 334521
4460 133.7 237.99586476544962 129.9980713969604 3685.56103515625 0.914794921875 116.28441048369878 335829
4470 131.9 299.464590724803 283.59463876113836 3685.56103515625 0.914794921875 116.7670457861157 337166
4480 129.8 158.058998519357 71.22201447572357 3685.56103515625 0.914794921875 117.47897707339321 338485
4490 126.6 177.6348317705248 94.24347027083704 3685.56103515625 0.914794921875 117.63399621159866 339783
4500 129.8 170.57693852922773 83.45640370946236 3685.56103515625 0.914794921875 117.85672390708406 341049
4510 133.5 189.43612312002602 118.51289060047156 3685.56103515625 0.914794921875 118.05661126867783 342347
4520 135 219.8331128833912 107.52216833318474 3685.56103515625 0.914794921875 118.33387818495959 343682
4530 138.7 216.4604534432453 126.28102781104703 3685.56103515625 0.914794921875 118.73101226771969 345032
4540 136 248.0656612620636 160.97373963573253 3685.56103515625 0.914794921875 119.12230355056056 346419
4550 137.8 278.50115568163744 183.84514738004825 3685.56103515625 0.914794921875 119.62654034026795 347779
4560 142.5 527.8112525699005 590.8299686082806 3979.45703125 0.914794921875 120.25356262520111 349157
4570 141.6 368.0453936043435 222.74409743264218 3979.45703125 0.914794921875 121.91014998043097 350582
4580 130.7 189.8538329891334 100.92912933639485 3979.45703125 0.914794921875 122.90029056353502 351998
4590 132.9 264.3174127560075 151.4588032120448 3979.45703125 0.914794921875 123.14797536830784 353305
4600 130.9 204.394820898885 108.603236693944 3979.45703125 0.914794921875 123.6770114513914 354634
4610 135.8 226.88042430849603 108.68431688726815 3979.45703125 0.914794921875 123.97385564432894 355943
4620 134 207.59414645522398 103.07734635236648 3979.45703125 0.914794921875 124.36497439363538 357301
4630 132.3 232.11442020384538 111.59957809807852 3979.45703125 0.914794921875 124.67594578442039 358641
4640 132.4 353.08210556168564 517.1537774453719 3979.45703125 0.914794921875 125.07082166549988 359964
4650 134.6 251.7681636271822 174.13470232222033 3979.45703125 0.914794921875 125.90640695999777 361288
4660 129.4 187.32592848906017 102.9373928920254 3979.45703125 0.914794921875 126.37357199271403 362634
4670 131.1 175.9079064690006 85.13417612230216 3979.45703125 0.914794921875 126.59029713973837 363928
4680 136.1 233.34590959513898 113.66396761995865 3979.45703125 0.914794921875 126.76731926998913 365239
4690 130.5 171.83328656309874 76.83902287664148 3979.45703125 0.914794921875 127.16299155976691 366600
4700 133.4 229.80869989809793 136.37953641656964 3979.45703125 0.914794921875 127.32144207003273 367905
4710 134.3 221.59219789824536 125.35090957959015 3979.45703125 0.914794921875 127.6917117380327 369239
4720 130.6 204.97674831606523 110.57160189408407 3979.45703125 0.914794921875 128.03200984456018 370582
4730 127 171.07341981422252 81.71230630871965 3979.45703125 0.914794921875 128.30222514713455 371888
4740 131.7 194.4264157931732 89.55937900230424 3979.45703125 0.914794921875 128.44779195054542 373158
4750 126.6 300.79574531928813 496.05884068741796 3979.45703125 0.914794921875 128.67983373598034 374475
4760 137.8 257.99224632052767 126.9823341637842 3979.45703125 0.914794921875 129.25975113670177 375741
4770 134.3 231.84688365308563 139.6506632972252 3979.45703125 0.914794921875 129.73014212300401 377119
4780 121.1 218.0621780408108 138.34029619499566 3979.45703125 0.914794921875 130.09251082547584 378462
4790 133.8 180.95718379227384 86.09995401026008 3979.45703125 0.914794921875 130.37309771734797 379673
4800 106.2 145.39064775887184 88.46450888126985 3979.45703125 0.914794921875 130.55073433982935 381011
4810 51.9 87.31454626535397 31.77948789923801 3979.45703125 0.914794921875 130.5919829704602 382073
4820 11.8 65.37588138903601 15.628392838185745 3979.45703125 0.914794921875 130.53327554936945 382592
4830 2.3 55.78091032608695 8.136099978973295 3979.45703125 0.914794921875 130.51318573590515 382710
4840 0.4 51.73297119140625 1.0267578220059035 3979.45703125 0.914794921875 130.50869476613138 382733
