20 0.1 362 0 362 362 0 0
30 0.1 417.0 0.0 417 362 362.0 1
40 0.1 385.0 0.0 417 362 389.5 2
50 0.1 408.0 0.0 417 362 388.0 3
60 0.1 442.0 0.0 442 362 393.0 4
70 0.1 574.0 0.0 574 362 402.8 5
80 0.1 545.0 0.0 574 362 431.3333333333333 6
90 0.1 567.0 0.0 574 362 447.57142857142856 7
100 0.1 478.0 0.0 574 362 462.5 8
110 0.1 554.0 0.0 574 362 464.22222222222223 9
120 0.1 482.0 0.0 574 362 473.2 10
130 0.1 547.0 0.0 574 362 474.0 11
140 0.1 817.0 0.0 817 362 480.0833333333333 12
150 0.1 846.0 0.0 846 362 506.0 13
160 0.1 777.0 0.0 846 362 530.2857142857143 14
170 0.1 800.0 0.0 846 362 546.7333333333333 15
180 0.1 1031.0 0.0 1031 362 562.5625 16
190 0.1 842.0 0.0 1031 362 590.1176470588235 17
200 0.1 1001.0 0.0 1031 362 604.1111111111111 18
210 0.1 839.0 0.0 1031 362 625.0 19
220 0.1 791.0 0.0 1031 362 635.7 20
230 0.1 978.0 0.0 1031 362 643.0952380952381 21
240 0.1 971.0 0.0 1031 362 658.3181818181819 22
250 0.1 958.0 0.0 1031 362 671.913043478261 23
260 0.1 1350.0 0.0 1350 362 683.8333333333335 24
270 0.1 1193.0 0.0 1350 362 710.4800000000001 25
280 0.1 1327.0 0.0 1350 362 729.0384615384617 26
290 0.1 1435.0 0.0 1435 362 751.1851851851853 27
300 0.1 1322.0 0.0 1435 362 775.607142857143 28
310 0.1 1361.0 0.0 1435 362 794.4482758620691 29
320 0.1 1.4e3 0.0 1435 362 813.3333333333335 30
330 0.1 1520.0 0.0 1520 362 832.2580645161291 31
340 0.1 1466.0 0.0 1520 362 853.7500000000001 32
350 0.1 1548.0 0.0 1548 362 872.3030303030304 33
360 0.1 1468.0 0.0 1548 362 892.1764705882354 34
370 0.1 1328.0 0.0 1548 362 908.6285714285715 35
380 0.1 1523.0 0.0 1548 362 920.2777777777778 36
390 0.1 1953.0 0.0 1953 362 936.5675675675676 37
400 0.1 1648.0 0.0 1953 362 963.3157894736842 38
410 0.1 2026.0 0.0 2026 362 980.8717948717949 39
420 0.1 1846.0 0.0 2026 362 1007.0 40
430 0.1 2191.0 0.0 2191 362 1027.4634146341464 41
440 0.1 1799.0 0.0 2191 362 1055.1666666666667 42
450 0.1 1843.0 0.0 2191 362 1072.4651162790697 43
460 0.1 1854.0 0.0 2191 362 1089.9772727272725 44
470 0.1 1745.0 0.0 2191 362 1106.9555555555553 45
480 0.1 1837.0 0.0 2191 362 1120.8260869565215 46
490 0.1 2059.0 0.0 2191 362 1136.063829787234 47
500 0.1 2555.0 0.0 2555 362 1155.2916666666667 48
510 0.1 2507.0 0.0 2555 362 1183.857142857143 49
520 0.1 2654.0 0.0 2654 362 1210.32 50
530 0.1 2427.0 0.0 2654 362 1238.6274509803923 51
540 0.1 2462.0 0.0 2654 362 1261.4807692307693 52
550 0.1 2258.0 0.0 2654 362 1284.132075471698 53
560 0.1 2559.0 0.0 2654 362 1302.1666666666667 54
570 0.1 2264.0 0.0 2654 362 1325.0181818181818 55
580 0.1 2408.0 0.0 2654 362 1341.7857142857142 56
590 0.1 2259.0 0.0 2654 362 1360.4912280701753 57
600 0.1 2135.0 0.0 2654 362 1375.9827586206898 58
610 0.1 2664.0 0.0 2664 362 1388.8474576271187 59
620 0.1 3053.0 0.0 3053 362 1410.1 60
630 0.1 3664.0 0.0 3664 362 1437.032786885246 61
640 0.1 3463.0 0.0 3664 362 1472.9516129032259 62
650 0.1 3748.0 0.0 3748 362 1504.5396825396826 63
660 0.1 4106.0 0.0 4106 362 1539.59375 64
670 0.1 3877.0 0.0 4106 362 1579.076923076923 65
680 0.1 3364.0 0.0 4106 362 1613.8939393939395 66
690 0.1 3676.0 0.0 4106 362 1640.0149253731342 67
700 0.1 3938.0 0.0 4106 362 1669.9558823529412 68
710 0.1 3296.0 0.0 4106 362 1702.8260869565217 69
720 0.1 3761.0 0.0 4106 362 1725.5857142857142 70
730 0.1 3425.0 0.0 4106 362 1754.2535211267605 71
740 0.1 3841.0 0.0 4106 362 1777.4583333333333 72
750 0.1 3813.0 0.0 4106 362 1805.7260273972602 73
760 0.1 3473.0 0.0 4106 362 1832.8513513513512 74
770 0.1 4053.0 0.0 4106 362 1854.72 75
780 0.1 3993.0 0.0 4106 362 1883.6447368421052 76
790 0.1 3481.0 0.0 4106 362 1911.0389610389611 77
800 0.1 3597.0 0.0 4106 362 1931.1666666666667 78
810 0.1 3988.0 0.0 4106 362 1952.253164556962 79
820 0.1 3769.0 0.0 4106 362 1977.7 80
830 0.1 3195.0 0.0 4106 362 1999.8148148148148 81
840 0.1 3857.0 0.0 4106 362 2014.3902439024391 82
850 0.1 3795.0 0.0 4106 362 2036.5903614457832 83
860 0.1 3709.0 0.0 4106 362 2057.5238095238096 84
870 0.1 3445.0 0.0 4106 362 2076.9529411764706 85
880 0.1 3447.0 0.0 4106 362 2092.860465116279 86
890 0.1 3435.0 0.0 4106 362 2108.425287356322 87
900 0.1 3741.0 0.0 4106 362 2123.5 88
910 0.1 3316.0 0.0 4106 362 2141.674157303371 89
920 0.1 3270.0 0.0 4106 362 2154.7222222222226 90
930 0.1 3598.0 0.0 4106 362 2166.9780219780223 91
940 0.1 4148.0 0.0 4148 362 2182.5326086956525 92
950 0.1 3416.0 0.0 4148 362 2203.666666666667 93
960 0.1 3656.0 0.0 4148 362 2216.563829787234 94
970 0.1 3588.0 0.0 4148 362 2231.7157894736847 95
980 0.1 3209.0 0.0 4148 362 2245.8437500000005 96
990 0.1 3569.0 0.0 4148 362 2255.7731958762893 97
1000 0.1 3862.0 0.0 4148 362 2269.1734693877556 98
1010 0.1 3736.0 0.0 4148 362 2285.262626262627 99
1020 0.1 3720.0 0.0 4148 362 2299.7700000000004 100
1030 0.1 3939.0 0.0 4148 362 2313.8316831683173 101
1040 0.1 4237.0 0.0 4237 362 2329.7647058823536 102
1050 0.1 3585.0 0.0 4237 362 2348.281553398059 103
1060 0.1 3663.0 0.0 4237 362 2360.1730769230776 104
1070 0.1 3712.0 0.0 4237 362 2372.580952380953 105
1080 0.1 3684.0 0.0 4237 362 2385.216981132076 106
1090 0.1 3338.0 0.0 4237 362 2397.3551401869163 107
1100 0.1 3487.0 0.0 4237 362 2406.0648148148152 108
1110 0.1 3620.0 0.0 4237 362 2415.9816513761475 109
1120 0.1 3663.0 0.0 4237 362 2426.9272727272732 110
1130 0.1 3570.0 0.0 4237 362 2438.0630630630635 111
1140 0.1 3605.0 0.0 4237 362 2448.1696428571436 112
1150 0.1 3123.0 0.0 4237 362 2458.4070796460182 113
1160 0.1 3936.0 0.0 4237 362 2464.236842105264 114
1170 0.1 4052.0 0.0 4237 362 2477.0347826086963 115
1180 0.1 4191.0 0.0 4237 362 2490.6120689655177 116
1190 0.1 4280.0 0.0 4280 362 2505.1452991452998 117
1200 0.1 4099.0 0.0 4280 362 2520.1864406779664 118
1210 0.1 4117.0 0.0 4280 362 2533.4537815126055 119
1220 0.1 4215.0 0.0 4280 362 2546.6500000000005 120
1230 0.1 4894.0 0.0 4894 362 2560.4380165289263 121
1240 0.1 4750.0 0.0 4894 362 2579.5655737704924 122
1250 0.1 4875.0 0.0 4894 362 2597.2113821138214 123
1260 0.1 4698.0 0.0 4894 362 2615.5806451612907 124
1270 0.1 5078.0 0.0 5078 362 2632.2400000000007 125
1280 0.1 4857.0 0.0 5078 362 2651.650793650794 126
1290 0.1 4471.0 0.0 5078 362 2669.0157480314965 127
1300 0.1 4661.0 0.0 5078 362 2683.0937500000005 128
1310 0.1 5526.0 0.0 5526 362 2698.426356589148 129
1320 0.1 4920.0 0.0 5526 362 2720.1769230769237 130
1330 0.1 5187.0 0.0 5526 362 2736.9694656488555 131
1340 0.1 5038.0 0.0 5526 362 2755.5303030303035 132
1350 0.1 5191.0 0.0 5526 362 2772.6917293233087 133
1360 0.1 5135.0 0.0 5526 362 2790.7388059701498 134
1370 0.1 5027.0 0.0 5526 362 2808.103703703704 135
1380 0.1 4734.0 0.0 5526 362 2824.4191176470595 136
1390 0.1 5233.0 0.0 5526 362 2838.3576642335775 137
1400 0.1 4855.0 0.0 5526 362 2855.710144927537 138
1410 0.1 4783.0 0.0 5526 362 2870.093525179857 139
1420 0.1 5037.0 0.0 5526 362 2883.7571428571437 140
1430 0.1 4.4e3 0.0 5526 362 2899.028368794327 141
1440 0.1 4685.0 0.0 5526 362 2909.5985915492965 142
1450 0.1 5047.0 0.0 5526 362 2922.013986013987 143
1460 0.1 4640.0 0.0 5526 362 2936.7708333333344 144
1470 0.1 5031.0 0.0 5526 362 2948.5172413793116 145
1480 0.1 5175.0 0.0 5526 362 2962.7808219178096 146
1490 0.1 4759.0 0.0 5526 362 2977.8299319727903 147
1500 0.1 4798.0 0.0 5526 362 2989.864864864866 148
1510 0.1 5124.0 0.0 5526 362 3002.0000000000014 149
1520 0.1 4863.0 0.0 5526 362 3016.146666666668 150
1530 0.1 4682.0 0.0 5526 362 3028.37748344371 151
1540 0.1 4701.0 0.0 5526 362 3039.2565789473697 152
1550 0.1 5202.0 0.0 5526 362 3050.117647058825 153
1560 0.1 5209.0 0.0 5526 362 3064.0909090909104 154
1570 0.1 5275.0 0.0 5526 362 3077.9290322580655 155
1580 0.1 5039.0 0.0 5526 362 3092.0128205128217 156
1590 0.1 5437.0 0.0 5526 362 3104.4140127388546 157
1600 0.1 5212.0 0.0 5526 362 3119.1772151898745 158
1610 0.1 4882.0 0.0 5526 362 3132.3396226415107 159
1620 0.1 5274.0 0.0 5526 362 3143.275000000001 160
1630 0.1 4596.0 0.0 5526 362 3156.5093167701875 161
1640 0.1 4855.0 0.0 5526 362 3165.3950617283963 162
1650 0.1 4697.0 0.0 5526 362 3175.76073619632 163
1660 0.1 4982.0 0.0 5526 362 3185.0365853658545 164
1670 0.1 5279.0 0.0 5526 362 3195.9272727272732 165
1680 0.1 5144.0 0.0 5526 362 3208.4759036144587 166
1690 0.1 5586.0 0.0 5586 362 3220.065868263474 167
1700 0.1 4739.0 0.0 5586 362 3234.14880952381 168
1710 0.1 5277.0 0.0 5586 362 3243.0532544378707 169
1720 0.1 4707.0 0.0 5586 362 3255.0176470588244 170
1730 0.1 4822.0 0.0 5586 362 3263.5087719298253 171
1740 0.1 5055.0 0.0 5586 362 3272.569767441861 172
1750 0.1 5351.0 0.0 5586 362 3282.872832369943 173
1760 0.1 5267.0 0.0 5586 362 3294.758620689656 174
1770 0.1 4772.0 0.0 5586 362 3306.028571428572 175
1780 0.1 4991.0 0.0 5586 362 3314.3579545454554 176
1790 0.1 4975.0 0.0 5586 362 3323.830508474577 177
1800 0.1 4960.0 0.0 5586 362 3333.1067415730345 178
1810 0.1 5925.0 0.0 5925 362 3342.195530726258 179
1820 0.1 6170.0 0.0 6170 362 3356.544444444445 180
1830 0.1 6219.0 0.0 6219 362 3372.0883977900558 181
1840 0.1 6162.0 0.0 6219 362 3387.73076923077 182
1850 0.1 6459.0 0.0 6459 362 3402.8907103825145 183
1860 0.1 6422.0 0.0 6459 362 3419.5000000000005 184
1870 0.1 6226.0 0.0 6459 362 3435.7297297297305 185
1880 0.1 6380.0 0.0 6459 362 3450.7311827956996 186
1890 0.1 5917.0 0.0 6459 362 3466.3957219251342 187
1900 0.1 5956.0 0.0 6459 362 3479.4308510638302 188
1910 0.1 6023.0 0.0 6459 362 3492.534391534392 189
1920 0.1 5427.0 0.0 6459 362 3505.852631578948 190
1930 0.1 5833.0 0.0 6459 362 3515.9109947643983 191
1940 0.1 5673.0 0.0 6459 362 3527.9791666666674 192
1950 0.1 5992.0 0.0 6459 362 3539.093264248705 193
1960 0.1 6013.0 0.0 6459 362 3551.7371134020623 194
1970 0.1 6060.0 0.0 6459 362 3564.358974358975 195
1980 0.1 6222.0 0.0 6459 362 3577.0918367346944 196
1990 0.1 5942.0 0.0 6459 362 3590.5177664974626 197
2000 0.1 6040.0 0.0 6459 362 3602.39393939394 198
2010 0.1 6372.0 0.0 6459 362 3614.6432160804025 199
2020 0.1 6276.0 0.0 6459 362 3628.4300000000007 200
2030 0.1 5388.0 0.0 6459 362 3641.6019900497517 201
2040 0.1 6290.0 0.0 6459 362 3650.247524752476 202
2050 0.1 6038.0 0.0 6459 362 3663.251231527094 203
2060 0.1 6466.0 0.0 6466 362 3674.8921568627457 204
2070 0.1 6981.0 0.0 6981 362 3688.507317073171 205
2080 0.1 6235.0 0.0 6981 362 3704.4902912621365 206
2090 0.1 5981.0 0.0 6981 362 3716.714975845411 207
2100 0.1 5832.0 0.0 6981 362 3727.600961538462 208
2110 0.1 6175.0 0.0 6981 362 3737.6698564593307 209
2120 0.1 5423.0 0.0 6981 362 3749.276190476191 210
2130 0.1 6135.0 0.0 6981 362 3757.2085308056876 211
2140 0.1 6157.0 0.0 6981 362 3768.424528301887 212
2150 0.1 6199.0 0.0 6981 362 3779.638497652583 213
2160 0.1 5943.0 0.0 6981 362 3790.9439252336456 214
2170 0.1 6007.0 0.0 6981 362 3800.9534883720935 215
2180 0.1 6480.0 0.0 6981 362 3811.1666666666674 216
2190 0.1 6461.0 0.0 6981 362 3823.465437788019 217
2200 0.1 5779.0 0.0 6981 362 3835.5642201834867 218
2210 0.1 6054.0 0.0 6981 362 3844.438356164384 219
2220 0.1 6253.0 0.0 6981 362 3854.4818181818187 220
2230 0.1 6416.0 0.0 6981 362 3865.33484162896 221
2240 0.1 6360.0 0.0 6981 362 3876.824324324325 222
2250 0.1 5617.0 0.0 6981 362 3887.959641255606 223
2260 0.1 5789.0 0.0 6981 362 3895.678571428572 224
2270 0.1 5877.0 0.0 6981 362 3904.0933333333337 225
2280 0.1 6047.0 0.0 6981 362 3912.823008849558 226
2290 0.1 5639.0 0.0 6981 362 3922.224669603525 227
2300 0.1 6267.0 0.0 6981 362 3929.7543859649127 228
2310 0.1 6104.0 0.0 6981 362 3939.9606986899566 229
2320 0.1 5766.0 0.0 6981 362 3949.369565217392 230
2330 0.1 6001.0 0.0 6981 362 3957.233766233767 231
2340 0.1 5735.0 0.0 6981 362 3966.0431034482763 232
2350 0.1 5896.0 0.0 6981 362 3973.635193133048 233
2360 0.1 5505.0 0.0 6981 362 3981.8504273504277 234
2370 0.1 6270.0 0.0 6981 362 3988.3319148936175 235
2380 0.1 5958.0 0.0 6981 362 3998.0000000000005 236
2390 0.1 6135.0 0.0 6981 362 4006.270042194093 237
2400 0.1 6533.0 0.0 6981 362 4015.2142857142862 238
2410 0.1 7077.0 0.0 7077 362 4025.748953974896 239
2420 0.1 7323.0 0.0 7323 362 4038.4625000000005 240
2430 0.1 6949.0 0.0 7323 362 4052.0912863070544 241
2440 0.1 7864.0 0.0 7864 362 4064.0619834710747 242
2450 0.1 8403.0 0.0 8403 362 4079.699588477367 243
2460 0.1 7199.0 0.0 8403 362 4097.418032786885 244
2470 0.1 7241.0 0.0 8403 362 4110.0775510204085 245
2480 0.1 6769.0 0.0 8403 362 4122.804878048781 246
2490 0.1 7538.0 0.0 8403 362 4133.5182186234815 247
2500 0.1 7366.0 0.0 8403 362 4147.245967741935 248
2510 0.1 7492.0 0.0 8403 362 4160.172690763051 249
2520 0.1 7314.0 0.0 8403 362 4173.499999999998 250
2530 0.1 7105.0 0.0 8403 362 4186.011952191233 251
2540 0.1 7543.0 0.0 8403 362 4197.595238095236 252
2550 0.1 7893.0 0.0 8403 362 4210.81818181818 253
2560 0.1 7447.0 0.0 8403 362 4225.314960629919 254
2570 0.1 7935.0 0.0 8403 362 4237.949019607841 255
2580 0.1 7091.0 0.0 8403 362 4252.390624999998 256
2590 0.1 7278.0 0.0 8403 362 4263.435797665368 257
2600 0.1 7247.0 0.0 8403 362 4275.120155038758 258
2610 0.1 7101.0 0.0 8403 362 4286.594594594593 259
2620 0.1 7026.0 0.0 8403 362 4297.419230769229 260
2630 0.1 7362.0 0.0 8403 362 4307.873563218389 261
2640 0.1 6992.0 0.0 8403 362 4319.530534351144 262
2650 0.1 7363.0 0.0 8403 362 4329.692015209123 263
2660 0.1 7905.0 0.0 8403 362 4341.181818181816 264
2670 0.1 7920.0 0.0 8403 362 4354.6301886792435 265
2680 0.1 7294.0 0.0 8403 362 4368.033834586465 266
2690 0.1 7581.0 0.0 8403 362 4378.992509363294 267
2700 0.1 6753.0 0.0 8403 362 4390.940298507461 268
2710 0.1 7174.0 0.0 8403 362 4399.721189591076 269
2720 0.1 7142.0 0.0 8403 362 4409.9962962962945 270
2730 0.1 7232.0 0.0 8403 362 4420.077490774906 271
2740 0.1 7207.0 0.0 8403 362 4430.415441176468 272
2750 0.1 7564.0 0.0 8403 362 4440.586080586079 273
2760 0.1 7538.0 0.0 8403 362 4451.985401459853 274
2770 0.1 6705.0 0.0 8403 362 4463.207272727272 275
2780 0.1 6758.0 0.0 8403 362 4471.329710144927 276
2790 0.1 7442.0 0.0 8403 362 4479.584837545125 277
2800 0.1 7246.0 0.0 8403 362 4490.241007194243 278
2810 0.1 7556.0 0.0 8403 362 4500.118279569891 279
2820 0.1 7127.0 0.0 8403 362 4511.0321428571415 280
2830 0.1 7381.0 0.0 8403 362 4520.341637010674 281
2840 0.1 7386.0 0.0 8403 362 4530.485815602835 282
2850 0.1 7127.0 0.0 8403 362 4540.575971731447 283
2860 0.1 7667.0 0.0 8403 362 4549.683098591548 284
2870 0.1 7376.0 0.0 8403 362 4560.621052631577 285
2890 0.1 7328.0 0.0 8403 362 4570.465034965034 286
2900 0.1 6878.0 0.0 8403 362 4580.073170731705 287
2910 0.1 7915.0 0.0 8403 362 4588.052083333332 288
2920 0.1 7662.0 0.0 8403 362 4599.564013840829 289
2930 0.1 7314.0 0.0 8403 362 4610.124137931033 290
2940 0.1 7634.0 0.0 8403 362 4619.415807560136 291
2950 0.1 6809.0 0.0 8403 362 4629.7397260273965 292
2960 0.1 7735.0 0.0 8403 362 4637.17747440273 293
2970 0.1 7972.0 0.0 8403 362 4647.714285714285 294
2980 0.1 6805.0 0.0 8403 362 4658.983050847458 295
2990 0.1 7430.0 0.0 8403 362 4666.233108108108 296
3000 0.1 7230.0 0.0 8403 362 4675.538720538721 297
3010 0.1 8102.0 0.0 8403 362 4684.1107382550335 298
3020 0.1 8149.0 0.0 8403 362 4695.541806020067 299
3030 0.1 8958.0 0.0 8958 362 4707.053333333333 300
3040 0.1 8032.0 0.0 8958 362 4721.1760797342195 301
3050 0.1 8359.0 0.0 8958 362 4732.139072847682 302
3060 0.1 8563.0 0.0 8958 362 4744.108910891089 303
3070 0.1 8976.0 0.0 8976 362 4756.671052631579 304
3080 0.1 8873.0 0.0 8976 362 4770.504918032787 305
3090 0.1 9015.0 0.0 9015 362 4783.911764705882 306
3100 0.1 8808.0 0.0 9015 362 4797.693811074919 307
3110 0.1 9119.0 0.0 9119 362 4810.714285714285 308
3120 0.1 8688.0 0.0 9119 362 4824.656957928802 309
3130 0.1 8143.0 0.0 9119 362 4837.119354838709 310
3140 0.1 8233.0 0.0 9119 362 4847.749196141478 311
3150 0.1 8004.0 0.0 9119 362 4858.599358974358 312
3160 0.1 8403.0 0.0 9119 362 4868.648562300319 313
3170 0.1 9435.0 0.0 9435 362 4879.904458598726 314
3180 0.1 8742.0 0.0 9435 362 4894.3650793650795 315
3190 0.1 8595.0 0.0 9435 362 4906.541139240507 316
3200 0.1 8510.0 0.0 9435 362 4918.1766561514205 317
3210 0.1 8756.0 0.0 9435 362 4929.471698113209 318
3220 0.1 7944.0 0.0 9435 362 4941.4670846395 319
3230 0.1 8256.0 0.0 9435 362 4950.850000000001 320
3240 0.1 8492.0 0.0 9435 362 4961.146417445484 321
3250 0.1 8853.0 0.0 9435 362 4972.111801242238 322
3260 0.1 8954.0 0.0 9435 362 4984.1269349845215 323
3270 0.1 9316.0 0.0 9435 362 4996.379629629631 324
3280 0.1 9437.0 0.0 9437 362 5009.670769230771 325
3290 0.1 8862.0 0.0 9437 362 5023.251533742333 326
3300 0.1 9436.0 0.0 9437 362 5034.990825688074 327
3310 0.1 9419.0 0.0 9437 362 5048.408536585366 328
3320 0.1 8.7e3 0.0 9437 362 5061.693009118541 329
3330 0.1 8691.0 0.0 9437 362 5072.718181818182 330
3340 0.1 9009.0 0.0 9437 362 5083.649546827794 331
3350 0.1 8892.0 0.0 9437 362 5095.472891566265 332
3360 0.1 8891.0 0.0 9437 362 5106.873873873874 333
3370 0.1 8338.0 0.0 9437 362 5118.203592814371 334
3380 0.1 7958.0 0.0 9437 362 5127.814925373134 335
3390 0.1 8397.0 0.0 9437 362 5136.238095238095 336
3400 0.1 9313.0 0.0 9437 362 5145.913946587537 337
3410 0.1 9173.0 0.0 9437 362 5158.242603550296 338
3420 0.1 8436.0 0.0 9437 362 5170.0855457227135 339
3430 0.1 8076.0 0.0 9437 362 5179.691176470587 340
3440 0.1 8868.0 0.0 9437 362 5188.184750733137 341
3450 0.1 8440.0 0.0 9437 362 5198.944444444443 342
3460 0.1 8877.0 0.0 9437 362 5208.39358600583 343
3470 0.1 8022.0 0.0 9437 362 5219.058139534883 344
3480 0.1 8.3e3 0.0 9437 362 5227.182608695651 345
3490 0.1 8335.0 0.0 9437 362 5236.063583815027 346
3500 0.1 8553.0 0.0 9437 362 5244.994236311238 347
3510 0.1 8514.0 0.0 9437 362 5254.499999999999 348
3520 0.1 8908.0 0.0 9437 362 5263.839541547277 349
3530 0.1 8891.0 0.0 9437 362 5274.251428571427 350
3540 0.1 8762.0 0.0 9437 362 5284.555555555554 351
3550 0.1 8434.0 0.0 9437 362 5294.434659090907 352
3560 0.1 8214.0 0.0 9437 362 5303.328611898015 353
3570 0.1 8084.0 0.0 9437 362 5311.550847457625 354
3580 0.1 8766.0 0.0 9437 362 5319.36056338028 355
3590 0.1 8146.0 0.0 9437 362 5329.0421348314585 356
3600 0.1 8394.0 0.0 9437 362 5336.932773109242 357
3610 0.1 8910.0 0.0 9437 362 5345.472067039104 358
3620 0.1 9350.0 0.0 9437 362 5355.401114206126 359
3630 0.1 10122.0 0.0 10122 362 5366.49722222222 360
3640 0.1 10191.0 0.0 10191 362 5379.670360110801 361
3650 0.1 9321.0 0.0 10191 362 5392.961325966849 362
3660 0.1 9376.0 0.0 10191 362 5403.782369146003 363
3670 0.1 9798.0 0.0 10191 362 5414.695054945052 364
3680 0.1 9681.0 0.0 10191 362 5426.704109589038 365
3690 0.1 9466.0 0.0 10191 362 5438.327868852456 366
3700 0.1 10477.0 0.0 10477 362 5449.302452316073 367
3710 0.1 9271.0 0.0 10477 362 5462.96467391304 368
3720 0.1 9569.0 0.0 10477 362 5473.2845528455255 369
3730 0.1 9892.0 0.0 10477 362 5484.354054054051 370
3740 0.1 9551.0 0.0 10477 362 5496.234501347706 371
3750 0.1 9973.0 0.0 10477 362 5507.134408602148 372
3760 0.1 9921.0 0.0 10477 362 5519.107238605896 373
3770 0.1 9901.0 0.0 10477 362 5530.877005347591 374
3780 0.1 8729.0 0.0 10477 362 5542.530666666664 375
3790 0.1 9855.0 0.0 10477 362 5551.005319148933 376
3800 0.1 9617.0 0.0 10477 362 5562.421750663127 377
3810 0.1 9616.0 0.0 10477 362 5573.148148148146 378
3820 0.1 9490.0 0.0 10477 362 5583.815303430077 379
3830 0.1 9548.0 0.0 10477 362 5594.094736842103 380
3840 0.1 10189.0 0.0 10477 362 5604.472440944879 381
3850 0.1 9970.0 0.0 10477 362 5616.473821989526 382
3860 0.1 9776.0 0.0 10477 362 5627.840731070493 383
3870 0.1 9.3e3 0.0 10477 362 5638.643229166664 384
3880 0.1 9422.0 0.0 10477 362 5648.153246753244 385
3890 0.1 9621.0 0.0 10477 362 5657.930051813469 386
3900 0.1 10349.0 0.0 10477 362 5668.170542635657 387
3910 0.1 10104.0 0.0 10477 362 5680.234536082472 388
3920 0.1 9469.0 0.0 10477 362 5691.6066838046245 389
3930 0.1 9645.0 0.0 10477 362 5701.292307692305 390
3940 0.1 9494.0 0.0 10477 362 5711.378516624039 391
3950 0.1 9467.0 0.0 10477 362 5721.028061224488 392
3960 0.1 9716.0 0.0 10477 362 5730.559796437657 393
3970 0.1 9431.0 0.0 10477 362 5740.675126903551 394
3980 0.1 10014.0 0.0 10477 362 5750.017721518985 395
3990 0.1 9606.0 0.0 10477 362 5760.7853535353515 396
4000 0.1 10206.0 0.0 10477 362 5770.47103274559 397
4010 0.1 9942.0 0.0 10477 362 5781.6155778894445 398
4020 0.1 10283.0 0.0 10477 362 5792.042606516288 399
4030 0.1 9864.0 0.0 10477 362 5803.269999999998 400
4040 0.1 10434.0 0.0 10477 362 5813.396508728178 401
4050 0.1 10639.0 0.0 10639 362 5824.890547263679 402
4060 0.1 10092.0 0.0 10639 362 5836.836228287839 403
4070 0.1 9962.0 0.0 10639 362 5847.368811881186 404
4080 0.1 9701.0 0.0 10639 362 5857.528395061726 405
4090 0.1 10063.0 0.0 10639 362 5866.995073891623 406
4100 0.1 10323.0 0.0 10639 362 5877.304668304666 407
4110 0.1 9526.0 0.0 10639 362 5888.200980392155 408
4120 0.1 10335.0 0.0 10639 362 5897.095354523225 409
4130 0.1 9487.0 0.0 10639 362 5907.91951219512 410
4140 0.1 9708.0 0.0 10639 362 5916.627737226275 411
4150 0.1 10109.0 0.0 10639 362 5925.830097087376 412
4160 0.1 7690.0 0.0 10639 362 5935.958837772395 413
4170 0.1 10399.0 0.0 10639 362 5940.195652173911 414
4180 0.1 9633.0 0.0 10639 362 5950.939759036142 415
4190 0.1 9906.0 0.0 10639 362 5959.790865384613 416
4200 0.1 9733.0 0.0 10639 362 5969.254196642683 417
4210 0.1 10151.0 0.0 10639 362 5978.258373205739 418
4220 0.1 10677.0 0.0 10677 362 5988.217183770881 419
4230 0.1 10473.0 0.0 10677 362 5999.3809523809505 420
4240 0.1 11170.0 0.0 11170 362 6010.007125890734 421
4250 0.1 10591.0 0.0 11170 362 6022.2345971563955 422
4260 0.1 11129.0 0.0 11170 362 6033.035460992905 423
4270 0.1 10585.0 0.0 11170 362 6045.054245283017 424
4280 0.1 10823.0 0.0 11170 362 6055.736470588233 425
4290 0.1 10724.0 0.0 11170 362 6066.9272300469465 426
4300 0.1 10685.0 0.0 11170 362 6077.8337236533935 427
4310 0.1 10933.0 0.0 11170 362 6088.598130841119 428
4320 0.1 10310.0 0.0 11170 362 6099.890442890441 429
4330 0.1 10815.0 0.0 11170 362 6109.681395348835 430
4340 0.1 10643.0 0.0 11170 362 6120.598607888629 431
4350 0.1 10930.0 0.0 11170 362 6131.067129629628 432
4360 0.1 11352.0 0.0 11352 362 6142.150115473439 433
4370 0.1 11408.0 0.0 11408 362 6154.154377880182 434
4380 0.1 11219.0 0.0 11408 362 6166.232183908044 435
4390 0.1 11392.0 0.0 11408 362 6177.821100917429 436
4400 0.1 9951.0 0.0 11408 362 6189.752860411897 437
4410 0.1 10707.0 0.0 11408 362 6198.3401826484 438
4420 0.1 11367.0 0.0 11408 362 6208.610478359907 439
4430 0.1 11112.0 0.0 11408 362 6220.334090909088 440
4440 0.1 10398.0 0.0 11408 362 6231.426303854873 441
4450 0.1 10693.0 0.0 11408 362 6240.852941176468 442
4460 0.1 11108.0 0.0 11408 362 6250.902934537244 443
4470 0.1 9921.0 0.0 11408 362 6261.84234234234 444
4480 0.1 10949.0 0.0 11408 362 6270.065168539324 445
4490 0.1 10535.0 0.0 11408 362 6280.556053811657 446
4500 0.1 10640.0 0.0 11408 362 6290.073825503354 447
4510 0.1 10582.0 0.0 11408 362 6299.783482142855 448
4520 0.1 11002.0 0.0 11408 362 6309.3207126948755 449
4530 0.1 11075.0 0.0 11408 362 6319.7488888888865 450
4540 0.1 10991.0 0.0 11408 362 6330.292682926827 451
4550 0.1 10825.0 0.0 11408 362 6340.603982300883 452
4560 0.1 10671.0 0.0 11408 362 6350.503311258276 453
4570 0.1 11325.0 0.0 11408 362 6360.019823788544 454
4580 0.1 10994.0 0.0 11408 362 6370.931868131866 455
4590 0.1 10869.0 0.0 11408 362 6381.070175438595 456
4600 0.1 10644.0 0.0 11408 362 6390.890590809626 457
4610 0.1 11085.0 0.0 11408 362 6400.176855895194 458
4620 0.1 10884.0 0.0 11408 362 6410.383442265793 459
4630 0.1 11119.0 0.0 11408 362 6420.108695652172 460
4640 0.1 10304.0 0.0 11408 362 6430.301518438176 461
4650 0.1 10742.0 0.0 11408 362 6438.686147186145 462
4660 0.1 10665.0 0.0 11408 362 6447.980561555074 463
4670 0.1 10795.0 0.0 11408 362 6457.068965517239 464
4680 0.1 11024.0 0.0 11408 362 6466.397849462363 465
4690 0.1 10938.0 0.0 11408 362 6476.178111587981 466
4700 0.1 10845.0 0.0 11408 362 6485.7323340471075 467
4710 0.1 11053.0 0.0 11408 362 6495.047008547007 468
4720 0.1 10718.0 0.0 11408 362 6504.765458422173 469
4730 0.1 10778.0 0.0 11408 362 6513.7297872340405 470
4740 0.1 10727.0 0.0 11408 362 6522.783439490444 471
4750 0.1 10141.0 0.0 11408 362 6531.690677966099 472
4760 0.1 11092.0 0.0 11408 362 6539.321353065538 473
4770 0.1 10969.0 0.0 11408 362 6548.926160337551 474
4780 0.1 10489.0 0.0 11408 362 6558.231578947367 475
4790 0.1 10791.0 0.0 11408 362 6566.489495798317 476
4800 0.1 9235.0 0.0 11408 362 6575.345911949684 477
4810 0.1 4878.0 0.0 11408 362 6580.910041841003 478
4820 0.1 1201.0 0.0 11408 362 6577.354906054278 479
4830 0.1 282.0 0.0 11408 282 6566.154166666664 480
4840 0.1 80.0 0.0 11408 80 6553.089397089395 481
