10 162.32578125 162.32578125
20 254.58671875 416.9125
30 272.5640625 689.4765625
40 241.95 931.4265625
50 285.93359375 1217.36015625
60 369.9171875 1587.27734375
70 306.54140625 1893.81875
80 400.45859375 2294.27734375
90 341.390625 2635.66796875
100 299.29921875 2934.9671875
110 322.353125 3257.3203125
120 363.71015625 3621.03046875
130 499.8546875 4120.88515625
140 538.8265625 4659.71171875
150 509.246875 5168.95859375
160 503.82265625 5672.78125
170 688.06484375 6360.84609375
180 553.096875 6913.94296875
190 565.61796875 7479.5609375
200 686.89140625 8166.45234375
210 537.384375 8703.83671875
220 541.46953125 9245.30625
230 644.47109375 9889.77734375
240 603.753125 10493.53046875
250 760.1546875 11253.68515625
260 812.403125 12066.08828125
270 892.77109375 12958.859375
280 930.24140625 13889.10078125
290 875.4921875 14764.59296875
300 894.84375 15659.43671875
310 926.6234375 16586.06015625
320 913.9109375 17499.97109375
330 1023.0953125 18523.06640625
340 1013.4640625 19536.53046875
350 1015.9875 20552.51796875
360 873.278125 21425.79609375
370 959.81640625 22385.6125
380 1228.12421875 23613.73671875
390 1144.409375 24758.14609375
400 1224.56640625 25982.7125
410 1225.10390625 27207.81640625
420 1437.51953125 28645.3359375
430 1205.13125 29850.4671875
440 1183.97890625 31034.44609375
450 1164.49296875 32198.9390625
460 1130.803125 33329.7421875
470 1179.875 34509.6171875
480 1228.490625 35738.1078125
490 1564.878125 37302.9859375
500 1598.7421875 38901.728125
510 1755.5171875 40657.2453125
520 1537.05625 42194.3015625
530 1595.92265625 43790.22421875
540 1490.09453125 45280.31875
550 1591.034375 46871.353125
560 1514.20625 48385.559375
570 1521.81875 49907.378125
580 1469.95078125 51377.32890625
590 1449.94921875 52827.278125
600 1608.625 54435.903125
610 1747.3109375 56183.2140625
620 2312.3578125 58495.571875
630 2214.84140625 60710.41328125
640 2350.36796875 63060.78125
650 2542.446875 65603.228125
660 2449.3671875 68052.5953125
670 2231.540625 70284.1359375
680 2016.41015625 72300.54609375
690 2585.58046875 74886.1265625
700 2184.246875 77070.3734375
710 2376.76171875 79447.13515625
720 2214.4234375 81661.55859375
730 2306.82265625 83968.38125
740 2396.1390625 86364.5203125
750 2349.903125 88714.4234375
760 2388.153125 91102.5765625
770 2496.4171875 93598.99375
780 2443.9703125 96042.9640625
790 2253.10078125 98296.06484375
800 2358.77890625 100654.84375
810 2613.221875 103268.065625
820 2066.9875 105335.053125
830 2271.79296875 107606.84609375
840 2484.0578125 110090.90390625
850 2360.721875 112451.62578125
860 2128.0515625 114579.67734375
870 2243.9140625 116823.59140625
880 2162.56015625 118986.1515625
890 2424.45625 121410.6078125
900 2100.97890625 123511.58671875
910 2028.79140625 125540.378125
920 2115.46953125 127655.84765625
930 2642.8203125 130298.66796875
940 2382.01875 132680.68671875
950 2137.19921875 134817.8859375
960 2297.9171875 137115.803125
970 2237.13671875 139352.93984375
980 2112.61328125 141465.553125
990 2342.4609375 143808.0140625
1000 2386.42890625 146194.44296875
1010 2322.90859375 148517.3515625
1020 2500.15703125 151017.50859375
1030 2737.3546875 153754.86328125
1040 2315.390625 156070.25390625
1050 2336.14453125 158406.3984375
1060 2448.3203125 160854.71875
1070 2332.38359375 163187.10234375
1080 2049.3953125 165236.49765625
1090 2250.7421875 167487.23984375
1100 2161.6046875 169648.84453125
1110 2213.490625 171862.33515625
1120 2394.5828125 174256.91796875
1130 2176.04609375 176432.9640625
1140 2336.95859375 178769.92265625
1150 2117.8640625 180887.78671875
1160 2584.3640625 183472.15078125
1170 2565.12578125 186037.2765625
1180 2705.3703125 188742.646875
1190 2674.14765625 191416.79453125
1200 2567.8140625 193984.60859375
1210 2640.48203125 196625.090625
1220 2868.71875 199493.809375
1230 3080.26484375 202574.07421875
1240 2975.828125 205549.90234375
1250 3053.55078125 208603.453125
1260 3055.7828125 211659.2359375
1270 3230.80078125 214890.03671875
1280 3032.13203125 217922.16875
1290 2815.6453125 220737.8140625
1300 3202.3484375 223940.1625
1310 3425.73828125 227365.90078125
1320 3052.259375 230418.16015625
1330 3204.69140625 233622.8515625
1340 3279.1171875 236901.96875
1350 3283.1609375 240185.1296875
1360 3177.57265625 243362.70234375
1370 3042.81328125 246405.515625
1380 3217.81640625 249623.33203125
1390 3179.984375 252803.31640625
1400 3050.39765625 255853.7140625
1410 3228.50234375 259082.21640625
1420 3015.61796875 262097.834375
1430 2739.80859375 264837.64296875
1440 3072.10859375 267909.7515625
1450 3070.43203125 270980.18359375
1460 3036.80234375 274016.9859375
1470 3358.4984375 277375.484375
1480 3176.9546875 280552.4390625
1490 2901.39140625 283453.83046875
1500 3268.93203125 286722.7625
1510 3122.5578125 289845.3203125
1520 2988.865625 292834.1859375
1530 2994.77890625 295828.96484375
1540 2878.41875 298707.38359375
1550 3198.26171875 301905.6453125
1560 3507.5328125 305413.178125
1570 3224.66328125 308637.84140625
1580 3368.346875 312006.18828125
1590 3282.5796875 315288.76796875
1600 3391.50546875 318680.2734375
1610 3094.65 321774.9234375
1620 3236.3140625 325011.2375
1630 3043.6640625 328054.9015625
1640 2940.42578125 330995.32734375
1650 3100.62265625 334095.95
1660 3141.3078125 337237.2578125
1670 3300.4296875 340537.6875
1680 3372.05625 343909.74375
1690 3306.20703125 347215.95078125
1700 3158.571875 350374.52265625
1710 3358.61640625 353733.1390625
1720 2717.60390625 356450.74296875
1730 3105.221875 359555.96484375
1740 3324.41484375 362880.3796875
1750 3378.584375 366258.9640625
1760 3164.196875 369423.1609375
1770 3037.303125 372460.4640625
1780 3200.17265625 375660.63671875
1790 3134.1859375 378794.82265625
1800 3275.83671875 382070.659375
1810 3801.06875 385871.728125
1820 3939.18125 389810.909375
1830 3736.4921875 393547.4015625
1840 4134.46484375 397681.86640625
1850 4153.56015625 401835.4265625
1860 4098.975 405934.4015625
1870 3807.28359375 409741.68515625
1880 4005.72734375 413747.4125
1890 3760.09375 417507.50625
1900 3870.13359375 421377.63984375
1910 3658.33203125 425035.971875
1920 3317.559375 428353.53125
1930 3656.9640625 432010.4953125
1940 3548.4390625 435558.934375
1950 3839.50390625 439398.43828125
1960 3819.02890625 443217.4671875
1970 3876.753125 447094.2203125
1980 3934.32421875 451028.54453125
1990 3673.72734375 454702.271875
2000 3807.0265625 458509.2984375
2010 4123.3875 462632.6859375
2020 3860.18828125 466492.87421875
2030 3684.66015625 470177.534375
2040 3768.1453125 473945.6796875
2050 3794.25234375 477739.93203125
2060 4093.725 481833.65703125
2070 4302.390625 486136.04765625
2080 4068.7 490204.74765625
2090 3737.490625 493942.23828125
2100 3659.290625 497601.52890625
2110 3842.2265625 501443.75546875
2120 3597.653125 505041.40859375
2130 3805.80546875 508847.2140625
2140 3940.15703125 512787.37109375
2150 3934.89375 516722.26484375
2160 3715.96796875 520438.2328125
2170 3680.09375 524118.3265625
2180 4419.7828125 528538.109375
2190 3898.38984375 532436.49921875
2200 3736.91484375 536173.4140625
2210 3584.93359375 539758.34765625
2220 4021.01953125 543779.3671875
2230 4142.1640625 547921.53125
2240 3897.09765625 551818.62890625
2250 3496.79140625 555315.4203125
2260 3634.78984375 558950.21015625
2270 3790.74296875 562740.953125
2280 3792.125 566533.078125
2290 3663.946875 570197.025
2300 3844.4671875 574041.4921875
2310 3940.78984375 577982.28203125
2320 3694.759375 581677.04140625
2330 3753.4 585430.44140625
2340 3592.86953125 589023.3109375
2350 3727.6453125 592750.95625
2360 3613.6609375 596364.6171875
2370 3870.465625 600235.0828125
2380 3847.2453125 604082.328125
2390 3669.61953125 607751.94765625
2400 4189.909375 611941.85703125
2410 4476.378125 616418.23515625
2420 4706.81796875 621125.053125
2430 4404.6609375 625529.7140625
2440 4983.43984375 630513.15390625
2450 5286.390625 635799.54453125
2460 4550.89140625 640350.4359375
2470 4509.28984375 644859.72578125
2480 4261.96328125 649121.6890625
2490 4757.303125 653878.9921875
2500 4673.8484375 658552.840625
2510 4759.7 663312.540625
2520 4638.359375 667950.9
2530 4332.009375 672282.909375
2540 4839.5046875 677122.4140625
2550 4856.2015625 681978.615625
2560 4780.63359375 686759.24921875
2570 5040.80078125 691800.05
2580 4422.04609375 696222.09609375
2590 4642.46328125 700864.559375
2600 4446.509375 705311.06875
2610 4465.79375 709776.8625
2620 4510.46640625 714287.32890625
2630 4617.61953125 718904.9484375
2640 4403.34609375 723308.29453125
2650 4741.72109375 728050.015625
2660 4966.09375 733016.109375
2670 5055.19296875 738071.30234375
2680 4581.32578125 742652.628125
2690 4808.971875 747461.6
2700 4279.7421875 751741.3421875
2710 4536.5578125 756277.9
2720 4601.06640625 760878.96640625
2730 4464.425 765343.39140625
2740 4554.82109375 769898.2125
2750 4770.1359375 774668.3484375
2760 4807.6859375 779476.034375
2770 4128.909375 783604.94375
2780 4265.23671875 787870.18046875
2790 4696.3015625 792566.48203125
2800 4586.5125 797152.99453125
2810 4647.61015625 801800.6046875
2820 4528.6859375 806329.290625
2830 4692.69609375 811021.98671875
2840 4762.1234375 815784.11015625
2850 4525.38515625 820309.4953125
2860 4909.74140625 825219.23671875
2870 4730.590625 829949.82734375
2880 4648.87265625 834598.7
2890 4391.71875 838990.41875
2900 4970.31484375 843960.73359375
2910 4915.1921875 848875.92578125
2920 4598.1734375 853474.09921875
2930 4829.02265625 858303.121875
2940 4325.2203125 862628.3421875
2950 4951.77109375 867580.11328125
2960 5087.89609375 872668.009375
2970 4169.8921875 876837.9015625
2980 4747.85078125 881585.75234375
2990 4530.3703125 886116.12265625
3000 5085.54921875 891201.671875
3010 5167.3921875 896369.0640625
3020 5649.17734375 902018.24140625
3030 5230.603125 907248.84453125
3040 5259.9390625 912508.78359375
3050 5475.9625 917984.74609375
3060 5649.58828125 923634.334375
3070 5691.79453125 929326.12890625
3080 5728.2 935054.32890625
3090 5544.57265625 940598.9015625
3100 5755.66328125 946354.56484375
3110 5560.35859375 951914.9234375
3120 5212.63203125 957127.55546875
3130 5122.084375 962249.63984375
3140 4785.42265625 967035.0625
3150 5228.725 972263.7875
3160 5957.08125 978220.86875
3170 5692.71171875 983913.58046875
3180 5395.328125 989308.90859375
3190 5426.4375 994735.34609375
3200 5610.45625 1000345.80234375
3210 5072.4984375 1005418.30078125
3220 5220.1640625 1010638.46484375
3230 5413.3828125 1016051.84765625
3240 5597.85703125 1021649.7046875
3250 5507.4203125 1027157.125
3260 5979.3453125 1033136.4703125
3270 5882.6453125 1039019.115625
3280 5689.8390625 1044708.9546875
3290 5909.70703125 1050618.66171875
3300 5934.08046875 1056552.7421875
3310 5442.81875 1061995.5609375
3320 5710.39921875 1067705.96015625
3330 5562.4625 1073268.42265625
3340 5280.27734375 1078548.7
3350 5717.46796875 1084266.16796875
3360 5492.43203125 1089758.6
3370 5020.4078125 1094779.0078125
3380 5301.865625 1100080.8734375
3390 5707.45859375 1105788.33203125
3400 5973.67578125 1111762.0078125
3410 5508.54765625 1117270.55546875
3420 5148.50390625 1122419.059375
3430 5282.775 1127701.834375
3440 5529.10703125 1133230.94140625
3450 5562.5734375 1138793.51484375
3460 4909.80859375 1143703.3234375
3470 5051.9875 1148755.3109375
3480 5499.41171875 1154254.72265625
3490 5303.45546875 1159558.178125
3500 5463.0359375 1165021.2140625
3510 5346.63984375 1170367.85390625
3520 5603.8703125 1175971.72421875
3530 5696.371875 1181668.09609375
3540 5422.80859375 1187090.9046875
3550 5321.05859375 1192411.96328125
3560 5176.12890625 1197588.0921875
3570 5188.996875 1202777.0890625
3580 5214.29921875 1207991.38828125
3590 5261.815625 1213253.20390625
3600 5278.53671875 1218531.740625
3610 5868.7109375 1224400.4515625
3620 6612.35546875 1231012.80703125
3630 6138.96171875 1237151.76875
3640 6281.71875 1243433.4875
3650 5648.371875 1249081.859375
3660 5762.17734375 1254844.03671875
3670 6150.9828125 1260995.01953125
3680 6099.97734375 1267094.996875
3690 6228.32421875 1273323.32109375
3700 6094.30625 1279417.62734375
3710 5770.72890625 1285188.35625
3720 6243.7640625 1291432.1203125
3730 5995.6578125 1297427.778125
3740 6526.28359375 1303954.06171875
3750 6201.7421875 1310155.80390625
3760 6034.79921875 1316190.603125
3770 5370.61484375 1321561.21796875
3780 6299.5859375 1327860.80390625
3790 5883.20234375 1333744.00625
3800 6242.31171875 1339986.31796875
3810 5949.5984375 1345935.91640625
3820 6015.5546875 1351951.47109375
3830 6276.0796875 1358227.55078125
3840 6389.878125 1364617.42890625
3850 5531.56328125 1370148.9921875
3860 6313.06796875 1376462.06015625
3870 5619.41484375 1382081.475
3880 6164.38203125 1388245.85703125
3890 6355.0703125 1394600.92734375
3900 6487.2671875 1401088.19453125
3910 6071.8171875 1407160.01171875
3920 6193.365625 1413353.37734375
3930 6304.44140625 1419657.81875
3940 5779.2125 1425437.03125
3950 6153.19765625 1431590.22890625
3960 6416.7203125 1438006.94921875
3970 5744.375 1443751.32421875
3980 6254.74765625 1450006.071875
3990 6195.54609375 1456201.61796875
4000 6497.15859375 1462698.7765625
4010 6480.49453125 1469179.27109375
4020 6417.19375 1475596.46484375
4030 6360.56015625 1481957.025
4040 6580.5609375 1488537.5859375
4050 6598.7109375 1495136.296875
4060 6494.94453125 1501631.24140625
4070 5778.1328125 1507409.37421875
4080 6574.253125 1513983.62734375
4090 6483.3515625 1520466.97890625
4100 6367.665625 1526834.64453125
4110 6111.60390625 1532946.2484375
4120 6466.70859375 1539412.95703125
4130 6037.2 1545450.15703125
4140 6328.86796875 1551779.025
4150 5430.38515625 1557209.41015625
4160 5035.334375 1562244.74453125
4170 6378.478125 1568623.22265625
4180 6279.346875 1574902.56953125
4190 6227.703125 1581130.27265625
4200 6037.94765625 1587168.2203125
4210 6777.828125 1593946.0484375
4220 6845.99296875 1600792.04140625
4230 6464.63125 1607256.67265625
4240 6726.7515625 1613983.42421875
4250 6418.44453125 1620401.86875
4260 7084.59453125 1627486.46328125
4270 6554.07109375 1634040.534375
4280 6798.2453125 1640838.7796875
4290 6719.02421875 1647557.80390625
4300 6765.22421875 1654323.028125
4310 6848.74765625 1661171.77578125
4320 6300.14296875 1667471.91875
4330 6762.3859375 1674234.3046875
4340 6796.23828125 1681030.54296875
4350 6816.94453125 1687847.4875
4360 7158.35234375 1695005.83984375
4370 6742.740625 1701748.58046875
4380 7133.24296875 1708881.8234375
4390 6994.778125 1715876.6015625
4400 6035.278125 1721911.8796875
4410 6815.0609375 1728726.940625
4420 7004.20703125 1735731.14765625
4430 6957.209375 1742688.35703125
4440 6588.284375 1749276.64140625
4450 6689.72734375 1755966.36875
4460 6951.725 1762918.09375
4470 6268.66328125 1769186.75703125
4480 6790.340625 1775977.09765625
4490 6494.6515625 1782471.74921875
4500 6781.97265625 1789253.721875
4510 6634.44375 1795888.165625
4520 6844.5484375 1802732.7140625
4530 6813.42578125 1809546.13984375
4540 6720.415625 1816266.55546875
4550 6526.840625 1822793.39609375
4560 6186.2734375 1828979.66953125
4570 7154.95859375 1836134.628125
4580 6696.18125 1842830.809375
4590 6690.36015625 1849521.16953125
4600 6757.6453125 1856278.81484375
4610 6994.4 1863273.21484375
4620 6840.86953125 1870114.084375
4630 6760.2640625 1876874.3484375
4640 6186.53828125 1883060.88671875
4650 6636.58984375 1889697.4765625
4660 6827.59296875 1896525.06953125
4670 6870.046875 1903395.11640625
4680 7084.11796875 1910479.234375
4690 6832.41796875 1917311.65234375
4700 6919.62890625 1924231.28125
4710 6896.2 1931127.48125
4720 6902.2640625 1938029.7453125
4730 6656.6328125 1944686.378125
4740 6977.08359375 1951663.46171875
4750 6188.76875 1957852.23046875
4760 7180.5984375 1965032.82890625
4770 6819.58046875 1971852.409375
4780 6338.521875 1978190.93125
4790 6909.3265625 1985100.2578125
4800 5729.06484375 1990829.32265625
4810 2981.77265625 1993811.0953125
4820 719.39296875 1994530.48828125
4830 153.00078125 1994683.4890625
4840 27.615625 1994711.1046875
