0 0 0
10 16 17
20 20 21
30 15 21
40 14 21
50 18 21
60 23 28
70 32 32
80 30 32
90 16 32
100 27 32
110 21 32
120 28 32
130 36 36
140 39 39
150 33 43
160 39 43
170 38 56
180 40 56
190 49 56
200 29 56
210 36 56
220 31 56
230 41 56
240 57 58
250 51 60
260 58 62
270 50 62
280 59 65
290 53 65
300 61 65
310 63 71
320 69 73
330 80 80
340 72 80
350 65 80
360 60 80
370 71 80
380 85 98
390 76 98
400 87 98
410 86 98
420 83 98
430 75 98
440 87 98
450 87 98
460 94 99
470 81 99
480 91 99
490 113 115
500 110 117
510 103 130
520 93 130
530 111 130
540 88 130
550 91 130
560 99 130
570 110 130
580 99 130
590 97 130
600 103 130
610 131 135
620 146 151
630 136 152
640 154 161
650 161 175
660 169 175
670 157 175
680 147 181
690 140 181
700 161 181
710 156 181
720 149 181
730 148 181
740 156 181
750 151 181
760 153 181
770 171 181
780 138 181
790 135 181
800 154 181
810 152 181
820 139 181
830 166 181
840 132 181
850 135 181
860 155 181
870 132 181
880 137 181
890 163 181
900 128 181
910 149 181
920 161 181
930 150 181
940 131 181
950 139 181
960 127 181
970 148 181
980 140 181
990 155 181
1000 149 181
1010 153 181
1020 186 186
1030 187 188
1040 154 190
1050 149 190
1060 151 190
1070 141 190
1080 133 190
1090 147 190
1100 161 190
1110 163 190
1120 140 190
1130 134 190
1140 136 190
1150 155 190
1160 183 190
1170 184 191
1180 180 191
1190 164 191
1200 151 191
1210 148 191
1220 181 195
1230 193 205
1240 207 207
1250 193 208
1260 194 208
1270 223 228
1280 175 228
1290 171 228
1300 227 231
1310 202 242
1320 225 242
1330 223 242
1340 209 242
1350 205 242
1360 207 242
1370 178 242
1380 206 242
1390 191 242
1400 216 242
1410 201 242
1420 187 242
1430 192 242
1440 190 242
1450 206 242
1460 187 242
1470 222 242
1480 182 242
1490 199 242
1500 222 248
1510 200 248
1520 211 248
1530 201 248
1540 209 248
1550 206 248
1560 223 248
1570 207 248
1580 208 248
1590 212 248
1600 203 248
1610 215 248
1620 197 248
1630 209 248
1640 203 248
1650 188 248
1660 211 248
1670 236 248
1680 226 249
1690 207 249
1700 195 249
1710 202 249
1720 209 249
1730 222 249
1740 228 249
1750 230 249
1760 190 249
1770 213 249
1780 217 249
1790 210 249
1800 239 249
1810 269 270
1820 259 270
1830 272 280
1840 272 280
1850 247 280
1860 261 280
1870 266 280
1880 243 280
1890 244 280
1900 239 280
1910 239 280
1920 241 280
1930 231 280
1940 242 280
1950 234 280
1960 243 280
1970 249 280
1980 233 280
1990 260 280
2000 267 285
2010 258 285
2020 237 285
2030 247 285
2040 253 285
2050 249 285
2060 261 285
2070 258 293
2080 257 293
2090 240 293
2100 257 293
2110 237 293
2120 247 293
2130 257 293
2140 260 293
2150 264 293
2160 233 293
2170 257 293
2180 251 293
2190 242 293
2200 241 293
2210 243 293
2220 291 293
2230 261 295
2240 239 295
2250 231 295
2260 245 295
2270 239 295
2280 234 295
2290 257 295
2300 256 295
2310 241 295
2320 241 295
2330 233 295
2340 231 295
2350 223 295
2360 242 295
2370 229 295
2380 265 295
2390 250 295
2400 258 295
2410 309 313
2420 297 325
2430 337 337
2440 324 345
2450 315 349
2460 300 349
2470 287 349
2480 286 349
2490 294 349
2500 305 349
2510 318 349
2520 304 349
2530 313 349
2540 321 349
2550 336 352
2560 335 352
2570 315 355
2580 292 355
2590 295 355
2600 281 355
2610 305 355
2620 299 355
2630 282 355
2640 297 355
2650 307 355
2660 349 355
2670 305 355
2680 300 355
2690 284 355
2700 280 355
2710 290 355
2720 294 355
2730 281 355
2740 304 355
2750 301 355
2760 274 355
2770 271 355
2780 273 355
2790 277 355
2800 286 355
2810 298 355
2820 293 355
2830 280 355
2840 287 355
2850 320 355
2860 305 355
2870 310 355
2880 287 355
2890 271 355
2900 321 355
2910 311 355
2920 291 355
2930 292 355
2940 317 355
2950 315 355
2960 325 355
2970 314 360
2980 304 360
2990 328 360
3000 316 360
3010 355 360
3020 338 366
3030 329 366
3040 351 366
3050 366 379
3060 353 381
3070 395 408
3080 366 408
3090 351 408
3100 363 408
3110 332 408
3120 307 408
3130 347 408
3140 362 408
3150 349 408
3160 379 408
3170 334 408
3180 328 408
3190 363 408
3200 344 408
3210 325 408
3220 354 408
3230 357 408
3240 345 408
3250 353 408
3260 378 408
3270 368 408
3280 361 408
3290 375 408
3300 373 408
3310 364 408
3320 351 408
3330 392 408
3340 369 408
3350 395 417
3360 349 417
3370 334 417
3380 345 417
3390 368 417
3400 380 417
3410 354 417
3420 323 417
3430 334 417
3440 345 417
3450 321 417
3460 329 417
3470 362 417
3480 368 417
3490 353 417
3500 340 417
3510 368 417
3520 348 417
3530 360 417
3540 359 417
3550 336 417
3560 365 417
3570 336 417
3580 352 417
3590 331 417
3600 378 417
3610 393 417
3620 423 442
3630 453 459
3640 402 459
3650 405 459
3660 406 459
3670 420 459
3680 445 459
3690 453 468
3700 477 477
3710 385 482
3720 405 482
3730 398 482
3740 430 482
3750 397 482
3760 393 482
3770 378 482
3780 386 482
3790 435 482
3800 392 482
3810 381 482
3820 388 482
3830 402 482
3840 400 482
3850 421 482
3860 377 482
3870 406 482
3880 438 482
3890 416 482
3900 425 482
3910 386 482
3920 397 482
3930 364 482
3940 416 482
3950 370 482
3960 396 482
3970 428 485
3980 432 485
3990 437 485
4000 439 485
4010 443 485
4020 400 485
4030 447 485
4040 436 485
4050 428 485
4060 412 485
4070 396 485
4080 422 485
4090 424 485
4100 389 485
4110 441 485
4120 401 485
4130 424 485
4140 419 485
4150 452 485
4160 428 487
4170 454 487
4180 423 487
4190 413 487
4200 416 487
4210 439 487
4220 454 487
4230 495 514
4240 521 524
4250 470 560
4260 431 560
4270 480 560
4280 468 560
4290 456 560
4300 441 560
4310 485 560
4320 486 560
4330 447 560
4340 484 560
4350 486 560
4360 472 560
4370 493 560
4380 484 560
4390 431 560
4400 460 560
4410 515 560
4420 478 560
4430 466 560
4440 430 560
4450 495 560
4460 463 560
4470 466 560
4480 472 560
4490 467 560
4500 455 560
4510 480 560
4520 472 560
4530 480 560
4540 479 560
4550 529 560
4560 518 586
4570 493 586
4580 448 586
4590 461 586
4600 487 586
4610 462 586
4620 462 586
4630 464 586
4640 470 586
4650 463 586
4660 427 586
4670 473 586
4680 469 586
4690 488 586
4700 477 586
4710 446 586
4720 432 586
4730 482 586
4740 434 586
4750 454 586
4760 484 586
4770 431 586
4780 441 586
4790 459 586
4800 322 586
4810 106 586
4820 23 586
4830 3 586
4840 0 586
