10 0.1 0.953125 0.0 0.953125 0.953125 0 0
20 0.8 1.004913330078125 0.04860183732850798 1.054931640625 0.9169921875 0.953125 1
30 0.8 1.767486572265625 1.957362476032663 6.93896484375 0.85107421875 0.9991590711805556 9
40 1.2 1.01800537109375 0.08973361604141428 6.93896484375 0.85107421875 1.3607249540441178 17
50 0.6 1.0135498046875 0.07471457715456521 6.93896484375 0.85107421875 1.2189099542025863 29
60 1.4 1.6559361049107142 1.6327310267466393 7.05517578125 0.85107421875 1.183705357142857 35
70 0.7 5.004813058035714 9.736716649189338 28.853759765625 0.85107421875 1.3186284279336735 49
80 1 2.670458984375 5.033597866058443 28.853759765625 0.85107421875 1.7794015066964286 56
90 1.2 1.2359619140625 0.6489084249586003 28.853759765625 0.85107421875 1.914410215435606 66
100 1 0.9855224609375 0.07843992085159603 28.853759765625 0.7939453125 1.8100335536858974 78
110 0.9 0.9520670572916666 0.06899458025718526 28.853759765625 0.7939453125 1.716339111328125 88
120 0.9 1.0476616753472223 0.18567260686063472 28.853759765625 0.7939453125 1.6454272712628866 97
130 0.8 0.998748779296875 0.07097844818877048 28.853759765625 0.7939453125 1.5946735885908019 106
140 1.9 1.0037263569078947 0.0802543314375009 28.853759765625 0.7939453125 1.5528543037280702 114
150 2 2.10762939453125 4.604748983833498 28.853759765625 0.748779296875 1.4744074541823309 133
160 1.9 2.636063425164474 6.42491824567225 29.80810546875 0.748779296875 1.5571815640318627 153
170 1.7 1.0106847426470589 0.12718643304393468 29.80810546875 0.618896484375 1.6763603742732558 172
180 1.6 0.9969024658203125 0.17811346432387623 29.80810546875 0.618896484375 1.6164847883597884 189
190 2 1.1355712890625 0.45610318695896157 29.80810546875 0.618896484375 1.5681271436737805 205
200 1.5 1.04365234375 0.1882255756800544 29.80810546875 0.618896484375 1.529677734375 225
210 1.8 1.00439453125 0.07101587821226135 29.80810546875 0.618896484375 1.4993011474609375 240
220 1.5 2.580696614583333 5.877795082679558 29.80810546875 0.618896484375 1.4647727788880813 258
230 1.7 2.2432358685661766 5.01776559134772 29.80810546875 0.618896484375 1.5260872753548536 273
240 3.3 1.8423813328598484 2.497588683157267 29.80810546875 0.618896484375 1.568127020474138 290
250 2.8 0.9824567522321429 0.08116687657740049 29.80810546875 0.618896484375 1.5961468109036379 323
260 2.3 1.2706351902173914 1.3584219006620257 29.80810546875 0.618896484375 1.547191478587963 351
270 2.1 1.9175618489583333 3.5729598376785168 29.80810546875 0.618896484375 1.5301840063084893 374
280 3.6 1.1649780273437496 0.6926981664093143 29.80810546875 0.618896484375 1.5507787776898734 395
290 3.5 1.65048828125 3.4571469341685273 29.80810546875 0.618896484375 1.518554121048434 431
300 2 1.0615966796875 0.2224444147928618 29.80810546875 0.618896484375 1.528463339089324 466
310 2.5 2.3195410156249996 5.70290411730128 30.11376953125 0.618896484375 1.509250719360854 486
320 2.8 1.9427315848214286 2.7094056526921064 30.11376953125 0.618896484375 1.5488931017612524 511
330 2 2.08367919921875 3.0182806337980663 30.11376953125 0.618896484375 1.5693522437384044 539
340 3.1 1.943335748487903 3.944970458444068 30.11376953125 0.618896484375 1.5877539237198122 559
350 2.5 1.7784375 2.593565936734302 30.11376953125 0.618896484375 1.60643703654661 590
360 3.3 1.472819010416667 1.8974875570016612 30.11376953125 0.618896484375 1.6134289253048781 615
370 3.2 1.46307373046875 2.5630352962903395 30.11376953125 0.618896484375 1.6062682351948303 648
380 3.1 1.1199202998991935 0.6373023521763326 30.11376953125 0.618896484375 1.599529670266544 680
390 4.5 1.714718967013889 2.8148530538707823 30.11376953125 0.618896484375 1.578618431896097 711
400 4.7 1.1301373420877656 0.9424249473574176 30.11376953125 0.618896484375 1.586719654224537 756
410 3.7 1.7727974556587838 2.4500690247644186 30.11376953125 0.618896484375 1.5599956583709527 803
420 3.9 1.3287948217147436 1.5628810229394179 30.11376953125 0.618896484375 1.5693690708705357 840
430 3 2.0155761718750003 5.54104851274722 31.829833984375 0.617919921875 1.5586951280752275 879
440 3.3 1.2660688920454546 1.9997803786508441 31.829833984375 0.617919921875 1.5737737103788503 909
450 3.2 3.021095275878906 10.526160555834862 61.571044921875 0.617919921875 1.5629942422206742 942
460 4.3 0.9200070403343024 0.09685524803833384 61.571044921875 0.617919921875 1.610898998973306 974
470 3.4 1.1532556870404411 0.8247347101509154 61.571044921875 0.617919921875 1.5816872445765733 1017
480 4.8 0.9733835856119791 0.33489729937418655 61.571044921875 0.617919921875 1.5678274225440056 1051
490 4.9 0.9213169642857143 0.09104344555154861 61.571044921875 0.617919921875 1.5418644524141265 1099
500 4 1.769500732421875 5.35339229130972 61.571044921875 0.617919921875 1.5153776693842553 1148
510 5 0.9936865234374999 0.4317393802127515 61.571044921875 0.617919921875 1.5239340014730642 1188
520 3.8 0.9304841694078947 0.16510451057586023 61.571044921875 0.617919921875 1.5025185136687198 1238
530 3.9 1.071320362580128 0.6410206119633519 61.571044921875 0.617919921875 1.4854830081186325 1276
540 4.2 0.9570079985119048 0.2028411713411955 61.571044921875 0.617919921875 1.473199857414449 1315
550 5.5 0.9798739346590909 0.195499287921934 61.571044921875 0.617919921875 1.4572233960482683 1357
560 4.4 0.98223876953125 0.15604768247525755 61.571044921875 0.617919921875 1.438629755555064 1412
570 3.5 0.9776088169642857 0.17987548824033645 61.571044921875 0.617919921875 1.4248377202631357 1456
580 4.9 1.3307607222576536 2.8609550639313746 61.571044921875 0.617919921875 1.4143393891997824 1491
590 5 2.326796874999999 5.03585333549007 61.571044921875 0.617919921875 1.4116800679788963 1540
600 5.2 1.1348454402043275 0.9638407815263218 61.571044921875 0.617919921875 1.440457326061321 1590
610 4.5 0.9108127170138889 0.1294489864103713 61.571044921875 0.617919921875 1.430778995936739 1642
620 6.1 2.3629490586577866 5.641678439221461 61.571044921875 0.617919921875 1.416909118905602 1687
630 5.8 2.855009933997844 6.014233465055096 61.571044921875 0.617919921875 1.4499230984964964 1748
640 7.2 1.2782355414496527 1.3572387261700223 61.571044921875 0.617919921875 1.4950477034018552 1806
650 6.2 1.612974105342742 1.9007651925139797 61.571044921875 0.617919921875 1.4867354160426653 1878
660 7.9 2.240750469738924 5.411807466177698 61.571044921875 0.617919921875 1.4907698483811214 1940
670 6.7 1.0563527576958958 0.6105051563466728 61.571044921875 0.617919921875 1.5201153011237 2019
680 7.3 1.1457954302226023 0.6597974730597596 61.571044921875 0.617919921875 1.5052197640145615 2086
690 7.5 1.968668619791667 5.676079333917728 61.571044921875 0.617919921875 1.4930669264199283 2159
700 8.1 1.3535759066358029 1.8189980816505402 61.571044921875 0.617919921875 1.509033858829454 2234
710 7 1.5561697823660714 2.490713993786644 61.571044921875 0.617919921875 1.503594509314255 2315
720 6.9 1.9133159250452898 3.6590240290859977 61.571044921875 0.617919921875 1.5051375990893607 2385
730 6 1.7678181966145832 2.8582238836801634 61.571044921875 0.617919921875 1.5166144957849432 2454
740 6.5 1.867882361778846 5.303757042513141 61.571044921875 0.617919921875 1.5226098108405433 2514
750 6.4 1.6927070617675781 2.5236075823240935 61.571044921875 0.617919921875 1.5313119108060298 2579
760 8.2 1.4155541396722562 1.7469766519944603 61.571044921875 0.617919921875 1.5352200794256057 2643
770 7.5 1.4956119791666667 3.170951236943931 61.571044921875 0.617919921875 1.5316191227064224 2725
780 6.5 1.1884953425480769 1.0343049514421332 61.571044921875 0.617919921875 1.5306546456473218 2800
790 8.1 1.8091603973765435 3.548565513371628 61.571044921875 0.617919921875 1.5228918691372166 2865
800 7.8 2.1417956229967947 7.666360700154246 66.547119140625 0.617919921875 1.5307627960847339 2946
810 7.6 1.0964516087582237 0.5970742250499242 66.547119140625 0.617919921875 1.5465235634455607 3024
820 6.9 1.2469960088315217 1.1157940436366236 66.547119140625 0.61279296875 1.5354895413306455 3100
830 6.9 1.483186141304348 1.9372700281938098 66.547119140625 0.61279296875 1.5292080475652812 3169
840 6.8 1.8904059914981617 3.7991147357939385 66.547119140625 0.61279296875 1.5282273460421174 3238
850 6.7 1.647490088619403 3.082369752803671 66.547119140625 0.61279296875 1.5356768765596644 3306
860 6 1.4380411783854166 3.1091655644985754 66.547119140625 0.61279296875 1.5378978920378745 3373
870 6.6 2.035455877130681 3.8971335167049856 66.547119140625 0.61279296875 1.5361526538149943 3433
880 8.7 1.1803890535201154 1.0293311159695564 66.547119140625 0.61279296875 1.5455707769184055 3499
890 6.9 1.5806159420289856 3.5704641804015633 66.547119140625 0.61279296875 1.5367110976279283 3586
900 6.7 3.2985402576958953 13.277738357496693 108.0791015625 0.61279296875 1.5375399442116966 3655
910 7.2 1.2799038357204864 1.1962361385847815 108.0791015625 0.61279296875 1.5692398423856464 3722
920 10.3 1.4784374051881068 2.076615037686219 108.0791015625 0.61279296875 1.56374901674519 3794
930 8.6 1.7305368822674418 3.1230345312952643 108.0791015625 0.61279296875 1.5614941807199452 3897
940 8.9 2.157766963658707 5.237071499523039 108.0791015625 0.61279296875 1.565144111006936 3983
950 9.3 1.3513052335349456 1.7569754092873333 108.0791015625 0.61279296875 1.5780968207038926 4072
960 10.9 1.4075087801032113 1.724110736102814 108.0791015625 0.61279296875 1.5730328068727493 4165
970 10.8 1.2832845052083337 1.7624346386047984 108.0791015625 0.61279296875 1.5688114407244387 4274
980 8.3 0.9791156814759037 0.2608907967847851 108.0791015625 0.61279296875 1.5617742638564014 4382
990 8.8 1.1439625133167621 1.1441404109828959 108.0791015625 0.61279296875 1.5509432084616463 4465
1000 11.5 1.5753991168478256 3.1175740684220568 108.0791015625 0.61279296875 1.5430771199106361 4553
1010 8.4 1.2334798177083333 1.1152478670253145 108.0791015625 0.61279296875 1.5438733987554898 4668
1020 10.3 1.0481620714502426 0.7344176965716706 108.0791015625 0.61279296875 1.5383866435349591 4752
1030 12.6 1.3223353794642858 1.7725134390888806 108.0791015625 0.61279296875 1.5279864105947478 4855
1040 10.8 2.858742042824074 13.832727933583932 142.4228515625 0.61279296875 1.522784236348123 4981
1050 11.2 1.4395098005022322 3.4336736329701547 142.4228515625 0.60498046875 1.5511362589654158 5089
1060 8.8 1.654593727805397 3.4799544425559286 142.4228515625 0.60498046875 1.548732459052346 5201
1070 11.1 1.617840741131757 3.237045780725582 142.4228515625 0.60498046875 1.5504938112267206 5289
1080 11.1 1.0728704778997746 0.6028058132259952 142.4228515625 0.60498046875 1.5518781647858797 5400
1090 10.5 2.049695405505952 5.396444693532642 142.4228515625 0.60498046875 1.5422302146417393 5511
1100 7 1.610641043526786 2.5712812867374457 142.4228515625 0.60498046875 1.5517180787871705 5616
1110 9.4 1.207911714594415 1.4202594570553033 142.4228515625 0.593017578125 1.552443475820546 5686
1120 9.9 1.2106021148989896 1.158390853989811 142.4228515625 0.593017578125 1.5468403641327855 5780
1130 9.1 1.8004351605425823 2.6101375298462037 142.4228515625 0.593017578125 1.5411782469914102 5879
1140 10.6 1.536639519457547 2.703524799862745 142.4228515625 0.593017578125 1.5451300692917713 5970
1150 9.9 1.638050426136364 3.2231758110841735 142.4228515625 0.575927734375 1.5449819458088174 6076
1160 9.8 1.120839644451531 1.066344488681071 142.4228515625 0.575927734375 1.5464740558577936 6175
1170 10.9 1.4948282504300459 2.8277565871496098 142.4228515625 0.575927734375 1.53982457836412 6273
1180 10.6 1.3398460532134433 1.8281621824607923 142.4228515625 0.575927734375 1.5390560732333125 6382
1190 10.4 2.0277052659254804 3.9349226201446688 142.4228515625 0.575927734375 1.535801408911163 6488
1200 9.6 2.3369420369466134 4.57088934212419 142.4228515625 0.575927734375 1.5435620280145441 6592
1210 12.8 1.6264286041259766 2.9505196501801705 142.4228515625 0.575927734375 1.5549502578078274 6688
1220 15.4 2.643423105215098 5.990117492638601 142.4228515625 0.575927734375 1.5562925741706095 6816
1230 20.9 1.4852452620364829 3.9220961914248385 142.4228515625 0.575927734375 1.580312387912482 6970
1240 19.9 1.437549073492462 2.943717395354162 142.4228515625 0.575927734375 1.5775447281676591 7179
1250 19.7 2.377561617623731 5.135927182487082 142.4228515625 0.575927734375 1.5737687542885097 7378
1260 20 2.070166015625 4.231190848254014 142.4228515625 0.575927734375 1.5946726742986799 7575
1270 21.1 1.3740141809834125 1.8444306214645958 142.4228515625 0.575927734375 1.6069040142684887 7775
1280 19.6 1.825909050143495 3.7900651447441853 142.4228515625 0.575927734375 1.6007507767499374 7986
1290 22.1 1.1929870881645939 1.3351570235537413 142.4228515625 0.575927734375 1.6061444484176393 8182
1300 19.2 2.0425936381022116 4.926306473560894 142.4228515625 0.575927734375 1.59527835575836 8403
1310 19.8 1.2657039141414141 1.4866155968665833 142.4228515625 0.575927734375 1.6052707390288685 8595
1320 19.8 1.5213302458175506 3.9398498614330375 142.4228515625 0.575927734375 1.597624403156275 8793
1330 18.8 1.0553809632646274 0.7672562923726163 142.4228515625 0.575927734375 1.5959442515432098 8991
1340 19.4 1.5561322084407216 3.9250345869846335 142.4228515625 0.575927734375 1.5848726862096907 9179
1350 20.1 1.5052921428016175 3.9757365642029163 142.4228515625 0.575927734375 1.5842778230189107 9373
1360 19.6 1.1096888950892863 0.7153131172010927 142.4228515625 0.575927734375 1.582619569235364 9574
1370 20.5 1.0477539062499996 0.5638854122071238 142.4228515625 0.575927734375 1.5731319119034672 9770
1380 20.4 0.9308842677696079 0.4455653687600478 142.4228515625 0.575927734375 1.5623346696820175 9975
1390 20.5 0.9870307736280488 0.4795010617710962 142.4228515625 0.575927734375 1.5496796071031658 10179
1400 19.4 1.0812182868878866 1.336744807829401 142.4228515625 0.575927734375 1.5385718441156466 10384
1410 17.7 1.703947078036724 4.990874945217926 142.4228515625 0.575927734375 1.5301840023589643 10578
1420 21.7 1.148146106350807 1.615109001458853 142.4228515625 0.575927734375 1.533043701512378 10755
1430 21.2 3.1543279683814864 15.061405017691246 142.4228515625 0.575927734375 1.525431344772489 10972
1440 21.1 1.2388250703495272 4.157095034735256 142.4228515625 0.575927734375 1.5563081405705137 11184
1450 18.6 0.9766373172883063 0.7650980517311811 142.4228515625 0.575927734375 1.5504293404110905 11395
1460 20.6 1.0114354994690544 0.727410479153586 142.4228515625 0.575927734375 1.5412137876694585 11581
1470 18.7 1.2635021515708553 2.0046826884225286 142.4228515625 0.575927734375 1.5319549154060088 11787
1480 21.7 1.5077978740639402 3.3165897825715844 142.4228515625 0.575927734375 1.5277624428122911 11974
1490 19.8 2.057371813841541 4.41921538213956 142.4228515625 0.575927734375 1.527407073161041 12191
1500 21.1 1.282101599526067 1.7167894799988113 142.4228515625 0.575927734375 1.5358769269551114 12389
1510 22 1.3106068004261355 1.4680394075836738 142.4228515625 0.575927734375 1.531627197265625 12600
1520 20.3 1.4327795470289415 2.655629403776871 142.4228515625 0.575927734375 1.5278343355413904 12820
1530 18.4 1.7977029551630441 2.7545537739513497 142.4228515625 0.575927734375 1.5263526399207172 13023
1540 18.7 1.4270776758856947 2.5311049019791514 142.4228515625 0.575927734375 1.5301330940741653 13207
1550 20.5 1.8066584889481707 3.5658296808233283 142.4228515625 0.575927734375 1.52869428839989 13394
1560 20.8 1.3617682823768023 2.0387019351656464 142.4228515625 0.575927734375 1.5328844980559233 13599
1570 22 1.9802634499289784 3.8789579772514706 142.4228515625 0.575927734375 1.5303066626926107 13807
1580 20.3 1.6993750962130536 5.415635036247789 142.4228515625 0.575927734375 1.5373638020090719 14027
1590 21.2 1.2109156194722872 1.6490541578352202 142.4228515625 0.575927734375 1.539674996156887 14230
1600 18.5 1.6528571051520273 3.824366346187495 142.4228515625 0.575927734375 1.5348490033679978 14442
1610 20.4 1.4526283413756127 2.6820226214905047 142.4228515625 0.575927734375 1.536341551315632 14627
1620 21 1.5294410342261904 3.3006500235588927 142.4228515625 0.575927734375 1.5351900783989194 14831
1630 19.5 1.242302684294872 1.360754096864978 142.4228515625 0.575927734375 1.535109811177573 15041
1640 18.5 1.4371700802364855 2.0237124691342796 142.4228515625 0.575927734375 1.5313622796901665 15236
1650 18.5 2.603297877956082 6.129654158645187 142.4228515625 0.575927734375 1.5302322909151886 15421
1660 20.7 2.2972075973731885 5.020248192711037 142.4228515625 0.575927734375 1.5429528556724978 15606
1670 17.2 2.0270669626635183 4.35764669961949 142.4228515625 0.575927734375 1.5528264237198033 15813
1680 18.5 1.423512721706081 2.3579115336074152 142.4228515625 0.575927734375 1.5579292934538238 15985
1690 21 1.5148495628720238 3.1750098227087302 142.4228515625 0.575927734375 1.5563914415197897 16170
1700 19.8 2.0834541706123737 3.9490800280278293 142.4228515625 0.575927734375 1.555858853331998 16380
1710 20.1 1.3307874689054722 2.3048606663525537 142.4228515625 0.575927734375 1.5621602089129796 16578
1720 21.7 1.6734354748703917 3.5309646759882622 142.4228515625 0.573974609375 1.5593885347523317 16779
1730 20.8 1.3684117243840144 2.550623493018686 142.4228515625 0.573974609375 1.5608446530157831 16996
1740 20.6 1.4076603269114074 2.6148417849372705 142.4228515625 0.573974609375 1.5585180981939157 17204
1750 17.9 1.224342047835195 1.9680256582449982 142.4228515625 0.56201171875 1.556733106758867 17410
1760 18.9 2.6697500723379632 6.919853674669556 142.4228515625 0.56201171875 1.5533504244263105 17589
1770 16.6 1.5483221950301205 2.870273149291466 142.4228515625 0.56201171875 1.5652189998259787 17778
1780 20.1 1.4028879042288553 2.095246436450221 142.4228515625 0.56201171875 1.5650626874320803 17944
1790 20.4 1.5876680261948535 3.3103968379795576 142.4228515625 0.56201171875 1.563266207331565 18145
1800 20.4 2.0168600643382333 4.352408336323782 142.4228515625 0.56201171875 1.563537501192163 18349
1810 20.6 1.148547718825849 0.9416089861780826 142.4228515625 0.56201171875 1.5685220213712068 18553
1820 18.6 1.210050193212366 1.4465779914686638 142.4228515625 0.56201171875 1.5639101174144743 18759
1830 18.6 2.3553571803595417 7.1527859314862745 142.4228515625 0.56201171875 1.560435958221991 18945
1840 21.4 1.3402738482038545 1.7498652150077387 142.4228515625 0.56201171875 1.5681645321239086 19131
1850 21.4 1.3841518509053734 3.8235777872129018 142.4228515625 0.56201171875 1.5656435392906758 19345
1860 19.9 1.6693722518844227 3.2120666305614334 142.4228515625 0.56201171875 1.5636577925084039 19559
1870 20.2 2.1547041789139847 4.911695030500276 142.4228515625 0.56201171875 1.564722534760445 19758
1880 19.4 1.8655351461823457 3.8327405439259152 142.4228515625 0.56201171875 1.5706932908786322 19960
1890 20 1.3077917480468753 2.1738863414194007 142.4228515625 0.56201171875 1.5735314034085977 20154
1900 21.1 1.433478043542654 1.843721671204841 142.4228515625 0.56201171875 1.5709202247178076 20354
1910 19.1 1.9068303133180626 3.337835799081411 142.4228515625 0.56201171875 1.5695100472207029 20565
1920 20.7 1.1020779079861105 0.7785814311331201 142.4228515625 0.56201171875 1.5726141217449172 20756
1930 19.1 1.8348280022905759 3.9722473408772236 142.4228515625 0.56201171875 1.5679677926771276 20963
1940 18.1 1.5898531919026244 3.465326123319651 142.4228515625 0.56201171875 1.5703772802462004 21154
1950 19.8 1.263253876657197 1.5238746010662185 142.4228515625 0.56201171875 1.5705425082757207 21335
1960 19.5 1.2979154146634615 1.9591411231237252 142.4228515625 0.56201171875 1.5677169312980368 21533
1970 21.6 1.8607539424189814 3.2843180555438214 142.4228515625 0.56201171875 1.5652955719578425 21728
1980 19.1 1.4004213023560215 1.813930035402216 142.4228515625 0.56201171875 1.568203838819837 21944
1990 23.1 1.3411648572781383 1.9192961858731408 142.4228515625 0.56201171875 1.56675606540829 22135
2000 20.5 1.4108719988567082 2.345189707199387 142.4228515625 0.56201171875 1.5644261195494835 22366
2010 19.6 1.2127473792251275 1.3207527060115096 142.4228515625 0.56201171875 1.563031471782791 22571
2020 19.6 1.4087250378667082 2.7587321246810834 142.4228515625 0.56201171875 1.5600158930002854 22767
2030 19.7 1.8022745974777918 2.914075240426353 142.4228515625 0.56201171875 1.558724554429272 22963
2040 20 1.598165283203125 3.019455968826651 142.4228515625 0.56201171875 1.5607962020320596 23160
2050 16.2 2.0366030092592577 4.394785660740101 142.4228515625 0.56201171875 1.5611161427955105 23360
2060 20.7 1.2437502358846613 1.7518195547974507 142.4228515625 0.56201171875 1.56439090142008 23522
2070 20 1.996143798828127 4.610709180339924 142.4228515625 0.56201171875 1.5615937916486684 23729
2080 19.9 1.2801949199120597 2.0103561028520223 142.4228515625 0.56201171875 1.5652257863595167 23929
2090 20.8 2.2262573242187513 4.967878709967399 142.4228515625 0.56201171875 1.5628749432551134 24128
2100 17.9 1.206945323411312 1.2177074998231168 142.4228515625 0.56201171875 1.5685448781351445 24336
2110 19.6 1.871998066804847 4.198247502616384 142.4228515625 0.56201171875 1.565904604005201 24515
2120 21.4 1.4816997207213785 2.9541393895641543 142.4228515625 0.56201171875 1.5683324425673284 24711
2130 21 1.5753208705357142 3.1689752075593156 142.4228515625 0.56201171875 1.5675886350457622 24925
2140 20.8 1.633374727689303 4.688560266829788 142.4228515625 0.56201171875 1.5676532369734684 25135
2150 17.1 2.5624942891081863 6.784541592614323 142.4228515625 0.56201171875 1.5681926391779781 25343
2160 19 2.0791105571546065 5.364993960781548 142.4228515625 0.56201171875 1.5748566503929216 25514
2170 20.2 1.4563338780167074 2.8777854585438205 142.4228515625 0.56201171875 1.5785840174285861 25704
2180 19.9 1.7538350934359297 3.6614353420042574 142.4228515625 0.56201171875 1.5776307815696653 25906
2190 18.6 2.2278238932291647 8.535515606081178 142.4228515625 0.56201171875 1.5789739977375024 26105
2200 21.8 1.9937732941513766 4.063185017808767 142.4228515625 0.56201171875 1.5835643929511287 26291
2210 20 1.8703222656249994 5.206835481346954 142.4228515625 0.56201171875 1.586937795963753 26509
2220 20 1.1920800781249998 1.782540439044007 142.4228515625 0.56201171875 1.5890598107876792 26709
2230 19.4 1.1425718327158503 1.8756910730839444 142.4228515625 0.56201171875 1.5861092757795952 26909
2240 21.1 1.0222248963270133 0.8159779903520669 142.4228515625 0.56201171875 1.582934488340774 27103
2250 18.1 1.1696709901588398 2.2293263404403283 142.4228515625 0.56201171875 1.5786030200858534 27314
2260 21.5 0.9883221293604652 0.4217900791083679 142.4228515625 0.56201171875 1.5759110143605655 27495
2270 21.5 1.1552881994912794 2.43122724408597 142.4228515625 0.56201171875 1.5713519522791861 27710
2280 22.7 1.1212669070071588 1.1100712730798161 142.4228515625 0.56201171875 1.568148596617614 27925
2290 20.2 0.948809028852104 0.3132405185073711 142.4228515625 0.56201171875 1.5645452240848785 28152
2300 20.4 1.167956782322302 1.0198036109052686 142.4228515625 0.56201171875 1.5601585868754189 28354
2310 18.6 0.9644736013104839 0.551379340941825 142.4228515625 0.56201171875 1.557356949221212 28558
2320 19.8 1.0088001598011367 0.9421120234996221 142.4228515625 0.56201171875 1.5535204510751157 28744
2330 18.8 1.5780444855385638 4.856215262827172 142.4228515625 0.56201171875 1.5497938731719905 28942
2340 17.4 1.4537353515625 4.871575888609593 142.4228515625 0.56201171875 1.54997619775575 29130
2350 20.6 1.1785888671874998 1.5229843352139292 142.4228515625 0.56201171875 1.5494047430998115 29304
2360 19.8 1.5676244870580809 2.846259493884848 142.4228515625 0.56201171875 1.5468161944573873 29510
2370 20.3 2.3983773668411303 5.651239247214863 142.4228515625 0.56201171875 1.546954879051939 29708
2380 18.4 2.2590305494225538 4.895093009137614 142.4228515625 0.56201171875 1.5527333139093895 29911
2390 21.5 1.7696152797965115 3.5752968147742874 142.4228515625 0.56201171875 1.557051595728111 30095
2400 20.6 1.7728188523968447 3.4496581516681086 142.4228515625 0.56201171875 1.5585593882742907 30310
2410 21.8 1.6376068395212158 3.4471210980097435 142.4228515625 0.56201171875 1.5600057590178102 30516
2420 20.8 1.7742485633263223 3.2602031277833055 142.4228515625 0.56201171875 1.560556192919995 30734
2430 19.4 1.5393783726643044 3.6646876180697916 142.4228515625 0.56201171875 1.5619926874272834 30942
2440 20.2 1.3052736792233917 1.478535162367545 142.4228515625 0.56201171875 1.5618517837446002 31136
2450 18.6 1.9898104103662644 3.6360398785709567 142.4228515625 0.56201171875 1.5601979201568383 31338
2460 19.3 1.4435680962597142 2.9282981368952474 142.4228515625 0.56201171875 1.5627327483251847 31524
2470 23.2 1.7287545039735988 3.4047967750586103 142.4228515625 0.56201171875 1.5620076236964797 31717
2480 18.8 2.288724858710107 9.100409795908396 142.4228515625 0.56201171875 1.5632184683621748 31949
2490 20.6 2.5891409568416273 5.340192880716404 142.4228515625 0.56201171875 1.567462648011346 32137
2500 21.2 2.0025830538767706 4.295630739552366 142.4228515625 0.56201171875 1.5739699519602386 32343
2510 22.1 1.6353676912471715 3.4189754285772747 142.4228515625 0.56201171875 1.5767611047050185 32555
2520 18 1.7117106119791674 3.560201510430788 142.4228515625 0.56201171875 1.577156273597678 32776
2530 19.6 1.2673240194515303 1.3376850185183853 142.4228515625 0.56201171875 1.577891186236004 32956
2540 19.8 1.2926074711963391 1.765166228372425 142.4228515625 0.56201171875 1.576055062783731 33152
2550 19.6 2.018471231265944 4.427421930304206 142.4228515625 0.56201171875 1.5743722255083397 33350
2560 20.8 1.7144024188701918 3.334268658746295 142.4228515625 0.56201171875 1.5769669731720994 33546
2570 20.4 1.500327914368873 2.6849440341434825 142.4228515625 0.56201171875 1.577813882359313 33754
2580 21.2 1.581638552107901 2.903402879286308 142.4228515625 0.56201171875 1.5773483915332913 33958
2590 21.1 1.8484557816202607 3.0866596673837936 142.4228515625 0.56201171875 1.577375008859654 34170
2600 21.4 2.5117940457067744 8.950657884636765 142.4228515625 0.56201171875 1.5790386615472574 34381
2610 23.2 1.6637352252828663 3.2911643445624095 142.4228515625 0.56201171875 1.584808560440454 34595
2620 19.7 2.0487673996668776 4.7211236915088906 142.4228515625 0.56201171875 1.5853343302811937 34827
2630 18.4 1.6865725309952453 3.1066170312062407 142.4228515625 0.56201171875 1.5879410089777726 35024
2640 19.5 1.5196714743589752 3.0014222859138098 142.4228515625 0.56201171875 1.5884564656936104 35208
2650 19.4 1.3650821017235817 1.9617299276191609 142.4228515625 0.56201171875 1.5880775974250951 35403
2660 20 1.3974719238281244 2.0882950397065416 142.4228515625 0.56201171875 1.586862294838751 35597
2670 20 1.4975964355468756 2.6389483545277543 142.4228515625 0.56201171875 1.5858041594027612 35797
2680 22.1 1.1820095977092764 0.8755398608201508 142.4228515625 0.56201171875 1.585314075652138 35997
2690 20.7 1.2020882869112322 1.1368596960811732 142.4228515625 0.56201171875 1.5828531366266432 36218
2700 19.9 1.35221640428706 2.5589009029113825 142.4228515625 0.56201171875 1.5806892842205735 36425
2710 20.7 1.163966966711957 0.7807041615278151 142.4228515625 0.56201171875 1.579447855018226 36624
2720 20.8 1.7756394606370196 3.518647609604392 142.4228515625 0.56201171875 1.57711274210032 36831
2730 20.9 1.1341768839712916 0.917817645666869 142.4228515625 0.56201171875 1.5782276090636729 37039
2740 22.6 1.7355157632743363 4.859648333227078 142.4228515625 0.56201171875 1.5757360228967832 37248
2750 18.9 1.5129420366236777 2.3132571256467953 142.4228515625 0.56201171875 1.576699630233212 37474
2760 16.3 1.3756125982553684 1.5393299245414334 142.4228515625 0.56201171875 1.5763796826668417 37663
2770 20.3 1.3117856180726606 1.3098579122454037 142.4228515625 0.56201171875 1.57551453608092 37826
2780 19.3 1.2846376092940412 1.2298709975177509 142.4228515625 0.56201171875 1.574106742808531 38029
2790 21.3 1.4724132555751177 3.201672286028968 142.4228515625 0.56201171875 1.5726450834822714 38222
2800 20.5 1.6289979516006092 2.9134956973557893 142.4228515625 0.56201171875 1.5720896163469982 38435
2810 22.9 1.762163320483078 3.064329966716545 142.4228515625 0.56201171875 1.572391536862707 38640
2820 20.8 1.4779569185697115 2.469515275756879 142.4228515625 0.56201171875 1.5735095933717262 38869
2830 20.6 1.6742405567354368 3.0336849081507617 142.4228515625 0.56201171875 1.5730009832850047 39077
2840 20.6 1.4236942032008497 2.6052189416801954 142.4228515625 0.56201171875 1.5735318834741652 39283
2850 19.2 1.0475107828776038 0.6464174327969244 142.4228515625 0.56201171875 1.5727502338467676 39489
2860 20.3 1.9474977389932258 5.386526787808872 142.4228515625 0.56201171875 1.5702088166802124 39681
2870 20.2 1.1995487024288367 1.2799568905392704 142.4228515625 0.56201171875 1.5721291268604738 39884
2880 18.8 1.482969892785905 2.8090017383649686 142.4228515625 0.56201171875 1.570251632330334 40086
2890 23.1 1.3177146746482682 2.56883427323908 142.4228515625 0.56201171875 1.5698441990722927 40274
2900 18.2 1.4214041573660707 1.691003035021077 142.4228515625 0.56201171875 1.5684063044878722 40505
2910 20.4 1.1916456035539218 1.5349744176921025 142.4228515625 0.56201171875 1.5677487384157567 40687
2920 17.7 1.759342172051554 3.550450736704571 142.4228515625 0.56201171875 1.5658724076947712 40891
2930 19 1.2879445929276312 1.9883182675877842 142.4228515625 0.56201171875 1.5667062478693876 41068
2940 19.6 1.5503552495216844 2.4242782267227243 142.4228515625 0.56201171875 1.5654225037606344 41258
2950 18.8 1.57837823096742 5.492714940844142 142.4228515625 0.56201171875 1.5653512637878735 41454
2960 20.4 1.5885189280790442 3.027158602139578 142.4228515625 0.56201171875 1.5654100762807834 41642
2970 19.9 1.3971395061243719 2.618292126646062 142.4228515625 0.56201171875 1.5655227323474767 41846
2980 20.2 1.4184944983756185 2.5407433960547534 142.4228515625 0.56201171875 1.5647257704728568 42045
2990 19.7 1.601873562420686 2.8852883361659494 142.4228515625 0.56201171875 1.5640265795962587 42247
3000 23 1.3498885444972823 1.4785501979448963 142.4228515625 0.56201171875 1.5642022429554239 42444
3010 19.9 1.7012013190954773 3.6890968971115514 142.4228515625 0.56201171875 1.5630471567051223 42674
3020 19.5 1.673129507211538 3.183349346005017 142.4228515625 0.56201171875 1.5636884152668205 42873
3030 20.8 1.5936021071213942 4.033994727932379 142.4228515625 0.56201171875 1.564183934281616 43068
3040 17.2 2.085647937863373 5.251103400680769 142.4228515625 0.56201171875 1.5643253285867893 43276
3050 18.4 2.363502834154212 8.547267733735486 142.4228515625 0.56201171875 1.5663891172259803 43448
3060 19.7 1.9110336690989835 3.6751817657766424 142.4228515625 0.56201171875 1.5697506162155932 43632
3070 21.5 1.5259152434593029 2.685470421622769 142.4228515625 0.56201171875 1.5712845951203829 43829
3080 21 2.324823288690477 4.9066554570561225 142.4228515625 0.56201171875 1.5710631254399012 44044
3090 18.5 1.548940297719594 2.8237159352390395 142.4228515625 0.56201171875 1.5746399689858548 44254
3100 18 1.0638563368055558 0.6177141050045636 142.4228515625 0.56201171875 1.5745329809981805 44439
3110 22.3 2.5278123248318396 8.052232897482549 142.4228515625 0.56201171875 1.5724728318250776 44619
3120 22.6 1.1721483078678105 1.0743907136862791 142.4228515625 0.56201171875 1.577223750761354 44842
3130 22.7 1.2130067800110131 0.9908366357451941 142.4228515625 0.56201171875 1.5751924414045169 45068
3140 21 1.2400797526041671 2.5064126595084457 142.4228515625 0.56201171875 1.5733773151182529 45295
3150 19.8 0.980410797427399 0.508865190066185 142.4228515625 0.56201171875 1.571839187700871 45505
3160 20.8 0.9551109900841346 0.36216503943616374 142.4228515625 0.56201171875 1.5692769309283585 45703
3170 21.4 1.1898604063230136 1.6020172719911372 142.4228515625 0.56201171875 1.5664944492639294 45911
3180 19.7 1.1764926039022834 2.644399405733459 142.4228515625 0.56201171875 1.5647470306148377 46125
3190 21.5 1.9578556504360467 9.420580543889166 142.4228515625 0.56201171875 1.5630958471153693 46322
3200 20.2 0.9380378345451734 0.42697208378938467 142.4228515625 0.56201171875 1.564919629432965 46537
3210 19.8 0.9422373145517675 0.38512873367408895 142.4228515625 0.56201171875 1.5622103262264921 46739
3220 16 1.0031112670898443 1.0582667142078996 142.4228515625 0.56201171875 1.5595950194043349 46937
3230 19.1 1.1157520553828537 1.174538775064171 142.4228515625 0.56201171875 1.5577045083235799 47097
3240 21.7 1.0967100644441257 0.9551520251127702 142.4228515625 0.56201171875 1.5559194271505195 47288
3250 19 1.0632555509868429 0.947270247879337 142.4228515625 0.56201171875 1.553821786234673 47505
3260 20.7 1.0219455295138884 0.4804135573835788 142.4228515625 0.56201171875 1.5518675439724423 47695
3270 19.1 1.2198096470058901 1.556144393125395 142.4228515625 0.56201171875 1.5495775799418607 47902
3280 18.8 1.7102687105219414 4.273028476083407 142.4228515625 0.56201171875 1.5482679158495651 48093
3290 20.5 1.3815203410823165 2.0832439375666447 142.4228515625 0.56201171875 1.5488987260937277 48281
3300 18.7 1.3561567826704553 1.7879952187475936 142.4228515625 0.56201171875 1.5481910461669994 48486
3310 18.8 2.2750503864694145 4.510599686086334 142.4228515625 0.56201171875 1.5474532570996757 48673
3320 20.9 1.4700746673145932 2.2435422986790425 142.4228515625 0.56201171875 1.5502527957976457 48861
3330 19.3 1.339204936447539 2.008888227451123 142.4228515625 0.56201171875 1.5499112993873552 49070
3340 20.7 1.999418544308576 3.2095576197564735 142.4228515625 0.56201171875 1.5490858050397234 49263
3350 21 1.2097377232142854 1.0610369630347618 142.4228515625 0.56201171875 1.5509701567079799 49470
3360 20.7 2.799422554347825 5.2543792914716985 142.4228515625 0.56201171875 1.5495277490784776 49680
3370 19.7 1.2168427288229704 1.5613984567513024 142.4228515625 0.56201171875 1.5547140345775206 49887
3380 18.8 1.7882080078125002 3.760545192871818 142.4228515625 0.56201171875 1.5533850543196808 50084
3390 22.4 1.3635319301060262 2.3009796800566082 142.4228515625 0.56201171875 1.5542632114500246 50272
3400 20.7 1.1706495791817635 1.1768144444903164 142.4228515625 0.56201171875 1.5534171284529348 50496
3410 19.1 1.3795466398069371 2.5918153734612193 142.4228515625 0.56201171875 1.5518544421681166 50703
3420 17.7 1.3380892478813566 1.4274137055681606 142.4228515625 0.56201171875 1.5512077885301438 50894
3430 18.4 1.7141763438349185 3.438385815661443 142.4228515625 0.56201171875 1.5504691701029574 51071
3440 19.8 2.5023316662720965 5.618704020092388 142.4228515625 0.56201171875 1.551056861449493 51255
3450 18 1.6868625217013888 3.5148788147594763 142.4228515625 0.56201171875 1.5547175306301992 51453
3460 21.6 2.1635504828559045 4.204183756368508 142.4228515625 0.56201171875 1.5551782069107332 51633
3470 21 2.0642799014136877 3.9095117316897285 142.4228515625 0.56201171875 1.5577126513861166 51849
3480 20.5 1.2943561833079265 1.969811830701544 142.4228515625 0.56201171875 1.55975608523052 52059
3490 16.7 2.29402425617515 4.564490616122229 142.4228515625 0.56201171875 1.5587150822476994 52264
3500 20.2 1.9499330426206671 4.073486233372839 142.4228515625 0.5458984375 1.5610571438533505 52431
3510 20.5 1.5733350800304877 4.196280823621346 142.4228515625 0.5458984375 1.5625496092562534 52633
3520 18.9 1.282937024636243 1.577775137099674 142.4228515625 0.5458984375 1.5625914545476862 52838
3530 18.8 1.6258583880485369 3.364770113380003 142.4228515625 0.5458984375 1.5615947040761666 53027
3540 19.1 1.350842860356675 2.392376548898031 142.4228515625 0.5458984375 1.5618217372921173 53215
3550 18.3 1.5613566747780052 3.2054662542655175 142.4228515625 0.5458984375 1.5610671972498997 53406
3560 20.9 1.6343789716656698 3.367673264799904 142.4228515625 0.5458984375 1.5610681857808975 53589
3570 19.3 1.2631481743847153 2.1823818615754185 142.4228515625 0.5458984375 1.5613529910571144 53798
3580 17.6 1.662052501331676 3.5784467698529796 142.4228515625 0.5458984375 1.5602870072891202 53991
3590 19 1.5372532894736841 2.817712319160382 142.4228515625 0.5458984375 1.5606176648287937 54167
3600 18.8 1.2372579371675536 1.1764392265740846 142.4228515625 0.5458984375 1.5605359967581225 54357
3610 20.2 1.1130310662902232 0.8117544400572638 142.4228515625 0.5458984375 1.5594217557607253 54545
3620 21.7 1.41396011844758 1.9489207155131838 142.4228515625 0.5458984375 1.557774708081893 54747
3630 18.3 1.529553022540984 2.9920080743986652 142.4228515625 0.5458984375 1.557206922514055 54964
3640 19.3 2.0085575716483173 6.54531500580087 142.4228515625 0.5458984375 1.5571151557144998 55147
3650 19.3 1.6508548716806999 2.6405449383949304 142.4228515625 0.5458984375 1.5586895754158951 55340
3660 18.3 1.4530729700307377 1.8981491682353988 142.4228515625 0.5458984375 1.5590098877019072 55533
3670 20.3 1.275254724060961 2.348355725943239 142.4228515625 0.5458984375 1.5586619363785204 55716
3680 23.1 1.2521317387040047 1.7179314353672144 142.4228515625 0.5458984375 1.5576330970913288 55919
3690 17.4 1.4119873046874998 2.4976715319523315 142.4228515625 0.5458984375 1.556376270487812 56150
3700 19.8 1.515734739977904 3.6249919292603163 142.4228515625 0.5458984375 1.5559302140988969 56324
3710 18.4 1.9864860202955172 4.424885170940773 142.4228515625 0.5458984375 1.5557894069109708 56522
3720 20.1 1.010264837919776 0.5365869478005851 142.4228515625 0.5458984375 1.5571869341014402 56706
3730 21.3 1.0758406231660802 1.1114201912320978 142.4228515625 0.52587890625 1.5552551622397621 56907
3740 22.1 1.6952616833993213 2.957086792303529 142.4228515625 0.52587890625 1.55346742945225 57120
3750 20 1.6122314453125006 3.0154574415865687 142.4228515625 0.52587890625 1.5540139237603767 57341
3760 19.4 1.4804926606797681 4.300516994491882 142.4228515625 0.52587890625 1.5542162752021387 57541
3770 17.9 1.7234991489175988 5.669473319689694 142.4228515625 0.52587890625 1.5539685505772607 57735
3780 22.3 1.4796202792180488 2.3900420742708035 142.4228515625 0.52587890625 1.554492534020002 57914
3790 20.2 1.4547808052289604 2.7822090446268164 142.4228515625 0.52587890625 1.5542053414778887 58137
3800 19.5 1.2652043269230777 1.3979527592783128 142.4228515625 0.52587890625 1.5538610819547176 58339
3810 21 1.9064406622023813 3.982724753382581 142.4228515625 0.52587890625 1.552899451667514 58534
3820 18.4 1.377510402513587 1.6027486081431503 142.4228515625 0.52587890625 1.55416330251547 58744
3830 20.3 1.3754401747229066 1.6136019790276865 142.4228515625 0.52587890625 1.5536117118692516 58928
3840 20 1.361890869140625 2.4054498413667806 142.4228515625 0.52587890625 1.5530000391080823 59131
3850 17.3 1.1282218095195085 0.8262512220051221 142.4228515625 0.52587890625 1.5523558255604681 59331
3860 20.1 1.9536229982898 6.904696461015163 142.4228515625 0.52587890625 1.551122712076079 59504
3870 17.6 1.3728804154829546 2.3937376599209523 142.4228515625 0.52587890625 1.5524777503061933 59705
3880 21.1 1.3195719786729856 2.296349541861468 142.4228515625 0.52587890625 1.5519498845235762 59881
3890 19.5 3.248458784054487 13.425289953308456 151.213134765625 0.52587890625 1.5511339400029331 60092
3900 17.8 1.7840699613764042 3.1372842558252336 151.213134765625 0.52587890625 1.556623985030718 60287
3910 18.9 1.8175907841435186 3.4018318864951103 151.213134765625 0.52587890625 1.5572935522810203 60465
3920 21.8 1.1318762543004584 1.1741947175332748 151.213134765625 0.52587890625 1.5581046476221687 60654
3930 18.8 1.505411350980718 3.554248445017705 151.213134765625 0.52587890625 1.5565782021341916 60872
3940 19.5 1.2359324919871797 1.189913252531092 151.213134765625 0.52587890625 1.5564206625335226 61060
3950 19.9 1.4288004966237438 2.9529144832096756 151.213134765625 0.52587890625 1.555400416133122 61255
3960 20.2 1.405955097462872 2.2406887218311993 151.213134765625 0.52587890625 1.554990460979961 61454
3970 21 1.200917271205356 1.2371236623189172 151.213134765625 0.52587890625 1.5545021850063256 61656
3980 18.4 1.5322159476902173 3.779067152085359 151.213134765625 0.52587890625 1.553301964660769 61866
3990 17.9 1.489780191602653 2.3649810744715056 151.213134765625 0.52587890625 1.5532394372293012 62050
4000 21.5 2.227298328488374 4.535529483607789 151.213134765625 0.52587890625 1.5530568984617303 62229
4010 20.6 2.9417060926122574 11.255874425923974 151.213134765625 0.52587890625 1.555378369018641 62444
4020 18.7 1.408853296290107 1.8356014430496939 151.213134765625 0.52587890625 1.559936765045142 62650
4030 19.1 1.3794315997218591 1.819043458398964 151.213134765625 0.52587890625 1.5594871476436556 62837
4040 18.3 1.3925567793715854 3.3817305043801076 151.213134765625 0.52587890625 1.5589415074574993 63028
4050 18.1 1.9245187327348066 6.371546636490486 151.213134765625 0.52587890625 1.5584598127328513 63211
4060 19.5 1.2024589342948724 2.1921083049463674 151.213134765625 0.52587890625 1.5595050024179906 63392
4070 20 1.3106347656250004 2.4032505525994905 151.213134765625 0.52587890625 1.5584100618910903 63587
4080 19.5 0.9239733573717949 0.28927323820682976 151.213134765625 0.52587890625 1.557633178525307 63787
4090 17.7 1.1701191185557915 2.5436990088568048 151.213134765625 0.52587890625 1.5557019531005793 63982
4100 19.4 0.9697353716978093 0.3711815272272181 151.213134765625 0.52587890625 1.5546382182899614 64159
4110 20.6 1.0219679156553403 0.5100823143478473 151.213134765625 0.52587890625 1.5528749570241482 64353
4120 19.2 1.2587394714355469 3.181507202203421 151.213134765625 0.52587890625 1.5511808965442466 64559
4130 19.6 1.0421267139668366 0.684807338756561 151.213134765625 0.52587890625 1.5503137477184235 64751
4140 20.3 1.0848647244458125 1.6850366311923328 151.213134765625 0.52587890625 1.5487801178569163 64947
4150 19.3 0.996590886091322 0.46567337319522295 151.213134765625 0.52587890625 1.5473346101844303 65150
4160 22.3 1.9211491469310533 7.266135168369012 151.213134765625 0.52587890625 1.5457079089501746 65343
4170 18.1 2.5953214023653333 10.640749455662453 151.213134765625 0.52587890625 1.5469848420568113 65566
4180 21.2 1.472469689711085 2.8693168710850365 151.213134765625 0.52587890625 1.549870888833331 65747
4190 18.2 1.5804429945054943 2.8363899945034023 151.213134765625 0.52587890625 1.549622112256762 65959
4200 20.2 1.187003258431312 0.907228909275504 151.213134765625 0.52587890625 1.549706921990048 66141
4210 19.6 2.382345394212371 5.987817289119134 151.213134765625 0.52587890625 1.5486025682520672 66343
4220 18 1.86824951171875 3.6582028250629937 151.213134765625 0.52587890625 1.5510584752222383 66539
4230 19.7 1.8585223667512691 3.3945774441375534 151.213134765625 0.52587890625 1.551914219261708 66719
4240 20 2.2572131347656237 5.079984081636992 151.213134765625 0.52587890625 1.5528168704221994 66916
4250 18.9 1.547664258845899 2.484272220259078 151.213134765625 0.52587890625 1.5549159116771711 67116
4260 20.6 1.90173813903216 5.736617365038185 151.213134765625 0.52587890625 1.5548955482214826 67305
4270 19.8 2.3903401692708335 5.020056925734779 151.213134765625 0.52587890625 1.5559538879543706 67511
4280 21.3 1.3141551129694837 1.6785722366073865 151.213134765625 0.52587890625 1.5583938661507797 67709
4290 19.5 2.3149126101762807 4.9404844968067225 151.213134765625 0.52587890625 1.5576279456179978 67922
4300 20.3 2.1538494842980267 6.500330260117781 151.213134765625 0.52587890625 1.5597958407042296 68117
4310 20 1.7308081054687503 3.2624952387309154 151.213134765625 0.52587890625 1.561560959112449 68320
4320 20.6 1.5188142350576457 2.21307444473518 151.213134765625 0.52587890625 1.562054967128667 68520
4330 17.8 1.417683462078652 2.9132574933707076 151.213134765625 0.52587890625 1.561925356925736 68726
4340 18.4 2.1034360139266304 4.817789345951478 151.213134765625 0.52587890625 1.561552736217464 68904
4350 21 1.4136962890624996 3.2477557704384155 151.213134765625 0.52587890625 1.5629959177120576 69088
4360 21.1 1.494840649066943 1.978155910859407 151.213134765625 0.52587890625 1.5625434815376167 69298
4370 22.2 1.8033711201435805 3.7449249052578217 151.213134765625 0.52587890625 1.5623379643002617 69509
4380 18.4 1.9033176587975549 4.0274642219609005 151.213134765625 0.52587890625 1.5631053326242097 69731
4390 19.1 1.62874008098822 3.6135415865907237 151.213134765625 0.52587890625 1.5640006922468357 69915
4400 19.9 2.0987321863222346 5.363578549040514 151.213134765625 0.52587890625 1.5641770712051217 70106
4410 18.8 1.597336789394947 3.329077350423503 151.213134765625 0.52587890625 1.5656901423651859 70305
4420 22 1.3629339044744313 2.4731552399409096 151.213134765625 0.52587890625 1.5657745418040179 70493
4430 20 2.2996777343750012 6.592278055759405 151.213134765625 0.52587890625 1.5651434705694145 70713
4440 21 1.5095238095238097 3.497314874653797 151.213134765625 0.52587890625 1.5672151196712876 70913
4450 19.7 1.618844434089467 3.6731103339981614 151.213134765625 0.52587890625 1.5670447784999229 71123
4460 20 1.7384875488281244 4.318762076184155 151.213134765625 0.52587890625 1.5671878594330573 71320
4470 20 1.1300683593749996 1.424060580738039 151.213134765625 0.52587890625 1.5676668854101128 71520
4480 22.5 1.404780815972222 2.5269822120576815 151.213134765625 0.52587890625 1.566446588349223 71720
4490 19.9 1.3771948119503759 2.27954787319639 151.213134765625 0.52587890625 1.5659409965946212 71945
4500 18.2 1.6079906421703303 3.139759977791929 151.213134765625 0.52587890625 1.565420364376499 72144
4510 21.4 1.158221378504673 1.3790114079359734 151.213134765625 0.52587890625 1.565527487548781 72326
4520 20.3 1.5041720385621924 3.3626265888528857 151.213134765625 0.52587890625 1.564325895222679 72540
4530 20.7 1.3691866225090579 2.8554293092137804 151.213134765625 0.52587890625 1.5641580270717632 72743
4540 19.4 1.684030434519975 3.5734273470645332 151.213134765625 0.52587890625 1.5636047840183775 72950
4550 21.1 1.554544023992891 2.8740703546076207 151.213134765625 0.52587890625 1.5639241892491185 73144
4560 18.6 1.4172927692372306 1.8190712968661058 151.213134765625 0.52587890625 1.5638972079272035 73355
4570 19.3 1.5272223121761663 2.443370739182626 151.213134765625 0.52587890625 1.5635264157759363 73541
4580 18.8 1.5279385181183507 4.028888288928576 151.213134765625 0.52587890625 1.5634313891668448 73734
4590 18.1 1.284255222720994 1.8150993222389575 151.213134765625 0.52587890625 1.5633411229435672 73922
4600 20 1.5486938476562502 2.3959960831462763 151.213134765625 0.52587890625 1.5626594427424918 74103
4610 19.9 1.249892038316583 2.0556625514704736 151.213134765625 0.52587890625 1.5626218518105341 74303
4620 22.4 1.2122007097516743 1.8163773711797557 151.213134765625 0.52587890625 1.561786528827456 74502
4630 18.6 1.2955020371303763 1.5891870816803697 151.213134765625 0.52587890625 1.5607386040961313 74726
4640 18.1 1.1104810514502763 1.1572172703959038 151.213134765625 0.52587890625 1.5600800447003653 74912
4650 18.8 1.457001381732048 2.322387895118195 151.213134765625 0.52587890625 1.5589963562370164 75093
4660 19.2 1.2505772908528652 1.6105123216109154 151.213134765625 0.52587890625 1.5587416431592551 75281
4670 17.8 1.5465005596032304 2.795744856728964 151.213134765625 0.52587890625 1.557957686570239 75473
4680 21.4 1.0870806257301389 0.7959411270878273 151.213134765625 0.52587890625 1.5579307289807804 75651
4690 19.8 1.2547681403882573 1.3147946724976773 151.213134765625 0.52587890625 1.5566025549598796 75865
4700 20.9 2.0653747850627986 6.0354227547155 151.213134765625 0.52587890625 1.5558168481893713 76063
4710 18.4 1.5743739915930712 2.935459381442281 151.213134765625 0.52587890625 1.5572131352777727 76272
4720 21.2 2.0294592515477587 4.399357347906993 151.213134765625 0.52587890625 1.5572544348168804 76456
4730 19.1 1.111246318717278 0.7237988220019248 151.213134765625 0.52587890625 1.5585601610800794 76668
4740 20.3 1.9680271994304184 3.5001730271127904 151.213134765625 0.52587890625 1.5574485548414958 76859
4750 19.5 1.446749799679487 4.645884466800601 151.213134765625 0.52587890625 1.5585301185804534 77062
4760 20.1 1.745927345693408 4.151100828174461 151.213134765625 0.52587890625 1.5582479802345988 77257
4770 18.6 1.824566584761425 3.8483351214993236 151.213134765625 0.52587890625 1.5587349996832962 77458
4780 21.9 1.6056348548087895 3.0423691080808664 151.213134765625 0.52587890625 1.5593718122486526 77644
4790 19.7 1.3980260548857868 2.6175768657894145 151.213134765625 0.52587890625 1.559501933183123 77863
4800 23 0.9751708984374997 0.44634763007991574 151.213134765625 0.52587890625 1.5590944165545735 78060
4810 13.1 2.158857272781488 4.294100482729989 151.213134765625 0.52587890625 1.5573789687430148 78290
4820 8.8 1.016085537997159 0.3521299530376939 151.213134765625 0.52587890625 1.5583837207587894 78421
4830 0 0 0 151.213134765625 0.52587890625 1.557775863824132 78509
4840 0.1 17.403076171875 0.0 151.213134765625 0.52587890625 1.557775863824132 78509
4850 0.1 9.990966796875 0.0 151.213134765625 0.52587890625 1.5579776890732475 78510
4860 0.1 0.90380859375 0.0 151.213134765625 0.52587890625 1.5580851006347842 78511
4870 0.2 1.00146484375 0.056396484375 151.213134765625 0.52587890625 1.5580767671761169 78512
4880 0.2 3.60546875 2.66845703125 151.213134765625 0.52587890625 1.5580625885092951 78514
4890 0 0 0 151.213134765625 0.52587890625 1.5581147410937743 78516
4900 0 0 0 151.213134765625 0.52587890625 1.5581147410937743 78516
4910 0 0 0 151.213134765625 0.52587890625 1.5581147410937743 78516
4916 0 0 0 151.213134765625 0.52587890625 1.5581147410937743 78516
