10 0.1 0.08128979813033464 0 0.08128979813033464 0.08128979813033464 0 0
20 0.1 0.18927033024409345 0.0 0.18927033024409345 0.08128979813033464 0.08128979813033464 1
30 0.1 0.6856931060044478 0.0 0.6856931060044478 0.08128979813033464 0.13528006418721406 2
40 0.1 1.2675801291724513 0.0 1.2675801291724513 0.08128979813033464 0.31875107812629194 3
50 0.1 1.9362646228317868 0.0 1.9362646228317868 0.08128979813033464 0.5559583408878318 4
60 0.1 1.5415216310293387 0.0 1.9362646228317868 0.08128979813033464 0.8320195972766229 5
70 0.1 1.628768523249872 0.0 1.9362646228317868 0.08128979813033464 0.9502699362354088 6
80 0.1 0.9788519637462236 0.0 1.9362646228317868 0.08128979813033464 1.0471983058089036 7
90 0.1 1.781956864807996 0.0 1.9362646228317868 0.08128979813033464 1.0386550130510686 8
100 0.1 1.2523133867982725 0.0 1.9362646228317868 0.08128979813033464 1.1212441076907271 9
110 0.1 1.592967149183687 0.0 1.9362646228317868 0.08128979813033464 1.1343510356014816 10
120 0.1 2.5132112572201057 0.0 2.5132112572201057 0.08128979813033464 1.1760434095635004 11
130 0.1 1.7630230856230458 0.0 2.5132112572201057 0.08128979813033464 1.2874740635348842 12
140 0.1 1.3220935168900478 0.0 2.5132112572201057 0.08128979813033464 1.324054757541666 13
150 0.1 2.4277379116088795 0.0 2.5132112572201057 0.08128979813033464 1.3239146689236934 14
160 0.1 3.8557745104020498 0.0 3.8557745104020498 0.08128979813033464 1.3975028851027058 15
170 0.1 3.2965606748864373 0.0 3.8557745104020498 0.08128979813033464 1.5511448616839147 16
180 0.1 2.498206248776988 0.0 3.8557745104020498 0.08128979813033464 1.6538163801075925 17
190 0.1 3.1457834530460227 0.0 3.8557745104020498 0.08128979813033464 1.7007269283670032 18
200 0.1 3.116867021935804 0.0 3.8557745104020498 0.08128979813033464 1.776782534929057 19
210 0.1 2.953670516394531 0.0 3.8557745104020498 0.08128979813033464 1.8437867592793942 20
220 0.1 2.4236489381235082 0.0 3.8557745104020498 0.08128979813033464 1.8966383667610676 21
230 0.1 2.568250758341759 0.0 3.8557745104020498 0.08128979813033464 1.9205933927320873 22
240 0.1 3.0004888780249326 0.0 3.8557745104020498 0.08128979813033464 1.9487524086281602 23
250 0.1 3.9913554399945967 0.0 3.9913554399945967 0.08128979813033464 1.9925747615196923 24
260 0.1 3.6414736970733794 0.0 3.9913554399945967 0.08128979813033464 2.0725259886586884 25
270 0.1 4.372740296063852 0.0 4.372740296063852 0.08128979813033464 2.1328701312900225 26
280 0.1 3.542877906976744 0.0 4.372740296063852 0.08128979813033464 2.215828285540905 27
290 0.1 4.391643863044784 0.0 4.391643863044784 0.08128979813033464 2.263222914877899 28
300 0.1 7.952803146456904 0.0 7.952803146456904 0.08128979813033464 2.336616740676757 29
310 0.1 4.375464935416244 0.0 7.952803146456904 0.08128979813033464 2.523822954202762 30
320 0.1 3.7759131293188553 0.0 7.952803146456904 0.08128979813033464 2.5835533406935194 31
330 0.1 4.820604641553612 0.0 7.952803146456904 0.08128979813033464 2.6208145840880612 32
340 0.1 3.5810094204254788 0.0 7.952803146456904 0.08128979813033464 2.687474888859745 33
350 0.1 5.093113360829896 0.0 7.952803146456904 0.08128979813033464 2.713755316258737 34
360 0.1 3.869479235332894 0.0 7.952803146456904 0.08128979813033464 2.7817369746750558 35
370 0.1 6.056500237111307 0.0 7.952803146456904 0.08128979813033464 2.811952037471107 36
380 0.1 5.957119013994094 0.0 7.952803146456904 0.08128979813033464 2.8996425293532746 37
390 0.1 5.188774480113063 0.0 7.952803146456904 0.08128979813033464 2.9801024368438225 38
400 0.1 6.062786134728581 0.0 7.952803146456904 0.08128979813033464 3.036735053337906 39
410 0.1 8.778038165383329 0.0 8.778038165383329 0.08128979813033464 3.112386330372673 40
420 0.1 7.0939301458121395 0.0 8.778038165383329 0.08128979813033464 3.2505729604948836 41
430 0.1 5.353741049727386 0.0 8.778038165383329 0.08128979813033464 3.3420814649071997 42
440 0.1 6.331574562621493 0.0 8.778038165383329 0.08128979813033464 3.3888642459495295 43
450 0.1 6.217648893046461 0.0 8.778038165383329 0.08128979813033464 3.455744025873892 44
460 0.1 5.02970297029703 0.0 8.778038165383329 0.08128979813033464 3.517119689588838 45
470 0.1 6.188968954138326 0.0 8.778038165383329 0.08128979813033464 3.5500019348216245 46
480 0.1 7.626043405676127 0.0 8.778038165383329 0.08128979813033464 3.606150169275171 47
490 0.1 6.239405398357022 0.0 8.778038165383329 0.08128979813033464 3.689897945033524 48
500 0.1 6.469713358572202 0.0 8.778038165383329 0.08128979813033464 3.741928709387065 49
510 0.1 8.864027538726333 0.0 8.864027538726333 0.08128979813033464 3.7964844023707673 50
520 0.1 9.191253037139882 0.0 9.191253037139882 0.08128979813033464 3.8958479932797 51
530 0.1 7.731543624161073 0.0 9.191253037139882 0.08128979813033464 3.9976827056616266 52
540 0.1 7.089727266635395 0.0 9.191253037139882 0.08128979813033464 4.06813291167105 53
550 0.1 7.207147143142876 0.0 9.191253037139882 0.08128979813033464 4.124088362688909 54
560 0.1 9.206328104227598 0.0 9.206328104227598 0.08128979813033464 4.1801439768789805 55
570 0.1 11.891477193471893 0.0 11.891477193471893 0.08128979813033464 4.269897264867349 56
580 0.1 7.115305138448822 0.0 11.891477193471893 0.08128979813033464 4.403609193439358 57
590 0.1 8.685676827269747 0.0 11.891477193471893 0.08128979813033464 4.45036257180159 58
600 0.1 8.46921224630203 0.0 11.891477193471893 0.08128979813033464 4.5221475591824065 59
610 0.1 7.922940364258005 0.0 11.891477193471893 0.08128979813033464 4.587931970634401 60
620 0.1 7.114949619576392 0.0 11.891477193471893 0.08128979813033464 4.642604239382329 61
630 0.1 12.551197500867753 0.0 12.551197500867753 0.08128979813033464 4.682480777772556 62
640 0.1 11.032735241747705 0.0 12.551197500867753 0.08128979813033464 4.807381043218512 63
650 0.1 11.867812110295137 0.0 12.551197500867753 0.08128979813033464 4.904652202570531 64
660 0.1 13.567590497737555 0.0 13.567590497737555 0.08128979813033464 5.011777739612447 65
670 0.1 11.960482062780269 0.0 13.567590497737555 0.08128979813033464 5.1414112662507065 66
680 0.1 12.984645586482507 0.0 13.567590497737555 0.08128979813033464 5.243188442318313 67
690 0.1 13.883717599885436 0.0 13.883717599885436 0.08128979813033464 5.357033400320726 68
700 0.1 5.859831278390656 0.0 13.883717599885436 0.08128979813033464 5.480608533647751 69
710 0.1 16.5262524447119 0.0 16.5262524447119 0.08128979813033464 5.486026001429792 70
720 0.1 10.929951690821255 0.0 16.5262524447119 0.08128979813033464 5.6415221485182725 71
730 0.1 15.75248170422433 0.0 16.5262524447119 0.08128979813033464 5.714972558828036 72
740 0.1 16.078147612156297 0.0 16.5262524447119 0.08128979813033464 5.852472684107438 73
750 0.1 16.032962266878705 0.0 16.5262524447119 0.08128979813033464 5.9906574804324215 74
760 0.1 15.93183466279913 0.0 16.5262524447119 0.08128979813033464 6.124554877585039 75
770 0.1 17.190374567665025 0.0 17.190374567665025 0.08128979813033464 6.253598032653645 76
780 0.1 16.900395541172237 0.0 17.190374567665025 0.08128979813033464 6.395634091549897 77
790 0.1 11.841418883672405 0.0 17.190374567665025 0.08128979813033464 6.530310520391209 78
800 0.1 2.523908822894945 0.0 17.190374567665025 0.08128979813033464 6.597539740179578 79
810 0.1 10.073666978484566 0.0 17.190374567665025 0.08128979813033464 6.5466193537135196 80
820 0.1 14.084406294706724 0.0 17.190374567665025 0.08128979813033464 6.590163151550199 81
830 0.1 15.085895770174679 0.0 17.190374567665025 0.08128979813033464 6.681556360613083 82
840 0.1 17.280328590288985 0.0 17.280328590288985 0.08128979813033464 6.782813461933102 83
850 0.1 11.029683914427418 0.0 17.280328590288985 0.08128979813033464 6.907783880127815 84
860 0.1 8.458982877587529 0.0 17.280328590288985 0.08128979813033464 6.956276821707811 85
870 0.1 14.316423043852106 0.0 17.280328590288985 0.08128979813033464 6.973750147938971 86
880 0.1 14.797485012428718 0.0 17.280328590288985 0.08128979813033464 7.058148686972455 87
890 0.1 14.83450279963144 0.0 17.280328590288985 0.08128979813033464 7.146095690670822 88
900 0.1 17.851337372543224 0.0 17.851337372543224 0.08128979813033464 7.232482287400716 89
910 0.1 15.547164330840172 0.0 17.851337372543224 0.08128979813033464 7.350469566124521 90
920 0.1 15.325891249549874 0.0 17.851337372543224 0.08128979813033464 7.44054313496755 91
930 0.1 14.293874053976868 0.0 17.851337372543224 0.08128979813033464 7.5262534405608355 92
940 0.1 17.681524883186235 0.0 17.851337372543224 0.08128979813033464 7.599023554683589 93
950 0.1 16.53190874963904 0.0 17.851337372543224 0.08128979813033464 7.706284207114469 94
960 0.1 17.70787180623246 0.0 17.851337372543224 0.08128979813033464 7.799185518088411 95
970 0.1 14.525179856115109 0.0 17.851337372543224 0.08128979813033464 7.902401000256578 96
980 0.1 16.59859976662777 0.0 17.851337372543224 0.08128979813033464 7.9706770709355315 97
990 0.1 8.588915334920095 0.0 17.851337372543224 0.08128979813033464 8.058717098442596 98
1000 0.1 11.575005201470283 0.0 17.851337372543224 0.08128979813033464 8.064072636184793 99
1010 0.1 16.11756168359942 0.0 17.851337372543224 0.08128979813033464 8.09918196183765 100
1020 0.1 16.279239233403775 0.0 17.851337372543224 0.08128979813033464 8.178571860072914 101
1030 0.1 16.0154260350724 0.0 17.851337372543224 0.08128979813033464 8.257990167654588 102
1040 0.1 13.262162355807122 0.0 17.851337372543224 0.08128979813033464 8.333305078988742 103
1050 0.1 16.140063935766857 0.0 17.851337372543224 0.08128979813033464 8.380697937419688 104
1060 0.1 11.270185913963902 0.0 17.851337372543224 0.08128979813033464 8.45459666121347 105
1070 0.1 15.043359850928114 0.0 17.851337372543224 0.08128979813033464 8.481158823975267 106
1080 0.1 5.684150916684364 0.0 17.851337372543224 0.08128979813033464 8.542487805535576 107
1090 0.1 15.610415962123774 0.0 17.851337372543224 0.08128979813033464 8.516021723231397 108
1100 0.1 16.281788950599243 0.0 17.851337372543224 0.08128979813033464 8.581107908909308 109
1110 0.1 15.932944606413994 0.0 17.851337372543224 0.08128979813033464 8.651114100197399 110
1120 0.1 17.12283774906941 0.0 17.851337372543224 0.08128979813033464 8.716716176829982 111
1130 0.1 15.068493150684931 0.0 17.851337372543224 0.08128979813033464 8.791770833724977 112
1140 0.1 15.735161193130462 0.0 17.851337372543224 0.08128979813033464 8.847317048919313 113
1150 0.1 11.0925492816572 0.0 17.851337372543224 0.08128979813033464 8.907736734394849 114
1160 0.1 12.372655097309071 0.0 17.851337372543224 0.08128979813033464 8.926735104371044 115
1170 0.1 14.305128388527288 0.0 17.851337372543224 0.08128979813033464 8.956441311206715 116
1180 0.1 15.82963878188822 0.0 17.851337372543224 0.08128979813033464 9.002156585371848 117
1190 0.1 15.91073234147046 0.0 17.851337372543224 0.08128979813033464 9.060016603986394 118
1200 0.1 15.353447652123581 0.0 17.851337372543224 0.08128979813033464 9.117585643797185 119
1210 0.1 16.6215919888897 0.0 17.851337372543224 0.08128979813033464 9.169551160533238 120
1220 0.1 10.33934252386002 0.0 17.851337372543224 0.08128979813033464 9.231138274817177 121
1230 0.1 10.229116635295645 0.0 17.851337372543224 0.08128979813033464 9.240221916202774 122
1240 0.1 14.99332537061758 0.0 17.851337372543224 0.08128979813033464 9.248261710666943 123
1250 0.1 13.789902163822038 0.0 17.851337372543224 0.08128979813033464 9.294592869214933 124
1260 0.1 16.03458297006684 0.0 17.851337372543224 0.08128979813033464 9.33055534357179 125
1270 0.1 14.02142857142857 0.0 17.851337372543224 0.08128979813033464 9.383761912036036 126
1280 0.1 15.121026538349373 0.0 17.851337372543224 0.08128979813033464 9.420278972346214 127
1290 0.1 13.570816676185038 0.0 17.851337372543224 0.08128979813033464 9.464816062705612 128
1300 0.1 15.030827014385938 0.0 17.851337372543224 0.08128979813033464 9.496645524825608 129
1310 0.1 14.331734555086262 0.0 17.851337372543224 0.08128979813033464 9.53921615166838 130
1320 0.1 17.166532228496003 0.0 17.851337372543224 0.08128979813033464 9.575800261618136 131
1330 0.1 15.324207492795388 0.0 17.851337372543224 0.08128979813033464 9.633305806821756 132
1340 0.1 15.793298931608401 0.0 17.851337372543224 0.08128979813033464 9.676094541302762 133
1350 0.1 12.278407439697762 0.0 17.851337372543224 0.08128979813033464 9.721745320334893 134
1360 0.1 4.989829646580218 0.0 17.851337372543224 0.08128979813033464 9.7406835582561 135
1370 0.1 14.852909444004892 0.0 17.851337372543224 0.08128979813033464 9.70575080890554 136
1380 0.1 13.593061282525237 0.0 17.851337372543224 0.08128979813033464 9.743321309891666 137
1390 0.1 14.280603849180798 0.0 17.851337372543224 0.08128979813033464 9.771217976360026 138
1400 0.1 14.181948939230493 0.0 17.851337372543224 0.08128979813033464 9.803659601344348 139
1410 0.1 14.73895294707441 0.0 17.851337372543224 0.08128979813033464 9.834933096614964 140
1420 0.1 16.059398768562115 0.0 17.851337372543224 0.08128979813033464 9.869713379242336 141
1430 0.1 12.391011554547388 0.0 17.851337372543224 0.08128979813033464 9.913302712969939 142
1440 0.1 9.051871038102378 0.0 17.851337372543224 0.08128979813033464 9.930629348225725 143
1450 0.1 16.367207390703424 0.0 17.851337372543224 0.08128979813033464 9.92452685996098 144
1460 0.1 14.857760172848398 0.0 17.851337372543224 0.08128979813033464 9.968959139483342 145
1470 0.1 16.79249431943121 0.0 17.851337372543224 0.08128979813033464 10.002444078068034 146
1480 0.1 15.524648656520789 0.0 17.851337372543224 0.08128979813033464 10.048634896036491 147
1490 0.1 14.451319251831308 0.0 17.851337372543224 0.08128979813033464 10.085634989012737 148
1500 0.1 15.762049500651324 0.0 17.851337372543224 0.08128979813033464 10.11493488339407 149
1510 0.1 14.592613881304786 0.0 17.851337372543224 0.08128979813033464 10.152582314175785 150
1520 0.1 15.888324873096446 0.0 17.851337372543224 0.08128979813033464 10.181986496739553 151
1530 0.1 7.710453595740378 0.0 17.851337372543224 0.08128979813033464 10.219528196584006 152
1540 0.1 15.36900101493403 0.0 17.851337372543224 0.08128979813033464 10.203129016186335 153
1550 0.1 14.753395282344531 0.0 17.851337372543224 0.08128979813033464 10.236673639554825 154
1560 0.1 13.97027297413177 0.0 17.851337372543224 0.08128979813033464 10.265813779185727 155
1570 0.1 12.589003890479336 0.0 17.851337372543224 0.08128979813033464 10.289560312486664 156
1580 0.1 9.422011084718923 0.0 17.851337372543224 0.08128979813033464 10.304206449926106 157
1590 0.1 16.058341194398086 0.0 17.851337372543224 0.08128979813033464 10.29862293495644 158
1600 0.1 4.717109747784595 0.0 17.851337372543224 0.08128979813033464 10.334847578097582 159
1610 0.1 10.544580886278696 0.0 17.851337372543224 0.08128979813033464 10.299736716658128 160
1620 0.1 14.83124818155368 0.0 17.851337372543224 0.08128979813033464 10.301257487898008 161
1630 0.1 15.494167322693766 0.0 17.851337372543224 0.08128979813033464 10.329220393414401 162
1640 0.1 15.535106151728137 0.0 17.851337372543224 0.08128979813033464 10.360907184391575 163
1650 0.1 15.572178666474862 0.0 17.851337372543224 0.08128979813033464 10.392457178094848 164
1660 0.1 15.192727272727272 0.0 17.851337372543224 0.08128979813033464 10.423849429539576 165
1670 0.1 14.76217683188116 0.0 17.851337372543224 0.08128979813033464 10.452577609317816 166
1680 0.1 8.141891891891891 0.0 17.851337372543224 0.08128979813033464 10.478383592686457 167
1690 0.1 14.72627473638596 0.0 17.851337372543224 0.08128979813033464 10.464475903991252 168
1700 0.1 9.517349707268313 0.0 17.851337372543224 0.08128979813033464 10.489693648561634 169
1710 0.1 9.981552246672816 0.0 17.851337372543224 0.08128979813033464 10.483973978318732 170
1720 0.1 14.052193862919415 0.0 17.851337372543224 0.08128979813033464 10.481035839537176 171
1730 0.1 14.83133136733079 0.0 17.851337372543224 0.08128979813033464 10.501798386184747 172
1740 0.1 13.725769669327251 0.0 17.851337372543224 0.08128979813033464 10.526824588387905 173
1750 0.1 16.760800997579402 0.0 17.851337372543224 0.08128979813033464 10.545209330232383 174
1760 0.1 13.379880307779995 0.0 17.851337372543224 0.08128979813033464 10.58072699690294 175
1770 0.1 16.213676449327743 0.0 17.851337372543224 0.08128979813033464 10.596631277078377 176
1780 0.1 15.789473684210526 0.0 17.851337372543224 0.08128979813033464 10.62836599556566 177
1790 0.1 15.943616710487877 0.0 17.851337372543224 0.08128979813033464 10.657360982580519 178
1800 0.1 14.009320717412796 0.0 17.851337372543224 0.08128979813033464 10.68689313748503 179
1810 0.1 7.786192191750607 0.0 17.851337372543224 0.08128979813033464 10.705351068484628 180
1820 0.1 12.146142385178466 0.0 17.851337372543224 0.08128979813033464 10.689223118889412 181
1830 0.1 14.49566277152484 0.0 17.851337372543224 0.08128979813033464 10.697228169803088 182
1840 0.1 15.24198846631141 0.0 17.851337372543224 0.08128979813033464 10.71798464303654 183
1850 0.1 14.50854700854701 0.0 17.851337372543224 0.08128979813033464 10.742571620336948 184
1860 0.1 13.286018452803406 0.0 17.851337372543224 0.08128979813033464 10.762928244057003 185
1870 0.1 6.14781337232487 0.0 17.851337372543224 0.08128979813033464 10.776493245179294 186
1880 0.1 13.395263083250603 0.0 17.851337372543224 0.08128979813033464 10.751740946393976 187
1890 0.1 14.34823158045771 0.0 17.851337372543224 0.08128979813033464 10.76580223435598 188
1900 0.1 14.944596344797812 0.0 17.851337372543224 0.08128979813033464 10.784756886980857 189
1910 0.1 13.983867513741167 0.0 17.851337372543224 0.08128979813033464 10.806650778864105 190
1920 0.1 14.07916398253525 0.0 17.851337372543224 0.08128979813033464 10.823285421455084 191
1930 0.1 13.301191151446398 0.0 17.851337372543224 0.08128979813033464 10.840243122294043 192
1940 0.1 14.922145328719724 0.0 17.851337372543224 0.08128979813033464 10.852994148351828 193
1950 0.1 15.333525844643372 0.0 17.851337372543224 0.08128979813033464 10.873969154436196 194
1960 0.1 14.561836942304899 0.0 17.851337372543224 0.08128979813033464 10.896838675924437 195
1970 0.1 16.774474889163457 0.0 17.851337372543224 0.08128979813033464 10.915537646671277 196
1980 0.1 8.629194747446675 0.0 17.851337372543224 0.08128979813033464 10.945278444856518 197
1990 0.1 6.4107535220369645 0.0 17.851337372543224 0.08128979813033464 10.933581052445357 198
2000 0.1 11.767317939609235 0.0 17.851337372543224 0.08128979813033464 10.910853275910641 199
2010 0.1 5.467393999504091 0.0 17.851337372543224 0.08128979813033464 10.915135599229133 200
2020 0.1 15.626813697040046 0.0 17.851337372543224 0.08128979813033464 10.888032407190702 201
2030 0.1 14.250106822389974 0.0 17.851337372543224 0.08128979813033464 10.911491720506788 202
2040 0.1 16.01021152443472 0.0 17.851337372543224 0.08128979813033464 10.92793810031902 203
2050 0.1 16.726212176449142 0.0 17.851337372543224 0.08128979813033464 10.952851205339197 204
2060 0.1 14.232584751823774 0.0 17.851337372543224 0.08128979813033464 10.981013941783637 205
2070 0.1 16.103726302026587 0.0 17.851337372543224 0.08128979813033464 10.996798266104218 206
2080 0.1 16.243359289716906 0.0 17.851337372543224 0.08128979813033464 11.021469416036211 207
2090 0.1 14.175202349401905 0.0 17.851337372543224 0.08128979813033464 11.046574655813522 208
2100 0.1 15.020531661984007 0.0 17.851337372543224 0.08128979813033464 11.06154416630916 209
2110 0.1 14.670594151878728 0.0 17.851337372543224 0.08128979813033464 11.080396487717135 210
2120 0.1 15.919640266898751 0.0 17.851337372543224 0.08128979813033464 11.097411642523587 211
2130 0.1 14.497659344616492 0.0 17.851337372543224 0.08128979813033464 11.120158003959318 212
2140 0.1 4.920282279142707 0.0 17.851337372543224 0.08128979813033464 11.13601481776522 213
2150 0.1 15.268690729986032 0.0 17.851337372543224 0.08128979813033464 11.106969338612778 214
2160 0.1 14.373350452956702 0.0 17.851337372543224 0.08128979813033464 11.126326182293583 215
2170 0.1 14.800826622960164 0.0 17.851337372543224 0.08128979813033464 11.141358702065174 216
2180 0.1 14.823867721063982 0.0 17.851337372543224 0.08128979813033464 11.158222609534736 217
2190 0.1 16.720280742798654 0.0 17.851337372543224 0.08128979813033464 11.17503749536744 218
2200 0.1 14.305157593123209 0.0 17.851337372543224 0.08128979813033464 11.2003582407895 219
2210 0.1 13.613755861872956 0.0 17.851337372543224 0.08128979813033464 11.21447096511829 220
2220 0.1 15.179923559529819 0.0 17.851337372543224 0.08128979813033464 11.225327457863786 221
2230 0.1 16.03910209992759 0.0 17.851337372543224 0.08128979813033464 11.243140953817237 222
2240 0.1 16.14075905191217 0.0 17.851337372543224 0.08128979813033464 11.264647506041948 223
2250 0.1 13.112779824312836 0.0 17.851337372543224 0.08128979813033464 11.286415861157439 224
2260 0.1 7.155766784925363 0.0 17.851337372543224 0.08128979813033464 11.294533034327019 225
2270 0.1 15.106566820276498 0.0 17.851337372543224 0.08128979813033464 11.276219909329665 226
2280 0.1 15.492651849706798 0.0 17.851337372543224 0.08128979813033464 11.293093684267756 227
2290 0.1 15.916678763245754 0.0 17.851337372543224 0.08128979813033464 11.311512799028455 228
2300 0.1 14.906697526399537 0.0 17.851337372543224 0.08128979813033464 11.331622694068704 229
2310 0.1 16.40250109059183 0.0 17.851337372543224 0.08128979813033464 11.347166497687533 230
2320 0.1 14.54231929874982 0.0 17.851337372543224 0.08128979813033464 11.36905106302478 231
2330 0.1 14.946567120480164 0.0 17.851337372543224 0.08128979813033464 11.382728943351182 232
2340 0.1 13.369732605347892 0.0 17.851337372543224 0.08128979813033464 11.39802438617148 233
2350 0.1 14.889017007783224 0.0 17.851337372543224 0.08128979813033464 11.406450489672233 234
2360 0.1 15.179021684316693 0.0 17.851337372543224 0.08128979813033464 11.421269921664196 235
2370 0.1 14.494325164461793 0.0 17.851337372543224 0.08128979813033464 11.437192598624588 236
2380 0.1 15.161082011910743 0.0 17.851337372543224 0.08128979813033464 11.450091892151326 237
2390 0.1 15.914678235719451 0.0 17.851337372543224 0.08128979813033464 11.4656842876125 238
2400 0.1 16.517726340462936 0.0 17.851337372543224 0.08128979813033464 11.484299325052278 239
2410 0.1 14.379551620733972 0.0 17.851337372543224 0.08128979813033464 11.50527193761649 240
2420 0.1 14.120851551860081 0.0 17.851337372543224 0.08128979813033464 11.51719840933067 241
2430 0.1 15.804743599042576 0.0 17.851337372543224 0.08128979813033464 11.527957306613848 242
2440 0.1 15.918308227114716 0.0 17.851337372543224 0.08128979813033464 11.545557250204089 243
2450 0.1 9.314612433958168 0.0 17.851337372543224 0.08128979813033464 11.563478360765199 244
2460 0.1 4.557427258805513 0.0 17.851337372543224 0.08128979813033464 11.554299316165986 245
2470 0.1 15.394688977810112 0.0 17.851337372543224 0.08128979813033464 11.525856746827124 246
2480 0.1 14.680149168100975 0.0 17.851337372543224 0.08128979813033464 11.541520035211668 247
2490 0.1 16.740957252466202 0.0 17.851337372543224 0.08128979813033464 11.554175797844286 248
2500 0.1 15.70859006886553 0.0 17.851337372543224 0.08128979813033464 11.57500624545321 249
2510 0.1 15.156352027860406 0.0 17.851337372543224 0.08128979813033464 11.591540580746857 250
2520 0.1 11.55789186237029 0.0 17.851337372543224 0.08128979813033464 11.605743016791136 251
2530 0.1 15.800912845033688 0.0 17.851337372543224 0.08128979813033464 11.605553131257718 252
2540 0.1 15.57442484940852 0.0 17.851337372543224 0.08128979813033464 11.622135580719283 253
2550 0.1 14.918949935446852 0.0 17.851337372543224 0.08128979813033464 11.6376957746905 254
2560 0.1 17.294558272747302 0.0 17.851337372543224 0.08128979813033464 11.650563438066015 255
2570 0.1 15.276273022751896 0.0 17.851337372543224 0.08128979813033464 11.67261029288899 256
2580 0.1 14.763991666067966 0.0 17.851337372543224 0.08128979813033464 11.686632326857328 257
2590 0.1 16.36072261072261 0.0 17.851337372543224 0.08128979813033464 11.698560076234113 258
2600 0.1 14.607145424484221 0.0 17.851337372543224 0.08128979813033464 11.7165607037804 259
2610 0.1 8.139300811917064 0.0 17.851337372543224 0.08128979813033464 11.727678337321569 260
2620 0.1 16.061422021686923 0.0 17.851337372543224 0.08128979813033464 11.713929764427299 261
2630 0.1 16.733915340033747 0.0 17.851337372543224 0.08128979813033464 11.730523246325237 262
2640 0.1 13.15677666052967 0.0 17.851337372543224 0.08128979813033464 11.749547550864053 263
2650 0.1 15.535946766960798 0.0 17.851337372543224 0.08128979813033464 11.754877964158242 264
2660 0.1 14.980194454447245 0.0 17.851337372543224 0.08128979813033464 11.769146148319761 265
2670 0.1 16.731091824082853 0.0 17.851337372543224 0.08128979813033464 11.781217758493174 266
2680 0.1 17.462774583517618 0.0 17.851337372543224 0.08128979813033464 11.799756612671413 267
2690 0.1 14.468958440225757 0.0 17.851337372543224 0.08128979813033464 11.820887276741734 268
2700 0.1 3.917790622992935 0.0 17.851337372543224 0.08128979813033464 11.830731407461005 269
2710 0.1 16.050800028700582 0.0 17.851337372543224 0.08128979813033464 11.801424219370384 270
2720 0.1 5.824647455548743 0.0 17.851337372543224 0.08128979813033464 11.817104572910347 271
2730 0.1 9.185914930439992 0.0 17.851337372543224 0.08128979813033464 11.795073480567105 272
2740 0.1 13.961668221951046 0.0 17.851337372543224 0.08128979813033464 11.785516123240633 273
2750 0.1 15.172561936130602 0.0 17.851337372543224 0.08128979813033464 11.793458284184831 274
2760 0.1 16.648403827891006 0.0 17.851337372543224 0.08128979813033464 11.80574593382827 275
2770 0.1 14.89868032018461 0.0 17.851337372543224 0.08128979813033464 11.82329179576328 276
2780 0.1 15.413479578582766 0.0 17.851337372543224 0.08128979813033464 11.83439428141101 277
2790 0.1 15.93865833272767 0.0 17.851337372543224 0.08128979813033464 11.847268688954793 278
2800 0.1 15.162925416364953 0.0 17.851337372543224 0.08128979813033464 11.861933167964732 279
2810 0.1 15.720428540193861 0.0 17.851337372543224 0.08128979813033464 11.873722425994734 280
2820 0.1 14.573079392253371 0.0 17.851337372543224 0.08128979813033464 11.887411771596867 281
2830 0.1 12.462928964835475 0.0 17.851337372543224 0.08128979813033464 11.896935415641748 282
2840 0.1 13.470173187940986 0.0 17.851337372543224 0.08128979813033464 11.89893539284738 283
2850 0.1 15.067020285284208 0.0 17.851337372543224 0.08128979813033464 11.904467920294891 284
2860 0.1 11.018005540166206 0.0 17.851337372543224 0.08128979813033464 11.915564595259767 285
2870 0.1 14.399769833848811 0.0 17.851337372543224 0.08128979813033464 11.912426276885313 286
2880 0.1 14.848571838668006 0.0 17.851337372543224 0.08128979813033464 11.921092979174384 287
2890 0.1 14.425007169486664 0.0 17.851337372543224 0.08128979813033464 11.931257836325402 288
2900 0.1 15.338702718251115 0.0 17.851337372543224 0.08128979813033464 11.939886726751567 289
2910 0.1 14.712015531746603 0.0 17.851337372543224 0.08128979813033464 11.951606781894668 290
2920 0.1 13.911550021468441 0.0 17.851337372543224 0.08128979813033464 11.96109272261581 291
2930 0.1 13.604428358526718 0.0 17.851337372543224 0.08128979813033464 11.967772370899551 292
2940 0.1 11.188496966973714 0.0 17.851337372543224 0.08128979813033464 11.973358227512612 293
2950 0.1 12.52308098127143 0.0 17.851337372543224 0.08128979813033464 11.970688631388331 294
2970 0.1 15.158273381294965 0.0 17.851337372543224 0.08128979813033464 11.972561147828614 295
2980 0.1 17.212512850638863 0.0 17.851337372543224 0.08128979813033464 11.98332368915789 296
2990 0.1 14.694670215061498 0.0 17.851337372543224 0.08128979813033464 12.000930386671294 297
3000 0.1 16.184085770549196 0.0 17.851337372543224 0.08128979813033464 12.009969782068577 298
3010 0.1 14.34217144499533 0.0 17.851337372543224 0.08128979813033464 12.023930036210654 299
3020 0.1 14.456874774449657 0.0 17.851337372543224 0.08128979813033464 12.03165750757327 300
3030 0.1 14.79008311429992 0.0 17.851337372543224 0.08128979813033464 12.03971470779545 301
3040 0.1 15.68740955137482 0.0 17.851337372543224 0.08128979813033464 12.048821887949439 302
3050 0.1 12.806559821095789 0.0 17.851337372543224 0.08128979813033464 12.060830428092757 303
3060 0.1 6.386596964161996 0.0 17.851337372543224 0.08128979813033464 12.063283485306583 304
3070 0.1 15.807860262008733 0.0 17.851337372543224 0.08128979813033464 12.04467139835201 305
3080 0.1 14.483600086126463 0.0 17.851337372543224 0.08128979813033464 12.056969401174419 306
3090 0.1 15.077477477477478 0.0 17.851337372543224 0.08128979813033464 12.064873735653089 307
3100 0.1 13.671532846715328 0.0 17.851337372543224 0.08128979813033464 12.074654916633037 308
3110 0.1 15.175808720112519 0.0 17.851337372543224 0.08128979813033464 12.079822806374404 309
3120 0.1 15.615027560197273 0.0 17.851337372543224 0.08128979813033464 12.089809857709042 310
3130 0.1 16.39332312850791 0.0 17.851337372543224 0.08128979813033464 12.101144962861737 311
3140 0.1 13.045940397819777 0.0 17.851337372543224 0.08128979813033464 12.114901944161884 312
3150 0.1 14.885468603222776 0.0 17.851337372543224 0.08128979813033464 12.11787650791159 313
3160 0.1 14.814814814814813 0.0 17.851337372543224 0.08128979813033464 12.126690495476275 314
3170 0.1 14.52154648752948 0.0 17.851337372543224 0.08128979813033464 12.135224223474175 315
3180 0.1 13.289727961944402 0.0 17.851337372543224 0.08128979813033464 12.142775876208528 316
3190 0.1 2.9160258382036295 0.0 17.851337372543224 0.08128979813033464 12.146394021589398 317
3200 0.1 14.412145632465103 0.0 17.851337372543224 0.08128979813033464 12.117367706547304 318
3210 0.1 13.959463317156724 0.0 17.851337372543224 0.08128979813033464 12.124561367757078 319
3220 0.1 16.093277673816036 0.0 17.851337372543224 0.08128979813033464 12.130295436348952 320
3230 0.1 10.572259941804074 0.0 17.851337372543224 0.08128979813033464 12.142641175406482 321
3240 0.1 13.851399346498084 0.0 17.851337372543224 0.08128979813033464 12.137764215053679 322
3250 0.1 16.55565423327413 0.0 17.851337372543224 0.08128979813033464 12.143069586977655 323
3260 0.1 17.117638547243523 0.0 17.851337372543224 0.08128979813033464 12.15668867539215 324
3270 0.1 14.856402504858563 0.0 17.851337372543224 0.08128979813033464 12.171953136536308 325
3280 0.1 15.002962085308058 0.0 17.851337372543224 0.08128979813033464 12.1801876438011 326
3290 0.1 10.745643657976496 0.0 17.851337372543224 0.08128979813033464 12.18881998154271 327
3300 0.1 15.048508803449515 0.0 17.851337372543224 0.08128979813033464 12.18442005372696 328
3310 0.1 15.473957581878517 0.0 17.851337372543224 0.08128979813033464 12.193125490656207 329
3320 0.1 16.158315177923022 0.0 17.851337372543224 0.08128979813033464 12.203067406084154 330
3330 0.1 14.377682403433475 0.0 17.851337372543224 0.08128979813033464 12.215016795122942 331
3340 0.1 14.006700406301235 0.0 17.851337372543224 0.08128979813033464 12.221530848160022 332
3350 0.1 14.976228209191758 0.0 17.851337372543224 0.08128979813033464 12.22689171770399 333
3360 0.1 14.187347582843207 0.0 17.851337372543224 0.08128979813033464 12.235123264085692 334
3370 0.1 1.067257349979863 0.0 17.851337372543224 0.08128979813033464 12.240950799365566 335
3380 0.1 10.997325679994782 0.0 17.851337372543224 0.08128979813033464 12.20769575933763 336
3390 0.1 13.276976628543014 0.0 17.851337372543224 0.08128979813033464 12.204104156728306 337
3400 0.1 16.721647973022506 0.0 17.851337372543224 0.08128979813033464 12.207278335639 338
3410 0.1 4.522821576763485 0.0 17.851337372543224 0.08128979813033464 12.22059506023305 339
3420 0.1 9.66796875 0.0 17.851337372543224 0.08128979813033464 12.197954549987552 340
3430 0.1 6.068677561010726 0.0 17.851337372543224 0.08128979813033464 12.190535236791108 341
3440 0.1 12.144348734012008 0.0 17.851337372543224 0.08128979813033464 12.172635068148477 342
3450 0.1 14.69035388127854 0.0 17.851337372543224 0.08128979813033464 12.172552600702014 343
3460 0.1 14.074866310160427 0.0 17.851337372543224 0.08128979813033464 12.179871790471132 344
3470 0.1 15.795206971677562 0.0 17.851337372543224 0.08128979813033464 12.185364528209362 345
3480 0.1 15.583008235804074 0.0 17.851337372543224 0.08128979813033464 12.195797598855224 346
3490 0.1 15.14889943892965 0.0 17.851337372543224 0.08128979813033464 12.205559012794557 347
3500 0.1 13.416113608791836 0.0 17.851337372543224 0.08128979813033464 12.214016887582302 348
3510 0.1 14.670400689358035 0.0 17.851337372543224 0.08128979813033464 12.217461290794935 349
3520 0.1 14.161188911117462 0.0 17.851337372543224 0.08128979813033464 12.224469689076544 350
3530 0.1 8.9811542991755 0.0 17.851337372543224 0.08128979813033464 12.229987407657855 351
3540 0.1 11.930824535267828 0.0 17.851337372543224 0.08128979813033464 12.220757768145122 352
3550 0.1 12.618140781492453 0.0 17.851337372543224 0.08128979813033464 12.21993642754207 353
3560 0.1 14.15600200185887 0.0 17.851337372543224 0.08128979813033464 12.221061298598427 354
3570 0.1 14.503987478571961 0.0 17.851337372543224 0.08128979813033464 12.226511835790708 355
3580 0.1 4.43016797162551 0.0 17.851337372543224 0.08128979813033464 12.232909239281666 356
3590 0.1 11.833344320653966 0.0 17.851337372543224 0.08128979813033464 12.211052821164982 357
3600 0.1 16.884539545753306 0.0 17.851337372543224 0.08128979813033464 12.209997769487577 358
3610 0.1 16.16718670633481 0.0 17.851337372543224 0.08128979813033464 12.223018777220906 359
3620 0.1 12.857446959483433 0.0 17.851337372543224 0.08128979813033464 12.233974799246223 360
3630 0.1 13.765268947781983 0.0 17.851337372543224 0.08128979813033464 12.23570186894217 361
3640 0.1 14.289782840868636 0.0 17.851337372543224 0.08128979813033464 12.23992719236438 362
3650 0.1 16.56210790464241 0.0 17.851337372543224 0.08128979813033464 12.245574177621966 363
3660 0.1 15.492045209128214 0.0 17.851337372543224 0.08128979813033464 12.257432786762132 364
3670 0.1 11.376838928706148 0.0 17.851337372543224 0.08128979813033464 12.266294738604232 365
3680 0.1 5.161998901702361 0.0 17.851337372543224 0.08128979813033464 12.263864531473363 366
3690 0.1 14.024564410168525 0.0 17.851337372543224 0.08128979813033464 12.244513398967175 367
3700 0.1 13.574431076967677 0.0 17.851337372543224 0.08128979813033464 12.24935049410631 368
3710 0.1 2.251688766574931 0.0 17.851337372543224 0.08128979813033464 12.252941498395908 369
3720 0.1 9.560352865237036 0.0 17.851337372543224 0.08128979813033464 12.225911085607203 370
3730 0.1 8.011389374231541 0.0 17.851337372543224 0.08128979813033464 12.218726292560383 371
3740 0.1 13.589322675041037 0.0 17.851337372543224 0.08128979813033464 12.207416247081007 372
3750 0.1 15.345213188081669 0.0 17.851337372543224 0.08128979813033464 12.211121090051408 373
3760 0.1 14.136162939752172 0.0 17.851337372543224 0.08128979813033464 12.21950101544721 374
3770 0.1 15.657923417859479 0.0 17.851337372543224 0.08128979813033464 12.224612113912025 375
3780 0.1 14.947822957898524 0.0 17.851337372543224 0.08128979813033464 12.233743260996992 376
3790 0.1 16.99096849988986 0.0 17.851337372543224 0.08128979813033464 12.24094241138665 377
3800 0.1 13.436270507015069 0.0 17.851337372543224 0.08128979813033464 12.253508617969993 378
3810 0.1 14.21665418397222 0.0 17.851337372543224 0.08128979813033464 12.256629361740561 379
3820 0.1 13.06258416613509 0.0 17.851337372543224 0.08128979813033464 12.261787321799066 380
3830 0.1 7.155229846768821 0.0 17.851337372543224 0.08128979813033464 12.263889150786824 381
3840 0.1 15.81888106813729 0.0 17.851337372543224 0.08128979813033464 12.250515697111384 382
3850 0.1 14.430035107831197 0.0 17.851337372543224 0.08128979813033464 12.259832577975683 383
3860 0.1 3.9158663600703365 0.0 17.851337372543224 0.08128979813033464 12.265484147063846 384
3870 0.1 15.253762688134406 0.0 17.851337372543224 0.08128979813033464 12.24379682813659 385
3880 0.1 8.40177729904403 0.0 17.851337372543224 0.08128979813033464 12.251594667152128 386
3890 0.1 15.92231597323247 0.0 17.851337372543224 0.08128979813033464 12.241646818655724 387
3900 0.1 13.908136295449674 0.0 17.851337372543224 0.08128979813033464 12.251133079363397 388
3910 0.1 13.243816254416963 0.0 17.851337372543224 0.08128979813033464 12.255392727733797 389
3920 0.1 14.426369863013699 0.0 17.851337372543224 0.08128979813033464 12.257927147032984 390
3930 0.1 14.057690931214658 0.0 17.851337372543224 0.08128979813033464 12.263473036332169 391
3940 0.1 14.489446662863662 0.0 17.851337372543224 0.08128979813033464 12.268050122798705 392
3950 0.1 13.812589413447782 0.0 17.851337372543224 0.08128979813033464 12.2737025312976 393
3960 0.1 14.20012837886028 0.0 17.851337372543224 0.08128979813033464 12.277608335567017 394
3970 0.1 15.797856935997684 0.0 17.851337372543224 0.08128979813033464 12.282475474917128 395
3980 0.1 15.99444688002338 0.0 17.851337372543224 0.08128979813033464 12.291352700828947 396
3990 0.1 14.56934723610913 0.0 17.851337372543224 0.08128979813033464 12.300680393975531 397
4000 0.1 7.867145685167534 0.0 17.851337372543224 0.08128979813033464 12.30638056192059 398
4010 0.1 12.059224624975649 0.0 17.851337372543224 0.08128979813033464 12.295254659973839 399
4020 0.1 14.249910490511994 0.0 17.851337372543224 0.08128979813033464 12.294664584886343 400
4030 0.1 16.072986333236404 0.0 17.851337372543224 0.08128979813033464 12.299540509838028 401
4040 0.1 14.801236431600891 0.0 17.851337372543224 0.08128979813033464 12.30892719099076 402
4050 0.1 14.58647697061148 0.0 17.851337372543224 0.08128979813033464 12.31511158116597 403
4060 0.1 16.308543958045014 0.0 17.851337372543224 0.08128979813033464 12.320733772724004 404
4070 0.1 10.72296042291756 0.0 17.851337372543224 0.08128979813033464 12.330580217626032 405
4080 0.1 12.725768647456226 0.0 17.851337372543224 0.08128979813033464 12.326620562959263 406
4090 0.1 13.032475748629272 0.0 17.851337372543224 0.08128979813033464 12.32760127078358 407
4100 0.1 15.827338129496402 0.0 17.851337372543224 0.08128979813033464 12.329328904307712 408
4110 0.1 14.61855377184259 0.0 17.851337372543224 0.08128979813033464 12.33788149410035 409
4120 0.1 15.12526171395567 0.0 17.851337372543224 0.08128979813033464 12.343444109411918 410
4130 0.1 15.121040155161266 0.0 17.851337372543224 0.08128979813033464 12.35021252207504 411
4140 0.1 15.457436045671342 0.0 17.851337372543224 0.08128979813033464 12.356937831864085 412
4150 0.1 16.31314235731467 0.0 17.851337372543224 0.08128979813033464 12.364445091461683 413
4160 0.1 14.994956045539704 0.0 17.851337372543224 0.08128979813033464 12.373983007562776 414
4170 0.1 15.561450044208666 0.0 17.851337372543224 0.08128979813033464 12.380298605244649 415
4180 0.1 13.003598391307417 0.0 17.851337372543224 0.08128979813033464 12.387945603896005 416
4190 0.1 9.509538776405234 0.0 17.851337372543224 0.08128979813033464 12.389421989477329 417
4200 0.1 0.3624773451659271 0.0 17.851337372543224 0.08128979813033464 12.382532316718782 418
4210 0.1 12.157488693801543 0.0 17.851337372543224 0.08128979813033464 12.353844834686436 419
4220 0.1 15.88502269288956 0.0 17.851337372543224 0.08128979813033464 12.353377320065281 420
4230 0.1 14.655297008238186 0.0 17.851337372543224 0.08128979813033464 12.361766026414033 421
4240 0.1 14.50064479151741 0.0 17.851337372543224 0.08128979813033464 12.367200933953901 422
4250 0.1 15.341400172860848 0.0 17.851337372543224 0.08128979813033464 12.372244536454051 423
4260 0.1 14.816157806947567 0.0 17.851337372543224 0.08128979813033464 12.379247262011614 424
4270 0.1 14.18318766432175 0.0 17.851337372543224 0.08128979813033464 12.38498116917617 425
4280 0.1 14.118827492295564 0.0 17.851337372543224 0.08128979813033464 12.389202311183553 426
4290 0.1 14.231675112411676 0.0 17.851337372543224 0.08128979813033464 12.393252955635806 427
4300 0.1 15.371768806273597 0.0 17.851337372543224 0.08128979813033464 12.397548334506778 428
4310 0.1 15.475589529097858 0.0 17.851337372543224 0.08128979813033464 12.40448124935938 429
4320 0.1 6.83238159220692 0.0 17.851337372543224 0.08128979813033464 12.411623361637842 430
4330 0.1 14.136798514922177 0.0 17.851337372543224 0.08128979813033464 12.398678485142643 431
4340 0.1 15.426144543622227 0.0 17.851337372543224 0.08128979813033464 12.402701911137502 432
4350 0.1 14.785544938573173 0.0 17.851337372543224 0.08128979813033464 12.409684457632848 433
4360 0.1 15.038893690579084 0.0 17.851337372543224 0.08128979813033464 12.415158790538241 434
4370 0.1 14.887034105626709 0.0 17.851337372543224 0.08128979813033464 12.421190365021094 435
4380 0.1 14.2578125 0.0 17.851337372543224 0.08128979813033464 12.426845969930739 436
4390 0.1 13.968659150535348 0.0 17.851337372543224 0.08128979813033464 12.431035824690623 437
4400 0.1 15.808014090708939 0.0 17.851337372543224 0.08128979813033464 12.434546380229081 438
4410 0.1 6.171869886772694 0.0 17.851337372543224 0.08128979813033464 12.44223081692721 439
4420 0.1 15.654121216499314 0.0 17.851337372543224 0.08128979813033464 12.427979996631406 440
4430 0.1 14.806005648877656 0.0 17.851337372543224 0.08128979813033464 12.435295509601627 441
4440 0.1 0.3760117264674017 0.0 17.851337372543224 0.08128979813033464 12.4406591072018 442
4450 0.1 4.891101431238332 0.0 17.851337372543224 0.08128979813033464 12.4134251402024 443
4460 0.1 15.378474490166194 0.0 17.851337372543224 0.08128979813033464 12.396482969686714 444
4470 0.1 15.174452133794695 0.0 17.851337372543224 0.08128979813033464 12.403184074227116 445
4480 0.1 15.54591467823572 0.0 17.851337372543224 0.08128979813033464 12.409397679741842 446
4490 0.1 14.12895359678692 0.0 17.851337372543224 0.08128979813033464 12.416414496293283 447
4500 0.1 15.897810218978103 0.0 17.851337372543224 0.08128979813033464 12.420237128214028 448
4510 0.1 14.734631815219753 0.0 17.851337372543224 0.08128979813033464 12.427982279863837 449
4520 0.1 13.874051166713523 0.0 17.851337372543224 0.08128979813033464 12.433108167720183 450
4530 0.1 15.556843706977755 0.0 17.851337372543224 0.08128979813033464 12.436303163283362 451
4540 0.1 9.643692392351081 0.0 17.851337372543224 0.08128979813033464 12.443207014043749 452
4550 0.1 16.007890699203625 0.0 17.851337372543224 0.08128979813033464 12.437027070066502 453
4560 0.1 14.547137567644548 0.0 17.851337372543224 0.08128979813033464 12.444892408456672 454
4570 0.1 15.879017013232513 0.0 17.851337372543224 0.08128979813033464 12.449512727487853 455
4580 0.1 16.67152009318579 0.0 17.851337372543224 0.08128979813033464 12.45703357021975 456
4590 0.1 15.042204747132242 0.0 17.851337372543224 0.08128979813033464 12.466255641385978 457
4600 0.1 13.837915030346304 0.0 17.851337372543224 0.08128979813033464 12.471879984411624 458
4610 0.1 15.083022456294346 0.0 17.851337372543224 0.08128979813033464 12.47485609562281 459
4620 0.1 0.7886435331230284 0.0 17.851337372543224 0.08128979813033464 12.480526022493835 460
4630 0.1 4.112554112554113 0.0 17.851337372543224 0.08128979813033464 12.455164021432294 461
4640 0.1 15.084121597227238 0.0 17.851337372543224 0.08128979813033464 12.43710642422693 462
4650 0.1 15.133232780291603 0.0 17.851337372543224 0.08128979813033464 12.442823519632976 463
4660 0.1 14.464464464464463 0.0 17.851337372543224 0.08128979813033464 12.448621815453363 464
4670 0.1 15.479719470754102 0.0 17.851337372543224 0.08128979813033464 12.452956960935106 465
4680 0.1 15.199884958297382 0.0 17.851337372543224 0.08128979813033464 12.459452159454031 466
4690 0.1 14.578981488150976 0.0 17.851337372543224 0.08128979813033464 12.465320323905514 467
4700 0.1 14.283662477558348 0.0 17.851337372543224 0.08128979813033464 12.469836693914587 468
4710 0.1 14.686362663241276 0.0 17.851337372543224 0.08128979813033464 12.473704126289093 469
4720 0.1 14.389733977362843 0.0 17.851337372543224 0.08128979813033464 12.478411910410268 470
4730 0.1 14.815611995982206 0.0 17.851337372543224 0.08128979813033464 12.482469919044986 471
4740 0.1 12.674591381872213 0.0 17.851337372543224 0.08128979813033464 12.487413016665617 472
4750 0.1 9.223773952582007 0.0 17.851337372543224 0.08128979813033464 12.487808742596286 473
4760 0.1 16.72377341984399 0.0 17.851337372543224 0.08128979813033464 12.480922593250263 474
4770 0.1 9.611623358480022 0.0 17.851337372543224 0.08128979813033464 12.489854910779934 475
4780 0.1 14.500954940935134 0.0 17.851337372543224 0.08128979813033464 12.483808205838129 476
4790 0.1 15.48723897911833 0.0 17.851337372543224 0.08128979813033464 12.488037024989275 477
4800 0.1 13.265088505011729 0.0 17.851337372543224 0.08128979813033464 12.494311506064857 478
4810 0.1 15.577524169513701 0.0 17.851337372543224 0.08128979813033464 12.495920643849715 479
4820 0.1 12.025624956479355 0.0 17.851337372543224 0.08128979813033464 12.50234065119485 480
4830 0.1 15.521128809367953 0.0 17.851337372543224 0.08128979813033464 12.501349558274441 481
4840 0.1 12.712051112579864 0.0 17.851337372543224 0.08128979813033464 12.507614660455134 482
4850 0.1 7.529457464715785 0.0 17.851337372543224 0.08128979813033464 12.508037924331168 483
4860 0.1 14.174075136220246 0.0 17.851337372543224 0.08128979813033464 12.497751601067499 484
4870 0.1 2.960136824102092 0.0 17.851337372543224 0.08128979813033464 12.501207938253382 485
4880 0.1 1.1741433220598558 0.0 17.851337372543224 0.08128979813033464 12.48157610468517 486
4890 0.1 0.6271379703534777 0.0 17.851337372543224 0.08128979813033464 12.458357556876903 487
4900 0.1 0.4919972597620975 0.0 17.851337372543224 0.08128979813033464 12.434113254445501 488
4910 0.1 0.3270908158029759 0.0 17.851337372543224 0.08128979813033464 12.4096917493439 489
4916 0.1 0.29923321488685245 0.0 17.851337372543224 0.08128979813033464 12.385033380091775 490
