10 0.1 1
20 0 1
30 0.6 7
40 0.8 15
50 1 25
60 0.7 32
70 0.5 37
80 0.8 45
90 1.1 56
100 0.9 65
110 1.5 80
120 0.9 89
130 0.8 97
140 1.2 109
150 1.3 122
160 2.6 148
170 1 158
180 1.8 176
190 1.7 193
200 1.5 208
210 1.5 223
220 1.2 235
230 2 255
240 2.4 279
250 2.5 304
260 1.8 322
270 2.3 345
280 2.4 369
290 3.4 403
300 3.5 438
310 1.7 455
320 2.8 483
330 2 503
340 3.2 535
350 2.9 564
360 1.8 582
370 2.8 610
380 3.8 648
390 3.6 684
400 4.5 729
410 3.9 768
420 3.6 804
430 2.9 833
440 3.7 870
450 3.7 907
460 3.4 941
470 4 981
480 3.1 1012
490 4.1 1053
500 3.2 1085
510 5.5 1140
520 4.8 1188
530 4.5 1233
540 4.1 1274
550 4.6 1320
560 4.1 1361
570 5.4 1415
580 3.2 1447
590 5 1497
600 5.4 1551
610 4.2 1593
620 3.5 1628
630 6.4 1692
640 5 1742
650 6.9 1811
660 6.4 1875
670 6.4 1939
680 6.9 2008
690 4.1 2049
700 4.9 2098
710 5.2 2150
720 6.4 2214
730 7.5 2289
740 6.7 2356
750 8.8 2444
760 6.7 2511
770 8 2591
780 6.8 2659
790 4.6 2705
800 3.6 2741
810 3.7 2778
820 4.7 2825
830 7.6 2901
840 6.9 2970
850 5 3020
860 6.8 3088
870 7.8 3166
880 6.6 3232
890 7 3302
900 8.5 3387
910 6.6 3453
920 5.7 3510
930 10.4 3614
940 6.5 3679
950 8 3759
960 7.2 3831
970 11.5 3946
980 8.4 4030
990 9.1 4121
1000 9.4 4215
1010 11.5 4330
1020 8.8 4418
1030 12.3 4541
1040 7.8 4619
1050 10.6 4725
1060 11.3 4838
1070 10.4 4942
1080 10.6 5048
1090 11.8 5166
1100 11 5276
1110 9.4 5370
1120 9 5460
1130 8.6 5546
1140 9.7 5643
1150 8.4 5727
1160 9 5817
1170 10.2 5919
1180 11.7 6036
1190 10.7 6143
1200 8 6223
1210 10.3 6326
1220 12.1 6447
1230 13.8 6585
1240 17.4 6759
1250 17.8 6937
1260 18.5 7122
1270 21.6 7338
1280 20.9 7547
1290 22.2 7769
1300 19 7959
1310 18.5 8144
1320 21.9 8363
1330 18.8 8551
1340 19.9 8750
1350 20 8950
1360 18.4 9134
1370 20.6 9340
1380 18.9 9529
1390 21.8 9747
1400 19.1 9938
1410 21.4 10152
1420 17.3 10325
1430 19.1 10516
1440 19.7 10713
1450 19.9 10912
1460 20.7 11119
1470 21.4 11333
1480 21 11543
1490 17.4 11717
1500 19.9 11916
1510 19.6 12112
1520 21 12322
1530 19.9 12521
1540 21.7 12738
1550 20.3 12941
1560 21.3 13154
1570 20.5 13359
1580 21.3 13572
1590 19.5 13767
1600 20.7 13974
1610 20.7 14181
1620 19.1 14372
1630 22.6 14598
1640 17.2 14770
1650 19.4 14964
1660 18.1 15145
1670 19.8 15343
1680 19.5 15538
1690 16.2 15700
1700 22.5 15925
1710 18.6 16111
1720 20.4 16315
1730 19.5 16510
1740 22.1 16731
1750 20.9 16940
1760 18.1 17121
1770 19.4 17315
1780 17.7 17492
1790 19.4 17686
1800 16.7 17853
1810 21.2 18065
1820 21.1 18276
1830 20.1 18477
1840 20.9 18686
1850 19.4 18880
1860 18.9 19069
1870 19 19259
1880 21.9 19478
1890 19.9 19677
1900 18.5 19862
1910 21.9 20081
1920 19.1 20272
1930 21.1 20483
1940 17.6 20659
1950 17.6 20835
1960 20.8 21043
1970 19.4 21237
1980 20.9 21446
1990 21.5 21661
2000 19.7 21858
2010 19.6 22054
2020 22.1 22275
2030 21.2 22487
2040 17.9 22666
2050 19.3 22859
2060 17.9 23038
2070 19.2 23230
2080 18.8 23418
2090 21.8 23636
2100 19.1 23827
2110 21.1 24038
2120 18.4 24222
2130 17.1 24393
2140 21.6 24609
2150 19.3 24802
2160 19.3 24995
2170 22.7 25222
2180 19 25412
2190 21.4 25626
2200 18.7 25813
2210 20 26013
2220 18.5 26198
2230 21.3 26411
2240 17.9 26590
2250 19.8 26788
2260 20.8 26996
2270 19.3 27189
2280 21.1 27400
2290 22.2 27622
2300 20.3 27825
2310 20 28025
2320 21.1 28236
2330 19.5 28431
2340 19.4 28625
2350 19 28815
2360 18.5 29000
2370 18.9 29189
2380 21.8 29407
2390 19.3 29600
2400 18 29780
2410 20.8 29988
2420 21.2 30200
2430 20.1 30401
2440 20.4 30605
2450 20.4 30809
2460 21.7 31026
2470 20.9 31235
2480 18 31415
2490 22.8 31643
2500 19.5 31838
2510 20.7 32045
2520 19.1 32236
2530 20.4 32440
2540 18.1 32621
2550 19.6 32817
2560 22 33037
2570 17.8 33215
2580 19.2 33407
2590 21.4 33621
2600 21.8 33839
2610 22 34059
2620 21.1 34270
2630 22.8 34498
2640 18.6 34684
2650 18.5 34869
2660 17.7 35046
2670 22.3 35269
2680 20.4 35473
2690 19.9 35672
2700 19.3 35865
2710 20.8 36073
2720 19.9 36272
2730 20.3 36475
2740 21.9 36694
2750 20.4 36898
2760 19.9 37097
2770 19.3 37290
2780 19.4 37484
2790 19.7 37681
2800 18.5 37866
2810 21.4 38080
2820 20 38280
2830 21.9 38499
2840 22.7 38726
2850 20.9 38935
2860 20.1 39136
2870 19.9 39335
2880 20 39535
2890 16.1 39696
2900 22.6 39922
2910 19 40112
2920 21.5 40327
2930 17.7 40504
2940 20.1 40705
2950 16.4 40869
2960 21 41079
2970 20.8 41287
2980 20 41487
2990 19.2 41679
3000 19 41869
3010 19.6 42065
3020 21.5 42280
3030 19.4 42474
3040 20.8 42682
3050 19.9 42881
3060 20.7 43088
3070 17.9 43267
3080 19.2 43459
3090 21.1 43670
3100 19.2 43862
3110 19.3 44055
3120 21.8 44273
3130 20.6 44479
3140 22.6 44705
3150 21.2 44917
3160 18.1 45098
3170 20.7 45305
3180 20.8 45513
3190 20.7 45720
3200 19 45910
3210 23.6 46146
3220 19.9 46345
3230 18.8 46533
3240 18.2 46715
3250 18 46895
3260 18.1 47076
3270 23.2 47308
3280 20.4 47512
3290 16.5 47677
3300 21.4 47891
3310 20 48091
3320 16.7 48258
3330 20.9 48467
3340 20.7 48674
3350 21.4 48888
3360 19.4 49082
3370 19.8 49280
3380 20.8 49488
3390 19.4 49682
3400 18.8 49870
3410 18.7 50057
3420 22.4 50281
3430 17.8 50459
3440 20.8 50667
3450 18.2 50849
3460 20.8 51057
3470 20 51257
3480 21.7 51474
3490 18.7 51661
3500 18.7 51848
3510 17.7 52025
3520 19.1 52216
3530 19.6 52412
3540 18.9 52601
3550 19.3 52794
3560 19.4 52988
3570 17.9 53167
3580 20.1 53368
3590 19.9 53567
3600 20.2 53769
3610 18.2 53951
3620 19.6 54147
3630 19 54337
3640 20.1 54538
3650 19.7 54735
3660 19.8 54933
3670 17.1 55104
3680 19.3 55297
3690 22.2 55519
3700 21.1 55730
3710 18.8 55918
3720 18.2 56100
3730 20.3 56303
3740 18.7 56490
3750 20 56690
3760 21.2 56902
3770 20.6 57108
3780 18.9 57297
3790 19.7 57494
3800 19.5 57689
3810 20.3 57892
3820 20.5 58097
3830 20.6 58303
3840 19.1 58494
3850 18.9 58683
3860 19.7 58880
3870 20.1 59081
3880 19.7 59278
3890 18.5 59463
3900 20.8 59671
3910 19.2 59863
3920 16.9 60032
3930 19.8 60230
3940 18.6 60416
3950 20 60616
3960 21 60826
3970 18.7 61013
3980 18.9 61202
3990 19.4 61396
4000 21.4 61610
4010 19.3 61803
4020 19.2 61995
4030 21.2 62207
4040 20.4 62411
4050 17.6 62587
4060 16.8 62755
4070 19.4 62949
4080 19.8 63147
4090 20 63347
4100 19 63537
4110 18.3 63720
4120 18.3 63903
4130 20.8 64111
4140 20.6 64317
4150 18.5 64502
4160 19.7 64699
4170 19.7 64896
4180 18.1 65077
4190 21.9 65296
4200 19.6 65492
4210 18.9 65681
4220 18.6 65867
4230 21.4 66081
4240 17.7 66258
4250 19.9 66457
4260 18 66637
4270 20.3 66840
4280 19 67030
4290 21.1 67241
4300 22.9 67470
4310 19.1 67661
4320 19 67851
4330 20.1 68052
4340 17.8 68230
4350 20.7 68437
4360 19.7 68634
4370 21.3 68847
4380 21.1 69058
4390 18.5 69243
4400 18.7 69430
4410 19.1 69621
4420 21.5 69836
4430 22.2 70058
4440 18.6 70244
4450 21.6 70460
4460 18.5 70645
4470 20.5 70850
4480 19.3 71043
4490 18.7 71230
4500 21.7 71447
4510 21 71657
4520 19.7 71854
4530 17.8 72032
4540 20.1 72233
4550 20.7 72440
4560 22 72660
4570 19.6 72856
4580 20.8 73064
4590 17.6 73240
4600 18.3 73423
4610 18.9 73612
4620 21.5 73827
4630 19.5 74022
4640 19.6 74218
4650 18.2 74400
4660 18.9 74589
4670 20.7 74796
4680 18.1 74977
4690 20.6 75183
4700 18.3 75366
4710 20.9 75575
4720 19.5 75770
4730 21.1 75981
4740 18.1 76162
4750 19.2 76354
4760 20.5 76559
4770 21.2 76771
4780 18.9 76960
4790 19.5 77155
4800 18.9 77344
4810 19.9 77543
4820 18.2 77725
4830 12.2 77847
4840 5.4 77901
4850 12.9 78030
4860 12.1 78151
4870 3.6 78187
4880 1.7 78204
4890 0.9 78213
4900 0.8 78221
4910 0.3 78224
4916 0 78224
