130 0.2 2
140 0 2
150 0 2
160 0 2
170 0 2
180 0 2
190 0 2
200 0 2
210 0 2
220 0 2
230 0 2
240 0.1 3
250 0.1 4
260 0 4
270 0 4
280 0 4
290 0 4
300 0 4
310 0 4
320 0 4
330 0 4
340 0 4
350 0 4
360 0.1 5
370 0.1 6
380 0 6
390 0 6
400 0 6
410 0 6
420 0 6
430 0 6
440 0 6
450 0 6
460 0 6
470 0 6
480 0.1 7
490 0.1 8
500 0 8
510 0 8
520 0 8
530 0 8
540 0 8
550 0 8
560 0 8
570 0 8
580 0 8
590 0 8
600 0.1 9
610 0.1 10
620 0 10
630 0 10
640 0 10
650 0 10
660 0 10
670 0 10
680 0 10
690 0 10
700 0 10
710 0 10
720 0 10
730 0 10
740 0 10
750 0 10
760 0 10
770 0 10
780 0 10
790 0 10
800 0 10
810 0 10
820 0 10
830 0 10
840 0 10
850 0 10
860 0 10
870 0 10
880 0 10
890 0 10
900 0.1 11
910 0.1 12
920 0 12
930 0 12
940 0 12
950 0 12
960 0 12
970 0 12
980 0 12
990 0 12
1000 0 12
1010 0 12
1020 0 12
1030 0 12
1040 0 12
1050 0 12
1060 0 12
1070 0 12
1080 0 12
1090 0 12
1100 0 12
1110 0 12
1120 0 12
1130 0 12
1140 0 12
1150 0 12
1160 0 12
1170 0 12
1180 0 12
1190 0 12
1200 0.1 13
1210 0.1 14
1220 0 14
1230 0 14
1240 0 14
1250 0 14
1260 0 14
1270 0 14
1280 0 14
1290 0 14
1300 0 14
1310 0 14
1320 0 14
1330 0 14
1340 0 14
1350 0 14
1360 0 14
1370 0 14
1380 0 14
1390 0 14
1400 0 14
1410 0 14
1420 0 14
1430 0 14
1440 0 14
1450 0 14
1460 0 14
1470 0 14
1480 0 14
1490 0 14
1500 0 14
1510 0 14
1520 0 14
1530 0 14
1540 0 14
1550 0 14
1560 0 14
1570 0 14
1580 0 14
1590 0 14
1600 0 14
1610 0 14
1620 0 14
1630 0 14
1640 0 14
1650 0 14
1660 0 14
1670 0 14
1680 0 14
1690 0 14
1700 0 14
1710 0 14
1720 0 14
1730 0 14
1740 0 14
1750 0 14
1760 0 14
1770 0 14
1780 0 14
1790 0 14
1800 0 14
1810 0 14
1820 0 14
1830 0 14
1840 0 14
1850 0 14
1860 0 14
1870 0 14
1880 0 14
1890 0 14
1900 0 14
1910 0 14
1920 0 14
1930 0 14
1940 0 14
1950 0 14
1960 0 14
1970 0 14
1980 0 14
1990 0 14
2000 0 14
2010 0 14
2020 0 14
2030 0 14
2040 0 14
2050 0 14
2060 0 14
2070 0 14
2080 0 14
2090 0 14
2100 0 14
2110 0 14
2120 0 14
2130 0 14
2140 0 14
2150 0 14
2160 0 14
2170 0 14
2180 0 14
2190 0 14
2200 0 14
2210 0 14
2220 0 14
2230 0 14
2240 0 14
2250 0 14
2260 0 14
2270 0 14
2280 0 14
2290 0 14
2300 0 14
2310 0 14
2320 0 14
2330 0 14
2340 0 14
2350 0 14
2360 0 14
2370 0 14
2380 0 14
2390 0 14
2400 0 14
2410 0 14
2420 0 14
2430 0 14
2440 0 14
2450 0 14
2460 0 14
2470 0 14
2480 0 14
2490 0 14
2500 0 14
2510 0 14
2520 0 14
2530 0 14
2540 0 14
2550 0 14
2560 0 14
2570 0 14
2580 0 14
2590 0 14
2600 0 14
2610 0 14
2620 0 14
2630 0 14
2640 0 14
2650 0 14
2660 0 14
2670 0 14
2680 0 14
2690 0 14
2700 0 14
2710 0 14
2720 0 14
2730 0 14
2740 0 14
2750 0 14
2760 0 14
2770 0 14
2780 0 14
2790 0 14
2800 0 14
2810 0 14
2820 0 14
2830 0 14
2840 0 14
2850 0 14
2860 0 14
2870 0 14
2880 0 14
2890 0 14
2900 0 14
2910 0 14
2920 0 14
2930 0 14
2940 0 14
2950 0 14
2960 0 14
2970 0 14
2980 0 14
2990 0 14
3000 0 14
3010 0 14
3020 0 14
3030 0 14
3040 0 14
3050 0 14
3060 0 14
3070 0 14
3080 0 14
3090 0 14
3100 0 14
3110 0 14
3120 0 14
3130 0 14
3140 0 14
3150 0 14
3160 0 14
3170 0 14
3180 0 14
3190 0 14
3200 0 14
3210 0 14
3220 0 14
3230 0 14
3240 0 14
3250 0 14
3260 0 14
3270 0 14
3280 0 14
3290 0 14
3300 0 14
3310 0 14
3320 0 14
3330 0 14
3340 0 14
3350 0 14
3360 0 14
3370 0 14
3380 0 14
3390 0 14
3400 0 14
3410 0 14
3420 0 14
3430 0 14
3440 0 14
3450 0 14
3460 0 14
3470 0 14
3480 0 14
3490 0 14
3500 0 14
3510 0 14
3520 0 14
3530 0 14
3540 0 14
3550 0 14
3560 0 14
3570 0 14
3580 0 14
3590 0 14
3600 0 14
3610 0 14
3620 0 14
3630 0 14
3640 0 14
3650 0 14
3660 0 14
3670 0 14
3680 0 14
3690 0 14
3700 0 14
3710 0 14
3720 0 14
3730 0 14
3740 0 14
3750 0 14
3760 0 14
3770 0 14
3780 0 14
3790 0 14
3800 0 14
3810 0 14
3820 0 14
3830 0 14
3840 0 14
3850 0 14
3860 0 14
3870 0 14
3880 0 14
3890 0 14
3900 0 14
3910 0 14
3920 0 14
3930 0 14
3940 0 14
3950 0 14
3960 0 14
3970 0 14
3980 0 14
3990 0 14
4000 0 14
4010 0 14
4020 0 14
4030 0 14
4040 0 14
4050 0 14
4060 0 14
4070 0 14
4080 0 14
4090 0 14
4100 0 14
4110 0 14
4120 0 14
4130 0 14
4140 0 14
4150 0 14
4160 0 14
4170 0 14
4180 0 14
4190 0 14
4200 0 14
4210 0 14
4220 0 14
4230 0 14
4240 0 14
4250 0 14
4260 0 14
4270 0 14
4280 0 14
4290 0 14
4300 0 14
4310 0 14
4320 0 14
4330 0 14
4340 0 14
4350 0 14
4360 0 14
4370 0 14
4380 0 14
4390 0 14
4400 0 14
4410 0 14
4420 0 14
4430 0 14
4440 0 14
4450 0 14
4460 0 14
4470 0 14
4480 0 14
4490 0 14
4500 0 14
4510 0 14
4520 0 14
4530 0 14
4540 0 14
4550 0 14
4560 0 14
4570 0 14
4580 0 14
4590 0 14
4600 0 14
4610 0 14
4620 0 14
4630 0 14
4640 0 14
4650 0 14
4660 0 14
4670 0 14
4680 0 14
4690 0 14
4700 0 14
4710 0 14
4720 0 14
4730 0 14
4740 0 14
4750 0 14
4760 0 14
4770 0 14
4780 0 14
4790 0 14
4800 0 14
4810 0 14
4820 0 14
4830 0 14
4840 0 14
4850 0 14
4860 0 14
4870 0 14
4880 0 14
4890 0 14
4900 0 14
4910 0 14
4916 0 14
