0 0 0
10 8 8
20 16 16
30 22 25
40 20 25
50 24 25
60 24 25
70 29 30
80 33 34
90 32 35
100 33 35
110 27 35
120 25 35
130 36 36
140 44 46
150 50 52
160 41 52
170 48 52
180 53 53
190 49 53
200 50 53
210 51 53
220 57 57
230 68 68
240 72 73
250 70 77
260 73 77
270 85 86
280 96 98
290 82 98
300 72 98
310 84 98
320 77 98
330 87 98
340 80 98
350 84 98
360 97 100
370 101 106
380 107 109
390 121 121
400 111 130
410 109 130
420 104 130
430 108 130
440 103 130
450 108 130
460 109 130
470 118 130
480 134 135
490 135 136
500 151 154
510 134 154
520 125 154
530 122 154
540 136 154
550 137 154
560 128 154
570 126 154
580 143 154
590 146 157
600 138 157
610 152 157
620 177 178
630 185 194
640 196 202
650 209 209
660 210 213
670 216 223
680 222 225
690 259 259
700 280 286
710 298 301
720 293 309
730 283 309
740 280 309
750 275 309
760 283 309
770 270 309
780 282 309
790 314 314
800 353 376
810 387 387
820 407 412
830 400 414
840 398 414
850 406 414
860 406 414
870 412 421
880 415 425
890 412 425
900 401 425
910 437 437
920 467 471
930 448 482
940 480 484
950 510 512
960 541 545
970 511 545
980 512 545
990 537 547
1000 528 547
1010 519 547
1020 555 555
1030 539 559
1040 571 573
1050 551 575
1060 552 575
1070 556 575
1080 555 575
1090 507 575
1100 492 575
1110 495 575
1120 502 575
1130 521 575
1140 523 575
1150 538 575
1160 552 575
1170 555 575
1180 544 575
1190 530 575
1200 582 584
1210 631 631
1220 721 726
1230 780 780
1240 806 814
1250 829 831
1260 853 858
1270 828 858
1280 842 858
1290 812 858
1300 818 858
1310 833 858
1320 797 858
1330 813 858
1340 812 858
1350 804 858
1360 823 858
1370 819 858
1380 835 858
1390 810 858
1400 799 858
1410 797 858
1420 842 858
1430 854 860
1440 851 860
1450 854 873
1460 832 873
1470 833 873
1480 818 873
1490 857 873
1500 877 880
1510 882 893
1520 854 893
1530 845 893
1540 832 893
1550 840 893
1560 839 893
1570 843 893
1580 834 893
1590 826 893
1600 821 893
1610 823 893
1620 821 893
1630 779 893
1640 791 893
1650 808 893
1660 794 893
1670 788 893
1680 798 893
1690 834 893
1700 808 893
1710 837 893
1720 846 893
1730 854 893
1740 812 893
1750 792 893
1760 772 893
1770 781 893
1780 805 893
1790 816 893
1800 852 893
1810 826 893
1820 797 893
1830 811 893
1840 815 893
1850 823 893
1860 834 893
1870 839 893
1880 817 893
1890 829 893
1900 837 893
1910 827 893
1920 826 893
1930 795 893
1940 813 893
1950 833 893
1960 841 893
1970 834 893
1980 857 893
1990 846 893
2000 841 893
2010 844 893
2020 817 893
2030 804 893
2040 790 893
2050 805 893
2060 824 893
2070 831 893
2080 848 893
2090 807 893
2100 811 893
2110 815 893
2120 839 893
2130 879 893
2140 833 893
2150 831 893
2160 840 893
2170 807 893
2180 806 893
2190 805 893
2200 818 893
2210 814 893
2220 827 893
2230 827 893
2240 827 893
2250 845 893
2260 846 893
2270 880 893
2280 867 893
2290 851 893
2300 831 893
2310 831 893
2320 809 893
2330 781 893
2340 793 893
2350 800 893
2360 825 893
2370 815 893
2380 811 893
2390 824 893
2400 861 893
2410 858 893
2420 840 893
2430 845 893
2440 826 893
2450 811 893
2460 823 893
2470 805 893
2480 830 893
2490 809 893
2500 835 893
2510 807 893
2520 810 893
2530 804 893
2540 817 893
2550 828 893
2560 817 893
2570 851 893
2580 866 893
2590 866 893
2600 876 893
2610 860 893
2620 828 893
2630 794 893
2640 801 893
2650 813 893
2660 840 893
2670 837 893
2680 840 893
2690 836 893
2700 850 893
2710 850 893
2720 858 893
2730 878 893
2740 848 893
2750 806 893
2760 807 893
2770 807 893
2780 826 893
2790 831 893
2800 876 893
2810 875 893
2820 880 893
2830 861 893
2840 827 893
2850 818 893
2860 820 893
2870 810 893
2880 836 893
2890 854 893
2900 832 893
2910 820 893
2920 793 893
2930 809 893
2940 795 893
2950 836 893
2960 822 893
2970 813 893
2980 809 893
2990 846 893
3000 856 893
3010 862 893
3020 855 893
3030 833 893
3040 808 893
3050 805 893
3060 809 893
3070 840 893
3080 833 893
3090 799 893
3100 828 893
3110 856 893
3120 865 893
3130 862 893
3140 833 893
3150 832 893
3160 861 893
3170 847 893
3180 854 893
3190 847 893
3200 854 893
3210 783 893
3220 779 893
3230 810 893
3240 813 893
3250 840 893
3260 852 893
3270 806 893
3280 807 893
3290 826 893
3300 797 893
3310 809 893
3320 829 893
3330 829 893
3340 833 893
3350 821 893
3360 825 893
3370 815 893
3380 828 893
3390 839 893
3400 843 893
3410 834 893
3420 797 893
3430 817 893
3440 788 893
3450 822 893
3460 823 893
3470 828 893
3480 778 893
3490 794 893
3500 806 893
3510 819 893
3520 811 893
3530 806 893
3540 801 893
3550 812 893
3560 810 893
3570 810 893
3580 800 893
3590 785 893
3600 789 893
3610 817 893
3620 807 893
3630 809 893
3640 800 893
3650 791 893
3660 792 893
3670 849 893
3680 829 893
3690 808 893
3700 776 893
3710 789 893
3720 819 893
3730 834 893
3740 847 893
3750 837 893
3760 804 893
3770 820 893
3780 839 893
3790 834 893
3800 847 893
3810 826 893
3820 822 893
3830 817 893
3840 799 893
3850 811 893
3860 795 893
3870 804 893
3880 800 893
3890 790 893
3900 768 893
3910 797 893
3920 812 893
3930 810 893
3940 822 893
3950 821 893
3960 822 893
3970 816 893
3980 808 893
3990 828 893
4000 817 893
4010 811 893
4020 808 893
4030 780 893
4040 752 893
4050 775 893
4060 804 893
4070 805 893
4080 789 893
4090 779 893
4100 795 893
4110 801 893
4120 818 893
4130 805 893
4140 795 893
4150 830 893
4160 818 893
4170 834 893
4180 833 893
4190 816 893
4200 811 893
4210 805 893
4220 812 893
4230 798 893
4240 809 893
4250 814 893
4260 830 893
4270 840 893
4280 844 893
4290 835 893
4300 801 893
4310 817 893
4320 811 893
4330 787 893
4340 820 893
4350 822 893
4360 849 893
4370 816 893
4380 805 893
4390 818 893
4400 818 893
4410 848 893
4420 828 893
4430 818 893
4440 827 893
4450 811 893
4460 826 893
4470 847 893
4480 851 893
4490 843 893
4500 836 893
4510 833 893
4520 840 893
4530 854 893
4540 865 893
4550 845 893
4560 813 893
4570 805 893
4580 778 893
4590 805 893
4600 821 893
4610 855 893
4620 822 893
4630 809 893
4640 798 893
4650 809 893
4660 800 893
4670 800 893
4680 815 893
4690 820 893
4700 827 893
4710 824 893
4720 821 893
4730 812 893
4740 820 893
4750 828 893
4760 807 893
4770 815 893
4780 822 893
4790 856 893
4800 794 893
4810 682 893
4820 500 893
4830 378 893
4840 324 893
4850 195 893
4860 74 893
4870 38 893
4880 21 893
4890 12 893
4900 4 893
4910 1 893
4916 1 893
