0 0.1 3.46738823652852 0 3.46738823652852 3.46738823652852 0 0
10 0.1 3.4645669291338583 0.0 3.46738823652852 3.4645669291338583 3.46738823652852 1
20 0.1 0.17508754377188596 0.0 3.46738823652852 0.17508754377188596 3.465977582831189 2
30 0.1 18.12460667086218 0.0 18.12460667086218 0.17508754377188596 2.369014236478088 3
40 0.1 13.385826771653544 0.0 18.12460667086218 0.17508754377188596 6.307912345074111 4
50 0.1 12.456242707117852 0.0 18.12460667086218 0.17508754377188596 7.7234952303899975 5
60 0.1 6.79399727148704 0.0 18.12460667086218 0.17508754377188596 8.512286476511306 6
70 0.1 11.689419795221843 0.0 18.12460667086218 0.17508754377188596 8.26681659007927 7
80 0.1 10.755148741418765 0.0 18.12460667086218 0.17508754377188596 8.69464199072209 8
90 0.1 4.859469398476491 0.0 18.12460667086218 0.17508754377188596 8.923587185243942 9
100 0.1 11.11111111111111 0.0 18.12460667086218 0.17508754377188596 8.517175406567198 10
110 0.1 4.863864657679091 0.0 18.12460667086218 0.17508754377188596 8.752987743343917 11
120 0.1 5.7097118463180365 0.0 18.12460667086218 0.17508754377188596 8.428894152871848 12
130 0.1 6.423982869379015 0.0 18.12460667086218 0.17508754377188596 8.21972628313694 13
140 0.1 8.5667215815486 0.0 18.12460667086218 0.17508754377188596 8.091458896439944 14
150 0.1 5.595523581135091 0.0 18.12460667086218 0.17508754377188596 8.123143075447187 15
160 0.1 14.365125804564071 0.0 18.12460667086218 0.17508754377188596 7.965166857052681 16
170 0.1 9.284712482468443 0.0 18.12460667086218 0.17508754377188596 8.341635030435704 17
180 0.1 7.7091906721536345 0.0 18.12460667086218 0.17508754377188596 8.3940282222153 18
190 0.1 7.029356315647724 0.0 18.12460667086218 0.17508754377188596 8.357984140633107 19
200 0.1 5.6000000000000005 0.0 18.12460667086218 0.17508754377188596 8.291552749383838 20
210 0.1 7.361299052774019 0.0 18.12460667086218 0.17508754377188596 8.16338357084175 21
220 0.1 5.968558486544098 0.0 18.12460667086218 0.17508754377188596 8.126925183656853 22
230 0.1 7.483731019522777 0.0 18.12460667086218 0.17508754377188596 8.033083153347603 23
240 0.1 7.66304347826087 0.0 18.12460667086218 0.17508754377188596 8.010193481104901 24
250 0.1 6.4921186214266635 0.0 18.12460667086218 0.17508754377188596 7.99630748099114 25
260 0.1 5.653804930332262 0.0 18.12460667086218 0.17508754377188596 7.938454063315584 26
270 0.1 5.223880597014925 0.0 18.12460667086218 0.17508754377188596 7.853837428760646 27
280 0.1 2.7870967741935484 0.0 18.12460667086218 0.17508754377188596 7.759910399055442 28
290 0.1 10.478099055253363 0.0 18.12460667086218 0.17508754377188596 7.588434067163652 29
300 0.1 10.392156862745098 0.0 18.12460667086218 0.17508754377188596 7.684756233433308 30
310 0.1 9.203980099502488 0.0 18.12460667086218 0.17508754377188596 7.772091737604657 31
320 0.1 7.875507442489852 0.0 18.12460667086218 0.17508754377188596 7.816838248913964 32
330 0.1 12.54325259515571 0.0 18.12460667086218 0.17508754377188596 7.818616103264747 33
340 0.1 7.5621075621075615 0.0 18.12460667086218 0.17508754377188596 7.95757600008507 34
350 0.1 8.865347086701979 0.0 18.12460667086218 0.17508754377188596 7.946276901857141 35
360 0.1 12.690504103165297 0.0 18.12460667086218 0.17508754377188596 7.971806629213942 36
370 0.1 5.785347391186807 0.0 18.12460667086218 0.17508754377188596 8.09933899337479 37
380 0.1 7.220412595005429 0.0 18.12460667086218 0.17508754377188596 8.038444477527738 38
390 0.1 13.865175154548131 0.0 18.12460667086218 0.17508754377188596 8.017469301052808 39
400 0.1 13.236574746008708 0.0 18.12460667086218 0.17508754377188596 8.16366194739019 40
410 0.1 9.015486725663717 0.0 18.12460667086218 0.17508754377188596 8.287391527844301 41
420 0.1 10.85972850678733 0.0 18.12460667086218 0.17508754377188596 8.304727127792383 42
430 0.1 10.194986072423399 0.0 18.12460667086218 0.17508754377188596 8.364145764513195 43
440 0.1 7.497940126338917 0.0 18.12460667086218 0.17508754377188596 8.405755771511153 44
450 0.1 5.661404463799673 0.0 18.12460667086218 0.17508754377188596 8.385582090507326 45
460 0.1 7.3606152156001095 0.0 18.12460667086218 0.17508754377188596 8.32636083775281 46
470 0.1 10.843031507238148 0.0 18.12460667086218 0.17508754377188596 8.305813058558073 47
480 0.1 10.83001705514497 0.0 18.12460667086218 0.17508754377188596 8.358671776238907 48
490 0.1 16.79640718562874 0.0 18.12460667086218 0.17508754377188596 8.409107394175766 49
500 0.1 9.68906163242643 0.0 18.12460667086218 0.17508754377188596 8.576853390004826 50
510 0.1 11.088709677419354 0.0 18.12460667086218 0.17508754377188596 8.59866139475819 51
520 0.1 8.688433868289984 0.0 18.12460667086218 0.17508754377188596 8.64654693865552 52
530 0.1 4.750593824228028 0.0 18.12460667086218 0.17508754377188596 8.647337258082585 53
540 0.1 4.057591623036649 0.0 18.12460667086218 0.17508754377188596 8.575175342640833 54
550 0.1 9.118541033434651 0.0 18.12460667086218 0.17508754377188596 8.493037456829848 55
560 0.1 12.485515643105446 0.0 18.12460667086218 0.17508754377188596 8.504207163554934 56
570 0.1 4.337539432176656 0.0 18.12460667086218 0.17508754377188596 8.57405468074003 57
580 0.1 8.240843507214207 0.0 18.12460667086218 0.17508754377188596 8.501011314385488 58
590 0.1 5.975773889636608 0.0 18.12460667086218 0.17508754377188596 8.496601690535128 59
600 0.1 8.0896419786827 0.0 18.12460667086218 0.17508754377188596 8.454587893853487 60
610 0.1 12.908777969018933 0.0 18.12460667086218 0.17508754377188596 8.448605173932654 61
620 0.1 12.532115329717385 0.0 18.12460667086218 0.17508754377188596 8.520543444821143 62
630 0.1 19.387442572741197 0.0 19.387442572741197 0.17508754377188596 8.584219189025845 63
640 0.1 20.031152647975077 0.0 20.031152647975077 0.17508754377188596 8.753019554396397 64
650 0.1 16.997593261131165 0.0 20.031152647975077 0.17508754377188596 8.926529294297609 65
660 0.1 14.417086917828536 0.0 20.031152647975077 0.17508754377188596 9.048818142279936 66
670 0.1 8.705234159779614 0.0 20.031152647975077 0.17508754377188596 9.128941556840363 67
680 0.1 11.372660238230289 0.0 20.031152647975077 0.17508754377188596 9.122710565707116 68
690 0.1 10.1364522417154 0.0 20.031152647975077 0.17508754377188596 9.155318531975569 69
700 0.1 12.603364699173083 0.0 20.031152647975077 0.17508754377188596 9.169334727828993 70
710 0.1 15.014749262536872 0.0 20.031152647975077 0.17508754377188596 9.217701347143699 71
720 0.1 14.318975552968569 0.0 20.031152647975077 0.17508754377188596 9.29821590152416 72
730 0.1 12.698871854208852 0.0 20.031152647975077 0.17508754377188596 9.366993430996 73
740 0.1 16.80241327300151 0.0 20.031152647975077 0.17508754377188596 9.412018815093472 74
750 0.1 19.189438133251457 0.0 20.031152647975077 0.17508754377188596 9.51055740786558 75
760 0.1 20.05004691898655 0.0 20.05004691898655 0.17508754377188596 9.637911101620656 76
770 0.1 22.150259067357513 0.0 22.150259067357513 0.17508754377188596 9.77313364470333 77
780 0.1 17.207890743550834 0.0 22.150259067357513 0.17508754377188596 9.931814739865564 78
790 0.1 10.008505812305076 0.0 22.150259067357513 0.17508754377188596 10.023916967760314 79
800 0.1 5.758464409490802 0.0 22.150259067357513 0.17508754377188596 10.023724328317124 80
810 0.1 11.003696332101223 0.0 22.150259067357513 0.17508754377188596 9.97106679845507 81
820 0.1 11.556064073226544 0.0 22.150259067357513 0.17508754377188596 9.983659841548315 82
830 0.1 12.755997659449973 0.0 22.150259067357513 0.17508754377188596 10.002604470845643 83
840 0.1 14.432384863596361 0.0 22.150259067357513 0.17508754377188596 10.03538296118617 84
850 0.1 12.152479220406994 0.0 22.150259067357513 0.17508754377188596 10.08711239533217 85
860 0.1 19.350887936313534 0.0 22.150259067357513 0.17508754377188596 10.111128288646995 86
870 0.1 15.715566178667464 0.0 22.150259067357513 0.17508754377188596 10.217332422528218 87
880 0.1 10.206389595702573 0.0 22.150259067357513 0.17508754377188596 10.279812351575254 88
890 0.1 9.89319842608207 0.0 22.150259067357513 0.17508754377188596 10.278987376790168 89
900 0.1 21.584786053882727 0.0 22.150259067357513 0.17508754377188596 10.274700832893412 90
910 0.1 28.22392535821393 0.0 28.22392535821393 0.17508754377188596 10.398987483673514 91
920 0.1 24.416694051922445 0.0 28.22392535821393 0.17508754377188596 10.59273680839678 92
930 0.1 47.5629569455727 0.0 47.5629569455727 0.17508754377188596 10.741381509940066 93
940 0.1 32.26713532513181 0.0 47.5629569455727 0.17508754377188596 11.133100397553177 94
950 0.1 28.81646655231561 0.0 47.5629569455727 0.17508754377188596 11.355563923106638 95
960 0.1 33.83404864091559 0.0 47.5629569455727 0.17508754377188596 11.537448325494232 96
970 0.1 37.919586868314276 0.0 47.5629569455727 0.17508754377188596 11.767310184416102 97
980 0.1 35.264663805436335 0.0 47.5629569455727 0.17508754377188596 12.03417015057833 98
990 0.1 32.066344160331724 0.0 47.5629569455727 0.17508754377188596 12.268821601637502 99
1000 0.1 32.998614958448755 0.0 47.5629569455727 0.17508754377188596 12.466796827224444 100
1010 0.1 34.69896686854293 0.0 47.5629569455727 0.17508754377188596 12.670082155256368 101
1020 0.1 31.573426573426573 0.0 47.5629569455727 0.17508754377188596 12.886051613229766 102
1030 0.1 38.00221157390343 0.0 47.5629569455727 0.17508754377188596 13.067482438086046 103
1040 0.1 21.830314585319353 0.0 47.5629569455727 0.17508754377188596 13.307239449007367 104
1050 0.1 18.42982722036981 0.0 47.5629569455727 0.17508754377188596 13.38841159316272 105
1060 0.1 31.939564300773014 0.0 47.5629569455727 0.17508754377188596 13.435972117947692 106
1070 0.1 27.663798808735933 0.0 47.5629569455727 0.17508754377188596 13.608902886011482 107
1080 0.1 24.868938401048492 0.0 47.5629569455727 0.17508754377188596 13.739040811221892 108
1090 0.1 22.769427566357532 0.0 47.5629569455727 0.17508754377188596 13.841149963422138 109
1100 0.1 20.50805452292441 0.0 47.5629569455727 0.17508754377188596 13.922316123448823 110
1110 0.1 24.792013311148086 0.0 47.5629569455727 0.17508754377188596 13.981647100020675 111
1120 0.1 25.44437129690586 0.0 47.5629569455727 0.17508754377188596 14.078168226905742 112
1130 0.1 36.142454160789846 0.0 47.5629569455727 0.17508754377188596 14.17875409478185 113
1140 0.1 38.39383938393839 0.0 47.5629569455727 0.17508754377188596 14.371418130448586 114
1150 0.1 28.3987915407855 0.0 47.5629569455727 0.17508754377188596 14.58030875004415 115
1160 0.1 21.67143311089927 0.0 47.5629569455727 0.17508754377188596 14.699433601688472 116
1170 0.1 20.151850680164504 0.0 47.5629569455727 0.17508754377188596 14.759023341083436 117
1180 0.1 33.87266971508969 0.0 47.5629569455727 0.17508754377188596 14.804725267685816 118
1190 0.1 26.974358974358974 0.0 47.5629569455727 0.17508754377188596 14.964960094974924 119
1200 0.1 33.904484141450965 0.0 47.5629569455727 0.17508754377188596 15.06503841896979 120
1210 0.1 10.788499857671505 0.0 47.5629569455727 0.17508754377188596 15.220736317502693 121
1220 0.1 1.2882040919424096 0.0 47.5629569455727 0.17508754377188596 15.184406510454895 122
1230 0.1 1.9377868434472207 0.0 47.5629569455727 0.17508754377188596 15.071429255019835 123
1240 0.1 0.6074411541381929 0.0 47.5629569455727 0.17508754377188596 14.965512783958765 124
1250 0.1 0.09995002498750624 0.0 47.5629569455727 0.09995002498750624 14.850648210920198 125
1260 0.1 0.3017349761126477 0.0 47.5629569455727 0.09995002498750624 14.73357917769851 126
1270 0.1 0.3003754693366708 0.0 47.5629569455727 0.09995002498750624 14.619942609182086 127
1280 0.1 0.10005002501250625 0.0 47.5629569455727 0.09995002498750624 14.508070990902043 128
1290 0.1 0.14992503748125938 0.0 47.5629569455727 0.09995002498750624 14.396380905895148 129
1300 0.1 0.17517517517517517 0.0 47.5629569455727 0.09995002498750624 14.286792783830427 130
