10 0.1 1
20 0 1
30 0.4 5
40 0.2 7
50 0.4 11
60 0.6 17
70 0.5 22
80 0.3 25
90 0.3 28
100 0.8 36
110 0.6 42
120 0.3 45
130 0.1 46
140 0.7 53
150 0.3 56
160 0.7 63
170 0.8 71
180 0.4 75
190 0.2 77
200 0.7 84
210 0.4 88
220 0.6 94
230 0.4 98
240 0.7 105
250 0.2 107
260 0.4 111
270 0 111
280 0.6 117
290 0.6 123
300 0.5 128
310 0.5 133
320 0.8 141
330 0.9 150
340 0.3 153
350 0.8 161
360 0.7 168
370 0.4 172
380 0.6 178
390 1.1 189
400 0.6 195
410 0.4 199
420 0.9 208
430 0.7 215
440 0.6 221
450 0.2 223
460 0.7 230
470 0.4 234
480 1.2 246
490 1 256
500 0.6 262
510 0.6 268
520 0.8 276
530 0.4 280
540 0.6 286
550 0.5 291
560 0.7 298
570 0.5 303
580 0.5 308
590 1 318
600 0.4 322
610 1 332
620 0.8 340
630 0.9 349
640 1.2 361
650 1.2 373
660 1.2 385
670 1 395
680 0.8 403
690 0.9 412
700 0.8 420
710 0.9 429
720 0.7 436
730 1 446
740 1.2 458
750 1.1 469
760 1.3 482
770 1.8 500
780 1 510
790 1 520
800 0.8 528
810 0.9 537
820 0.6 543
830 1.2 555
840 1.4 569
850 0.8 577
860 1.4 591
870 0.8 599
880 0.9 608
890 1.3 621
900 1.4 635
910 1.3 648
920 1.1 659
930 2.6 685
940 1.9 704
950 2.1 725
960 2.7 752
970 2.5 777
980 1.9 796
990 2.2 818
1000 1.9 837
1010 1.7 854
1020 2.3 877
1030 2.4 901
1040 1.9 920
1050 1.3 933
1060 1.5 948
1070 1.9 967
1080 1.7 984
1090 1.7 1001
1100 1.2 1013
1110 2 1033
1120 1.1 1044
1130 2 1064
1140 2 1084
1150 1.5 1099
1160 2.2 1121
1170 1.3 1134
1180 1.8 1152
1190 1.4 1166
1200 2.1 1187
1210 1.7 1204
1220 0.4 1208
1230 0.5 1213
1240 0.1 1214
1250 0 1214
1260 0.1 1215
1270 0.1 1216
1280 0 1216
1290 0 1216
1300 0 1216
