0 0.1 1.23046875 0 1.23046875 1.23046875 0 0
10 0.1 1.0390625 0.0 1.23046875 1.0390625 1.23046875 1
20 0.1 1.1015625 0.0 1.23046875 1.0390625 1.134765625 2
30 0.1 1.3203125 0.0 1.3203125 1.0390625 1.1236979166666667 3
40 0.1 1.5 0.0 1.5 1.0390625 1.1728515625 4
50 0.1 1.5 0.0 1.5 1.0390625 1.23828125 5
60 0.1 1.421875 0.0 1.5 1.0390625 1.2819010416666667 6
70 0.1 1.51171875 0.0 1.51171875 1.0390625 1.3018973214285714 7
80 0.1 1.3515625 0.0 1.51171875 1.0390625 1.328125 8
90 0.1 1.37109375 0.0 1.51171875 1.0390625 1.3307291666666667 9
100 0.1 1.30859375 0.0 1.51171875 1.0390625 1.334765625 10
110 0.1 1.328125 0.0 1.51171875 1.0390625 1.3323863636363635 11
120 0.1 1.19921875 0.0 1.51171875 1.0390625 1.3320312499999998 12
130 0.1 1.08984375 0.0 1.51171875 1.0390625 1.3218149038461535 13
140 0.1 1.078125 0.0 1.51171875 1.0390625 1.3052455357142854 14
150 0.1 1.0703125 0.0 1.51171875 1.0390625 1.2901041666666664 15
160 0.1 1.2109375 0.0 1.51171875 1.0390625 1.2763671874999998 16
170 0.1 1.48046875 0.0 1.51171875 1.0390625 1.272518382352941 17
180 0.1 1.41015625 0.0 1.51171875 1.0390625 1.2840711805555554 18
190 0.1 1.578125 0.0 1.578125 1.0390625 1.290707236842105 19
200 0.1 1.71875 0.0 1.71875 1.0390625 1.3050781249999999 20
210 0.1 1.6015625 0.0 1.71875 1.0390625 1.3247767857142856 21
220 0.1 1.5 0.0 1.71875 1.0390625 1.3373579545454544 22
230 0.1 1.3515625 0.0 1.71875 1.0390625 1.3444293478260867 23
240 0.1 1.140625 0.0 1.71875 1.0390625 1.3447265624999998 24
250 0.1 1.0390625 0.0 1.71875 1.0390625 1.3365624999999997 25
260 0.1 1.33984375 0.0 1.71875 1.0390625 1.325120192307692 26
270 0.1 1.2109375 0.0 1.71875 1.0390625 1.325665509259259 27
280 0.1 1.1796875 0.0 1.71875 1.0390625 1.3215680803571426 28
290 0.1 1.0 0.0 1.71875 1.0 1.316675646551724 29
300 0.1 0.83984375 0.0 1.71875 0.83984375 1.3061197916666665 30
310 0.1 0.87109375 0.0 1.71875 0.83984375 1.2910786290322578 31
320 0.1 0.96875 0.0 1.71875 0.83984375 1.2779541015624998 32
330 0.1 0.98046875 0.0 1.71875 0.83984375 1.26858428030303 33
340 0.1 1.05859375 0.0 1.71875 0.83984375 1.2601102941176467 34
350 0.1 1.28125 0.0 1.71875 0.83984375 1.254352678571428 35
360 0.1 1.23828125 0.0 1.71875 0.83984375 1.2550998263888884 36
370 0.1 1.19921875 0.0 1.71875 0.83984375 1.25464527027027 37
380 0.1 1.08984375 0.0 1.71875 0.83984375 1.2531866776315785 38
390 0.1 1.078125 0.0 1.71875 0.83984375 1.2489983974358971 39
400 0.1 1.0703125 0.0 1.71875 0.83984375 1.2447265624999997 40
410 0.1 1.26953125 0.0 1.71875 0.83984375 1.2404725609756093 41
420 0.1 1.30859375 0.0 1.71875 0.83984375 1.241164434523809 42
430 0.1 2.1796875 0.0 2.1796875 0.83984375 1.2427325581395343 43
440 0.1 2.0703125 0.0 2.1796875 0.83984375 1.264026988636363 44
450 0.1 1.91015625 0.0 2.1796875 0.83984375 1.2819444444444439 45
460 0.1 2.41015625 0.0 2.41015625 0.83984375 1.2956012228260863 46
470 0.1 2.3515625 0.0 2.41015625 0.83984375 1.3193151595744674 47
480 0.1 2.5390625 0.0 2.5390625 0.83984375 1.3408203124999993 48
490 0.1 2.76171875 0.0 2.76171875 0.83984375 1.3652742346938769 49
500 0.1 2.6484375 0.0 2.76171875 0.83984375 1.3932031249999994 50
510 0.1 2.46875 0.0 2.76171875 0.83984375 1.4178155637254897 51
520 0.1 2.25 0.0 2.76171875 0.83984375 1.4380258413461533 52
530 0.1 1.91015625 0.0 2.76171875 0.83984375 1.4533461084905654 53
540 0.1 1.609375 0.0 2.76171875 0.83984375 1.4618055555555551 54
550 0.1 1.359375 0.0 2.76171875 0.83984375 1.4644886363636358 55
560 0.1 1.30859375 0.0 2.76171875 0.83984375 1.4626116071428565 56
570 0.1 1.1796875 0.0 2.76171875 0.83984375 1.4599095394736836 57
580 0.1 1.1484375 0.0 2.76171875 0.83984375 1.4550781249999996 58
590 0.1 0.96875 0.0 2.76171875 0.83984375 1.449880826271186 59
600 0.1 1.05859375 0.0 2.76171875 0.83984375 1.4418619791666663 60
610 0.1 0.96875 0.0 2.76171875 0.83984375 1.4355788934426226 61
620 0.1 0.98046875 0.0 2.76171875 0.83984375 1.4280493951612898 62
630 0.1 0.98828125 0.0 2.76171875 0.83984375 1.42094494047619 63
640 0.1 1.1484375 0.0 2.76171875 0.83984375 1.4141845703124996 64
650 0.1 1.8984375 0.0 2.76171875 0.83984375 1.4100961538461534 65
660 0.1 1.91015625 0.0 2.76171875 0.83984375 1.4174952651515147 66
670 0.1 2.2109375 0.0 2.76171875 0.83984375 1.424848414179104 67
680 0.1 2.01953125 0.0 2.76171875 0.83984375 1.4364085477941173 68
690 0.1 2.08984375 0.0 2.76171875 0.83984375 1.444859601449275 69
700 0.1 1.921875 0.0 2.76171875 0.83984375 1.4540736607142852 70
710 0.1 2.0 0.0 2.76171875 0.83984375 1.4606624119718306 71
720 0.1 1.83984375 0.0 2.76171875 0.83984375 1.4681532118055551 72
730 0.1 1.7109375 0.0 2.76171875 0.83984375 1.4732448630136983 73
740 0.1 1.53125 0.0 2.76171875 0.83984375 1.4764569256756752 74
750 0.1 1.44140625 0.0 2.76171875 0.83984375 1.4771874999999997 75
760 0.1 1.37890625 0.0 2.76171875 0.83984375 1.476716694078947 76
770 0.1 1.23828125 0.0 2.76171875 0.83984375 1.4754464285714282 77
780 0.1 1.28125 0.0 2.76171875 0.83984375 1.472405849358974 78
790 0.1 1.30078125 0.0 2.76171875 0.83984375 1.469986155063291 79
800 0.1 1.171875 0.0 2.76171875 0.83984375 1.46787109375 80
810 0.1 1.1484375 0.0 2.76171875 0.83984375 1.4642168209876543 81
820 0.1 1.0390625 0.0 2.76171875 0.83984375 1.4603658536585367 82
830 0.1 1.0390625 0.0 2.76171875 0.83984375 1.4552899096385543 83
840 0.1 1.26953125 0.0 2.76171875 0.83984375 1.4503348214285716 84
850 0.1 1.5390625 0.0 2.76171875 0.83984375 1.4482077205882355 85
860 0.1 1.44921875 0.0 2.76171875 0.83984375 1.4492641715116283 86
870 0.1 1.5390625 0.0 2.76171875 0.83984375 1.4492636494252877 87
880 0.1 1.37109375 0.0 2.76171875 0.83984375 1.4502840909090913 88
890 0.1 1.4609375 0.0 2.76171875 0.83984375 1.449394311797753 89
900 0.1 1.390625 0.0 2.76171875 0.83984375 1.4495225694444447 90
910 0.1 1.33984375 0.0 2.76171875 0.83984375 1.4488753434065937 91
920 0.1 1.69140625 0.0 2.76171875 0.83984375 1.4476902173913047 92
930 0.1 2.3515625 0.0 2.76171875 0.83984375 1.4503108198924735 93
940 0.1 2.1484375 0.0 2.76171875 0.83984375 1.4598986037234045 94
950 0.1 1.8984375 0.0 2.76171875 0.83984375 1.4671463815789476 95
960 0.1 2.05078125 0.0 2.76171875 0.83984375 1.4716389973958337 96
970 0.1 2.26171875 0.0 2.76171875 0.83984375 1.4776095360824746 97
980 0.1 2.05859375 0.0 2.76171875 0.83984375 1.4856106505102045 98
990 0.1 2.2890625 0.0 2.76171875 0.83984375 1.4913983585858588 99
1000 0.1 2.25 0.0 2.76171875 0.83984375 1.4993750000000003 100
1010 0.1 2.28125 0.0 2.76171875 0.83984375 1.5068069306930696 101
1020 0.1 2.16015625 0.0 2.76171875 0.83984375 1.5143995098039218 102
1030 0.1 2.05859375 0.0 2.76171875 0.83984375 1.520668992718447 103
1040 0.1 1.96875 0.0 2.76171875 0.83984375 1.5258413461538465 104
1050 0.1 1.8984375 0.0 2.76171875 0.83984375 1.530059523809524 105
1060 0.1 1.98828125 0.0 2.76171875 0.83984375 1.5335347877358494 106
1070 0.1 2.140625 0.0 2.76171875 0.83984375 1.5377847546728975 107
1080 0.1 1.87890625 0.0 2.76171875 0.83984375 1.5433666087962965 108
1090 0.1 1.75 0.0 2.76171875 0.83984375 1.5464449541284406 109
1100 0.1 1.640625 0.0 2.76171875 0.83984375 1.5482954545454548 110
1110 0.1 2.66015625 0.0 2.76171875 0.83984375 1.5491272522522526 111
1120 0.1 2.41015625 0.0 2.76171875 0.83984375 1.5590471540178574 112
1130 0.1 2.4296875 0.0 2.76171875 0.83984375 1.5665790929203542 113
1140 0.1 2.58984375 0.0 2.76171875 0.83984375 1.574150219298246 114
1150 0.1 2.48828125 0.0 2.76171875 0.83984375 1.582982336956522 115
1160 0.1 2.578125 0.0 2.76171875 0.83984375 1.5907866379310347 116
1170 0.1 2.62890625 0.0 2.76171875 0.83984375 1.5992254273504276 117
1180 0.1 2.37890625 0.0 2.76171875 0.83984375 1.6079515360169494 118
1190 0.1 2.33984375 0.0 2.76171875 0.83984375 1.6144301470588238 119
1200 0.1 3.828125 0.0 3.828125 0.83984375 1.620475260416667 120
1210 0.1 4.140625 0.0 4.140625 0.83984375 1.6387202995867771 121
1220 0.1 3.5 0.0 4.140625 0.83984375 1.6592277151639347 122
1230 0.1 3.109375 0.0 4.140625 0.83984375 1.6741933434959353 123
1240 0.1 3.078125 0.0 4.140625 0.83984375 1.6857673891129035 124
1250 0.1 2.609375 0.0 4.140625 0.83984375 1.6969062500000003 125
1260 0.1 2.359375 0.0 4.140625 0.83984375 1.7041480654761907 126
1270 0.1 2.0 0.0 4.140625 0.83984375 1.7093073326771655 127
1280 0.1 1.69140625 0.0 4.140625 0.83984375 1.7115783691406252 128
1290 0.1 1.4296875 0.0 4.140625 0.83984375 1.7114219961240311 129
1300 0.1 1.37109375 0.0 4.140625 0.83984375 1.709254807692308 130
