310 0.1 1
320 0 1
330 0 1
340 0 1
350 0 1
360 0 1
370 0 1
380 0 1
390 0 1
400 0 1
410 0 1
420 0 1
430 0 1
440 0 1
450 0 1
460 0 1
470 0 1
480 0 1
490 0 1
500 0 1
510 0 1
520 0 1
530 0 1
540 0 1
550 0 1
560 0 1
570 0 1
580 0 1
590 0 1
600 0.1 2
610 0 2
620 0 2
630 0 2
640 0 2
650 0 2
660 0 2
670 0 2
680 0 2
690 0 2
700 0 2
710 0 2
720 0 2
730 0 2
740 0 2
750 0 2
760 0 2
770 0 2
780 0 2
790 0 2
800 0 2
810 0 2
820 0 2
830 0 2
840 0 2
850 0 2
860 0 2
870 0 2
880 0.1 3
890 0 3
900 0 3
910 0 3
920 0 3
930 0 3
940 0 3
950 0 3
960 0 3
970 0 3
980 0 3
990 0 3
1000 0 3
1010 0 3
1020 0 3
1030 0 3
1040 0 3
1050 0 3
1060 0 3
1070 0 3
1080 0 3
1090 0 3
1100 0 3
1110 0 3
1120 0 3
1130 0 3
1140 0 3
1150 0 3
1160 0 3
1170 0 3
1180 0 3
1190 0 3
1200 0 3
1210 0 3
1220 0 3
1230 0 3
1240 0 3
1250 0 3
1260 0 3
1270 0 3
1280 0 3
1290 0 3
1300 0 3
