10 0.6 291.6380615234375 170.40317005130302 548.216064453125 100.089111328125 0 0
20 1.1 373.42722389914775 212.10320203895859 739.215087890625 100.089111328125 291.6380615234375 6
30 2.4 728.296844482422 881.4723051985427 2650.0830078125 29.93408203125 344.5604607077206 17
40 2.4 240.41051228841147 141.55760359624136 2650.0830078125 29.93408203125 569.1866365758385 41
50 1.7 170.70355583639707 114.565298230772 2650.0830078125 29.93408203125 447.79237530048084 65
60 3.9 198.79891576522436 117.6934690981395 2650.0830078125 29.93408203125 390.3471322408537 82
70 2.9 194.25082502693965 117.65839019489484 2650.0830078125 25.613037109375 328.608450897469 121
80 2.6 108.83727088341348 68.74205256106653 2650.0830078125 25.613037109375 302.63264322916666 150
90 2.7 203.44257269965277 113.85559248022908 2650.0830078125 25.613037109375 274.0037814053622 176
100 2 213.01177978515625 120.74091039729147 2650.0830078125 25.613037109375 264.6187930553417 203
110 1.7 119.95889820772058 61.50727979743806 2650.0830078125 25.613037109375 259.990361371917 223
120 2.1 164.87077985491072 115.76960605032723 2650.0830078125 25.613037109375 250.0714660644531 240
130 2.1 169.99226888020831 109.18833261003742 2650.0830078125 25.613037109375 243.21623843839797 261
140 2.7 118.58326099537041 79.07165009390346 2650.0830078125 25.613037109375 237.76338964151148 282
150 2.7 179.2246455439815 136.79697841197162 2650.0830078125 25.613037109375 227.34959199281954 309
160 2.9 212.1498181573276 177.81102571714013 2650.0830078125 25.613037109375 223.4824087960379 336
170 2.8 151.00616455078125 86.96764059950738 2650.0830078125 25.613037109375 222.5820111836472 365
180 2.5 133.06103515625 99.55920432369575 2650.0830078125 25.1728515625 217.48245976960078 393
190 1.7 118.97641888786765 82.56312003414624 2650.0830078125 25.1728515625 212.43333150325205 418
200 3.3 112.70262192234848 86.88078417756843 2650.0830078125 25.06201171875 208.78099238954738 435
210 2.5 122.0547265625 76.6411917478017 2650.0830078125 25.06201171875 202.00623549762952 468
220 2.4 174.395263671875 128.23121316322843 2650.0830078125 25.06201171875 197.95189934473248 493
230 2.5 128.639716796875 95.99170616377617 2650.0830078125 24.97998046875 196.85836113167912 517
240 2.6 143.05454664963943 104.86648327694432 2650.0830078125 24.97998046875 193.71174469557192 542
250 1.8 150.58905707465277 102.7193308254606 2650.0830078125 24.97998046875 191.39292929206093 568
260 1.5 144.74373372395834 90.04388654396115 2650.0830078125 24.97998046875 190.13956802941019 586
270 1.2 124.19085693359375 73.400791303924 2650.0830078125 24.97998046875 189.00656051762687 601
280 3.1 172.92886844758064 132.3476364668152 2650.0830078125 24.860107421875 187.73773760896717 613
290 3.3 181.1605779474432 136.73893037508813 2650.0830078125 24.415771484375 187.02488831703707 644
300 2.1 136.65497116815476 92.15807015953439 2650.0830078125 23.802978515625 186.73903566977475 677
310 3.5 138.11385323660716 134.82976807538054 2650.0830078125 23.150146484375 185.23220851428187 698
320 3.7 168.66436602618242 111.8109918383238 2650.0830078125 23.150146484375 182.98235526091406 733
330 3 155.38434244791668 109.75174711257051 2650.0830078125 23.150146484375 182.29434798599837 770
340 2.9 169.41616716056035 127.25945257035785 2650.0830078125 23.150146484375 181.2852227783203 800
350 4.7 160.45318733377664 115.63033521315418 2650.0830078125 22.89111328125 180.87002059145055 829
360 2.8 172.03187779017858 116.77449763684162 2650.0830078125 22.89111328125 179.77459688926942 876
370 2.5 141.781162109375 107.31190892849098 2650.0830078125 22.89111328125 179.5347781561117 904
380 3.9 125.92613181089743 98.08176625247924 2650.0830078125 22.89111328125 178.51880355851387 929
390 5.3 198.45575987617926 170.9631331928878 2650.0830078125 22.14697265625 176.39988393231857 968
400 3.1 132.03944052419354 95.26105125561953 2650.0830078125 22.14697265625 177.54480207631917 1021
410 3.1 131.4225444178427 91.48798130123886 2650.0830078125 22.14697265625 176.20386461613296 1052
420 3.9 165.75477639222757 130.74003171577607 2650.0830078125 22.14697265625 174.92203550611725 1083
430 3 152.5651611328125 94.74852943760372 2650.0830078125 22.14697265625 174.6033874620516 1122
440 2.5 108.32517578125 75.70640759435284 2650.0830078125 22.14697265625 174.02947531806097 1152
450 3 154.1248942057291 147.12208176260845 2650.0830078125 22.14697265625 172.63388696766143 1177
460 2.7 129.97845232928242 97.21089833416342 2650.0830078125 22.14697265625 172.17384572254298 1207
470 4.1 168.8865579744665 142.29557403895453 2650.0830078125 22.14697265625 171.25060777957862 1234
480 5.3 191.2935998304835 146.8494793951045 2650.0830078125 21.1650390625 171.17458735447303 1275
490 5 109.1788232421875 87.19399657271953 2650.0830078125 21.1650390625 171.9775298704584 1328
500 3.9 138.33814728565707 87.41781018454309 2650.0830078125 21.1650390625 169.6989120682715 1378
510 3.7 165.21439505912164 118.10788829413484 2650.0830078125 21.1650390625 168.8357717531537 1417
520 2.2 132.8738125887784 112.72286681991696 2650.0830078125 21.1650390625 168.74361842600158 1454
530 1.9 111.7015316611842 82.46324820921338 2650.0830078125 21.1650390625 168.20897362354972 1476
540 3 115.38837076822915 86.90366753868524 2650.0830078125 21.1650390625 167.49081884275714 1495
550 4.7 158.73155439660906 138.7970080228973 2650.0830078125 21.1650390625 166.46585265112708 1525
560 2.7 148.68720160590274 116.1893750811033 2650.0830078125 21.1650390625 166.23461090942075 1572
570 3.2 147.93409729003906 100.86233157796602 2650.0830078125 21.1650390625 165.9383131913501 1599
580 2.5 121.58994140625002 93.71325202155239 2650.0830078125 21.1650390625 165.58507290389335 1631
590 3 108.58365071614584 88.66649098067764 2650.0830078125 21.1650390625 164.92089519408594 1656
600 3.8 166.80056923314146 125.11245199121414 2650.0830078125 21.1650390625 163.91845312152472 1686
610 4.7 148.69525016622342 118.95976867576258 2650.0830078125 21.012939453125 163.98198004277845 1724
620 5.1 135.43228687959564 121.56323352486294 2650.0830078125 20.208984375 163.5762904300184 1771
630 7.8 195.72755471254007 158.96735593897824 2650.0830078125 20.208984375 162.78850547882652 1822
640 5.8 256.5956526131466 175.71327657008254 2650.0830078125 20.208984375 164.14074013157898 1900
650 4.6 139.43022354789406 96.8155687542489 2650.0830078125 20.208984375 166.87944540427097 1958
660 4 181.07907104492188 134.00508544181972 2650.0830078125 20.208984375 166.24937344549187 2004
670 5.2 120.39297720102164 94.8149588437716 2650.0830078125 20.199951171875 166.53958279186034 2044
680 4.5 157.7281467013889 126.8856537446203 2650.0830078125 20.199951171875 165.39472425620977 2096
690 4.6 118.77787979789402 93.35733453524068 2650.0830078125 20.199951171875 165.23358647481467 2141
700 4.3 161.26184933684593 127.60716239456758 2650.0830078125 20.199951171875 164.25646598686848 2187
710 5.5 186.44457563920454 141.70681074048278 2650.0830078125 20.199951171875 164.19872225774247 2230
720 4.2 131.7080833798363 111.91428427335742 2650.0830078125 19.921142578125 164.73418043541443 2285
730 5.7 146.61485745614036 134.07055575804333 2650.0830078125 19.921142578125 164.1380927360873 2327
740 7.7 125.43401227678567 107.98894449747011 2650.0830078125 19.85302734375 163.7191227650483 2384
750 8.2 166.07895269626528 137.97717723373177 2650.0830078125 19.498046875 162.52125461893036 2461
760 6.6 200.60024192116478 156.61005810302566 2650.0830078125 19.498046875 162.6359739434846 2543
770 6.9 179.9979938009511 127.16341064535078 2650.0830078125 19.498046875 163.5963578785275 2609
780 4 211.36007690429688 139.18799000503262 2650.0830078125 19.498046875 164.01895417376545 2678
790 3.1 113.58947360131049 85.99617090776725 2650.0830078125 19.498046875 164.7156594383796 2718
800 4 118.9009033203125 90.94140657985227 2650.0830078125 19.498046875 164.1391182375978 2749
810 4.9 153.72291533801015 125.4184588831429 2650.0830078125 19.498046875 163.49030913157722 2789
820 5 142.89384765625002 149.24265945836808 2650.0830078125 19.498046875 163.32166843535285 2838
830 5.7 133.78610711348688 98.1428412244007 2650.0830078125 19.498046875 162.9680011780969 2888
840 6.5 143.24912484975954 122.14916454820082 2650.0830078125 19.498046875 162.40319032523348 2945
850 6.5 146.0288198617788 124.26537683286831 2650.0830078125 19.4111328125 161.9895643265937 3010
860 6 145.64079996744792 121.79435035593856 2650.0830078125 18.8271484375 161.65218273628054 3075
870 5.7 156.7909299616228 127.9027608408701 2650.0830078125 18.8271484375 161.34574478855168 3135
880 4.7 167.00202584773933 155.10213129360486 2650.0830078125 18.8271484375 161.2644088094994 3192
890 5.6 130.04375784737718 110.71332590252653 2650.0830078125 18.8271484375 161.34766537041244 3239
900 8.3 244.30775837725903 204.37716352566733 2650.0830078125 18.8271484375 160.81564144892837 3295
910 8.6 155.74304766987638 138.3528867766118 2650.0830078125 18.8271484375 162.86710554160197 3378
920 12.4 218.66137301537293 205.3166092768815 2650.0830078125 18.8271484375 162.6902380540245 3464
930 13.7 290.0911054402372 266.3553236952544 2650.0830078125 18.8271484375 164.6245805108827 3588
940 10.3 198.5277135163835 180.34738693079032 2650.0830078125 18.8271484375 169.2390540451972 3725
950 10.4 270.50888765775244 283.1481807057582 2650.0830078125 18.8271484375 170.02712403619307 3828
960 12.5 244.502927734375 210.18259674854664 2650.0830078125 18.8271484375 172.68483090716006 3932
970 10.7 283.02638544100466 248.44166001620823 2650.0830078125 18.8271484375 174.89761427008878 4057
980 10.1 244.71188263845914 211.71885190469706 2650.0830078125 18.8271484375 177.67613936982175 4164
990 10.7 212.429931640625 181.7238898729675 2650.0830078125 18.8271484375 179.26362121510482 4265
1000 11.1 204.22000149563627 199.3561961703934 2650.0830078125 18.5361328125 180.07533100822712 4372
1010 10.4 218.4241426908052 202.42562203429722 2650.0830078125 18.5361328125 180.67315800445786 4483
1020 11.6 343.68331172548494 365.94192248228586 2650.0830078125 18.5361328125 181.52907743052722 4587
1030 7.7 269.19955166903424 209.72013397810878 2650.0830078125 18.5361328125 185.52862903125336 4703
1040 8.3 190.872173263366 217.059979314635 2650.0830078125 18.5361328125 186.8764660695607 4780
1050 7.2 144.442379421658 137.28043216054292 2650.0830078125 18.5361328125 186.94466341627793 4863
1060 10.7 220.2752925124124 190.94895829219877 2650.0830078125 18.5361328125 186.32456930328652 4935
1070 9.4 239.23242966672208 251.13074813669925 2650.0830078125 18.154052734375 187.0450626359673 5042
1080 7.8 181.31507599659454 164.15603669056128 2650.0830078125 18.154052734375 188.00020525685727 5136
1090 9.1 185.607427240728 168.76998651036575 2650.0830078125 18.154052734375 187.9001975694195 5214
1100 7.6 168.8970754523027 183.46267926763903 2650.0830078125 18.154052734375 187.8608682386163 5305
1110 9.1 176.69222988925137 170.58174193901124 2650.0830078125 18.154052734375 187.59302801342398 5381
1120 9.3 235.15794848370297 258.40101584614666 2650.0830078125 18.154052734375 187.41174646567183 5472
1130 10.3 328.37066472618335 419.61300246010404 2650.0830078125 18.154052734375 188.2096614320109 5565
1140 9.5 243.49546155427632 238.23192765318487 2650.0830078125 18.154052734375 190.75669448411037 5668
1150 7 230.94607282366073 194.1768061315533 2650.0830078125 18.154052734375 191.62606510213323 5763
1160 7.2 205.01829020182294 214.23201580279274 2650.0830078125 18.154052734375 192.09793215862334 5833
1170 9.2 170.12590756623646 173.13029119073576 2650.0830078125 18.14599609375 192.25547081723644 5905
1180 11.4 206.50984914679276 193.1746689566827 2650.0830078125 18.14599609375 191.91598110253042 5997
1190 9 212.12266710069446 189.62302108329106 2650.0830078125 18.14599609375 192.18822802726385 6111
1200 8 315.6426239013672 329.81487173939047 2650.0830078125 18.14599609375 192.47755225184193 6201
1210 3.3 140.8954190340909 110.27970367099059 2650.0830078125 18.14599609375 194.0462842582043 6281
1220 0.5 84.03662109375 29.850981550196853 2650.0830078125 18.14599609375 193.76849227968106 6314
1230 0.9 144.94637044270834 118.3953142289007 2650.0830078125 18.14599609375 193.68166535201377 6319
1240 0.1 45.01904296875 0.0 2650.0830078125 18.14599609375 193.61235156342593 6328
1250 0 0 0 2650.0830078125 18.14599609375 193.588873398061 6329
1260 0.1 137.68994140625 0.0 2650.0830078125 18.14599609375 193.588873398061 6329
1270 0.1 99.43212890625 0.0 2650.0830078125 18.14599609375 193.5800426031176 6330
1280 0 0 0 2650.0830078125 18.14599609375 193.56517166429325 6331
1290 0 0 0 2650.0830078125 18.14599609375 193.56517166429325 6331
1300 0 0 0 2650.0830078125 18.14599609375 193.56517166429325 6331
