10 0.1 1770.0810546875 0 1770.0810546875 1770.0810546875 0 0
20 0 0 0 1770.0810546875 1770.0810546875 1770.0810546875 1
30 0.4 20525.65966796875 1339.31259111439 21969.570068359375 1770.0810546875 1770.0810546875 1
40 0.2 27770.052856445313 8002.4339599609375 35772.48681640625 1770.0810546875 16774.5439453125 5
50 0.4 28844.428955078125 7160.497092448282 39279.8798828125 1770.0810546875 19916.117919921875 7
60 0.6 30166.481363932293 4933.234262143061 39279.8798828125 1770.0810546875 23162.77647816051 11
70 0.5 26941.020849609376 8136.393614734734 40274.629150390625 1770.0810546875 25634.67232019761 17
80 0.3 40848.183349609375 14671.518052706297 61252.321044921875 1770.0810546875 25931.56971324574 22
90 0.3 30000.649088541668 6707.2946922851215 61252.321044921875 1770.0810546875 27721.563349609376 25
100 0.8 40938.79318237305 11999.73613566093 61252.321044921875 1770.0810546875 27965.75110735212 28
110 0.6 42700.83732096354 9831.662283900103 61252.321044921875 1770.0810546875 30848.64934624566 36
120 0.3 31036.050862630207 6369.468029861811 61252.321044921875 1770.0810546875 32541.81905691964 42
130 0.1 34908.157958984375 0.0 61252.321044921875 1770.0810546875 32441.43451063368 45
140 0.7 41543.60205078125 17521.934026510495 71902.85913085938 1770.0810546875 32495.058933423912 46
150 0.3 40746.261393229164 8595.318547906465 71902.85913085938 1770.0810546875 33690.1495338296 53
160 0.7 27364.681012834822 6429.565819991237 71902.85913085938 1770.0810546875 34068.155526297436 56
170 0.8 39058.051666259766 11953.515036096405 71902.85913085938 1770.0810546875 33323.32502480159 63
180 0.4 32638.36004638672 10462.236786199275 71902.85913085938 1770.0810546875 33969.49140693772 71
190 0.2 27002.326049804688 3338.0020751953125 71902.85913085938 1770.0810546875 33898.497734375 75
200 0.7 33954.60508510045 5368.280198521944 71902.85913085938 1770.0810546875 33719.37639191863 77
210 0.4 30074.36651611328 4416.673940642467 71902.85913085938 1770.0810546875 33738.97878301711 84
220 0.6 36675.92264811198 11237.855725901445 71902.85913085938 1770.0810546875 33572.405498157845 88
230 0.4 32279.370971679688 4601.441115672544 71902.85913085938 1770.0810546875 33770.50233751662 94
240 0.7 28420.709856305803 9112.855554800642 71902.85913085938 1770.0810546875 33709.63983278858 98
250 0.2 37245.135986328125 8227.402099609375 71902.85913085938 1770.0810546875 33357.04450102307 105
260 0.4 34892.22625732422 8106.542409253559 71902.85913085938 1770.0810546875 33429.719108225036 107
270 0 0 0 71902.85913085938 1770.0810546875 33482.42206855293 111
280 0.6 31326.06131998698 9891.035838365156 71902.85913085938 1770.0810546875 33482.42206855293 111
290 0.6 34931.76615397135 16327.83854183069 71902.85913085938 1770.0810546875 33371.83946606237 117
300 0.5 47323.853759765625 22657.741841662988 89845.35913085938 1770.0810546875 33447.93345083841 123
310 0.5 33357.52060546875 8168.370001253115 89845.35913085938 1770.0810546875 33989.961587905884 128
320 0.8 33952.035888671875 10940.107829400158 89845.35913085938 1770.0810546875 33966.185611122535 133
330 0.9 25890.609456380207 4704.630511603535 89845.35913085938 1770.0810546875 33965.38278999058 141
340 0.3 32535.707112630207 6146.948501535934 89845.35913085938 1770.0810546875 33480.89638997396 150
350 0.8 28349.998748779297 6533.45052928829 89845.35913085938 1770.0810546875 33462.36326688879 153
360 0.7 27204.118268694197 11277.35020995273 89845.35913085938 1770.0810546875 33208.332731827446 161
370 0.4 32198.986755371094 9447.77394040061 89845.35913085938 1770.0810546875 32958.157129196894 168
380 0.6 34044.764322916664 8707.484356112027 89845.35913085938 1770.0810546875 32940.5020042242 172
390 1.1 27227.454145951706 5761.692533159193 89845.35913085938 1770.0810546875 32977.724329573386 178
400 0.6 27620.196166992188 5987.4295406650035 89845.35913085938 1770.0810546875 32643.05251994461 189
410 0.4 31271.419006347656 6761.4600185231375 89845.35913085938 1770.0810546875 32488.50309369992 195
420 0.9 31982.465657552082 19148.008228196133 89845.35913085938 1770.0810546875 32464.039091944094 199
430 0.7 30078.53955078125 10488.376957132128 89845.35913085938 1770.0810546875 32443.201779879055 208
440 0.6 43498.97603352865 13092.262979658688 89845.35913085938 1770.0810546875 32366.21277707122 215
450 0.2 22003.081420898438 2180.6385498046875 89845.35913085938 1770.0810546875 32668.459743309882 221
460 0.7 39978.449462890625 16375.954092815115 89845.35913085938 1770.0810546875 32572.806126068524 223
470 0.4 27180.126525878906 9678.521548743316 89845.35913085938 1770.0810546875 32798.19527110224 230
480 1.2 34656.51108805338 14475.657917912122 89845.35913085938 1770.0810546875 32702.159907936028 234
490 1 30015.153051757814 12099.851808960431 89845.35913085938 1770.0810546875 32797.49411184419 246
500 0.6 38587.77681477865 9304.581592452047 89845.35913085938 1770.0810546875 32688.80891418457 256
510 0.6 28713.160766601563 7450.579469042049 89845.35913085938 1770.0810546875 32823.89978213711 262
520 0.8 39749.78823852539 10543.834864888237 89845.35913085938 1770.0810546875 32731.868311640043 268
530 0.4 29308.276916503906 13261.793049278198 89845.35913085938 1770.0810546875 32935.28628053527 276
540 0.6 59527.03796386719 11980.230782059465 89845.35913085938 1770.0810546875 32883.4718610491 280
550 0.5 35277.6423828125 13564.930837628059 89845.35913085938 1770.0810546875 33442.42779327605 286
560 0.7 30145.212437220984 7653.432120130248 89845.35913085938 1770.0810546875 33473.960690003485 291
570 0.5 38811.84384765625 10904.846749269958 89845.35913085938 1770.0810546875 33395.768616951544 298
580 0.5 35870.64560546875 11904.739800622865 89845.35913085938 1770.0810546875 33485.142795676045 303
590 1 45127.83500976562 20164.06911101505 93933.19506835938 1770.0810546875 33523.86849064021 308
600 0.4 35508.7607421875 15237.174670650853 93933.19506835938 1770.0810546875 33888.77309815988 318
610 1 31354.42109375 9546.590391446058 93933.19506835938 1770.0810546875 33908.89716827202 322
620 0.8 38219.427154541016 13458.379273769011 93933.19506835938 1770.0810546875 33831.955117834616 332
630 0.9 31938.360460069445 11293.735060214232 93933.19506835938 1770.0810546875 33935.18975399241 340
640 1.2 28433.841451009113 7499.907271305178 93933.19506835938 1770.0810546875 33883.69558881961 349
650 1.2 31867.205017089844 5611.841255362717 93933.19506835938 1770.0810546875 33702.537002521196 361
660 1.2 34730.93383789063 8857.897577763566 93933.19506835938 1770.0810546875 33643.49146947783 373
670 1 39840.54301757812 18098.101988393053 93933.19506835938 1770.0810546875 33677.385777064716 385
680 0.8 28034.87124633789 4577.74535955879 93933.19506835938 1770.0810546875 33833.415074292905 395
690 0.9 27915.844780815973 4976.9120544397365 93933.19506835938 1770.0810546875 33718.3075045072 403
700 0.8 27079.22573852539 10973.813692172183 93933.19506835938 1770.0810546875 33591.554678018794 412
710 0.9 32401.77121310764 11202.57882730238 93933.19506835938 1770.0810546875 33467.51031726654 420
720 0.7 28931.158551897322 9643.647618376477 93933.19506835938 1770.0810546875 33445.15215424223 429
730 1 34293.38427734375 6839.310530399514 93933.19506835938 1770.0810546875 33372.67977989266 436
740 1.2 37999.891621907555 19806.254404844505 93933.19506835938 1770.0810546875 33393.32337849021 446
750 1.1 31392.353271484375 12441.521609813333 93933.19506835938 1770.0810546875 33514.01948967145 458
760 1.3 31281.372708834133 8709.649043831356 93933.19506835938 1770.0810546875 33464.25759542826 469
770 1.8 34036.22705078125 9708.151796566888 93933.19506835938 1770.0810546875 33405.38310678568 482
780 1 37238.678881835935 12445.679226985289 93933.19506835938 1770.0810546875 33428.09348876952 500
790 1 31008.029565429686 9668.919161685111 93933.19506835938 1770.0810546875 33502.810849417874 510
800 0.8 46882.67492675781 29211.18408258039 98227.48315429688 1770.0810546875 33454.83428626426 520
810 0.9 41018.074245876734 18596.04995100467 98227.48315429688 1770.0810546875 33658.286417180825 528
820 0.6 28401.004923502605 3690.923738712536 98227.48315429688 1770.0810546875 33781.63481654444 537
830 1.2 27538.675618489582 7443.071469964517 98227.48315429688 1770.0810546875 33722.18034258818 543
840 1.4 38335.7149483817 28602.97271470823 117374.06396484375 1770.0810546875 33588.482943148214 555
850 0.8 35086.231506347656 11344.065200970921 117374.06396484375 1770.0810546875 33705.286542573995 569
860 1.4 27346.731410435266 9307.769652438756 117374.06396484375 1770.0810546875 33724.43309319824 577
870 0.8 30029.765533447266 5921.297585079253 117374.06396484375 1770.0810546875 33573.35386551858 591
880 0.9 36790.11865234375 17460.952440652884 117374.06396484375 1770.0810546875 33526.02714322047 599
890 1.3 36923.58608774038 14105.940224131044 117374.06396484375 1770.0810546875 33574.34428726999 608
900 1.4 36750.00113351005 16307.02811790963 117374.06396484375 1770.0810546875 33644.45723961478 621
910 1.3 25216.574049729566 7832.6694113134035 117374.06396484375 1770.0810546875 33712.925923889634 635
920 1.1 36672.46615323154 17793.911019624597 117374.06396484375 1770.0810546875 33542.474420241364 648
930 2.6 32056.201265775242 13042.021554829778 117374.06396484375 1770.0810546875 33594.720109259404 659
940 1.9 32005.285747327303 8225.48536427099 117374.06396484375 1770.0810546875 33536.32377359431 685
950 2.1 34857.15865652902 11034.120453584772 117374.06396484375 1770.0810546875 33495.00314504449 704
960 2.7 41117.981689453125 14102.362410977028 117374.06396484375 1770.0810546875 33534.45868399784 725
970 2.5 32375.727109375 10694.21527162719 117374.06396484375 1770.0810546875 33806.73943020434 752
980 1.9 36504.476472553455 13301.222450912193 117374.06396484375 1770.0810546875 33760.69656273879 777
990 2.2 34083.95957253197 10953.509073354011 117374.06396484375 1770.0810546875 33826.188796767026 796
1000 1.9 34320.50797954359 12550.461094516168 117374.06396484375 1770.0810546875 33833.12150711767 818
1010 1.7 35690.87778607536 11688.090797173885 117374.06396484375 1770.0810546875 33844.1852382719 837
1020 2.3 34099.352868121605 9801.448770053461 117374.06396484375 1770.0810546875 33880.94609695183 854
1030 2.4 29967.547922770184 7747.342427357889 117374.06396484375 1770.0810546875 33886.67398262675 877
1040 1.9 38215.323152240955 13431.258524492358 117374.06396484375 1770.0810546875 33782.27994773601 901
1050 1.3 30945.307466947117 7191.5010841708345 117374.06396484375 1770.0810546875 33873.83192695948 920
1060 1.5 28036.085416666665 8635.136694556517 117374.06396484375 1770.0810546875 33833.027191718145 933
1070 1.9 33199.91573293586 13656.127174129731 117374.06396484375 1770.0810546875 33741.303429454674 948
1080 1.7 41008.12165383732 22309.944873841687 117374.06396484375 1770.0810546875 33730.66602900601 967
1090 1.7 31480.884119370403 9304.74976162471 117374.06396484375 1770.0810546875 33856.39442902851 984
1100 1.2 33530.993489583336 12531.115078867255 117374.06396484375 1770.0810546875 33816.05109709625 1001
1110 2 31888.72264404297 12791.735778350943 117374.06396484375 1770.0810546875 33812.67430411485 1013
1120 1.1 30989.984907670456 11876.252269865217 117374.06396484375 1770.0810546875 33775.424513987615 1033
1130 2 33573.44500732422 14812.623594489482 117374.06396484375 1770.0810546875 33746.07601238848 1044
1140 2 37208.74162597656 15435.435514026729 117374.06396484375 1770.0810546875 33742.83106868427 1064
1150 1.5 33002.623356119795 10819.001000402332 117374.06396484375 1770.0810546875 33806.7777579332 1084
1160 2.2 38015.41224254261 12154.169430335309 117374.06396484375 1770.0810546875 33795.80203816323 1099
1170 1.3 35806.92963115986 12690.852591730965 117374.06396484375 1770.0810546875 33878.61329997978 1121
1180 1.8 31743.723402235242 10905.989905384638 117374.06396484375 1770.0810546875 33900.719219120285 1134
1190 1.4 31223.476300920756 7974.269223953262 117374.06396484375 1770.0810546875 33867.016159481456 1152
1200 2.1 36081.29702613467 15203.481746834088 117374.06396484375 1770.0810546875 33835.27554368399 1166
1210 1.7 36735.183507582726 9326.496919153906 117374.06396484375 1770.0810546875 33875.01139130948 1187
1220 0.4 46843.812438964844 10543.81996775806 117374.06396484375 1770.0810546875 33915.395881323304 1204
1230 0.5 51015.250244140625 3371.595019553919 117374.06396484375 1770.0810546875 33958.20520767311 1208
1240 0.1 59471.093994140625 0.0 117374.06396484375 1770.0810546875 34028.514544179576 1213
1250 0 0 0 117374.06396484375 1770.0810546875 34049.47218787806 1214
1260 0.1 90035.95190429688 0.0 117374.06396484375 1770.0810546875 34049.47218787806 1214
1270 0.1 101429.66284179688 0.0 117374.06396484375 1770.0810546875 34095.55159505207 1215
1280 0 0 0 117374.06396484375 1770.0810546875 34150.92504180104 1216
1290 0 0 0 117374.06396484375 1770.0810546875 34150.92504180104 1216
1300 0 0 0 117374.06396484375 1770.0810546875 34150.92504180104 1216
