0 0 0
10 6 6
20 10 10
30 13 13
40 15 16
50 19 21
60 18 21
70 18 21
80 20 21
90 19 21
100 14 21
110 13 21
120 15 21
130 20 21
140 17 22
150 20 22
160 18 22
170 15 22
180 15 22
190 20 22
200 17 22
210 16 22
220 16 22
230 15 22
240 12 22
250 12 22
260 12 22
270 20 22
280 18 22
290 16 22
300 20 22
310 21 22
320 18 22
330 18 22
340 22 23
350 18 23
360 16 23
370 22 23
380 25 26
390 22 26
400 20 26
410 24 26
420 19 26
430 18 26
440 18 26
450 22 26
460 27 27
470 33 34
480 29 36
490 28 36
500 24 36
510 22 36
520 16 36
530 23 36
540 25 36
550 22 36
560 23 36
570 25 36
580 25 36
590 25 36
600 28 36
610 34 36
620 43 44
630 37 44
640 33 44
650 28 44
660 26 44
670 27 44
680 31 44
690 30 44
700 31 44
710 31 44
720 39 44
730 50 50
740 49 50
750 50 51
760 47 51
770 30 51
780 27 51
790 28 51
800 31 51
810 32 51
820 35 51
830 37 51
840 37 51
850 38 51
860 36 51
870 37 51
880 42 51
890 45 51
900 59 60
910 74 74
920 83 83
930 79 85
940 76 85
950 84 85
960 73 85
970 67 85
980 70 85
990 71 85
1000 71 85
1010 71 85
1020 59 85
1030 52 85
1040 47 85
1050 62 85
1060 59 85
1070 50 85
1080 51 85
1090 52 85
1100 60 85
1110 60 85
1120 67 85
1130 63 85
1140 54 85
1150 50 85
1160 53 85
1170 64 85
1180 64 85
1190 50 85
1200 29 85
1210 12 85
1220 8 85
1230 3 85
1240 2 85
1250 2 85
1260 1 85
1270 0 85
1280 0 85
1290 0 85
1300 0 85
