10 0.7 7
20 0.4 11
30 0.7 18
40 0.4 22
50 0.8 30
60 0.5 35
70 0.5 40
80 0.5 45
90 0.2 47
100 0.3 50
110 0.5 55
120 0.5 60
130 0.6 66
140 0.4 70
150 0.6 76
160 0.5 81
170 0.5 86
180 0.4 90
190 0.7 97
200 0.4 101
210 0.3 104
220 0.6 110
230 0.3 113
240 0.4 117
250 0.2 119
260 0.4 123
270 0.8 131
280 0.4 135
290 0.4 139
300 0.9 148
310 0.6 154
320 0.5 159
330 0.9 168
340 0.7 175
350 0.4 179
360 0.5 184
370 1 194
380 0.9 203
390 0.8 211
400 0.4 215
410 0.8 223
420 0.4 227
430 0.6 233
440 0.6 239
450 0.6 245
460 1.2 257
470 1 267
480 0.8 275
490 0.9 284
500 0.2 286
510 0.4 290
520 0.2 292
530 1.1 303
540 0.8 311
550 0.2 313
560 0.8 321
570 0.7 328
580 0.5 333
590 1 343
600 0.7 350
610 1.6 366
620 1.7 383
630 0.3 386
640 0.8 394
650 0.7 401
660 1 411
670 1.1 422
680 1.2 434
690 0.8 442
700 0.9 451
710 0.9 460
720 1.5 475
730 2.1 496
740 1.1 507
750 1.2 519
760 1 529
770 0.1 530
780 0.7 537
790 1.1 548
800 1.1 559
810 1 569
820 0.9 578
830 1.4 592
840 1.4 606
850 0.9 615
860 1.2 627
870 0.9 636
880 1.4 650
890 1.6 666
900 2.8 694
910 2.8 722
920 2 742
930 2.2 764
940 1.6 780
950 2.9 809
960 1.6 825
970 1.9 844
980 2.2 866
990 2.3 889
1000 1.9 908
1010 1.7 925
1020 1.1 936
1030 1.7 953
1040 1.4 967
1050 2.8 995
1060 1.2 1007
1070 1 1017
1080 1.8 1035
1090 1.8 1053
1100 2 1073
1110 2 1093
1120 1.8 1111
1130 1.6 1127
1140 1.1 1138
1150 1.1 1149
1160 2.5 1174
1170 2.4 1198
1180 1.8 1216
1190 0 1216
1200 0 1216
1210 0 1216
1220 0 1216
1230 0 1216
1240 0 1216
1250 0 1216
1260 0 1216
1270 0 1216
1280 0 1216
1290 0 1216
1300 0 1216
