10 4 40
20 5.3 93
30 7.6 169
40 6.3 232
50 6 292
60 7.2 364
70 6.4 428
80 8.5 513
90 5.2 565
100 3.3 598
110 8 678
120 7.4 752
130 8.9 841
140 13.8 979
150 11.9 1098
160 12.3 1221
170 13 1351
180 12.1 1472
190 15.1 1623
200 13.1 1754
210 14.7 1901
220 11.3 2014
230 14.8 2162
240 13.4 2296
250 11.8 2414
260 20 2614
270 18.8 2802
280 19.4 2996
290 18.1 3177
300 17.4 3351
310 18.4 3535
320 19.3 3728
330 16.1 3889
340 21.2 4101
350 24.4 4345
360 22.8 4573
370 23.5 4808
380 20.3 5011
390 25.2 5263
400 24.4 5507
410 22.2 5729
420 25.4 5983
430 20.8 6191
440 23.2 6423
450 26.1 6684
460 25.6 6940
470 27 7210
480 30.3 7513
490 29 7803
500 30.5 8108
510 30.5 8413
520 25.9 8672
530 30.4 8976
540 28.5 9261
550 30.5 9566
560 30.7 9873
570 30.3 10176
580 31.1 10487
590 34.4 10831
600 39.6 11227
610 44 11667
620 41.2 12079
630 44.6 12525
640 46 12985
650 47.4 13459
660 47.6 13935
670 47.1 14406
680 45.4 14860
690 46.1 15321
700 44.2 15763
710 48.5 16248
720 42.6 16674
730 37.7 17051
740 45 17501
750 44.7 17948
760 43.9 18387
770 38.1 18768
780 42.5 19193
790 44.6 19639
800 40.9 20048
810 40.8 20456
820 40.9 20865
830 49.4 21359
840 47 21829
850 47.8 22307
860 48.8 22795
870 43.4 23229
880 46.4 23693
890 45.7 24150
900 44 24590
910 43.6 25026
920 37.8 25404
930 40.8 25812
940 41.3 26225
950 43.1 26656
960 44.5 27101
970 48 27581
980 43.4 28015
990 41.9 28434
1000 44.6 28880
1010 42.2 29302
1020 46.1 29763
1030 42.7 30190
1040 42.1 30611
1050 39.9 31010
1060 47.2 31482
1070 46.5 31947
1080 47.2 32419
1090 41.6 32835
1100 45.1 33286
1110 43.6 33722
1120 46.4 34186
1130 44.4 34630
1140 48.4 35114
1150 43.6 35550
1160 42.3 35973
1170 47 36443
1180 48.6 36929
1190 55.8 37487
1200 53.2 38019
1210 55 38569
1220 59.5 39164
1230 54.5 39709
1240 60.3 40312
1250 60.7 40919
1260 59.7 41516
1270 65.8 42174
1280 59.9 42773
1290 54.6 43319
1300 60.4 43923
1310 66.1 44584
1320 53.7 45121
1330 53.4 45655
1340 60.9 46264
1350 58.9 46853
1360 59.3 47446
1370 57.2 48018
1380 54.3 48561
1390 61.3 49174
1400 61.9 49793
1410 56.6 50359
1420 64.9 51008
1430 60.3 51611
1440 59.2 52203
1450 63.1 52834
1460 58 53414
1470 57 53984
1480 61.6 54600
1490 64.1 55241
1500 62.9 55870
1510 64.5 56515
1520 57.7 57092
1530 58 57672
1540 58 58252
1550 57.6 58828
1560 63 59458
1570 58.7 60045
1580 60.1 60646
1590 62.1 61267
1600 55.5 61822
1610 56.8 62390
1620 53.8 62928
1630 53.7 63465
1640 57.9 64044
1650 56.1 64605
1660 60.6 65211
1670 57 65781
1680 61.7 66398
1690 58.4 66982
1700 59.8 67580
1710 60 68180
1720 59.4 68774
1730 58.6 69360
1740 59.2 69952
1750 68.2 70634
1760 64.8 71282
1770 65.4 71936
1780 61.7 72553
1790 64.1 73194
1800 68.9 73883
1810 74.2 74625
1820 69.7 75322
1830 74.4 76066
1840 75.9 76825
1850 74.5 77570
1860 79 78360
1870 73.5 79095
1880 77.6 79871
1890 78 80651
1900 73.3 81384
1910 70.2 82086
1920 71.2 82798
1930 75.5 83553
1940 74.2 84295
1950 71.2 85007
1960 73 85737
1970 74.4 86481
1980 76 87241
1990 69.9 87940
2000 65.9 88599
2010 72.5 89324
2020 74.7 90071
2030 73.4 90805
2040 73.2 91537
2050 73.4 92271
2060 74.5 93016
2070 76.6 93782
2080 72.9 94511
2090 74 95251
2100 74.2 95993
2110 76.8 96761
2120 75.9 97520
2130 73.8 98258
2140 72.7 98985
2150 73.5 99720
2160 75.2 100472
2170 77.9 101251
2180 71.5 101966
2190 74.3 102709
2200 76.4 103473
2210 74.2 104215
2220 77.5 104990
2230 73.9 105729
2240 74.3 106472
2250 76.3 107235
2260 74.2 107977
2270 73.7 108714
2280 75.6 109470
2290 71.1 110181
2300 76 110941
2310 77.1 111712
2320 69.2 112404
2330 70.8 113112
2340 73.8 113850
2350 73.3 114583
2360 71.2 115295
2370 76.9 116064
2380 72.4 116788
2390 75.4 117542
2400 79.2 118334
2410 74.7 119081
2420 77.9 119860
2430 77.6 120636
2440 74.3 121379
2450 77.1 122150
2460 77.1 122921
2470 75.1 123672
2480 78.9 124461
2490 76.3 125224
2500 79 126014
2510 75.1 126765
2520 75.9 127524
2530 75.2 128276
2540 77.7 129053
2550 78.3 129836
2560 79 130626
2570 76.2 131388
2580 78.2 132170
2590 77 132940
2600 77 133710
2610 76.4 134474
2620 78.2 135256
2630 75.6 136012
2640 77.7 136789
2650 77.4 137563
2660 75.5 138318
2670 78.4 139102
2680 79.7 139899
2690 73.5 140634
2700 78.3 141417
2710 76.7 142184
2720 75.9 142943
2730 78.2 143725
2740 75.6 144481
2750 74.3 145224
2760 76.6 145990
2770 77.6 146766
2780 77.6 147542
2790 77.9 148321
2800 76.8 149089
2810 77.7 149866
2820 76.8 150634
2830 76.6 151400
2840 76.3 152163
2850 78.1 152944
2860 76.7 153711
2870 75.9 154470
2880 75.1 155221
2890 77.3 155994
2900 78 156774
2910 76.9 157543
2920 77.3 158316
2930 75.8 159074
2940 75.9 159833
2950 78.1 160614
2960 77 161384
2970 77.3 162157
2980 79.6 162953
2990 74.2 163695
3000 75.7 164452
3010 77.3 165225
3020 77.4 165999
3030 76 166759
3040 77.3 167532
3050 76.6 168298
3060 77.7 169075
3070 77.1 169846
3080 77.1 170617
3090 77.9 171396
3100 77.6 172172
3110 77.9 172951
3120 76.3 173714
3130 75.7 174471
3140 77.3 175244
3150 77.2 176016
3160 79.1 176807
3170 77.4 177581
3180 75.8 178339
3190 76.6 179105
3200 76 179865
3210 79.3 180658
3220 77 181428
3230 76.6 182194
3240 79 182984
3250 78.2 183766
3260 76.2 184528
3270 77.3 185301
3280 76 186061
3290 76.5 186826
3300 77.6 187602
3310 76.6 188368
3320 76.6 189134
3330 78 189914
3340 78.4 190698
3350 76 191458
3360 75 192208
3370 77.2 192980
3380 77.5 193755
3390 76.8 194523
3400 79.3 195316
3410 76.1 196077
3420 74.8 196825
3430 78.8 197613
3440 79.1 198404
3450 75.6 199160
3460 76.2 199922
3470 76.5 200687
3480 75.9 201446
3490 78.3 202229
3500 78.1 203010
3510 76.1 203771
3520 78.2 204553
3530 76.5 205318
3540 76 206078
3550 76.4 206842
3560 76.6 207608
3570 78.6 208394
3580 76.5 209159
3590 74.4 209903
3600 76.4 210667
3610 77.5 211442
3620 77.4 212216
3630 78 212996
3640 77.1 213767
3650 76.7 214534
3660 74.6 215280
3670 77.7 216057
3680 77.9 216836
3690 77.2 217608
3700 76.2 218370
3710 77 219140
3720 76.8 219908
3730 74.8 220656
3740 79 221446
3750 77.9 222225
3760 78.5 223010
3770 75.5 223765
3780 77.7 224542
3790 76.5 225307
3800 78.8 226095
3810 76.5 226860
3820 78.2 227642
3830 76.5 228407
3840 77.4 229181
3850 77.9 229960
3860 77.2 230732
3870 77.8 231510
3880 76.1 232271
3890 73.8 233009
3900 78.4 233793
3910 75.9 234552
3920 77.2 235324
3930 76.7 236091
3940 79.3 236884
3950 74.5 237629
3960 77.2 238401
3970 78 239181
3980 76.3 239944
3980 2.4 239968
