10 2 2
20 3 1
30 0 -3
40 1 1
50 1 0
60 1 0
70 0 -1
80 1 1
90 0 -1
100 3 3
110 0 -3
120 0 0
130 0 0
140 1 1
150 0 -1
160 2 2
170 1 -1
180 0 -1
190 2 2
200 0 -2
210 2 2
220 2 0
230 1 -1
240 3 2
250 1 -2
260 1 0
270 2 1
280 2 0
290 2 0
300 0 -2
310 0 0
320 0 0
330 5 5
340 5 0
350 0 -5
360 1 1
370 2 1
380 4 2
390 4 0
400 0 -4
410 3 3
420 1 -2
430 2 1
440 2 0
450 2 0
460 1 -1
470 7 6
480 0 -7
490 2 2
500 3 1
510 1 -2
520 1 0
530 2 1
540 1 -1
550 1 0
560 3 2
570 0 -3
580 10 10
590 9 -1
600 2 -7
610 5 3
620 13 8
630 6 -7
640 6 0
650 5 -1
660 19 14
670 6 -13
680 4 -2
690 3 -1
700 11 8
710 12 1
720 2 -10
730 7 5
740 7 0
750 6 -1
760 4 -2
770 8 4
780 6 -2
790 3 -3
800 8 5
810 2 -6
820 6 4
830 2 -4
840 9 7
850 4 -5
860 4 0
870 7 3
880 8 1
890 11 3
900 9 -2
910 2 -7
920 1 -1
930 6 5
940 4 -2
950 7 3
960 4 -3
970 5 1
980 6 1
990 6 0
1000 5 -1
1010 12 7
1020 8 -4
1030 5 -3
1040 8 3
1050 8 0
1060 11 3
1070 13 2
1080 8 -5
1090 8 0
1100 3 -5
1110 7 4
1120 6 -1
1130 5 -1
1140 15 10
1150 2 -13
1160 4 2
1170 5 1
1180 8 3
1190 6 -2
1200 7 1
1210 7 0
1220 4 -3
1230 6 2
1240 10 4
1250 6 -4
1260 30 24
1270 14 -16
1280 4 -10
1290 8 4
1300 13 5
1310 4 -9
1320 9 5
1330 7 -2
1340 8 1
1350 7 -1
1360 8 1
1370 5 -3
1380 18 13
1390 4 -14
1400 12 8
1410 11 -1
1420 5 -6
1430 9 4
1440 14 5
1450 10 -4
1460 5 -5
1470 20 15
1480 11 -9
1490 19 8
1500 14 -5
1510 13 -1
1520 9 -4
1530 15 6
1540 5 -10
1550 9 4
1560 4 -5
1570 19 15
1580 20 1
1590 4 -16
1600 5 1
1610 7 2
1620 7 0
1630 6 -1
1640 7 1
1650 8 1
1660 7 -1
1670 4 -3
1680 9 5
1690 2 -7
1700 3 1
1710 6 3
1720 4 -2
1730 10 6
1740 18 8
1750 17 -1
1760 8 -9
1770 3 -5
1780 13 10
1790 10 -3
1800 10 0
1810 9 -1
1820 24 15
1830 38 14
1840 21 -17
1850 46 25
1860 8 -38
1870 29 21
1880 22 -7
1890 13 -9
1900 14 1
1910 29 15
1920 16 -13
1930 24 8
1940 10 -14
1950 47 37
1960 31 -16
1970 4 -27
1980 10 6
1990 20 10
2000 16 -4
2010 13 -3
2020 13 0
2030 8 -5
2040 57 49
2050 5 -52
2060 38 33
2070 29 -9
2080 55 26
2090 34 -21
2100 68 34
2110 40 -28
2120 32 -8
2130 15 -17
2140 22 7
2150 43 21
2160 22 -21
2170 15 -7
2180 44 29
2190 48 4
2200 60 12
2210 35 -25
2220 16 -19
2230 8 -8
2240 45 37
2250 40 -5
2260 31 -9
2270 47 16
2280 12 -35
2290 41 29
2300 56 15
2310 50 -6
2320 13 -37
2330 13 0
2340 68 55
2350 30 -38
2360 37 7
2370 10 -27
2380 41 31
2390 96 55
2400 170 74
2410 171 1
2420 180 9
2430 193 13
2440 186 -7
2450 196 10
2460 189 -7
2470 186 -3
2480 191 5
2490 213 22
2500 208 -5
2510 220 12
2520 236 16
2530 262 26
2540 288 26
2550 308 20
2560 322 14
2570 325 3
2580 361 36
2590 390 29
2600 402 12
2610 432 30
2620 449 17
2630 504 55
2640 514 10
2650 558 44
2660 578 20
2670 591 13
2680 610 19
2690 628 18
2700 670 42
2710 696 26
2720 765 69
2730 759 -6
2740 800 41
2750 871 71
2760 865 -6
2770 892 27
2780 927 35
2790 955 28
2800 1010 55
2810 1036 26
2820 1086 50
2830 1086 0
2840 1082 -4
2850 1070 -12
2860 1088 18
2870 1159 71
2880 1209 50
2890 1263 54
2900 1255 -8
2910 1286 31
2920 1295 9
2930 1277 -18
2940 1334 57
2950 1352 18
2960 1356 4
2970 1380 24
2980 1339 -41
2990 1363 24
3000 1382 19
3010 1432 50
3020 1479 47
3030 1513 34
3040 1569 56
3050 1600 31
3060 1590 -10
3070 1571 -19
3080 1654 83
3090 1682 28
3100 1738 56
3110 1722 -16
3120 1777 55
3130 1813 36
3140 1964 151
3150 1967 3
3160 2040 73
3170 2070 30
3180 2207 137
3190 2230 23
3200 2353 123
3210 2429 76
3220 2494 65
3230 2564 70
3240 2700 136
3250 2776 76
3260 2815 39
3270 2847 32
3280 2873 26
3290 2905 32
3300 3029 124
3310 3033 4
3320 3136 103
3330 3084 -52
3340 3173 89
3350 3266 93
3360 3263 -3
3370 3283 20
3380 3261 -22
3390 3354 93
3400 3258 -96
3410 3313 55
3420 3375 62
3430 3398 23
3440 3474 76
3450 3558 84
3460 3557 -1
3470 3626 69
3480 3646 20
3490 3755 109
3500 3768 13
3510 3784 16
3520 3770 -14
3530 3751 -19
3540 3651 -100
3550 3609 -42
3560 3586 -23
3570 3604 18
3580 3559 -45
3590 3602 43
3600 3674 72
3610 3748 74
3620 3761 13
3630 3758 -3
3640 3780 22
3650 3755 -25
3660 3730 -25
3670 3742 12
3680 3708 -34
3690 3784 76
3700 3741 -43
3710 3870 129
3720 3935 65
3730 3958 23
3740 4073 115
3750 4146 73
3760 4214 68
3770 4250 36
3780 4343 93
3790 4409 66
3800 4474 65
3810 4440 -34
3820 4380 -60
3830 4453 73
3840 4511 58
3850 4582 71
3860 4666 84
3870 4693 27
3880 4676 -17
3890 4784 108
3900 4725 -59
3910 4783 58
3920 4810 27
3930 4849 39
3940 4901 52
3950 4859 -42
3960 4830 -29
3970 4790 -40
3980 4767 -23
3980 4759 -8
