10 4.2 0.9683721633184523 0.14104772742397337 1.23486328125 0.662109375 0 0
20 5.4 1.3135353370949068 1.7925089370243172 12.3701171875 0.623046875 0.9683721633184523 42
30 7.3 1.9296139233732872 4.74526435768903 27.68603515625 0.623046875 1.162526448567708 96
40 6.4 1.0383186340332027 0.839953017811156 27.68603515625 0.623046875 1.4938719258505915 169
50 6 1.24559326171875 1.096113617808283 27.68603515625 0.623046875 1.368741407926502 233
60 7.2 1.2651401095920138 3.059106334937292 27.68603515625 0.623046875 1.3435233575085321 293
70 6.3 1.1993040054563493 2.073518538864558 27.68603515625 0.623046875 1.3280614565496573 365
80 8.6 0.931995480559593 0.27911546915642155 27.68603515625 0.623046875 1.3091088410849883 428
90 5.1 1.3378714767156863 1.581201111312731 27.68603515625 0.623046875 1.2460120531371595 514
100 3.6 2.6459486219618054 5.544121086620989 27.68603515625 0.623046875 1.2543037887168142 565
110 7.7 5.889569171063312 35.94644466966687 316.949951171875 0.616943359375 1.33766354578307 601
120 7.4 2.5607250316722974 5.779830957875418 316.949951171875 0.616943359375 1.854620379332596 678
130 8.9 1.2886373112710672 2.9584268557214304 316.949951171875 0.616943359375 1.9241040818234707 752
140 13.9 1.7181510650854317 7.811820357926429 316.949951171875 0.616943359375 1.8568549229897444 841
150 11.8 1.1897779561705502 1.6912670453920773 316.949951171875 0.614013671875 1.837181620695153 980
160 12.5 1.3114921875 3.093106735396941 316.949951171875 0.60595703125 1.7676063634875911 1098
170 12.9 2.1288702913032944 5.165134199063643 316.949951171875 0.60595703125 1.7209879889998978 1223
180 12 1.3908426920572916 3.293690860712578 316.949951171875 0.60595703125 1.7599057530510356 1352
190 15.3 1.6181784237132355 3.589640226778057 316.949951171875 0.593017578125 1.7298190904700237 1472
200 12.9 1.2654698098352712 2.5131919631772313 316.949951171875 0.593017578125 1.7193076923076922 1625
210 14.9 1.30098606596057 2.9479403536580246 316.949951171875 0.593017578125 1.6859296496401084 1754
220 11.3 2.1119870886338488 4.966598414317716 316.949951171875 0.593017578125 1.6557895582222149 1903
230 14.7 1.5402400217899659 3.062408602226078 316.949951171875 0.593017578125 1.6813601539248513 2016
240 13.6 1.1278255687040444 2.371541466949693 316.949951171875 0.593017578125 1.67176946533316 2163
250 11.6 1.1835516567887936 2.1868205166821078 316.949951171875 0.593017578125 1.639591835954491 2299
260 20 1.1975048828125003 1.6555782901083356 316.949951171875 0.590087890625 1.6176868004334883 2415
270 18.9 1.2765829096395502 3.1316731358676173 316.949951171875 0.590087890625 1.5855505161030115 2615
280 19.4 1.824498127416237 4.143301445130623 316.949951171875 0.590087890625 1.5647249534704886 2804
290 18.1 1.2940882898825965 2.249533854654832 316.949951171875 0.590087890625 1.5815348253002002 2998
300 17.2 1.6382630813953478 3.753700143686749 316.949951171875 0.590087890625 1.565168728127949 3179
310 18.4 1.0045802904211956 0.7410160726718832 316.949951171875 0.590087890625 1.5689205123004326 3351
320 19.3 1.6733524935233162 3.9303612312691887 316.949951171875 0.590087890625 1.5395460849098304 3535
330 16.6 1.6118649402296694 3.5122073580097357 316.949951171875 0.590087890625 1.5464732943686292 3728
340 21.2 0.938197873673349 1.2297573222775777 316.949951171875 0.590087890625 1.5492609197443181 3894
350 23.9 1.8307318906903758 4.522255589372997 316.949951171875 0.590087890625 1.517710660180985 4106
360 22.9 1.163972946233624 2.423486173466273 316.949951171875 0.590087890625 1.534928628901755 4345
370 23.6 1.7718495514433252 5.437672890504019 316.949951171875 0.572021484375 1.5163565144874562 4574
380 20.5 1.7385599275914634 4.1792988789018874 316.949951171875 0.572021484375 1.5288921395854989 4810
390 25.2 1.510438949342758 3.7784658472278507 316.949951171875 0.572021484375 1.5374628068918244 5015
400 24 2.456733194986977 5.9634875494146975 316.949951171875 0.572021484375 1.536169848452036 5267
410 22.5 1.0577680121527777 1.597627162041901 316.949951171875 0.572021484375 1.5762888248762934 5507
420 25.2 1.4733983599950393 4.699861739163278 316.949951171875 0.572021484375 1.5559351642233292 5732
430 20.9 1.1406740617523923 1.9160614278023642 316.949951171875 0.572021484375 1.5524593496067636 5984
440 23.2 1.6940686456088363 4.561571941532636 316.949951171875 0.572021484375 1.5385625104074154 6193
450 26.1 1.2241547683189655 3.023173074404432 316.949951171875 0.572021484375 1.5441776735773343 6425
460 25.5 1.8189644607843123 4.503685735771191 316.949951171875 0.572021484375 1.5316850055736797 6686
470 27.6 1.325780011605526 3.3185054917605132 316.949951171875 0.572021484375 1.542239142020692 6941
480 29.6 2.450102110166809 5.296042952952474 316.949951171875 0.572021484375 1.5339610874281209 7217
490 29.2 1.6244122230843328 4.139355198385184 316.949951171875 0.572021484375 1.5700555560466023 7513
500 30.6 1.740073210273694 4.935735719333493 316.949951171875 0.572021484375 1.572089143077354 7805
510 30.3 1.6345271245874586 4.226807392100328 316.949951171875 0.56298828125 1.578426601413204 8111
520 25.9 1.6154323268581081 3.927873289977987 316.949951171875 0.56298828125 1.58044686032951 8414
530 30.5 1.306482934170082 2.2444913449580013 316.949951171875 0.56298828125 1.5814916240595813 8673
540 28.4 1.0864275005501758 2.1481256302092433 316.949951171875 0.56298828125 1.5721490477155962 8978
550 30.5 1.3442086641905746 3.00633926603966 316.949951171875 0.56298828125 1.5572554049392002 9262
560 30.8 1.127427138291397 2.1702245036824577 316.949951171875 0.56298828125 1.5504633848777045 9567
570 30.1 1.3126751972591364 2.944660701522377 316.949951171875 0.56298828125 1.5372689378955695 9875
580 32.1 2.189039378894083 5.801076618719616 316.949951171875 0.56298828125 1.5306255892387723 10176
590 34.3 1.4397307192966475 3.299420763217639 316.949951171875 0.550048828125 1.5507599920661854 10497
600 38.9 1.786255824228793 5.506389581147689 316.949951171875 0.550048828125 1.5472467964425738 10840
610 44.3 1.636097100733634 4.139786021461363 316.949951171875 0.550048828125 1.5555266532249088 11229
620 42 1.7890479678199405 4.313949570599296 316.949951171875 0.550048828125 1.5585846302850839 11672
630 43.9 1.4804081319404898 4.021231728961098 316.949951171875 0.550048828125 1.5665894766103106 12092
640 46 1.8078480596127715 3.837697831200993 316.949951171875 0.550048828125 1.563570275404497 12531
650 47.3 1.5613195568512153 3.882729906914202 316.949951171875 0.550048828125 1.5722199390744074 12991
660 49 1.632267916932398 4.6522625186000335 316.949951171875 0.550048828125 1.5718370008100304 13464
670 45.8 2.2245875196165414 5.6415530251120645 316.949951171875 0.550048828125 1.573959055339195 13954
680 45.2 1.7736098027862284 3.939261067085034 316.949951171875 0.550048828125 1.5946354247979115 14412
690 46 1.1168977156929358 2.1070535135776183 316.949951171875 0.550048828125 1.6000778641716142 14864
700 45 1.0421451822916665 1.9141021888849723 316.949951171875 0.550048828125 1.5855736310536168 15324
710 48.6 2.497684682838223 5.711903598138577 316.949951171875 0.550048828125 1.5700707274183388 15774
720 41.6 1.4659570547250604 4.075640221723257 316.949951171875 0.550048828125 1.5977964581891912 16260
730 38.2 1.2830407906577226 2.9333151437734184 316.949951171875 0.550048828125 1.5945075884457829 16676
740 45 1.6363655598958335 4.0980091022360305 316.949951171875 0.550048828125 1.5875325434959038 17058
750 44.6 1.1520060038887336 2.2358846937229977 316.949951171875 0.550048828125 1.5887876758571082 17508
760 43.7 1.5417815673269446 3.6057586678910276 316.949951171875 0.550048828125 1.5779374683435794 17954
770 38.4 1.4225006103515634 4.459427406185951 316.949951171875 0.550048828125 1.5770783454712902 18391
780 42.4 1.2004406047317207 2.289141087887222 316.949951171875 0.550048828125 1.5739168088382156 18775
790 44.3 1.2363115917748313 2.5126083222183944 316.949951171875 0.550048828125 1.5656687797460151 19199
800 41.3 1.2749348564240308 2.1753766700312567 316.949951171875 0.550048828125 1.5582405527695753 19642
810 40.3 1.3123400666873457 2.8625408815678304 316.949951171875 0.550048828125 1.5524063342409933 20055
820 41.3 1.3762543980780861 3.1870543506816995 316.949951171875 0.550048828125 1.5476772939719485 20458
830 49 1.6640201490752549 3.8357939859316192 316.949951171875 0.550048828125 1.5442851394990356 20871
840 47.7 2.0317367457743707 5.30539937849805 316.949951171875 0.550048828125 1.5470317410014158 21361
850 47.3 1.684285395745243 3.957999834268044 316.949951171875 0.550048828125 1.5576189874194348 21838
860 48.8 1.5552273109310963 3.9573293095448716 316.949951171875 0.550048828125 1.5603043538816332 22311
870 43.7 1.5319103529033182 3.1145962796094775 316.949951171875 0.550048828125 1.560195682582021 22799
880 46.5 1.6723627562163978 4.0297807984464455 316.949951171875 0.550048828125 1.5596637197196697 23236
890 46 1.760348908797555 4.1194645443571645 316.949951171875 0.550048828125 1.5618748100521862 23701
900 43.8 1.4859145351740872 3.2444424931222433 316.949951171875 0.550048828125 1.5656535479116651 24161
910 42.9 1.6184201540646854 3.9534163360165233 316.949951171875 0.550048828125 1.56423374679865 24599
920 37.7 1.1738825223806368 2.6002540963455756 316.949951171875 0.550048828125 1.5651625452930216 25028
930 41.3 1.5876139717009685 4.372760876384973 316.949951171875 0.550048828125 1.5593561068502753 25405
940 41.1 1.6992793396441617 4.110149257645506 316.949951171875 0.550048828125 1.5598081363716687 25818
950 43.4 1.8762555803571428 4.294316486311215 316.949951171875 0.550048828125 1.5619936053009071 26229
960 44.2 1.8395841434530507 5.010520209068539 316.949951171875 0.550048828125 1.5671089223010348 26663
970 48.1 1.0957701240904378 1.86066064092857 316.949951171875 0.550048828125 1.5715521633174228 27105
980 43.5 1.2272994118175287 2.2931156219750446 316.949951171875 0.550048828125 1.5632562465165751 27586
990 41.8 1.4104173286109456 3.402555248239848 316.949951171875 0.550048828125 1.5580408286837324 28021
1000 44.6 1.8392492730521306 4.89321528629236 316.949951171875 0.550048828125 1.555871039906686 28439
1010 42.9 2.2122617779356046 9.249193085022211 316.949951171875 0.550048828125 1.5602465528712997 28885
1020 45.7 1.8299814303542132 4.050178173137825 316.949951171875 0.550048828125 1.569788564591044 29314
1030 42.4 1.6471235167305414 3.632433193031335 316.949951171875 0.550048828125 1.5737826574886213 29771
1040 42.4 2.199073647553067 5.670621418898957 316.949951171875 0.550048828125 1.5748125142304188 30195
1050 39.9 1.782677518992795 4.720728296709111 316.949951171875 0.550048828125 1.5834570395424408 30619
1060 47.5 1.5990609580592097 3.807295571928155 316.949951171875 0.550048828125 1.5860197119036725 31018
1070 46.7 4.734751405246249 22.828179701135515 316.949951171875 0.550048828125 1.5862164093260802 31493
1080 46.7 1.76289135689909 3.9814372142580514 316.949951171875 0.550048828125 1.6322228499735996 31960
1090 41.6 1.25830078125 2.8996998437323693 316.949951171875 0.550048828125 1.6341046827899008 32427
1100 44.6 1.6828624229260094 3.6905881622649694 316.949951171875 0.550048828125 1.6293446297179952 32843
1110 44 1.2820889559659097 2.7402672427520702 316.949951171875 0.550048828125 1.6300616514299955 33289
1120 46.3 1.647540560036447 3.9759690962956613 316.949951171875 0.550048828125 1.6255222940222989 33729
1130 44.3 1.8097069871613993 4.707769530223945 316.949951171875 0.550048828125 1.6258204473085807 34192
1140 49.4 1.4834577429149796 3.54470597657977 316.949951171875 0.550048828125 1.6281724535783888 34635
1150 42.3 1.4552304964539007 3.5636247950102766 316.949951171875 0.550048828125 1.6261374093964387 35129
1160 42.5 1.3008909696691184 2.365432909348493 316.949951171875 0.550048828125 1.6241039478703727 35552
1170 47.1 1.6762306553542994 3.990964494968149 316.949951171875 0.550048828125 1.6202857997275166 35977
1180 48.9 2.117016252076943 4.808871979323873 316.949951171875 0.550048828125 1.621008748229498 36448
1190 55.6 2.530823193008097 6.070169214778228 316.949951171875 0.550048828125 1.627575271482101 36937
1200 53.3 1.9547579480827861 4.141135820750185 316.949951171875 0.550048828125 1.6409699276677479 37493
1210 55 1.8748996803977298 4.557260173352847 316.949951171875 0.550048828125 1.6453682081832166 38026
1220 59.2 1.861928166569891 4.693011959099226 316.949951171875 0.550048828125 1.6486407690946117 38576
1230 54.7 1.7306566534792047 3.8234219857389067 316.949951171875 0.550048828125 1.6518644756740992 39168
1240 60.7 2.1182083054468697 5.23923540759651 316.949951171875 0.550048828125 1.6529496908638108 39715
1250 60.3 2.756969546797264 6.510257005480957 316.949951171875 0.550048828125 1.6599536088007167 40322
1260 62.1 1.9171793226650553 4.192171662675549 316.949951171875 0.550048828125 1.6761173378321625 40925
1270 64.2 2.0484740830656114 5.125034453052759 316.949951171875 0.550048828125 1.6797205605872105 41546
1280 58.9 1.6869089226973677 4.577158281643706 316.949951171875 0.550048828125 1.6853321032398876 42188
1290 55 2.225000000000001 5.212707358644094 316.949951171875 0.550048828125 1.6853538145955331 42777
1300 60.9 2.6309086841902722 7.748901191255818 316.949951171875 0.550048828125 1.6922041712316367 43327
1310 65.2 3.092311742115606 7.345605104151303 316.949951171875 0.550048828125 1.7052156208035552 43936
1320 54.2 1.152076186289207 1.6320931923930728 316.949951171875 0.550048828125 1.7254988062143262 44588
1330 53.2 1.3538345681097286 3.4583154338261277 316.949951171875 0.550048828125 1.718612144127036 45130
1340 61 2.2917416431864734 6.48552098306341 316.949951171875 0.550048828125 1.7143621841944614 45662
1350 58.8 1.287108129384566 2.821322069121537 316.949951171875 0.550048828125 1.721973730485634 46272
1360 59.4 2.664746011547769 7.136165106309887 316.949951171875 0.550048828125 1.716517030241344 46860
1370 56.9 2.0552615951779454 5.092236194162787 316.949951171875 0.550048828125 1.7283863777124953 47454
1380 55.6 2.218369298701664 5.631066765137016 316.949951171875 0.550048828125 1.7322593552178123 48023
1390 59.9 2.539941650798206 6.582383501255457 316.949951171875 0.550048828125 1.7378230170588758 48579
1400 62.7 1.494057297896731 3.0240104856326733 316.949951171875 0.550048828125 1.7475930170916112 49178
1410 56.5 1.8316838357300878 4.123296229397089 316.949951171875 0.550048828125 1.744401231207961 49805
1420 64.3 2.883281796753499 9.7755908897105 316.949951171875 0.550048828125 1.7453802796803652 50370
1430 60.6 1.8601888020833341 4.964823974772644 316.949951171875 0.550048828125 1.7597231074983337 51013
1440 59.8 1.7691197219899666 3.9689712985712924 316.949951171875 0.550048828125 1.7609025610119335 51619
1450 62.7 1.4091286788526718 3.7303636148366315 316.949951171875 0.550048828125 1.7609966656572573 52217
1460 57.5 0.9818414572010865 1.2695815286272967 316.949951171875 0.550048828125 1.7568217124416325 52844
1470 58.5 2.0529196714743576 6.107022912043689 316.949951171875 0.550048828125 1.748479855672256 53419
1480 60.7 1.3235543013797357 2.554281244036867 316.949951171875 0.550048828125 1.7517777093913183 54004
1490 64.9 2.7824552797573205 7.602212059091603 316.949951171875 0.550048828125 1.7470180161305644 54611
1500 62.4 2.837317833533652 8.953365660872882 316.949951171875 0.550048828125 1.7591786890240455 55260
1510 64.4 1.9607361977144824 4.7854116722285776 316.949951171875 0.550048828125 1.7712171763580586 55884
1520 57.3 1.4059479132580717 2.798833925049073 316.949951171875 0.550048828125 1.7733762877675112 56528
1530 58.6 1.3794474422728247 3.3749588703817586 316.949951171875 0.550048828125 1.7696891989495587 57101
1540 57 2.0585680509868434 4.996321895801548 316.949951171875 0.550048828125 1.7657250186418192 57687
1550 58 1.5987982388200443 4.32983833145763 316.949951171875 0.550048828125 1.7685902627916494 58257
1560 62.5 2.595871093750003 7.130378932033416 316.949951171875 0.550048828125 1.766916496727718 58837
1570 60.2 1.2566984563174832 2.6472218251512296 316.949951171875 0.550048828125 1.775629567649297 59462
1580 60.2 1.6651984433399087 4.540065505322406 316.949951171875 0.550048828125 1.7704285066306877 60064
1590 60.5 1.6778514010847103 5.361248646795163 316.949951171875 0.550048828125 1.7693842891431155 60666
1600 55.6 1.3621575883824182 3.22320111773595 316.949951171875 0.550048828125 1.7684804782492942 61271
1610 57 1.892086417214913 5.098249988330873 316.949951171875 0.550048828125 1.7648264836067273 61827
1620 53.8 1.495872299024163 3.5261073955123092 316.949951171875 0.550048828125 1.765989010044804 62397
1630 53.6 1.9461797458022378 4.590085324853372 316.949951171875 0.550048828125 1.7636799166861146 62935
1640 58 2.1397141029094837 4.89102775457317 316.949951171875 0.550048828125 1.765221091528267 63471
1650 56.1 1.9784438189338227 4.958610326105728 316.949951171875 0.550048828125 1.7686122321287432 64051
1660 60.6 2.870768229166669 7.353716840589511 316.949951171875 0.550048828125 1.7704341153733052 64612
1670 56.7 1.6753308600639325 3.8600584750864013 316.949951171875 0.550048828125 1.780658324532721 65218
1680 62.2 1.8382042397256833 4.427207911146207 316.949951171875 0.550048828125 1.7797505085814584 65785
1690 57.7 1.3199558092775123 2.9662182279269453 316.949951171875 0.550048828125 1.7802980144283076 66407
1700 59.9 1.7267157502086803 3.7139541635154174 316.949951171875 0.550048828125 1.7763326278826848 66984
1710 60.3 1.3345402706519482 2.960192658582576 316.949951171875 0.550048828125 1.7758928647806216 67583
1720 59.2 1.4861190383498728 3.2424715880455537 316.949951171875 0.550048828125 1.7719897818272354 68186
1730 59.2 2.245237608213682 6.126699652696608 316.949951171875 0.550048828125 1.7695291769806478 68778
1740 60 2.4548388671875 5.539630501734136 316.949951171875 0.550048828125 1.773588848182752 69370
1750 68.1 1.978237785081681 4.83517601397902 316.949951171875 0.550048828125 1.7794306376840074 69970
1760 63.9 2.6286399495060646 6.369506286879857 316.949951171875 0.550048828125 1.7813469257390642 70651
1770 64.9 2.0193360127359403 4.612362062233 316.949951171875 0.550048828125 1.788941542686562 71290
1780 62.7 1.3762401720743616 3.207789633485932 316.949951171875 0.550048828125 1.7910200538010068 71939
1790 63.8 2.4032705659776648 7.156858416610912 316.949951171875 0.550048828125 1.7874361855177527 72566
1800 68.9 2.145766835427251 6.659732916796306 316.949951171875 0.550048828125 1.7928034104608355 73204
1810 74.1 2.7914202197199707 8.171835853431052 316.949951171875 0.550048828125 1.796094544936386 73893
1820 71.2 3.1922785726825844 8.043893607826782 316.949951171875 0.550048828125 1.805976586968364 74634
1830 75.8 1.9778089699455823 4.594408722853941 316.949951171875 0.550048828125 1.819076778270205 75346
1840 74.2 2.316588532892519 6.52712818539447 316.949951171875 0.550048828125 1.8206577595759175 76104
1850 76.9 3.335769871586476 8.321076082388315 316.949951171875 0.550048828125 1.825446305938785 76846
1860 75.3 3.705479190010788 9.229757489910712 316.949951171875 0.550048828125 1.8404104085218305 77615
1870 75.6 2.2713606900008267 6.591759532878563 316.949951171875 0.550048828125 1.8583309474211414 78368
1880 76.9 6.318476524402621 29.31540004668758 316.949951171875 0.550048828125 1.8622772909501621 79124
1890 77.1 2.5478765782060604 7.0656064697188254 316.949951171875 0.550048828125 1.905169874912774 79893
1900 73.4 2.0426038695291235 5.131884096205636 316.949951171875 0.550048828125 1.911312973051214 80664
1910 71.7 2.3659858650409675 6.815395137934674 316.949951171875 0.550048828125 1.9124968782824823 81398
1920 69.8 3.047794549717943 8.19848941667323 316.949951171875 0.550048828125 1.9164565884877534 82115
1930 76.4 2.917903241062665 7.8103002807542685 316.949951171875 0.550048828125 1.9259922157073768 82813
1940 72.8 2.4185713883284694 5.90867550245025 316.949951171875 0.550048828125 1.9350595431224724 83577
1950 74.9 2.082459229493492 5.179356352635277 316.949951171875 0.550048828125 1.93923481888678 84305
1960 71.4 2.8529203185180343 7.282389858058446 316.949951171875 0.550048828125 1.9404960774230562 85054
1970 71.7 2.5533629434710607 7.375453196192343 316.949951171875 0.550048828125 1.9480918113581114 85768
1980 76.6 3.0514084937989554 7.098082672655064 316.949951171875 0.550048828125 1.953109784436969 86485
1990 70.8 2.3345167946680765 6.951031824815652 316.949951171875 0.550048828125 1.9627520442548654 87251
2000 65.6 1.189712524414062 2.0806438042568747 316.949951171875 0.550048828125 1.9657444548472158 87959
2010 72.2 1.9285837950138514 5.625106924661827 316.949951171875 0.550048828125 1.9599996379836582 88615
2020 74.7 3.238711355840028 8.552980299379868 316.949951171875 0.550048828125 1.9597457427484903 89337
2030 72.9 3.2596500851980434 8.159431123111387 316.949951171875 0.550048828125 1.9703512588554501 90084
2040 78.1 3.1709584567061473 11.378077025835555 316.949951171875 0.550048828125 1.9807010859110892 90813
2050 68.2 2.285650258889295 6.993368694696965 316.949951171875 0.550048828125 1.990850124129651 91594
2060 77.8 2.447006107908897 7.08612324998853 316.949951171875 0.550048828125 1.9930289538568398 92276
2070 75.7 1.9532788376197159 5.629778777229463 316.949951171875 0.550048828125 1.9968245373444116 93054
2080 75.5 2.418925263865895 6.540966214233619 316.949951171875 0.550048828125 1.9964731489710694 93811
2090 71.9 2.784009570040855 7.339539778777371 316.949951171875 0.550048828125 1.9998459398974657 94566
2100 77.6 2.9941374788579234 7.501386564211278 316.949951171875 0.550048828125 2.005763069037132 95285
2110 74 2.0812816722972984 5.093396179745318 316.949951171875 0.550048828125 2.0137473555011596 96061
2120 75.1 3.5249468807215356 9.405675020280928 316.949951171875 0.550048828125 2.0142636249036365 96801
2130 72.1 2.9380316238297524 8.882230099488554 316.949951171875 0.550048828125 2.0258935568898515 97552
2140 73.4 5.697274273033038 21.235837894884227 316.949951171875 0.550048828125 2.032585644709127 98273
2150 75.6 3.8386314432457 9.858356970360042 316.949951171875 0.550048828125 2.0597542434262857 99007
2160 73 3.441703900898973 8.877085761749575 316.949951171875 0.550048828125 2.0732345032727566 99763
2170 77.3 3.014575163728979 8.213876932107087 316.949951171875 0.550048828125 2.0831753216408733 100493
2180 74.3 2.236178617618607 5.739175307265533 316.949951171875 0.550048828125 2.090285033468477 101266
2190 74.8 2.847965342475769 8.365398750624724 316.949951171875 0.550048828125 2.091347674343533 102009
2200 77.6 3.4145457474226792 9.02614393709324 316.949951171875 0.550048828125 2.09685532847671 102757
2210 71.7 2.7163555831589985 8.211365579426221 316.949951171875 0.550048828125 2.106731674811715 103533
2220 75.6 3.185238792782738 8.058308717785675 316.949951171875 0.550048828125 2.11092448385042 104250
2230 73.1 2.1531215933866275 6.420077047891951 316.949951171875 0.550048828125 2.118659104896387 105006
2240 78 2.8033190604967926 8.034870555866537 316.949951171875 0.550048828125 2.1188973571551646 105737
2250 75.8 2.444405830000825 6.314877866531191 316.949951171875 0.550048828125 2.1239092231353034 106517
2260 73.3 2.356833339550648 6.349788966598498 316.949951171875 0.550048828125 2.126173836773188 107275
2270 75.3 3.0589776311421013 8.099610647797308 316.949951171875 0.550048828125 2.1277392154075105 108008
2280 72.1 3.8998261556215312 9.428787622202215 316.949951171875 0.550048828125 2.1341865864968548 108761
2290 74 2.641712745460301 7.098191215977226 316.949951171875 0.550048828125 2.14581430730337 109482
2300 77.4 2.192736406350936 5.661260163638558 316.949951171875 0.550048828125 2.14914363215899 110222
2310 76.6 3.3163119084530037 9.070422601202928 316.949951171875 0.550048828125 2.149447614349561 110996
2320 65.5 3.2316361521946573 8.622218568944854 316.949951171875 0.550048828125 2.1574451273618838 111762
2330 70.8 1.8789934923419844 4.9839910627565605 316.949951171875 0.550048828125 2.163703923818518 112417
2340 79.3 3.2276997704523973 8.804136446476159 316.949951171875 0.550048828125 2.1619220454937853 113125
2350 69.5 1.9020198684802174 4.991750680317568 316.949951171875 0.550048828125 2.1693410814309697 113918
2360 71.9 2.360009290246872 7.023061393376558 316.949951171875 0.550048828125 2.167720076457705 114613
2370 74 2.9153666728251673 7.230437328753216 316.949951171875 0.550048828125 2.16891884128199 115332
2380 75.7 2.32828915796318 6.5124940090650885 316.949951171875 0.550048828125 2.1736777098751214 116072
2390 80.8 4.378527650738705 9.597401564515701 316.949951171875 0.550048828125 2.174679523347826 116829
2400 86.7 2.3186088658809147 7.07956366768019 316.949951171875 0.550048828125 2.1898168465278784 117637
2410 74.8 361.3642003676469 1079.6400725793003 9026.242919921875 0.550048828125 2.1907591158249407 118504
2420 78.8 877.3258499687703 2050.9189615451564 9058.068115234375 0.550048828125 4.443649918967553 119252
2430 78.9 1387.0408228498306 2426.4624430183953 9074.333984375 0.550048828125 10.173666360480754 120040
2440 73.5 1705.1274354272953 2744.2450499084143 9074.333984375 0.550048828125 19.16445653891554 120829
2450 78.4 1349.4557653933168 2486.4082434950283 9074.333984375 0.550048828125 29.358122340328453 121564
2460 76.3 2122.703651998179 3169.9996935323657 9074.333984375 0.550048828125 37.81724347147521 122348
2470 75 1707.2887347005212 2710.992106312186 9074.333984375 0.550048828125 50.73865853354013 123111
2480 79.4 1612.3000288418027 2813.618536397543 9074.333984375 0.550048828125 60.76935873073889 123861
2490 78.4 2147.8158145826733 3030.2946185021087 9087.94287109375 0.550048828125 70.65195751994257 124655
2500 78.6 2125.715541072776 3098.405552237497 9087.94287109375 0.550048828125 83.63433512130403 125439
2510 76.3 2150.588355228129 3064.5164123300847 9094.158935546875 0.550048828125 96.35032504309335 126225
2520 77.5 2141.6075324470703 3100.926635570163 9094.158935546875 0.550048828125 108.69309457274326 126988
2530 77.8 2593.935144890243 3270.806057849867 9094.158935546875 0.550048828125 121.02458874048043 127763
2540 80.3 2255.1582158944993 2988.8010154130375 9094.158935546875 0.550048828125 135.9919875679714 128541
2550 80.2 2425.743957062907 3194.4443791915614 9094.158935546875 0.550048828125 149.14830313998246 129344
2560 80.4 2419.1602455253014 3182.5327104354396 9094.158935546875 0.5458984375 163.17739135203806 130146
2570 76.6 2669.9785149875543 3246.0506333301137 9094.158935546875 0.5458984375 177.02855755864596 130950
2580 81.8 2632.320163269788 3247.2306812896136 9094.158935546875 0.5458984375 191.52641406347863 131716
2590 79.8 2730.926565681778 3370.674745244138 9094.158935546875 0.5458984375 206.5909958828666 132534
2600 78.3 2837.1888186088177 3382.040922869126 9094.158935546875 0.5458984375 221.69929535110776 133332
2610 79.4 2778.8747872225317 3278.314492947824 9094.158935546875 0.5458984375 236.9692375403542 134115
2620 79.9 2773.1236448514755 3343.66323322513 9094.158935546875 0.5458984375 251.92949227834532 134909
2630 81.1 3014.723847150509 3467.81402757169 9094.158935546875 0.5458984375 266.77337862186175 135708
2640 78.7 3017.7095452469844 3409.519802679317 9094.158935546875 0.5458984375 283.09775713310734 136519
2650 81.8 3057.6106667367067 3443.615869246976 9094.158935546875 0.5458984375 298.7717952468505 137306
2660 77.5 2854.898116179436 3338.5153256334124 9094.158935546875 0.5458984375 315.1102317016209 138124
2670 79.7 3081.596926585042 3507.761420132297 9094.158935546875 0.5458984375 329.2812164493174 138899
2680 81.6 2966.2961820714636 3382.273435055994 9094.158935546875 0.5458984375 344.9838537544527 139696
2690 75.3 2920.5047680372254 3445.0822965570815 9094.158935546875 0.5458984375 360.20668781778306 140512
2700 82.6 3147.674875624243 3450.822221082742 9094.158935546875 0.5458984375 373.85411962612375 141265
2710 79.3 3158.097216920024 3500.4565216813 9094.158935546875 0.5458984375 389.9788280485744 142091
2720 82.8 3023.5869692005404 3361.2307207926588 9094.158935546875 0.5458984375 405.3417649930543 142884
2730 77.7 3091.104108223736 3468.9660222427638 9094.158935546875 0.5458984375 420.4268450774161 143712
2740 80.2 3283.8729272400064 3610.2900672597766 9094.158935546875 0.5458984375 434.78860433566194 144489
2750 81.8 3118.522586887797 3425.703784329343 9094.158935546875 0.5458984375 450.515425866034 145291
2760 76.5 2803.7893484477086 3295.7876483711802 9094.158935546875 0.5458984375 465.4524239819324 146109
2770 80.9 2845.5954076816456 3317.32067502655 9125.31005859375 0.5458984375 477.6317596520736 146874
2780 81.4 3263.5060771220433 3429.5950599240346 9125.31005859375 0.5458984375 490.6033446771335 147683
2790 82.5 2992.9225047348496 3438.362993306847 9125.31005859375 0.5458984375 505.80326672411195 148497
2800 83.6 2933.029474723849 3364.7860021563806 9125.31005859375 0.5458984375 519.5445330569956 149322
2810 82.1 3059.550292374009 3338.4817483371867 9125.31005859375 0.5458984375 532.9815354893235 150158
2820 83.2 3199.6035828223607 3470.620693770407 9125.31005859375 0.5458984375 546.7206180730095 150979
2830 78.3 3091.990844570662 3467.1235837431555 9125.31005859375 0.5458984375 561.2597399197233 151811
2840 77.6 2986.845959850193 3447.3981774503427 9125.31005859375 0.5458984375 574.2455876918617 152594
2850 78.8 3296.7367541318 3591.4283453546436 9125.31005859375 0.5458984375 586.4525244382585 153370
2860 80.1 3217.9948678653636 3464.8708369424958 9125.31005859375 0.5458984375 600.3065182173585 154158
2870 83.7 3218.3321175888577 3527.543141756681 9125.31005859375 0.5458984375 613.8376352745676 154959
2880 80.3 3195.592330761596 3472.2373673344578 9125.31005859375 0.5458984375 627.8300476708876 155796
2890 83.1 3111.801644702824 3428.4836208600705 9125.31005859375 0.5458984375 640.9968821546444 156599
2900 79.2 3146.224931504993 3520.658522936709 9155.053955078125 0.5458984375 654.0391152593737 157430
2910 80.7 3130.534431088814 3521.24561092992 9155.053955078125 0.5458984375 666.5140629055072 158222
2920 79.5 3358.951247113305 3628.0751357584095 9155.053955078125 0.504150390625 679.017847983222 159029
2930 77.8 3007.125641418301 3413.7264725157497 9155.053955078125 0.504150390625 692.3484307011394 159824
2940 82.4 3073.176560188958 3395.8397080399964 9155.053955078125 0.504150390625 703.5618444191375 160602
2950 83.8 3045.9386385460193 3416.994932295359 9155.053955078125 0.504150390625 715.6575571655002 161426
2960 78.5 3153.3609766869054 3411.822582763296 9155.053955078125 0.504150390625 727.6921153311862 162264
2970 83.9 3282.3530974723453 3403.913947149207 9155.053955078125 0.504150390625 739.3705068341346 163049
2980 77.9 3148.259180502348 3397.455321904494 9155.053955078125 0.504150390625 752.3889242505742 163888
2990 78.6 3252.0373476140076 3570.1755752048784 9155.053955078125 0.504150390625 763.7232105958657 164667
3000 81.4 3459.1825874947212 3722.092059473948 9155.053955078125 0.504150390625 775.5441803679233 165453
3010 85.2 3176.360165878079 3373.831419282621 9155.053955078125 0.504150390625 788.6825762215877 166267
3020 84.6 3199.0470094793495 3421.7824230285446 9155.053955078125 0.504150390625 800.8553471595859 167119
3030 84.8 3547.316120939435 3668.6189380590076 9155.053955078125 0.504150390625 812.9344716576809 167965
3040 86.2 3318.5412359746597 3563.852455988126 9155.053955078125 0.504150390625 826.6701178377199 168813
3050 83.7 3194.2364375070006 3471.3248091120813 9155.053955078125 0.504150390625 839.3295721110898 169675
3060 81 3133.768925118152 3464.846177231956 9155.053955078125 0.504150390625 850.8892104141792 170512
3070 80.6 3219.436298985634 3471.6520816093703 9155.053955078125 0.504150390625 861.6825269112444 171322
3080 88.6 3368.08006048956 3485.907433987253 9155.053955078125 0.504150390625 872.7228546922677 172128
3090 84.2 3135.5808557795795 3498.7144919339107 9165.64599609375 0.504150390625 885.501511242237 173014
3100 86.6 3493.334616152299 3627.6267740154303 9165.64599609375 0.504150390625 896.3988447141934 173856
3110 80.5 3115.9977660374616 3517.012261648894 9167.06103515625 0.504150390625 909.2704142822237 174722
3120 85.4 3405.6677120306995 3607.482176624202 9167.06103515625 0.504150390625 919.3908830315498 175527
3130 84.1 3271.0337448210835 3470.826078978665 9167.06103515625 0.504150390625 931.4289166744325 176381
3140 94.4 3533.8813722254868 3631.2019161619096 9174.2490234375 0.504150390625 942.5314189623613 177222
3150 83 3233.71494964232 3459.158779522318 9174.2490234375 0.504150390625 956.2615041406804 178166
3160 89.9 3371.4442799942635 3583.7319450633972 9174.2490234375 0.504150390625 966.8219991225031 178996
3170 84.7 3322.240697579233 3570.6927099461536 9320.654052734375 0.504150390625 978.8387612921227 179895
3180 91.6 3566.8299267364896 3646.571728781107 9320.654052734375 0.504150390625 989.8205001244648 180742
3190 83.7 3301.10874670979 3574.8162597096634 9320.654052734375 0.504150390625 1002.8149217011453 181658
3200 93.1 3400.295699401266 3639.7554712277692 9320.654052734375 0.504150390625 1013.3558786124702 182495
3210 91.5 3387.892925258281 3486.585623305351 9320.654052734375 0.504150390625 1025.4710693332752 183426
3220 89.1 3370.4108801776433 3560.5378063073367 9320.654052734375 0.504150390625 1037.1972506937504 184341
3230 88.4 3599.069398077366 3674.087682665182 9320.654052734375 0.504150390625 1048.4204375290174 185232
3240 97.2 3427.9375238614807 3515.3782295693773 9320.654052734375 0.504150390625 1060.5353211560282 186116
3250 94.1 3456.717844007374 3523.3571957539953 9320.654052734375 0.504150390625 1072.834960582553 187088
3260 84.9 3326.5148991920655 3571.2223968381313 9320.654052734375 0.504150390625 1084.7652149225898 188029
3270 87.5 3601.4381347656263 3630.732877978061 9320.654052734375 0.504150390625 1094.8418013008065 188878
3280 89.3 3502.326889260218 3627.851687400909 9320.654052734375 0.504150390625 1106.4003631774658 189753
3290 84.1 3335.794815916227 3548.4858653767064 9320.654052734375 0.504150390625 1117.6230606785512 190646
3300 95.2 3699.489720192277 3670.4417421103035 9320.654052734375 0.504150390625 1127.3651447163966 191487
3310 83.2 3218.1441559424766 3566.070061594045 9320.654052734375 0.504150390625 1140.0895020236628 192439
3320 91.4 3319.9789777292453 3512.4008953479783 9320.654052734375 0.504150390625 1149.035186953427 193271
3330 83.2 3512.6224297743565 3637.7345670906657 9320.654052734375 0.504150390625 1159.2534974551088 194185
3340 91.9 3641.6726770245346 3716.9611564178085 9320.654052734375 0.504150390625 1169.2936629365265 195017
3350 87 3820.0000987787353 3707.1727187679326 9320.654052734375 0.504150390625 1180.8898796294613 195936
3360 80.3 3314.8222118106896 3639.777368848923 9320.654052734375 0.504150390625 1192.5563221701352 196806
3370 90.2 3477.9698756993994 3571.5676474602956 9320.654052734375 0.504150390625 1201.1803196063925 197609
3380 86.8 3162.482473347044 3449.3361048178704 9320.654052734375 0.504150390625 1211.5256615753308 198511
3390 93.3 3883.6336226386657 3702.7716244898065 9320.654052734375 0.504150390625 1220.019186533415 199379
3400 84.6 3171.5587031226924 3519.2796382677407 9320.654052734375 0.504150390625 1232.4255938823817 200312
3410 87.8 3334.679848777409 3494.854869428881 9320.654052734375 0.504150390625 1240.5809076676514 201158
3420 86.2 3590.350775415549 3600.6870081924762 9320.654052734375 0.504150390625 1249.6813594202815 202036
3430 90.4 3693.05111505289 3575.782519576853 9320.654052734375 0.504150390625 1259.625553234848 202898
3440 93.7 3515.509774744447 3607.2015831489025 9320.654052734375 0.504150390625 1270.4194448938283 203802
3450 89.9 3590.696737423091 3590.816059938634 9320.654052734375 0.504150390625 1280.6942320084966 204739
3460 84.1 3601.704557620671 3708.575440592727 9320.654052734375 0.504150390625 1290.7930087538828 205638
3470 87.7 3344.1859402281393 3518.6630435827983 9320.654052734375 0.504150390625 1300.2054749736776 206479
3480 84.5 3684.9047525078586 3659.0530901971997 9320.654052734375 0.504150390625 1308.8503700720985 207356
3490 94.9 3828.57737199725 3630.688952744745 9320.654052734375 0.504150390625 1318.493772136249 208201
3500 87.6 3326.8477607622526 3546.3289411821806 9320.654052734375 0.504150390625 1329.8830589460415 209150
3510 81.9 3419.075888087609 3640.4765850390086 9320.654052734375 0.504150390625 1338.2122233294558 210026
3520 88 3432.6524408513856 3543.634330162989 9320.654052734375 0.504150390625 1346.295067795471 210845
3530 90.8 3643.066253258794 3682.1987843943775 9320.654052734375 0.504150390625 1354.9666676929285 211725
3540 86.3 3661.2919491870653 3688.2697672393506 9320.654052734375 0.504150390625 1364.737467256937 212633
3550 87.6 3331.6985183785505 3518.5426968700035 9320.654052734375 0.504150390625 1374.0206693680102 213496
3560 91.3 3663.425706376643 3638.204137369969 9320.654052734375 0.504150390625 1382.0204351757334 214372
3570 94.4 3287.32947449765 3565.4471671122237 9320.654052734375 0.504150390625 1391.695623937637 215285
3580 87.8 3343.635243895927 3489.488611907188 9320.654052734375 0.504150390625 1399.9714720196641 216229
3590 94.1 3332.7526295060948 3533.6994186380502 9320.654052734375 0.504150390625 1407.8318210259483 217107
3600 95 3861.9683506373367 3690.1563347257884 9320.654052734375 0.504150390625 1416.1389390952718 218048
3610 92.3 3550.287673305457 3656.5570477288866 9320.654052734375 0.504150390625 1426.7487982764742 218998
3620 86.2 3354.0039068164515 3573.4035291506107 9320.654052734375 0.504150390625 1435.6612094680008 219921
3630 92.3 3601.1729449337245 3562.87428040231 9320.654052734375 0.504150390625 1443.150968213531 220783
3640 92.2 3485.143711445906 3614.993661095142 9320.654052734375 0.504150390625 1452.1351828243794 221706
3650 93.1 3486.3142724452014 3494.2026984421877 9320.654052734375 0.504150390625 1460.554761059772 222628
3660 87.9 3521.0038831969036 3539.5928277880553 9320.654052734375 0.504150390625 1468.9909327419673 223559
3670 92.3 3560.2628918417345 3579.438370813604 9320.654052734375 0.504150390625 1477.0275369865687 224438
3680 88.2 3564.6438043641956 3628.9834674005124 9320.654052734375 0.504150390625 1485.559741904595 225361
3690 101 3952.3542586827066 3589.644628386527 9320.654052734375 0.504150390625 1493.6649745221318 226243
3700 87.3 3274.3534582953 3649.736704477007 9320.654052734375 0.504150390625 1504.5923381961084 227253
3710 100 3631.002691406251 3582.7581819618454 9320.654052734375 0.504150390625 1511.3649176383753 228126
3720 92.6 3626.354914028753 3671.259697008572 9320.654052734375 0.504150390625 1520.615887732419 229126
3730 89 3730.492222338046 3669.7908648917305 9320.654052734375 0.504150390625 1529.0918598532892 230052
3740 102.1 3812.67074564038 3698.873316552613 9320.654052734375 0.504150390625 1537.5755757759512 230942
3750 95.2 3740.653096431443 3629.2984584020082 9320.654052734375 0.504150390625 1547.5895528689857 231963
3760 97.8 3848.640469978193 3586.022517519201 9320.654052734375 0.504150390625 1556.5533228858224 232915
3770 86.6 3495.7392651423556 3541.5476749643144 9320.654052734375 0.504150390625 1566.1374542187666 233893
3780 94.3 3525.986698866648 3595.560802095304 9320.654052734375 0.504150390625 1573.2555419949958 234759
3790 96.7 3687.081101899802 3629.2871262530393 9320.654052734375 0.504150390625 1581.068057293678 235702
3800 98.6 3553.8588815189996 3618.106627234203 9320.654052734375 0.504150390625 1589.6729637838991 236669
3810 90.9 3619.2446259518542 3707.6354337463954 9320.654052734375 0.504150390625 1597.822118293111 237655
3820 86 3452.271491188227 3534.9957815236667 9320.654052734375 0.504150390625 1605.5243410067721 238564
3830 94.4 3399.9652122885495 3591.963482352069 9320.654052734375 0.504150390625 1612.157771862309 239424
3840 98.9 3346.6389115722154 3594.9836321743664 9320.654052734375 0.504150390625 1619.1790485038018 240368
3850 96.9 3565.1019016261944 3471.13472149211 9320.654052734375 0.504150390625 1626.2575993830997 241357
3860 99.4 3384.1657167123844 3597.2028358162097 9320.654052734375 0.504150390625 1634.0105442956287 242326
3870 97.7 3685.1464611354113 3599.5488592655893 9320.654052734375 0.504150390625 1641.1602000632693 243320
3880 91.6 3691.0399870893325 3681.0248043321494 9320.654052734375 0.504150390625 1649.334572147525 244297
3890 94.8 4334.386499332478 3744.3289867563503 9320.654052734375 0.504150390625 1656.9614196641196 245213
3900 89.7 3427.895458004547 3609.453461380529 9320.654052734375 0.504150390625 1667.27255333487 246161
3910 95.9 3843.136028078972 3697.5388717503242 9320.654052734375 0.504150390625 1673.6648933744102 247058
3920 100.2 3637.677201261539 3644.2329324823563 9320.654052734375 0.504150390625 1682.0535232593845 248017
3930 97.6 3550.3162496598043 3535.7090216432443 9320.654052734375 0.504150390625 1689.922540986378 249019
3940 99.9 3534.8187313289855 3481.4810445680364 9320.654052734375 0.504150390625 1697.1856632874849 249995
3950 85.1 3374.994830587637 3560.07263730033 9320.654052734375 0.504150390625 1704.4997641623006 250994
3960 93 3566.9029533140115 3599.67233154516 9320.654052734375 0.504150390625 1710.1444714287857 251845
3970 89.6 3388.565641130721 3452.6268773535667 9320.654052734375 0.504150390625 1716.9757853963588 252775
3980 87.2 3564.4914060820165 3549.6673829699134 9320.654052734375 0.504150390625 1722.8800649976454 253671
3980 2.2 4241.266867897727 4121.665655380037 9320.654052734375 0.504150390625 1729.188960113306 254543
