2430 0.9 9
2440 2.4 33
2450 5.5 88
2460 5.1 139
2470 5.2 191
2480 5.4 245
2490 5.7 302
2500 5.5 357
2510 8.9 446
2520 8.8 534
2530 7.1 605
2540 8.2 687
2550 10.8 795
2560 13.3 928
2570 12.5 1053
2580 13.7 1190
2590 17.5 1365
2600 13 1495
2610 20.1 1696
2620 18.3 1879
2630 18.5 2064
2640 17.8 2242
2650 19.5 2437
2660 21.5 2652
2670 24.1 2893
2680 21.9 3112
2690 24 3352
2700 23.7 3589
2710 22.1 3810
2720 25.6 4066
2730 24.2 4308
2740 24.1 4549
2750 26.4 4813
2760 26.4 5077
2770 26.9 5346
2780 26.1 5607
2790 27.8 5885
2800 24.9 6134
2810 25.2 6386
2820 23.4 6620
2830 24.8 6868
2840 25 7118
2850 26.9 7387
2860 25.7 7644
2870 26.2 7906
2880 26.7 8173
2890 25.2 8425
2900 26.8 8693
2910 27.2 8965
2920 23.5 9200
2930 24.6 9446
2940 31.7 9763
2950 29.9 10062
2960 25.3 10315
2970 27.5 10590
2980 30.2 10892
2990 30.2 11194
3000 34.5 11539
3010 23.9 11778
3020 30.1 12079
3030 31.2 12391
3040 30.6 12697
3050 33.7 13034
3060 37.6 13410
3070 36.8 13778
3080 33.2 14110
3090 42.3 14533
3100 42 14953
3110 43.3 15386
3120 40.8 15794
3130 44 16234
3140 40.2 16636
3150 44.3 17079
3160 45.7 17536
3170 40.6 17942
3180 44 18382
3190 50.4 18886
3200 46.5 19351
3210 45.9 19810
3220 43.4 20244
3230 52.5 20769
3240 46 21229
3250 40.7 21636
3260 41.6 22052
3270 43.8 22490
3280 43.7 22927
3290 46.5 23392
3300 45.2 23844
3310 40 24244
3320 50.1 24745
3330 48.9 25234
3340 38.8 25622
3350 45.5 26077
3360 50.2 26579
3370 50.3 27082
3380 39.3 27475
3390 51.9 27994
3400 52.5 28519
3410 43.7 28956
3420 51.9 29475
3430 51.5 29990
3440 49.4 30484
3450 49.1 30975
3460 52.1 31496
3470 49.6 31992
3480 47.8 32470
3490 51.2 32982
3500 47.6 33458
3510 44.9 33907
3520 55 34457
3530 51.4 34971
3540 48.2 35453
3550 50.9 35962
3560 63 36592
3570 53.9 37131
3580 58.3 37714
3590 57.7 38291
3600 57.6 38867
3610 57.9 39446
3620 59.9 40045
3630 54.3 40588
3640 57.4 41162
3650 55.1 41713
3660 60.6 42319
3670 63.4 42953
3680 63 43583
3690 66.2 44245
3700 63.2 44877
3710 66.6 45543
3720 66.7 46210
3730 69.8 46908
3740 58.2 47490
3750 69.2 48182
3760 70 48882
3770 65.6 49538
3780 71.1 50249
3790 68.1 50930
3800 66.5 51595
3810 65.7 52252
3820 75 53002
3830 66.7 53669
3840 72.4 54393
3850 70.3 55096
3860 73.6 55832
3870 63.6 56468
3880 68.2 57150
3890 67.2 57822
3900 66.1 58483
3910 72 59203
3920 60.8 59811
3930 66.9 60480
3940 68.1 61161
3950 68.9 61850
3960 68.7 62537
3970 66.5 63202
3980 63.1 63833
3980 1.5 63848
