10 2.7 27
20 1.7 44
30 2.7 71
40 1.4 85
50 2.3 108
60 2.6 134
70 2.1 155
80 2.5 180
90 1.7 197
100 1.4 211
110 3.1 242
120 2.4 266
130 3.3 299
140 5.3 352
150 3.2 384
160 4.7 431
170 4.4 475
180 3.5 510
190 5.6 566
200 4.7 613
210 4.3 656
220 3.7 693
230 5.2 745
240 4.1 786
250 4.7 833
260 7.8 911
270 6.6 977
280 5 1027
290 6.2 1089
300 5.6 1145
310 7.4 1219
320 5.3 1272
330 6 1332
340 8.1 1413
350 7.9 1492
360 7.3 1565
370 7.7 1642
380 6.5 1707
390 9.2 1799
400 7.5 1874
410 8.3 1957
420 7.8 2035
430 6.5 2100
440 8.8 2188
450 7.8 2266
460 9.5 2361
470 9.7 2458
480 9.9 2557
490 9.1 2648
500 10 2748
510 10.5 2853
520 9.2 2945
530 9.5 3040
540 10.2 3142
550 9.8 3240
560 11.4 3354
570 9.2 3446
580 10.8 3554
590 12.1 3675
600 14 3815
610 16.1 3976
620 13.5 4111
630 14.6 4257
640 15.5 4412
650 16.8 4580
660 15.7 4737
670 14.7 4884
680 14.5 5029
690 15.4 5183
700 15.4 5337
710 16.8 5505
720 12.1 5626
730 13.4 5760
740 15.7 5917
750 15.2 6069
760 14 6209
770 12.5 6334
780 14.4 6478
790 14.5 6623
800 14.1 6764
810 12.9 6893
820 15.2 7045
830 16.3 7208
840 16.1 7369
850 15 7519
860 16.4 7683
870 15.1 7834
880 15.1 7985
890 15.1 8136
900 14.1 8277
910 12.5 8402
920 13.7 8539
930 13.7 8676
940 14.7 8823
950 14.2 8965
960 15.2 9117
970 16.6 9283
980 14.2 9425
990 14.2 9567
1000 14.7 9714
1010 13.7 9851
1020 14.5 9996
1030 13.5 10131
1040 14.3 10274
1050 14.7 10421
1060 16.3 10584
1070 15.3 10737
1080 15.6 10893
1090 13.3 11026
1100 14.8 11174
1110 15 11324
1120 15.4 11478
1130 14.6 11624
1140 16.3 11787
1150 13.8 11925
1160 15.2 12077
1170 15.1 12228
1180 17.1 12399
1190 19.8 12597
1200 17.9 12776
1210 17.8 12954
1220 20.1 13155
1230 18 13335
1240 21.9 13554
1250 19.8 13752
1260 21.1 13963
1270 20.9 14172
1280 18.3 14355
1290 19.3 14548
1300 22.6 14774
1310 19 14964
1320 17.2 15136
1330 18 15316
1340 21 15526
1350 19.8 15724
1360 20.4 15928
1370 17.4 16102
1380 19.5 16297
1390 20.4 16501
1400 19.5 16696
1410 19.1 16887
1420 24.1 17128
1430 18.8 17316
1440 20.6 17522
1450 19.2 17714
1460 19 17904
1470 21.6 18120
1480 19.9 18319
1490 22.4 18543
1500 19.6 18739
1510 21 18949
1520 18.8 19137
1530 19.9 19336
1540 19.1 19527
1550 20.3 19730
1560 20.4 19934
1570 19.2 20126
1580 21.1 20337
1590 18.8 20525
1600 18.1 20706
1610 18.8 20894
1620 17.2 21066
1630 19.3 21259
1640 19 21449
1650 18.6 21635
1660 21 21845
1670 19 22035
1680 20.1 22236
1690 20.4 22440
1700 19.8 22638
1710 20.6 22844
1720 19.2 23036
1730 19.4 23230
1740 21.1 23441
1750 23.6 23677
1760 20.8 23885
1770 19.7 24082
1780 21 24292
1790 21.1 24503
1800 25.9 24762
1810 24.4 25006
1820 25.2 25258
1830 27.8 25536
1840 23.2 25768
1850 24.5 26013
1860 25.3 26266
1870 24.1 26507
1880 28.1 26788
1890 23.9 27027
1900 24.5 27272
1910 22.9 27501
1920 23.3 27734
1930 25.5 27989
1940 25.5 28244
1950 25.3 28497
1960 22.4 28721
1970 25.3 28974
1980 25.1 29225
1990 21.6 29441
2000 22.2 29663
2010 24.3 29906
2020 25.5 30161
2030 25.7 30418
2040 25 30668
2050 23.2 30900
2060 26.9 31169
2070 22.6 31395
2080 26.1 31656
2090 24.5 31901
2100 26.3 32164
2110 25 32414
2120 24.1 32655
2130 23.7 32892
2140 24 33132
2150 25.4 33386
2160 24.7 33633
2170 26.4 33897
2180 23.2 34129
2190 27.7 34406
2200 23.9 34645
2210 23.9 34884
2220 26.8 35152
2230 22.9 35381
2240 26.8 35649
2250 25.4 35903
2260 23.8 36141
2270 24.9 36390
2280 24.7 36637
2290 24.7 36884
2300 26.7 37151
2310 24.1 37392
2320 20.2 37594
2330 25.5 37849
2340 25.4 38103
2350 23.7 38340
2360 24 38580
2370 23.7 38817
2380 28 39097
2390 29.7 39394
2400 31.1 39705
2410 29.9 40004
2420 32 40324
2430 31.1 40635
2440 27.2 40907
2450 28.8 41195
2460 24.6 41441
2470 25.5 41696
2480 27.8 41974
2490 29.7 42271
2500 27.9 42550
2510 28.3 42833
2520 28.9 43122
2530 30.3 43425
2540 29.5 43720
2550 32.9 44049
2560 30.1 44350
2570 29.4 44644
2580 28.7 44931
2590 30.9 45240
2600 28.4 45524
2610 29.4 45818
2620 30.7 46125
2630 29.6 46421
2640 31 46731
2650 30.4 47035
2660 30.8 47343
2670 28.5 47628
2680 26.5 47893
2690 28.2 48175
2700 30.3 48478
2710 26.8 48746
2720 30.1 49047
2730 30 49347
2740 30.8 49655
2750 30.5 49960
2760 29.1 50251
2770 30 50551
2780 26.1 50812
2790 28.2 51094
2800 28.4 51378
2810 29.2 51670
2820 27.7 51947
2830 25.2 52199
2840 28.7 52486
2850 28.2 52768
2860 28.4 53052
2870 29.8 53350
2880 30.7 53657
2890 29.2 53949
2900 28.3 54232
2910 26.7 54499
2920 30 54799
2930 30.3 55102
2940 27.7 55379
2950 28.8 55667
2960 27.6 55943
2970 28.2 56225
2980 31.1 56536
2990 27.9 56815
3000 31 57125
3010 30.6 57431
3020 34.6 57777
3030 33.6 58113
3040 34.2 58455
3050 32.5 58780
3060 31.8 59098
3070 34.3 59441
3080 34.7 59788
3090 33.8 60126
3100 31 60436
3110 34 60776
3120 31.5 61091
3130 34.2 61433
3140 35 61783
3150 33.6 62119
3160 35.4 62473
3170 33.4 62807
3180 40.7 63214
3190 34.3 63557
3200 34.5 63902
3210 33.1 64233
3220 34.2 64575
3230 34.8 64923
3240 33.7 65260
3250 29.8 65558
3260 33.9 65897
3270 32.8 66225
3280 35.1 66576
3290 33.5 66911
3300 33.9 67250
3310 37.1 67621
3320 31.7 67938
3330 32.6 68264
3340 36.2 68626
3350 32.3 68949
3360 29.5 69244
3370 31.8 69562
3380 37 69932
3390 31.6 70248
3400 34.7 70595
3410 34 70935
3420 32.5 71260
3430 36.5 71625
3440 36 71985
3450 35.9 72344
3460 26.3 72607
3470 30.1 72908
3480 31.7 73225
3490 35 73575
3500 33.2 73907
3510 31.2 74219
3520 35.2 74571
3530 35 74921
3540 31.7 75238
3550 34.5 75583
3560 34.5 75928
3570 34.3 76271
3580 31 76581
3590 36.8 76949
3600 33.9 77288
3610 34.4 77632
3620 31.5 77947
3630 34.3 78290
3640 41.1 78701
3650 33.3 79034
3660 41.6 79450
3670 38.4 79834
3680 38 80214
3690 31.2 80526
3700 41.7 80943
3710 40 81343
3720 37.8 81721
3730 38.4 82105
3740 38.9 82494
3750 42.1 82915
3760 39.3 83308
3770 37.9 83687
3780 34.3 84030
3790 36.7 84397
3800 41.6 84813
3810 33.9 85152
3820 36 85512
3830 40.1 85913
3840 41 86323
3850 33.3 86656
3860 36.9 87025
3870 36.1 87386
3880 38.7 87773
3890 36.7 88140
3900 36.4 88504
3910 33.4 88838
3920 38.5 89223
3930 41.4 89637
3940 36.3 90000
3950 33 90330
3960 18 90510
3970 20.2 90712
3980 21 90922
3980 0.2 90924
