10 0.4 4
20 1.5 19
30 3.1 50
40 4.8 98
50 3.6 134
60 5.6 190
70 3.4 224
80 5.2 276
90 3.2 308
100 3.1 339
110 3.9 378
120 4.8 426
130 3.2 458
140 5.1 509
150 6.4 573
160 7.9 652
170 7.1 723
180 7 793
190 8.2 875
200 7.5 950
210 10.4 1054
220 10.2 1156
230 9.1 1247
240 6.5 1312
250 7.4 1386
260 9.6 1482
270 9.6 1578
280 11.5 1693
290 11 1803
300 13.5 1938
310 11.3 2051
320 12.2 2173
330 11 2283
340 10.7 2390
350 12.9 2519
360 11.7 2636
370 10.3 2739
380 12.2 2861
390 13.4 2995
400 17.4 3169
410 17.7 3346
420 15.8 3504
430 14.3 3647
440 15.6 3803
450 13.8 3941
460 15.1 4092
470 16.5 4257
480 13.9 4396
490 15.9 4555
500 18.6 4741
510 20.9 4950
520 19.7 5147
530 19.9 5346
540 23.3 5579
550 20 5779
560 21.8 5997
570 23 6227
580 20.9 6436
590 26.3 6699
600 25 6949
610 22.9 7178
620 26.1 7439
630 28.3 7722
640 29 8012
650 26.5 8277
660 24.2 8519
670 27.3 8792
680 25.5 9047
690 26.5 9312
700 28.8 9600
710 24.4 9844
720 27.8 10122
730 25 10372
740 26.3 10635
750 26.4 10899
760 24.2 11141
770 24.7 11388
780 30.7 11695
790 29.4 11989
800 29.3 12282
810 31.9 12601
820 24.9 12850
830 27.8 13128
840 27.4 13402
850 30.8 13710
860 30.3 14013
870 26.5 14278
880 29.3 14571
890 27.5 14846
900 31 15156
910 33.3 15489
920 37.2 15861
930 36.8 16229
940 35.1 16580
950 33.4 16914
960 37.4 17288
970 33.9 17627
980 34.6 17973
990 37.8 18351
1000 38.8 18739
1010 38.4 19123
1020 36.7 19490
1030 38.4 19874
1040 34.6 20220
1050 36.1 20581
1060 37.7 20958
1070 37.4 21332
1080 37 21702
1090 37.9 22081
1100 42.3 22504
1110 41.5 22919
1120 45.8 23377
1130 44.9 23826
1140 43.4 24260
1150 40.6 24666
1160 38.1 25047
1170 36.4 25411
1180 34.6 25757
1190 39.9 26156
1200 38.6 26542
1210 53.4 27076
1220 56.1 27637
1230 63.8 28275
1240 62.5 28900
1250 64.9 29549
1260 60.6 30155
1270 60 30755
1280 57.5 31330
1290 67.5 32005
1300 68.3 32688
1310 59.5 33283
1320 61.1 33894
1330 53.7 34431
1340 54.2 34973
1350 48.5 35458
1360 55.7 36015
1370 61.5 36630
1380 54 37170
1390 58.4 37754
1400 53.2 38286
1410 55 38836
1420 55.4 39390
1430 54.2 39932
1440 54.6 40478
1450 57.3 41051
1460 54.8 41599
1470 55.1 42150
1480 51.7 42667
1490 61.3 43280
1500 58.7 43867
1510 54.2 44409
1520 59.8 45007
1530 59.9 45606
1540 56.6 46172
1550 58.2 46754
1560 57.9 47333
1570 61.3 47946
1580 59.6 48542
1590 61.3 49155
1600 63.1 49786
1610 59.6 50382
1620 64.4 51026
1630 54.3 51569
1640 60.2 52171
1650 52.2 52693
1660 51.3 53206
1670 60.5 53811
1680 59.6 54407
1690 63.1 55038
1700 58 55618
1710 58 56198
1720 56.2 56760
1730 61.6 57376
1740 61.8 57994
1750 60 58594
1760 62.1 59215
1770 62.3 59838
1780 59 60428
1790 59.7 61025
1800 60.6 61631
1810 64 62271
1820 61.4 62885
1830 60.5 63490
1840 57.7 64067
1850 61.5 64682
1860 57.4 65256
1870 57 65826
1880 56.5 66391
1890 55.1 66942
1900 57.5 67517
1910 56.3 68080
1920 55.9 68639
1930 51.8 69157
1940 58.4 69741
1950 59.2 70333
1960 55 70883
1970 57.7 71460
1980 58 72040
1990 58.3 72623
2000 59.5 73218
2010 58 73798
2020 55.6 74354
2030 57.6 74930
2040 51.9 75449
2050 49.2 75941
2060 58.3 76524
2070 49.1 77015
2080 56.9 77584
2090 53.1 78115
2100 55.6 78671
2110 56.2 79233
2120 52.4 79757
2130 58.4 80341
2140 51.4 80855
2150 55.4 81409
2160 50.1 81910
2170 56.9 82479
2180 50 82979
2190 49.6 83475
2200 45.7 83932
2210 55.3 84485
2220 50.6 84991
2230 54.3 85534
2240 52.2 86056
2250 51 86566
2260 50.9 87075
2270 52 87595
2280 53 88125
2290 52.4 88649
2300 54.5 89194
2310 51.2 89706
2320 50.1 90207
2330 49.6 90703
2340 50.4 91207
2350 58.6 91793
2360 54.7 92340
2370 52.1 92861
2380 47.2 93333
2390 48.6 93819
2400 41.8 94237
2410 53.5 94772
2420 46.6 95238
2430 50.2 95740
2440 48.2 96222
2450 51.3 96735
2460 52.2 97257
2470 46.9 97726
2480 51.1 98237
2490 43.7 98674
2500 45.2 99126
2510 51.9 99645
2520 45.7 100102
2530 43.2 100534
2540 49.2 101026
2550 50.5 101531
2560 41.4 101945
2570 46.7 102412
2580 49 102902
2590 50.4 103406
2600 44.4 103850
2610 50.5 104355
2620 47.6 104831
2630 45.1 105282
2640 47.9 105761
2650 48.5 106246
2660 46.4 106710
2670 49.2 107202
2680 50.7 107709
2690 42.1 108130
2700 40.8 108538
2710 46.4 109002
2720 40.1 109403
2730 42.4 109827
2740 45.1 110278
2750 49.1 110769
2760 46.6 111235
2770 45.3 111688
2780 50.3 112191
2790 40 112591
2800 46.6 113057
2810 49.2 113549
2820 42.3 113972
2830 47.8 114450
2840 45.6 114906
2850 47.3 115379
2860 39.7 115776
2870 41.3 116189
2880 38 116569
2890 40.9 116978
2900 47.1 117449
2910 37.3 117822
2920 45.7 118279
2930 38.3 118662
2940 45.7 119119
2950 47.4 119593
2960 43.4 120027
2970 48.8 120515
2980 35.4 120869
2990 44.8 121317
3000 39.5 121712
3010 43.9 122151
3020 43.5 122586
3030 41.7 123003
3040 39.2 123395
3050 38.7 123782
3060 43.5 124217
3070 42.6 124643
3080 38.8 125031
3090 43.9 125470
3100 32.2 125792
3110 42.3 126215
3120 42.3 126638
3130 47.6 127114
3140 45.8 127572
3150 41.9 127991
3160 30 128291
3170 43.7 128728
3180 41.3 129141
3190 43.3 129574
3200 44.8 130022
3210 41 130432
3217 24.6 130678
