10 0.1 1
20 0 1
30 0.5 6
40 0.9 15
50 0.9 24
60 1.3 37
70 1.1 48
80 1.3 61
90 0.7 68
100 0.6 74
110 1 84
120 1 94
130 1.1 105
140 0.9 114
150 1 124
160 2 144
170 1.7 161
180 1.4 175
190 1.7 192
200 1.7 209
210 2.6 235
220 2.6 261
230 2.3 284
240 2.1 305
250 2.2 327
260 1.9 346
270 2.3 369
280 2.8 397
290 2.5 422
300 2.7 449
310 2.2 471
320 3.1 502
330 3.5 537
340 3.3 570
350 2.6 596
360 3.1 627
370 2.7 654
380 2.5 679
390 2.6 705
400 4.8 753
410 4 793
420 4.1 834
430 3.6 870
440 3.6 906
450 3.8 944
460 3.6 980
470 4.3 1023
480 4 1063
490 3.6 1099
500 3.5 1134
510 5.5 1189
520 4.1 1230
530 5.1 1281
540 4.5 1326
550 5.5 1381
560 5.8 1439
570 5.7 1496
580 5.2 1548
590 5.5 1603
600 6.4 1667
610 6.5 1732
620 5.2 1784
630 7.2 1856
640 6.5 1921
650 8.1 2002
660 5.4 2056
670 7.2 2128
680 6.4 2192
690 5.5 2247
700 7.5 2322
710 7.1 2393
720 6.7 2460
730 5.8 2518
740 7.5 2593
750 6.4 2657
760 5.5 2712
770 5.6 2768
780 7.4 2842
790 7.5 2917
800 7.4 2991
810 7.9 3070
820 6.3 3133
830 7.4 3207
840 7.5 3282
850 6.3 3345
860 8.5 3430
870 6.2 3492
880 7.7 3569
890 7.1 3640
900 7.4 3714
910 7.9 3793
920 8.1 3874
930 8.9 3963
940 8.5 4048
950 7.2 4120
960 10.8 4228
970 8 4308
980 8.4 4392
990 9.4 4486
1000 8.3 4569
1010 10.7 4676
1020 10.4 4780
1030 8.6 4866
1040 8.8 4954
1050 9.3 5047
1060 9.5 5142
1070 9.9 5241
1080 8 5321
1090 9.4 5415
1100 10.6 5521
1110 8.6 5607
1120 11.6 5723
1130 12.3 5846
1140 10.4 5950
1150 11.1 6061
1160 9.6 6157
1170 10.3 6260
1180 8.2 6342
1190 9.2 6434
1200 8.5 6519
1210 11.6 6635
1220 13.2 6767
1230 15.3 6920
1240 13.1 7051
1250 15.4 7205
1260 15.1 7356
1270 16 7516
1280 13 7646
1290 16.4 7810
1300 18.7 7997
1310 15.8 8155
1320 16.6 8321
1330 13.7 8458
1340 13.2 8590
1350 13.3 8723
1360 12.8 8851
1370 15.6 9007
1380 13.6 9143
1390 15 9293
1400 14.1 9434
1410 12.7 9561
1420 13 9691
1430 14.6 9837
1440 12.7 9964
1450 13.9 10103
1460 14.7 10250
1470 13.1 10381
1480 12.3 10504
1490 14.9 10653
1500 14.9 10802
1510 15.1 10953
1520 13.3 11086
1530 14.1 11227
1540 14.5 11372
1550 13.8 11510
1560 14.5 11655
1570 14.6 11801
1580 16.5 11966
1590 14 12106
1600 15.8 12264
1610 15 12414
1620 17.1 12585
1630 13.9 12724
1640 15.1 12875
1650 13.8 13013
1660 12.8 13141
1670 14.1 13282
1680 15.3 13435
1690 16.7 13602
1700 14.6 13748
1710 15.5 13903
1720 12.1 14024
1730 15.4 14178
1740 13.5 14313
1750 14.8 14461
1760 16.2 14623
1770 16.5 14788
1780 15.3 14941
1790 16.7 15108
1800 13.4 15242
1810 14.9 15391
1820 14.9 15540
1830 15.8 15698
1840 15 15848
1850 14.4 15992
1860 15.2 16144
1870 13.1 16275
1880 15.6 16431
1890 14.6 16577
1900 15.1 16728
1910 14.3 16871
1920 13.5 17006
1930 12 17126
1940 13.1 17257
1950 12.8 17385
1960 13.9 17524
1970 13.9 17663
1980 12.4 17787
1990 14.6 17933
2000 15.7 18090
2010 13.6 18226
2020 12.1 18347
2030 13.2 18479
2040 12.9 18608
2050 13.1 18739
2060 13.7 18876
2070 11.7 18993
2080 12.7 19120
2090 12.7 19247
2100 13.3 19380
2110 14.5 19525
2120 11.3 19638
2130 15.3 19791
2140 11 19901
2150 12.7 20028
2160 12.5 20153
2170 12.7 20280
2180 9.5 20375
2190 11.5 20490
2200 10.6 20596
2210 11 20706
2220 11.5 20821
2230 13.5 20956
2240 13.5 21091
2250 10.1 21192
2260 13.3 21325
2270 11.8 21443
2280 10.6 21549
2290 12.2 21671
2300 12.8 21799
2310 11 21909
2320 10.2 22011
2330 11.5 22126
2340 11.6 22242
2350 14.5 22387
2360 13 22517
2370 12 22637
2380 11 22747
2390 11.3 22860
2400 9.3 22953
2410 13.1 23084
2420 10 23184
2430 12.6 23310
2440 12 23430
2450 12.8 23558
2460 13.5 23693
2470 11 23803
2480 12.1 23924
2490 11.4 24038
2500 12.6 24164
2510 12.4 24288
2520 10.2 24390
2530 11.9 24509
2540 13.2 24641
2550 12.7 24768
2560 11.3 24881
2570 9.4 24975
2580 11.5 25090
2590 11.7 25207
2600 13.4 25341
2610 11.8 25459
2620 11.7 25576
2630 12 25696
2640 12.1 25817
2650 13.2 25949
2660 11 26059
2670 15.4 26213
2680 14.2 26355
2690 10 26455
2700 11.6 26571
2710 13.8 26709
2720 9.9 26808
2730 11.4 26922
2740 13.1 27053
2750 13.1 27184
2760 13 27314
2770 10.5 27419
2780 12.6 27545
2790 10.8 27653
2800 13.9 27792
2810 13.2 27924
2820 12.4 28048
2830 14 28188
2840 13.3 28321
2850 14.2 28463
2860 12.6 28589
2870 13.2 28721
2880 12.2 28843
2890 16.7 29010
2900 14.8 29158
2910 12.6 29284
2920 11.2 29396
2930 13 29526
2940 14.8 29674
2950 15.4 29828
2960 11.4 29942
2970 13.3 30075
2980 11.1 30186
2990 15 30336
3000 13.3 30469
3010 11.9 30588
3020 14.8 30736
3030 13.6 30872
3040 14.8 31020
3050 13 31150
3060 13.6 31286
3070 15.5 31441
3080 13.8 31579
3090 13.6 31715
3100 9.4 31809
3110 13.5 31944
3120 13.5 32079
3130 13.6 32215
3140 12.6 32341
3150 14.5 32486
3160 11.1 32597
3170 13 32727
3180 15.7 32884
3190 15.7 33041
3200 14.1 33182
3210 14 33322
3217 8.6 33408
