10 0.6 122.5281982421875 22.974332752382306 159.49609375 93.98291015625 0 0
20 1.5 107.90794270833334 62.17051844954619 261.656005859375 21.47607421875 122.5281982421875 6
30 3.3 84.08154296875 84.89963315637945 362.612060546875 12.552978515625 112.08515857514881 21
40 5 86.0846826171875 71.01448757730415 362.612060546875 12.552978515625 94.97183792679398 54
50 3.9 91.80814302884616 77.14426728291508 362.612060546875 12.552978515625 90.69916710486778 104
60 5.8 68.33424535290949 49.298920982894636 362.612060546875 12.552978515625 91.00161508413461 143
70 3.6 67.7467990451389 45.01020107839968 362.612060546875 12.552978515625 84.46078202736318 201
80 5.4 444.75138346354186 785.8994914818817 3518.60302734375 12.552978515625 81.9219491693038 237
90 3.5 53.11967075892857 34.21641135725042 3518.60302734375 12.552978515625 149.25112254349233 291
100 3.5 64.76287667410715 58.00766724493435 3518.60302734375 12.552978515625 138.93026115557905 326
110 4.5 73.06188151041663 61.06968923517159 3518.60302734375 12.552978515625 131.7395175077909 361
120 5.2 70.11535644531249 64.82482240875751 3518.60302734375 12.552978515625 125.23583864108686 406
130 3.3 70.49268317945078 47.571031423690044 3518.60302734375 12.552978515625 118.97761795510374 458
140 5.5 58.28416637073864 58.54359563407743 3518.60302734375 12.266845703125 115.71895635103745 491
150 6.6 77.4009491891572 72.29128647620625 3518.60302734375 12.266845703125 109.93340058379124 546
160 8.5 71.32354090073531 60.9902257286009 3518.60302734375 12.266845703125 106.4249989628013 612
170 8.1 73.21418065200618 71.00665094299133 3518.60302734375 12.266845703125 102.14433334547618 697
180 7.5 74.78053059895835 72.03113436280047 3518.60302734375 12.266845703125 99.13232516016633 778
190 8.9 67.81367681267552 65.08739611667923 3518.60302734375 12.266845703125 96.99119433708239 853
200 8.3 84.46176110692768 89.14312471099225 3518.60302734375 12.266845703125 94.23450743721806 942
210 11.4 90.03558670847039 81.77764932150387 3518.60302734375 12.072021484375 93.44315334413113 1025
220 11 81.53575328480113 77.42208018916615 3518.60302734375 12.072021484375 93.10209750877965 1139
230 10.4 82.73960759089542 75.71325240272691 3518.60302734375 12.072021484375 92.08344429449811 1249
240 7.2 79.98138427734372 78.22643578599038 3518.60302734375 12.072021484375 91.3652188568228 1353
250 8.5 77.3623650045956 69.87032730944465 3518.60302734375 12.072021484375 90.79003563596493 1425
260 10.2 85.81236117493873 98.96975106720129 3518.60302734375 12.072021484375 90.03417338188123 1510
270 10.3 82.93168803094659 80.85476903370366 3518.60302734375 12.072021484375 89.7670363811938 1612
280 12.3 90.73580808561992 92.35009978854062 3518.60302734375 12.072021484375 89.35651691759294 1715
290 11.7 82.72492863581729 78.20820336168318 3518.60302734375 12.072021484375 89.44881986300499 1838
300 15 93.40411458333334 102.29488302926768 3518.60302734375 12.004150390625 89.04641818853902 1955
310 12.3 83.73772151295732 84.9691460247334 3518.60302734375 12.004150390625 89.35694287225358 2105
320 13.9 85.20751953124997 81.54460606322631 3518.60302734375 12.004150390625 89.04672553509315 2228
330 13 100.57573429987981 114.54854677882986 3518.60302734375 12.004150390625 88.82127152810784 2367
340 12.1 96.43276851433367 89.03985530137061 3518.60302734375 12.004150390625 89.4332379519486 2497
350 14.1 97.50483606216753 104.43576911569617 3518.60302734375 12.004150390625 89.75674566701682 2618
360 12.5 99.31897656250001 91.22482076338014 3518.60302734375 12.004150390625 90.1527154914881 2759
370 11.6 120.97381170864762 184.07708168336603 3518.60302734375 12.004150390625 90.55000489297093 2884
380 13.4 88.11314278218286 86.34421570595384 3518.60302734375 12.004150390625 91.72639208984376 3000
390 14.8 456.36151782886424 755.0920296000982 3518.60302734375 12.004150390625 91.57190089417477 3134
400 19.3 119.9231753966969 110.91673189456466 3518.60302734375 12.004150390625 108.02188971389873 3282
410 19.1 95.6422918030105 83.96819642643621 3518.60302734375 12.004150390625 108.68288198347572 3475
420 16.7 108.2049494760479 103.91226833397546 3518.60302734375 12.004150390625 108.00346225503358 3666
430 15.4 107.66812094155844 101.34772373376573 3518.60302734375 12.004150390625 108.01224085297498 3833
440 16.7 99.28532290886976 97.73769764910024 3518.60302734375 12.004150390625 107.99894903798673 3987
450 15.3 100.00751729728347 103.68742994199054 3518.60302734375 12.004150390625 107.64864196924275 4154
460 16.2 109.08799461082175 109.35242104832581 3518.60302734375 12.004150390625 107.37720197044781 4307
470 18.6 101.86535644531249 87.02527256148113 3518.60302734375 12.004150390625 107.43921772514474 4469
480 15.7 92.15768374303346 106.04034094822696 3518.60302734375 12.004150390625 107.21650275241676 4655
490 17.6 97.31888788396664 93.7109166311979 3518.60302734375 12.004150390625 106.72518218207736 4812
500 20 99.84408203125 99.37760728023046 3518.60302734375 12.004150390625 106.39328406730841 4988
510 22.4 138.13200269426628 140.71443346454097 3518.60302734375 12.004150390625 106.1408090466431 5188
520 20.7 108.15908179536532 105.65387373272745 3518.60302734375 12.004150390625 107.46490870981152 5412
530 22 115.95544433593749 120.0596540488735 3518.60302734375 12.004150390625 107.49048155706365 5619
540 24.9 114.03830262456071 106.31252719612425 3518.60302734375 12.004150390625 107.80942175424677 5839
550 22.2 101.64452245213961 100.02092472021869 3518.60302734375 12.004150390625 108.06418380035521 6088
560 23.5 118.23207072805853 102.58725505966129 3518.60302734375 12.004150390625 107.8383256673435 6310
570 25.8 119.48344291273011 114.51687466673808 3518.60302734375 12.004150390625 108.21151590252579 6545
580 23.1 97.99545856162064 88.82701985134868 3518.60302734375 12.004150390625 108.63899747957014 6803
590 29 107.9926623114224 97.67329661670612 3518.60302734375 12.004150390625 108.28945845624823 7034
600 27.2 138.03301463407632 142.3556004526821 3518.60302734375 12.004150390625 108.27770656083595 7324
610 25 105.8842529296875 95.77822322978263 3518.60302734375 12.004150390625 109.34319415903518 7596
620 28.6 100.38835261418272 95.36925075069128 3518.60302734375 12.004150390625 109.2329806352859 7846
630 31.2 130.8227523412459 114.0832141454824 3518.60302734375 11.68603515625 108.92191772160716 8132
640 31.9 138.03955384257452 125.37929695647708 3518.60302734375 11.68603515625 109.73113851759571 8444
650 29.5 113.45739290916313 97.69073922351308 3518.60302734375 11.68603515625 110.76165141142981 8763
660 26.9 131.45467334165886 119.26051658662841 3518.60302734375 11.68603515625 110.84944603958517 9058
670 29.2 117.52067001551798 105.78335579287588 3518.60302734375 11.68603515625 111.44372138473987 9327
680 29 111.88155643857759 97.36347047710059 3518.60302734375 11.68603515625 111.62819679800396 9619
690 28.5 121.5914336622807 121.52457050366549 3518.60302734375 11.68603515625 111.63561170321803 9909
700 31.2 127.89269784780649 110.27337792959176 3518.60302734375 11.68603515625 111.91395281154969 10194
710 26.8 120.4478951069846 103.91510861285226 3518.60302734375 11.68603515625 112.38847864929117 10506
720 30.1 121.60002303519518 105.37335793768429 3518.60302734375 11.68603515625 112.5889542025362 10774
730 27.3 116.6788075206044 105.78949825477586 3518.60302734375 11.68603515625 112.83386000105813 11075
740 30 123.03072184244792 104.76578813581118 3518.60302734375 11.68603515625 112.9263582979242 11348
750 29 138.82294248383621 134.86175604437693 3518.60302734375 11.68603515625 113.18660117767669 11648
760 26.9 124.90579620701673 130.8875425456829 3518.60302734375 11.68603515625 113.80936369893539 11938
770 27.1 116.80918923691189 109.30268097440903 3518.60302734375 11.68603515625 114.05389063796004 12207
780 33.5 113.7332446653452 94.11420500302685 3518.60302734375 11.68603515625 114.11373083032387 12478
790 32.4 137.03909942250192 119.34594041529233 3518.60302734375 11.68603515625 114.10378289734425 12813
800 31.9 119.47393435295847 104.64543279770685 3518.60302734375 11.68603515625 114.66944039556691 13137
810 34.2 138.91306523551737 125.80077320828714 3518.60302734375 11.68603515625 114.78334003679818 13456
820 27.9 129.57507017949143 122.9298498679121 3518.60302734375 11.68603515625 115.38142425320359 13798
830 30.9 119.37712457650687 95.2649308680099 3518.60302734375 11.68603515625 115.66273612458487 14077
840 30.5 111.55609070824795 104.42705891462067 3518.60302734375 11.68603515625 115.74251827609633 14386
850 33.2 125.51085322736257 108.86148408179099 3518.60302734375 11.68603515625 115.65560381090039 14691
860 33.6 120.6760282970611 108.02643795845898 3518.60302734375 11.68603515625 115.87339937811501 15023
870 29.2 122.41073984642549 107.72316321918925 3518.60302734375 11.68603515625 115.97846372584377 15359
880 30.7 135.1825503868078 115.26136464954881 3518.60302734375 11.68603515625 116.09847041086132 15651
890 30.1 132.53347727626655 110.83752572047742 3518.60302734375 11.68603515625 116.46560993665501 15958
900 32.9 145.69575106264264 140.47262883830604 3518.60302734375 11.68603515625 116.76307153141626 16259
910 35.7 131.6877776501225 111.06762206755735 3518.60302734375 11.68603515625 117.3369111483546 16588
920 39.5 135.31896200059327 116.28889161510236 3518.60302734375 11.68603515625 117.63925752434346 16945
930 40.2 127.43814193194181 110.79491613441732 3518.60302734375 11.68603515625 118.04199589044028 17340
940 39 118.8107428135016 98.86727135218024 3518.60302734375 11.68603515625 118.25489470166131 17742
950 37 146.3529626794762 128.3537042784337 3518.60302734375 11.68603515625 118.26685040227999 18132
960 41.2 135.2563802478382 119.44040150684467 3518.60302734375 11.68603515625 118.82851192765901 18502
970 36.8 142.4336780050526 139.2838810859876 3518.60302734375 11.68603515625 119.18635700262537 18914
980 38.4 139.17155774434394 129.34056150214406 3518.60302734375 11.68603515625 119.63003577707269 19282
990 41.1 133.40850429117253 122.66193307739532 3518.60302734375 11.68603515625 120.01160520834658 19666
1000 43.3 144.9981449823182 130.16487360505783 3518.60302734375 11.68603515625 120.28585562041219 20077
1010 41.9 141.49739427953457 117.3674505142854 3518.60302734375 11.68603515625 120.80757289460553 20510
1020 40.8 145.85921463311885 132.9448320126762 3518.60302734375 11.68603515625 121.22178452250391 20929
1030 41 127.62576159965695 109.52782263190582 3518.60302734375 11.68603515625 121.692894401359 21337
1040 38.4 130.21263631184894 114.0098345448615 3518.60302734375 11.68603515625 121.80474778579374 21747
1050 40 125.93048461914069 107.29696733920163 3518.60302734375 11.68603515625 121.95063496640036 22131
1060 41.1 131.69246419270826 112.02633406914 3518.60302734375 11.68603515625 122.02129050148962 22531
1070 41.6 133.29098745492786 108.49445063573609 3518.60302734375 11.68603515625 122.19454707838312 22942
1080 40.3 161.81850719215274 145.48060488094953 3518.60302734375 11.68603515625 122.39217184063342 23358
1090 41.4 131.88381147154294 115.70951126558089 3518.60302734375 11.68603515625 123.06086478902206 23761
1100 46 148.88432935631815 134.26633235436265 3518.60302734375 11.68603515625 123.21195889146523 24175
1110 45.3 151.0436348820364 138.47783303599206 3518.60302734375 11.68603515625 123.69132931621994 24635
1120 50.7 136.47575688409137 114.09768597271722 3518.60302734375 11.68603515625 124.18521461681443 25088
1130 50.1 171.84746084003874 148.14256203652465 3518.60302734375 11.68603515625 124.42867251599434 25595
1140 46.7 142.5633354105326 117.87416344924077 3518.60302734375 11.68603515625 125.33903475351526 26096
1150 44.9 158.55477504262947 147.1209817348393 3518.60302734375 11.68603515625 125.64185252284958 26563
1160 42.4 134.07700506246314 112.32510326907085 3518.60302734375 11.68603515625 126.18893908479912 27012
1170 40.2 147.50772504664178 114.82449398713666 3518.60302734375 11.68603515625 126.31084242254987 27436
1180 38.7 126.47437469718994 108.9937398144916 3518.60302734375 11.68603515625 126.6169400881467 27838
1190 43.5 133.068224676724 111.85986394404291 3518.60302734375 11.68603515625 126.6149853385878 28225
1200 42.3 153.1396132304595 145.00142192160888 3518.60302734375 11.68603515625 126.7129322720173 28660
1210 56.9 150.95516565520643 131.66323927392796 3518.60302734375 11.68603515625 127.09729722905134 29083
1220 61.4 153.10650813696043 125.15764177887478 3518.60302734375 11.68603515625 127.55511211959775 29652
1230 70.7 175.15178467832826 148.30702807619423 3518.60302734375 11.68603515625 128.07346793650981 30266
1240 69.1 149.191888171581 123.7757398639575 3518.60302734375 11.68603515625 129.14809325328463 30973
1250 71.4 197.2995441340599 158.00344633667487 3518.60302734375 11.68603515625 129.58550679195767 31664
1260 68.1 154.01049840537826 123.41082564864492 3518.60302734375 11.68603515625 131.07873746285338 32378
1270 67.4 172.51095300329177 140.84878180867267 3518.60302734375 11.68603515625 131.55112105587978 33059
1280 64.9 153.16744322695973 131.90212833799558 3518.60302734375 11.68603515625 132.3695162988927 33733
1290 75.4 214.94804402561337 163.65587883176684 3518.60302734375 11.68603515625 132.76210121472994 34382
1300 75 261.8238232421872 206.51067251704922 3518.60302734375 11.68603515625 134.52576813411193 35136
1310 65.1 167.94929938016028 127.53466188095368 3518.60302734375 11.68603515625 137.1862357630217 35886
1320 66.9 190.3095367386025 147.93949413590767 3518.60302734375 11.68603515625 137.7343583350653 36537
1330 59.3 175.50501291104544 144.6780294934371 3518.60302734375 11.68603515625 138.6797110833308 37206
1340 59.3 179.49675824067234 142.6893644939337 3518.60302734375 11.68603515625 139.2574354671461 37799
1350 53.1 162.3124475856286 135.05129365429792 3518.60302734375 11.68603515625 139.87896907843756 38392
1360 61 177.92379730724906 160.34248443564883 3518.60302734375 11.68603515625 140.18501375863482 38923
1370 67.7 182.79766223631387 148.9737326985494 3518.60302734375 11.68603515625 140.76732873510142 39533
1380 58.6 212.52212097376284 190.38593251084959 3518.60302734375 11.68603515625 141.47497697634293 40210
1390 64.8 195.8569479106384 159.0823312883194 3518.60302734375 11.68603515625 142.4955090476854 40796
1400 58.8 169.61415650244473 142.28544855375495 3518.60302734375 11.68603515625 143.32984483533124 41444
1410 60.2 167.5973877764223 137.37064034636055 3518.60302734375 11.68603515625 143.69754504612928 42032
1420 61.2 181.2732938878676 152.99591590396173 3518.60302734375 11.68603515625 144.03501526528856 42634
1430 58.2 179.90060372368987 145.91576992287392 3518.60302734375 11.68603515625 144.56199640844673 43246
1440 60.4 171.96186677035894 143.46900472389805 3518.60302734375 11.68603515625 145.03126421572682 43828
1450 63.4 172.30558473605066 132.69122349515033 3518.60302734375 11.68603515625 145.39735360947452 44432
1460 59.6 178.92603808921447 146.24669846944045 3518.60302734375 11.68603515625 145.77590547860532 45066
1470 60 162.85038696289078 134.9025328479785 3518.60302734375 11.68603515625 146.20859522140947 45662
1480 57.3 271.2484674104217 236.5232436441901 3518.60302734375 11.68603515625 146.424432734809 46262
1490 66.5 271.6038904634634 226.4029912895269 3518.60302734375 11.68603515625 147.9515849045352 46835
1500 65.4 222.30424961475057 170.23098471682454 3518.60302734375 11.68603515625 149.6827171823602 47500
1510 60.6 169.64378231036002 141.10713404752494 3518.60302734375 11.68603515625 150.66902116979185 48154
1520 64.3 216.6654373572364 173.44489013620944 3518.60302734375 11.68603515625 150.9048436728924 48760
1530 66.7 239.35541055156028 170.79757857408478 3518.60302734375 11.68603515625 151.76074436189984 49403
1540 62.7 258.970214454371 203.0402820357844 3518.60302734375 11.68603515625 152.9276235779674 50070
1550 64.9 213.66224592823093 171.13527950589705 3518.60302734375 11.68603515625 154.23911547057457 50697
1560 65.5 251.8443743290792 189.04343730231548 3518.60302734375 11.68603515625 154.99020828534145 51346
1570 69.2 297.7380526327676 239.79212900723434 3518.60302734375 11.68603515625 156.21017480057478 52001
1580 67 203.62936829524244 154.06392579577067 3518.60302734375 11.68603515625 158.0688143060096 52693
1590 68.2 229.05188883224898 166.64319790821722 3518.60302734375 11.68603515625 158.64085057032733 53363
1600 70 481.2182132393979 275.16731815075934 3518.60302734375 11.68603515625 159.52937546799834 54045
1610 65 228.70778545673076 164.1470713849059 3518.60302734375 11.68603515625 163.64266775843544 54745
1620 71.1 241.05565513471376 173.30755627160772 3518.60302734375 11.68603515625 164.40613605889382 55395
1630 60.2 241.51008884772122 188.1415130725625 3518.60302734375 11.68603515625 165.3774726015614 56106
1640 65.4 227.7217125382263 161.4852664744808 3518.60302734375 11.68603515625 166.18568017333592 56708
1650 57.7 252.82799002450724 195.2031915689113 3518.60302734375 11.68603515625 166.88726946880396 57362
1660 56.6 341.29959117228896 272.6200309305474 3518.60302734375 11.68603515625 167.7431315955345 57939
1670 65.1 243.8107865153372 182.43760992753488 3518.60302734375 11.68603515625 169.4221839179077 58505
1680 65.8 291.3132450370443 217.5978379071348 3518.60302734375 11.68603515625 170.24081567615582 59156
1690 68.4 216.54499111956315 162.1686932350381 3518.60302734375 11.68603515625 171.57270550996503 59814
1700 63.5 204.89654204601376 146.74137966216225 3518.60302734375 11.68603515625 172.0811693163217 60498
1710 63.8 227.75784426124127 173.10445433703313 3518.60302734375 11.68603515625 172.42202878147725 61133
1720 61.7 217.04600250392534 162.416116877384 3518.60302734375 11.68603515625 172.99356316291983 61771
1730 68.3 278.1417377522192 207.46569359574357 3518.60302734375 11.68603515625 173.4292295582747 62388
1740 68.5 247.8796112283303 176.49027220505633 3518.60302734375 11.68603515625 174.56316818452868 63071
1750 66.8 872.6642503567084 338.43252372814425 3518.60302734375 11.68603515625 175.35088641473453 63756
1760 69 691.45754076087 277.8782611984405 3518.60302734375 11.68603515625 182.5811938640273 64424
1770 68.3 331.259416393096 199.25245597304658 3518.60302734375 11.68603515625 187.97365446173012 65114
1780 64.8 293.0056849350163 200.27445387399058 3518.60302734375 11.68603515625 189.46101977320515 65797
1790 65.4 457.9143510637662 271.7820863166549 3518.60302734375 11.68603515625 190.47083154271158 66445
1800 66.3 264.6063079603836 192.13691858958833 3518.60302734375 11.68603515625 193.07754791354824 67099
1810 71 411.2643389634686 239.41907905479445 3518.60302734375 11.68603515625 193.77740281616406 67762
1820 67.3 354.84612610860864 212.8668901677254 3518.60302734375 11.68603515625 196.0325687915202 68472
1830 67.4 471.30560755517416 243.07732880946241 3518.60302734375 11.68603515625 197.57832805212328 69145
1840 64.3 294.3397138960443 193.02767109805578 3518.60302734375 11.68603515625 200.22076329732954 69819
1850 66.7 415.1247726966598 228.53270682007906 3518.60302734375 11.68603515625 201.07964447065663 70462
1860 63.9 293.0446563386391 198.85731393471352 3518.60302734375 11.68603515625 203.0868159552374 71129
1870 62.6 390.7865415335466 248.87592587747528 3518.60302734375 11.68603515625 203.88777264909808 71768
1880 62.4 295.34870949769606 204.61482142362948 3518.60302734375 11.68603515625 205.50390975053833 72394
1890 60.9 439.1611452400193 256.0884936378819 3518.60302734375 11.68603515625 206.2717088554471 73018
1900 62.8 411.3605980356787 250.0789442954805 3518.60302734375 11.68603515625 208.19803570236743 73627
1910 62.1 303.620800466737 237.67721002011254 3518.60302734375 11.68603515625 209.91625116456282 74255
1920 61.8 375.3334301204747 287.7501737997715 3518.60302734375 11.68603515625 210.69340973495454 74876
1930 56.2 1118.9109203840912 439.8096518734067 3518.60302734375 11.68603515625 212.04116627982236 75494
1940 63.9 1260.8865972527885 215.57128649003113 3518.60302734375 11.68603515625 218.74229179005954 76056
1950 64.4 1583.6169323654658 411.1853405547582 3518.60302734375 11.68603515625 227.42512914830564 76695
1960 60.2 2149.8937071740056 305.392306595438 3518.60302734375 11.68603515625 238.71810580008352 77339
1970 64.7 1749.855169894706 643.5658798842181 5270.18896484375 11.68603515625 253.4796268484034 77941
1980 62.4 1904.3404803153792 277.43746951802535 5270.18896484375 11.68603515625 265.799001006684 78588
1990 64.1 2071.6173958384115 303.943942817078 5345.282958984375 11.68603515625 278.7067660307792 79212
2000 65.2 2199.3454728389797 653.2896933637953 5760.094970703125 11.68603515625 293.0989080130052 79853
2010 63.8 2979.403222732782 1778.4615354315567 11513.0478515625 11.68603515625 308.5373622738155 80505
2020 60.3 3129.5289057641476 1813.3338244696859 11906.239990234375 11.68603515625 329.5374783525016 81143
2030 63 3213.1559663318435 2063.5301971271992 11912.552978515625 11.68603515625 350.19163673002737 81746
2040 55.3 3525.6608295130245 2051.6576744772647 13409.81103515625 11.68603515625 372.0871830984981 82376
2050 55 3533.4306813742915 2493.4202722323457 13409.81103515625 11.68603515625 393.11633124290154 82929
2060 63.3 3857.009424676639 2234.2576580090395 13473.72802734375 11.68603515625 413.8062399932731 83479
2070 53.6 3970.2274124373253 2630.3287854943783 14462.85986328125 11.68603515625 439.718685493375 84112
2080 60.9 3946.943449574738 2924.8533405734133 14462.85986328125 11.68603515625 462.07423645313725 84648
2090 57.2 3992.0980395337083 2598.081494490785 14462.85986328125 11.68603515625 486.96703529418323 85257
2100 61.9 4123.240511251771 3015.4999590534494 14462.85986328125 11.68603515625 510.3266798714824 85829
2110 61.7 4283.085770914579 3019.0075278829627 16434.287109375 11.68603515625 536.1964936511464 86448
2120 56.4 4585.187915558512 3234.9839246260203 23359.60205078125 11.68603515625 562.749421740178 87065
2130 64.4 4449.449613393465 3390.675955680879 36558.01123046875 11.68603515625 588.6387427470769 87629
2140 56.6 4277.10730756887 3004.744579153664 36558.01123046875 11.68603515625 616.8054777702015 88273
2150 59.9 4101.97856290432 2738.1728055836493 36558.01123046875 11.68603515625 640.1255380552795 88839
2160 55.3 4916.421796857339 3251.6338504592736 36558.01123046875 11.68603515625 663.3108727215799 89438
2170 64.1 4454.903649769037 3457.275205589947 36558.01123046875 11.68603515625 689.446490072727 89991
2180 55.2 5159.209565093554 3632.9860217253563 36558.01123046875 11.68603515625 716.0779010463934 90632
2190 54.2 5581.003320672856 4054.4638704914605 36558.01123046875 11.68603515625 742.9752589003375 91184
2200 49.9 4965.843124726012 3478.8041647922832 36558.01123046875 11.68603515625 771.5626954993465 91726
2210 59.7 5600.491978937654 3891.8563191289927 36558.01123046875 11.68603515625 794.2566064148696 92225
2220 55.2 5177.745374154358 4129.577879458372 60594.863037109375 11.68603515625 825.1687017952331 92822
2230 59.6 5545.520112517692 4236.513699810368 60594.863037109375 11.68603515625 850.8998723902835 93374
2240 57.9 5831.102169689121 4958.268963729811 60594.863037109375 11.68603515625 880.6752652083737 93970
2250 55 5301.431930930397 3921.308554112038 60594.863037109375 11.68603515625 910.990733142401 94549
2260 55.5 5993.972679564332 4557.855213559594 60594.863037109375 11.68603515625 936.3826159044006 95099
2270 55.1 6124.92092059182 6038.903453418882 62687.158203125 11.68603515625 965.7275725746001 95654
2280 58.3 5897.317728294515 5407.637568852309 66955.98510742188 11.68603515625 995.2760943225081 96205
2290 56.9 6537.424414663197 5215.768954993193 66955.98510742188 11.68603515625 1024.8034145750773 96788
2300 59.7 6207.085554317815 6035.711712187585 66955.98510742188 11.68603515625 1057.0217589062518 97357
2310 56.2 6069.093806473808 5611.671320998585 66955.98510742188 11.68603515625 1088.4098399020324 97954
2320 53.7 7111.974470255762 9790.012293939448 126031.576171875 11.68603515625 1116.8229341122453 98516
2330 54.2 6595.727780950906 5941.132985230062 126031.576171875 11.68603515625 1149.3246894847132 99053
2340 54.9 7959.87788432804 11121.484308002968 126031.576171875 11.68603515625 1178.9642343973562 99595
2350 63.6 6224.564482299036 7291.624751274708 126031.576171875 11.68603515625 1216.1379202278797 100144
2360 59 6317.44696024232 7448.87067113937 126031.576171875 11.68603515625 1247.7449781111627 100780
2370 56.7 7876.516698013117 12132.145875393007 126031.576171875 11.68603515625 1277.2519739625723 101370
2380 52.4 6809.103644218154 7305.557229782568 126031.576171875 11.68603515625 1313.9587938467816 101937
2390 52.7 8292.456211271043 12875.313308135524 126031.576171875 11.68603515625 1342.0617393733194 102461
2400 46.5 8615.039097152216 15749.081976994239 227351.80786132813 11.68603515625 1377.6276100251441 102988
2410 57.7 7359.224372004305 7728.885331382655 227351.80786132813 11.68603515625 1410.158289092103 103453
2420 50.5 7140.668363726021 6128.556040695085 227351.80786132813 11.68603515625 1443.1546471603556 104030
2430 55.6 7591.928288082425 10206.013727544358 227351.80786132813 11.68603515625 1470.67886801333 104535
2440 52.2 8139.762710278971 14643.50537496207 227351.80786132813 11.68603515625 1503.0642737812682 105091
2450 56.1 8456.437436897699 14498.624888986686 232171.0341796875 11.68603515625 1535.866642654909 105613
2460 57 10219.577923691058 24730.46695161891 234669.7421875 11.68603515625 1572.4334124438421 106174
2470 51.6 9188.03820564211 15623.637889809961 234669.7421875 11.68603515625 1618.6081142669977 106744
2480 55.3 9913.703925851885 23842.758279014648 239971.51904296875 11.68603515625 1655.0226763325352 107260
2490 48.1 10465.547917038884 22056.903088651 239971.51904296875 11.68603515625 1697.3835301348058 107813
2500 50 10213.016458496097 25338.587438306007 239971.51904296875 11.68603515625 1736.3283199671223 108294
2510 55.3 8225.264118656745 11373.43791795843 239971.51904296875 11.68603515625 1775.285836643267 108794
2520 49.4 10394.256151948384 21046.028789970263 239971.51904296875 11.68603515625 1807.9052774139643 109347
2530 46 14604.710351031754 33582.68985502728 239971.51904296875 11.68603515625 1846.5216167774079 109841
2540 54.6 12362.28204591632 27922.298771262158 239971.51904296875 11.68603515625 1899.7284491520645 110301
2550 54.7 9225.491349745045 15741.139579260696 239971.51904296875 11.68603515625 1951.2639373820869 110847
2560 45.1 11041.716944117235 22893.397159577096 239971.51904296875 11.68603515625 1986.9840156139715 111394
2570 50 11268.606775390632 25527.054492015006 243834.10595703125 11.68603515625 2023.4960148160364 111845
2580 52.8 9034.285386518985 16920.45232515555 243834.10595703125 11.68603515625 2064.642086116827 112345
2590 54.2 13615.667302543387 31352.510007688354 243834.10595703125 11.68603515625 2097.244849068218 112873
2600 48.8 11885.219104704309 26597.719986437853 243834.10595703125 11.68603515625 2152.2903454292245 113415
2610 54.5 14105.589514496132 34310.8973714453 243834.10595703125 11.68603515625 2193.989591581883 113903
2620 54.5 17836.30610709935 44591.38986518401 244752.76904296875 11.68603515625 2250.712487202499 114448
2630 48.7 13882.050202731967 39980.54476454022 354966.3349609375 11.68603515625 2324.5791445020195 114993
2640 53.1 14440.645895862759 38563.817218841505 354966.3349609375 11.68603515625 2373.3190856637616 115480
2650 52.1 11814.693476056409 24705.421566201756 354966.3349609375 11.68603515625 2428.553076718193 116011
2660 51.3 13105.950568424098 31625.84404204737 354966.3349609375 11.68603515625 2470.5173367330835 116532
2670 53.9 13642.593480947064 29514.699255550673 354966.3349609375 11.68603515625 2517.1316923045088 117045
2680 56.2 13201.587154293398 31910.477036033644 354966.3349609375 11.68603515625 2568.1303307593867 117584
2690 46 16778.64110054347 44531.0959693245 354966.3349609375 11.68603515625 2618.7118378339055 118146
2700 44.6 16073.519443665926 41036.122338368536 354966.3349609375 11.68603515625 2673.6295271653594 118606
2710 55.1 24519.492357202118 58146.72519102239 354966.3349609375 11.68603515625 2723.829027406928 119052
2720 46.1 25876.603204756128 59148.79106430466 354966.3349609375 11.68603515625 2824.23963997281 119603
2730 47.5 20398.25692999588 49916.21374659731 354966.3349609375 11.68603515625 2912.7519301127777 120064
2740 51.6 22287.408892964217 52224.42825069947 354966.3349609375 11.68603515625 2981.655893767234 120539
2750 54.4 13807.568345911366 37343.16102443691 354966.3349609375 11.68603515625 3063.9471543313216 121055
2760 52.6 21002.58074695891 55172.625221458795 354966.3349609375 11.68603515625 3112.011118082829 121599
2770 51.6 18603.114604151553 44137.999717191706 354966.3349609375 11.68603515625 3189.0669184905164 122125
2780 55.4 15594.111741489452 34646.194965513954 354966.3349609375 11.68603515625 3253.9200149737567 122641
2790 44.5 18937.632628160125 42435.054797644836 354966.3349609375 11.68603515625 3309.413064338501 123195
2800 51.9 16701.147157525727 41422.26090351208 354966.3349609375 11.68603515625 3365.661509064323 123640
2810 53.6 15309.185061782166 45755.630533240816 354966.3349609375 11.68603515625 3421.405490987111 124159
2820 47.9 17368.40233151747 43911.077204678586 358270.23486328125 11.68603515625 3472.5049725216245 124695
2830 55.2 21816.873644400326 50934.987139657664 358270.23486328125 11.68603515625 3525.680031519172 125174
2840 53.2 27561.668820947627 61067.74519333223 358270.23486328125 11.68603515625 3605.9875166400734 125726
2850 55.9 26022.94543566216 59281.06052878244 358270.23486328125 11.68603515625 3706.9270408990637 126258
2860 45.9 21616.741163066807 52093.083209685225 358270.23486328125 11.68603515625 3805.2944071249844 126817
2870 48.8 31145.794920374145 75475.93033649604 358270.23486328125 11.68603515625 3869.5284658711525 127276
2880 42 21268.618856375553 51933.9094162255 358270.23486328125 11.68603515625 3973.711318864151 127764
2890 47.5 20406.530176295222 47081.89335185781 358270.23486328125 11.68603515625 4030.378774753769 128184
2900 58.8 41609.184319528584 78649.0730609113 358270.23486328125 11.68603515625 4090.8383766139746 128659
2910 43.6 28824.964480898805 61503.235354449476 358270.23486328125 11.68603515625 4261.525413175239 129247
2920 51.4 24665.064078364383 60706.22410799171 358270.23486328125 11.68603515625 4344.108785194143 129683
2930 45 29407.64985026042 74818.35876482066 358270.23486328125 11.68603515625 4424.333145361347 130197
2940 51 23786.62348154104 63512.532392730296 361935.7990722656 11.68603515625 4510.385580680984 130647
2950 50.7 15290.46152064457 30529.45841525713 361935.7990722656 11.68603515625 4585.340644683963 131157
2960 47.4 14351.175528868342 32973.55894212875 361935.7990722656 11.68603515625 4626.562970331915 131664
2970 52.6 14505.195426679848 34505.89682311029 361935.7990722656 11.68603515625 4661.446700619541 132138
2980 38.9 13858.648680385404 29414.613519381095 361935.7990722656 11.68603515625 4700.4762175186825 132664
2990 50.4 29491.711609371127 75093.17145986516 361935.7990722656 11.68603515625 4727.251480669871 133053
3000 49 42412.7952606824 88522.23103444738 362768.08203125 11.68603515625 4820.7043727299315 133557
3010 51.2 31580.00410127646 69249.53399480309 362768.08203125 11.68603515625 4958.119790718373 134047
3020 51.3 34098.52813566031 76353.92486772766 362768.08203125 11.68603515625 5059.416655045588 134559
3030 48.7 30956.537689898327 68711.28333994116 362768.08203125 11.68603515625 5169.706457443978 135072
3040 46.8 33221.31330232538 74561.07557600625 362768.08203125 11.68603515625 5262.346465191197 135559
3050 49.5 51684.987717013886 96635.96316263135 362768.08203125 11.68603515625 5358.539106944517 136027
3060 50.6 32462.804531655303 75571.11930227472 363011.50390625 11.68603515625 5526.509046309487 136522
3070 47.9 21485.46850636904 49245.88488082073 363011.50390625 11.68603515625 5625.97605681526 137028
3080 48.1 41285.7082961116 80178.41576728677 363011.50390625 11.68603515625 5681.221948903199 137507
3090 52.6 34383.295497879786 71342.30368445642 363011.50390625 11.68603515625 5805.332436286212 137988
3100 39.3 35594.78556190859 70142.17366856702 363011.50390625 11.68603515625 5913.855824322066 138514
3110 45.8 19844.692210101657 45259.93331285762 363011.50390625 11.68603515625 5997.8300328707455 138907
3120 49 26270.16066097339 64435.79355163798 367904.83203125 11.68603515625 6043.335453006158 139365
3130 50.9 16213.269664592031 36278.79039104116 367904.83203125 11.68603515625 6114.20273949505 139855
3140 50.8 17681.707628625554 41641.17901962509 367904.83203125 11.68603515625 6150.824843915517 140364
3150 52 40645.777764892555 79196.67002334299 367904.83203125 11.68603515625 6192.406481534296 140872
3160 34.4 27985.840233381405 59955.877811125494 367904.83203125 11.68603515625 6319.116288788923 141392
3170 50.4 26203.293015252977 57281.61835580122 367904.83203125 11.68603515625 6371.7024562900515 141736
3180 49 36772.66251245614 78318.07551903483 367904.83203125 11.68603515625 6441.971871656455 142240
3190 53.4 33928.60094026146 69114.139854116 367904.83203125 11.68603515625 6546.098813532668 142730
3200 53 24558.70277997864 57928.548279408446 367904.83203125 11.68603515625 6648.163925044793 143264
3210 47.9 30883.444424623238 62630.3603614411 367904.83203125 11.68603515625 6714.179096700877 143794
3217 31 41511.38837811872 78302.83040333327 367904.83203125 11.68603515625 6794.423342624056 144273
