20 0.1 24 0 24 24 0 0
30 0.1 210.0 0.0 210 24 24.0 1
40 0.1 341.0 0.0 341 24 117.0 2
50 0.1 479.0 0.0 479 24 191.66666666666666 3
60 0.1 419.0 0.0 479 24 263.5 4
70 0.1 579.0 0.0 579 24 294.6 5
80 0.1 456.0 0.0 579 24 342.0 6
90 0.1 487.0 0.0 579 24 358.2857142857143 7
100 0.1 352.0 0.0 579 24 374.375 8
110 0.1 353.0 0.0 579 24 371.8888888888889 9
120 0.1 515.0 0.0 579 24 370.0 10
130 0.1 522.0 0.0 579 24 383.1818181818182 11
140 0.1 373.0 0.0 579 24 394.75 12
150 0.1 552.0 0.0 579 24 393.0769230769231 13
160 0.1 878.0 0.0 878 24 404.42857142857144 14
170 0.1 794.0 0.0 878 24 436.0 15
180 0.1 787.0 0.0 878 24 458.375 16
190 0.1 824.0 0.0 878 24 477.70588235294116 17
200 0.1 885.0 0.0 885 24 496.94444444444446 18
210 0.1 949.0 0.0 949 24 517.3684210526316 19
220 0.1 1239.0 0.0 1239 24 538.95 20
230 0.1 1034.0 0.0 1239 24 572.2857142857143 21
240 0.1 1027.0 0.0 1239 24 593.2727272727274 22
250 0.1 735.0 0.0 1239 24 612.1304347826087 23
260 0.1 888.0 0.0 1239 24 617.2500000000001 24
270 0.1 1136.0 0.0 1239 24 628.0800000000002 25
280 0.1 964.0 0.0 1239 24 647.6153846153848 26
290 0.1 1379.0 0.0 1379 24 659.3333333333335 27
300 0.1 1318.0 0.0 1379 24 685.0357142857144 28
310 0.1 1492.0 0.0 1492 24 706.8620689655173 29
320 0.1 1196.0 0.0 1492 24 733.0333333333334 30
330 0.1 1455.0 0.0 1492 24 747.967741935484 31
340 0.1 984.0 0.0 1492 24 770.0625000000001 32
350 0.1 1378.0 0.0 1492 24 776.5454545454546 33
360 0.1 1541.0 0.0 1541 24 794.2352941176472 34
370 0.1 1351.0 0.0 1541 24 815.5714285714287 35
380 0.1 1134.0 0.0 1541 24 830.4444444444446 36
390 0.1 1178.0 0.0 1541 24 838.6486486486488 37
400 0.1 1805.0 0.0 1805 24 847.5789473684212 38
410 0.1 1935.0 0.0 1935 24 872.1282051282051 39
420 0.1 1969.0 0.0 1969 24 898.7 40
430 0.1 1679.0 0.0 1969 24 924.8048780487804 41
440 0.1 1669.0 0.0 1969 24 942.7619047619048 42
450 0.1 1825.0 0.0 1969 24 959.6511627906976 43
460 0.1 1440.0 0.0 1969 24 979.3181818181819 44
470 0.1 1740.0 0.0 1969 24 989.5555555555555 45
480 0.1 2013.0 0.0 2013 24 1005.8695652173913 46
490 0.1 1399.0 0.0 2013 24 1027.2978723404256 47
500 0.1 1729.0 0.0 2013 24 1035.0416666666667 48
510 0.1 2268.0 0.0 2268 24 1049.204081632653 49
520 0.1 2238.0 0.0 2268 24 1073.58 50
530 0.1 2262.0 0.0 2268 24 1096.4117647058824 51
540 0.1 2272.0 0.0 2272 24 1118.8269230769233 52
550 0.1 2437.0 0.0 2437 24 1140.5849056603777 53
560 0.1 2401.0 0.0 2437 24 1164.5925925925928 54
570 0.1 2621.0 0.0 2621 24 1187.0727272727274 55
580 0.1 2277.0 0.0 2621 24 1212.6785714285713 56
590 0.1 2633.0 0.0 2633 24 1231.3508771929824 57
600 0.1 2873.0 0.0 2873 24 1255.5172413793102 58
610 0.1 2705.0 0.0 2873 24 1282.9322033898304 59
620 0.1 2577.0 0.0 2873 24 1306.6333333333334 60
630 0.1 3.1e3 0.0 3100 24 1327.4590163934427 61
640 0.1 2865.0 0.0 3100 24 1356.0483870967741 62
650 0.1 3236.0 0.0 3236 24 1380.0 63
660 0.1 2710.0 0.0 3236 24 1409.0 64
670 0.1 3004.0 0.0 3236 24 1429.0153846153846 65
680 0.1 2909.0 0.0 3236 24 1452.878787878788 66
690 0.1 2938.0 0.0 3236 24 1474.6119402985075 67
700 0.1 3080.0 0.0 3236 24 1496.1323529411766 68
710 0.1 3118.0 0.0 3236 24 1519.0869565217392 69
720 0.1 2891.0 0.0 3236 24 1541.9285714285716 70
730 0.1 2806.0 0.0 3236 24 1560.929577464789 71
740 0.1 2931.0 0.0 3236 24 1578.2222222222224 72
750 0.1 3044.0 0.0 3236 24 1596.7534246575344 73
760 0.1 2794.0 0.0 3236 24 1616.310810810811 74
770 0.1 2712.0 0.0 3236 24 1632.0133333333335 75
780 0.1 2929.0 0.0 3236 24 1646.2236842105265 76
790 0.1 3214.0 0.0 3236 24 1662.883116883117 77
800 0.1 3653.0 0.0 3653 24 1682.7692307692307 78
810 0.1 3316.0 0.0 3653 24 1707.7088607594937 79
820 0.1 3173.0 0.0 3653 24 1727.8125 80
830 0.1 2990.0 0.0 3653 24 1745.6543209876543 81
840 0.1 3096.0 0.0 3653 24 1760.8292682926829 82
850 0.1 2915.0 0.0 3653 24 1776.9156626506024 83
860 0.1 3435.0 0.0 3653 24 1790.4642857142858 84
870 0.1 3147.0 0.0 3653 24 1809.8117647058823 85
880 0.1 3386.0 0.0 3653 24 1825.360465116279 86
890 0.1 2843.0 0.0 3653 24 1843.2988505747126 87
900 0.1 3477.0 0.0 3653 24 1854.659090909091 88
910 0.1 3627.0 0.0 3653 24 1872.887640449438 89
920 0.1 3652.0 0.0 3653 24 1892.3777777777777 90
930 0.1 4335.0 0.0 4335 24 1911.7142857142858 91
940 0.1 3694.0 0.0 4335 24 1938.054347826087 92
950 0.1 3942.0 0.0 4335 24 1956.9354838709678 93
960 0.1 4048.0 0.0 4335 24 1978.0531914893618 94
970 0.1 3967.0 0.0 4335 24 1999.842105263158 95
980 0.1 3823.0 0.0 4335 24 2020.3333333333333 96
990 0.1 3838.0 0.0 4335 24 2038.9175257731958 97
1000 0.1 4199.0 0.0 4335 24 2057.2755102040815 98
1010 0.1 4383.0 0.0 4383 24 2078.9090909090905 99
1020 0.1 4520.0 0.0 4520 24 2101.95 100
1030 0.1 3868.0 0.0 4520 24 2125.891089108911 101
1040 0.1 3930.0 0.0 4520 24 2142.970588235294 102
1050 0.1 4323.0 0.0 4520 24 2160.3203883495144 103
1060 0.1 3877.0 0.0 4520 24 2181.1153846153843 104
1070 0.1 4089.0 0.0 4520 24 2197.2666666666664 105
1080 0.1 4108.0 0.0 4520 24 2215.1132075471696 106
1090 0.1 4120.0 0.0 4520 24 2232.8037383177566 107
1100 0.1 4251.0 0.0 4520 24 2250.2777777777774 108
1110 0.1 4607.0 0.0 4607 24 2268.633027522935 109
1120 0.1 4857.0 0.0 4857 24 2289.8909090909087 110
1130 0.1 5049.0 0.0 5049 24 2313.0180180180178 111
1140 0.1 5093.0 0.0 5093 24 2337.4464285714284 112
1150 0.1 4612.0 0.0 5093 24 2361.83185840708 113
1160 0.1 4602.0 0.0 5093 24 2381.5701754385964 114
1170 0.1 4233.0 0.0 5093 24 2400.878260869565 115
1180 0.1 3963.0 0.0 5093 24 2416.6724137931033 116
1190 0.1 4151.0 0.0 5093 24 2429.8888888888887 117
1200 0.1 4198.0 0.0 5093 24 2444.4745762711864 118
1210 0.1 5186.0 0.0 5186 24 2459.2100840336134 119
1220 0.1 5968.0 0.0 5968 24 2481.9333333333334 120
1230 0.1 6687.0 0.0 6687 24 2510.7438016528927 121
1240 0.1 6596.0 0.0 6687 24 2544.9754098360654 122
1250 0.1 7024.0 0.0 7024 24 2577.910569105691 123
1260 0.1 6941.0 0.0 7024 24 2613.766129032258 124
1270 0.1 6518.0 0.0 7024 24 2648.384 125
1280 0.1 6296.0 0.0 7024 24 2679.095238095238 126
1290 0.1 7338.0 0.0 7338 24 2707.5748031496064 127
1300 0.1 7583.0 0.0 7583 24 2743.75 128
1310 0.1 6568.0 0.0 7583 24 2781.263565891473 129
1320 0.1 6803.0 0.0 7583 24 2810.392307692308 130
1330 0.1 6337.0 0.0 7583 24 2840.8702290076335 131
1340 0.1 5927.0 0.0 7583 24 2867.3560606060605 132
1350 0.1 5958.0 0.0 7583 24 2890.3609022556393 133
1360 0.1 6010.0 0.0 7583 24 2913.2537313432836 134
1370 0.1 6305.0 0.0 7583 24 2936.1925925925925 135
1380 0.1 6177.0 0.0 7583 24 2960.9632352941176 136
1390 0.1 6410.0 0.0 7583 24 2984.4379562043796 137
1400 0.1 6126.0 0.0 7583 24 3009.2608695652175 138
1410 0.1 6052.0 0.0 7583 24 3031.68345323741 139
1420 0.1 5997.0 0.0 7583 24 3053.2571428571428 140
1430 0.1 6309.0 0.0 7583 24 3074.1347517730496 141
1440 0.1 5426.0 0.0 7583 24 3096.9154929577467 142
1450 0.1 6278.0 0.0 7583 24 3113.2027972027972 143
1460 0.1 6626.0 0.0 7583 24 3135.1805555555557 144
1470 0.1 5802.0 0.0 7583 24 3159.255172413793 145
1480 0.1 6015.0 0.0 7583 24 3177.3561643835615 146
1490 0.1 6806.0 0.0 7583 24 3196.6598639455783 147
1500 0.1 6093.0 0.0 7583 24 3221.0472972972975 148
1510 0.1 6393.0 0.0 7583 24 3240.322147651007 149
1520 0.1 6190.0 0.0 7583 24 3261.3400000000006 150
1530 0.1 6804.0 0.0 7583 24 3280.735099337749 151
1540 0.1 6348.0 0.0 7583 24 3303.9144736842113 152
1550 0.1 6346.0 0.0 7583 24 3323.8104575163406 153
1560 0.1 6137.0 0.0 7583 24 3343.435064935066 154
1570 0.1 6722.0 0.0 7583 24 3361.45806451613 155
1580 0.1 6542.0 0.0 7583 24 3383.0000000000014 156
1590 0.1 6766.0 0.0 7583 24 3403.121019108282 157
1600 0.1 6752.0 0.0 7583 24 3424.405063291141 158
1610 0.1 6959.0 0.0 7583 24 3445.333333333335 159
1620 0.1 6877.0 0.0 7583 24 3467.2937500000016 160
1630 0.1 6559.0 0.0 7583 24 3488.4720496894424 161
1640 0.1 6249.0 0.0 7583 24 3507.4259259259275 162
1650 0.1 6177.0 0.0 7583 24 3524.2453987730078 163
1660 0.1 5849.0 0.0 7583 24 3540.4207317073183 164
1670 0.1 6530.0 0.0 7583 24 3554.4121212121227 165
1680 0.1 6674.0 0.0 7583 24 3572.337349397592 166
1690 0.1 6791.0 0.0 7583 24 3590.91017964072 167
1700 0.1 6574.0 0.0 7583 24 3609.958333333335 168
1710 0.1 6712.0 0.0 7583 24 3627.49704142012 169
1720 0.1 5815.0 0.0 7583 24 3645.6411764705895 170
1730 0.1 6812.0 0.0 7583 24 3658.327485380118 171
1740 0.1 6558.0 0.0 7583 24 3676.662790697676 172
1750 0.1 6709.0 0.0 7583 24 3693.3179190751457 173
1760 0.1 6884.0 0.0 7583 24 3710.6494252873576 174
1770 0.1 6916.0 0.0 7583 24 3728.7828571428586 175
1780 0.1 6663.0 0.0 7583 24 3746.892045454547 176
1790 0.1 6651.0 0.0 7583 24 3763.3672316384195 177
1800 0.1 6367.0 0.0 7583 24 3779.589887640451 178
1810 0.1 7198.0 0.0 7583 24 3794.0446927374314 179
1820 0.1 6877.0 0.0 7583 24 3812.9555555555567 180
1830 0.1 6652.0 0.0 7583 24 3829.883977900554 181
1840 0.1 6484.0 0.0 7583 24 3845.390109890111 182
1850 0.1 6546.0 0.0 7583 24 3859.8087431694003 183
1860 0.1 6657.0 0.0 7583 24 3874.4076086956534 184
1870 0.1 6099.0 0.0 7583 24 3889.44864864865 185
1880 0.1 6543.0 0.0 7583 24 3901.3279569892484 186
1890 0.1 6259.0 0.0 7583 24 3915.454545454547 187
1900 0.1 6484.0 0.0 7583 24 3927.9202127659587 188
1910 0.1 6272.0 0.0 7583 24 3941.4444444444457 189
1920 0.1 5898.0 0.0 7583 24 3953.7105263157905 190
1930 0.1 5889.0 0.0 7583 24 3963.8900523560224 191
1940 0.1 6258.0 0.0 7583 24 3973.916666666668 192
1950 0.1 6542.0 0.0 7583 24 3985.7512953367886 193
1960 0.1 6138.0 0.0 7583 24 3998.9278350515474 194
1970 0.1 6401.0 0.0 7583 24 4009.897435897437 195
1980 0.1 6374.0 0.0 7583 24 4022.0969387755113 196
1990 0.1 6632.0 0.0 7583 24 4034.0355329949252 197
2000 0.1 6517.0 0.0 7583 24 4047.1565656565667 198
2010 0.1 6288.0 0.0 7583 24 4059.567839195981 199
2020 0.1 6480.0 0.0 7583 24 4070.710000000001 200
2030 0.1 6621.0 0.0 7583 24 4082.6965174129364 201
2040 0.1 6129.0 0.0 7583 24 4095.2623762376247 202
2050 0.1 6242.0 0.0 7583 24 4105.2807881773415 203
2060 0.1 6199.0 0.0 7583 24 4115.754901960786 204
2070 0.1 5724.0 0.0 7583 24 4125.917073170734 205
2080 0.1 6669.0 0.0 7583 24 4133.674757281555 206
2090 0.1 6469.0 0.0 7583 24 4145.922705314011 207
2100 0.1 6739.0 0.0 7583 24 4157.091346153848 208
2110 0.1 6586.0 0.0 7583 24 4169.4449760765565 209
2120 0.1 6421.0 0.0 7583 24 4180.952380952383 210
2130 0.1 6898.0 0.0 7583 24 4191.5687203791485 211
2140 0.1 6225.0 0.0 7583 24 4204.334905660379 212
2150 0.1 6848.0 0.0 7583 24 4213.821596244133 213
2160 0.1 6134.0 0.0 7583 24 4226.130841121497 214
2170 0.1 6743.0 0.0 7583 24 4235.0046511627925 215
2180 0.1 6361.0 0.0 7583 24 4246.615740740743 216
2190 0.1 6282.0 0.0 7583 24 4256.35944700461 217
2200 0.1 5628.0 0.0 7583 24 4265.65137614679 218
2210 0.1 7104.0 0.0 7583 24 4271.872146118723 219
2220 0.1 6550.0 0.0 7583 24 4284.745454545457 220
2230 0.1 7011.0 0.0 7583 24 4294.9954751131245 221
2240 0.1 7038.0 0.0 7583 24 4307.229729729732 222
2260 0.1 6667.0 0.0 7583 24 4319.475336322872 223
2270 0.1 7007.0 0.0 7583 24 4329.95535714286 224
2280 0.1 6890.0 0.0 7583 24 4341.853333333336 225
2290 0.1 7056.0 0.0 7583 24 4353.128318584074 226
2300 0.1 7199.0 0.0 7583 24 4365.035242290752 227
2310 0.1 7260.0 0.0 7583 24 4377.464912280705 228
2320 0.1 6716.0 0.0 7583 24 4390.052401746728 229
2330 0.1 6946.0 0.0 7583 24 4400.165217391307 230
2340 0.1 6909.0 0.0 7583 24 4411.186147186149 231
2350 0.1 7116.0 0.0 7583 24 4421.952586206899 232
2360 0.1 7361.0 0.0 7583 24 4433.5150214592295 233
2370 0.1 7505.0 0.0 7583 24 4446.025641025643 234
2380 0.1 6860.0 0.0 7583 24 4459.042553191492 235
2390 0.1 6856.0 0.0 7583 24 4469.216101694918 236
2400 0.1 7187.0 0.0 7583 24 4479.2869198312255 237
2410 0.1 6792.0 0.0 7583 24 4490.66386554622 238
2420 0.1 7116.0 0.0 7583 24 4500.292887029291 239
2430 0.1 7005.0 0.0 7583 24 4511.191666666668 240
2440 0.1 7095.0 0.0 7583 24 4521.539419087138 241
2450 0.1 7109.0 0.0 7583 24 4532.17355371901 242
2460 0.1 7338.0 0.0 7583 24 4542.77777777778 243
2470 0.1 7498.0 0.0 7583 24 4554.233606557379 244
2480 0.1 6808.0 0.0 7583 24 4566.248979591839 245
2490 0.1 7307.0 0.0 7583 24 4575.361788617888 246
2500 0.1 6889.0 0.0 7583 24 4586.421052631581 247
2510 0.1 7036.0 0.0 7583 24 4595.7056451612925 248
2520 0.1 7525.0 0.0 7583 24 4605.506024096388 249
2530 0.1 7422.0 0.0 7583 24 4617.184000000002 250
2540 0.1 6696.0 0.0 7583 24 4628.358565737054 251
2550 0.1 7340.0 0.0 7583 24 4636.563492063494 252
2560 0.1 6890.0 0.0 7583 24 4647.24901185771 253
2570 0.1 7093.0 0.0 7583 24 4656.078740157483 254
2580 0.1 6939.0 0.0 7583 24 4665.635294117649 255
2590 0.1 7580.0 0.0 7583 24 4674.515625000002 256
2600 0.1 7847.0 0.0 7847 24 4685.821011673153 257
2610 0.1 6924.0 0.0 7847 24 4698.073643410855 258
2620 0.1 7450.0 0.0 7847 24 4706.667953667956 259
2630 0.1 7337.0 0.0 7847 24 4717.219230769232 260
2640 0.1 7569.0 0.0 7847 24 4727.256704980845 261
2650 0.1 7416.0 0.0 7847 24 4738.103053435117 262
2660 0.1 7570.0 0.0 7847 24 4748.285171102663 263
2670 0.1 7347.0 0.0 7847 24 4758.973484848487 264
2680 0.1 7861.0 0.0 7861 24 4768.739622641511 265
2690 0.1 7481.0 0.0 7861 24 4780.364661654137 266
2700 0.1 7250.0 0.0 7861 24 4790.4794007490655 267
2710 0.1 6343.0 0.0 7861 24 4799.656716417912 268
2720 0.1 6733.0 0.0 7861 24 4805.394052044611 269
2730 0.1 7043.0 0.0 7861 24 4812.533333333335 270
2740 0.1 7016.0 0.0 7861 24 4820.763837638378 271
2750 0.1 7306.0 0.0 7861 24 4828.834558823532 272
2760 0.1 7732.0 0.0 7861 24 4837.908424908426 273
2770 0.1 7342.0 0.0 7861 24 4848.47080291971 274
2780 0.1 7158.0 0.0 7861 24 4857.538181818183 275
2790 0.1 7196.0 0.0 7861 24 4865.873188405799 276
2800 0.1 7185.0 0.0 7861 24 4874.285198555958 277
2810 0.1 7648.0 0.0 7861 24 4882.59712230216 278
2820 0.1 7484.0 0.0 7861 24 4892.508960573478 279
2830 0.1 7215.0 0.0 7861 24 4901.764285714287 280
2840 0.1 7425.0 0.0 7861 24 4909.9964412811405 281
2850 0.1 7528.0 0.0 7861 24 4918.914893617023 282
2860 0.1 7432.0 0.0 7861 24 4928.134275618376 283
2870 0.1 7058.0 0.0 7861 24 4936.950704225354 284
2880 0.1 7284.0 0.0 7861 24 4944.392982456142 285
2890 0.1 6414.0 0.0 7861 24 4952.573426573428 286
2900 0.1 7204.0 0.0 7861 24 4957.665505226482 287
2910 0.1 7363.0 0.0 7861 24 4965.465277777779 288
2920 0.1 6956.0 0.0 7861 24 4973.761245674742 289
2930 0.1 7317.0 0.0 7861 24 4980.596551724139 290
2940 0.1 7407.0 0.0 7861 24 4988.625429553266 291
2950 0.1 6997.0 0.0 7861 24 4996.907534246577 292
2960 0.1 7368.0 0.0 7861 24 5003.733788395906 293
2970 0.1 7119.0 0.0 7861 24 5011.775510204083 294
2980 0.1 7644.0 0.0 7861 24 5018.918644067799 295
2990 0.1 6528.0 0.0 7861 24 5027.787162162164 296
3000 0.1 7413.0 0.0 7861 24 5032.838383838386 297
3010 0.1 6567.0 0.0 7861 24 5040.825503355707 298
3020 0.1 7625.0 0.0 7861 24 5045.92976588629 299
3030 0.1 7283.0 0.0 7861 24 5054.526666666669 300
3040 0.1 7749.0 0.0 7861 24 5061.930232558142 301
3050 0.1 6947.0 0.0 7861 24 5070.8278145695385 302
3060 0.1 7345.0 0.0 7861 24 5077.0198019802 303
3070 0.1 7197.0 0.0 7861 24 5084.480263157897 304
3080 0.1 7589.0 0.0 7861 24 5091.406557377051 305
3090 0.1 6810.0 0.0 7861 24 5099.568627450983 306
3100 0.1 7154.0 0.0 7861 24 5105.140065146582 307
3110 0.1 6363.0 0.0 7861 24 5111.79220779221 308
3120 0.1 6973.0 0.0 7861 24 5115.841423948223 309
3130 0.1 7425.0 0.0 7861 24 5121.832258064518 310
3140 0.1 7870.0 0.0 7870 24 5129.2379421221885 311
3150 0.1 7753.0 0.0 7870 24 5138.022435897438 312
3160 0.1 7211.0 0.0 7870 24 5146.376996805114 313
3170 0.1 5540.0 0.0 7870 24 5152.952229299365 314
3180 0.1 7695.0 0.0 7870 24 5154.180952380954 315
3190 0.1 7455.0 0.0 7870 24 5162.221518987344 316
3200 0.1 7539.0 0.0 7870 24 5169.454258675081 317
3210 0.1 7295.0 0.0 7870 24 5176.905660377361 318
3217 0.1 7164.0 0.0 7870 24 5183.545454545457 319
