10 0.1 757.2568359375 0 757.2568359375 757.2568359375 0 0
20 0 0 0 757.2568359375 757.2568359375 757.2568359375 1
30 0.5 19543.359521484374 3310.559724427878 23471.555908203125 757.2568359375 757.2568359375 1
40 0.9 21175.512125651043 8504.139552243716 35663.72900390625 757.2568359375 16412.342407226563 6
50 0.9 22347.622884114582 4686.686357091033 35663.72900390625 757.2568359375 19270.24423828125 15
60 1.3 26673.38671875 9143.220554720196 43030.844970703125 757.2568359375 20424.26123046875 24
70 1.1 24870.821755149147 11799.566523373951 56811.492919921875 757.2568359375 22619.89991554054 37
80 1.3 25870.660306490383 10851.769099499312 56811.492919921875 757.2568359375 23135.736170450848 48
90 0.7 31512.273542131697 11279.714967095228 56811.492919921875 757.2568359375 23718.588855180584 61
100 0.6 31271.029378255207 4644.0200099062085 56811.492919921875 757.2568359375 24520.87992589614 68
110 1 36683.68828125 15235.176749076665 69131.88403320313 757.2568359375 25068.18934095228 74
120 1 21474.547900390626 5764.971216120827 69131.88403320313 757.2568359375 26450.986833844865 84
130 1.1 24667.929776278408 9017.288426119369 69131.88403320313 757.2568359375 25921.578436668882 94
140 0.9 35597.53173828125 16003.896155876291 71295.3359375 757.2568359375 25790.243815104168 105
150 1 26533.75441894531 13245.713947515622 71295.3359375 757.2568359375 26564.50338798657 114
160 2 25988.649060058593 12149.420009242285 76163.90893554688 757.2568359375 26562.023632418724 124
170 1.7 28266.854822495403 10980.570420040951 76163.90893554688 757.2568359375 26482.388275146484 144
180 1.4 26811.80264718192 7780.296324906554 76163.90893554688 757.2568359375 26670.81020871749 161
190 1.7 28248.20703125 12276.584125448917 76163.90893554688 757.2568359375 26682.089603794644 175
200 1.7 32918.586397058825 11675.197282756046 76163.90893554688 757.2568359375 26820.756251017254 192
210 2.6 27470.48060960036 10176.082496808698 76163.90893554688 757.2568359375 27316.752004523027 209
220 2.6 33948.36127178486 18800.36426231696 94509.95483398438 757.2568359375 27333.76027572307 235
230 2.3 29349.33146866508 11729.428922526205 94509.95483398438 757.2568359375 27992.686045445702 261
240 2.1 30289.700032552082 11468.101953313093 94509.95483398438 757.2568359375 28102.555217044453 284
250 2.2 31093.449640447445 8596.947579007976 94509.95483398438 757.2568359375 28253.145515817112 305
260 1.9 29654.246607730263 16102.122172200623 94509.95483398438 757.2568359375 28444.23631319285 327
270 2.3 29885.844068444298 27015.792865826108 144597.06884765625 757.2568359375 28510.68196520502 346
280 2.8 25134.30242047991 8153.969736694381 144597.06884765625 757.2568359375 28596.396676247037 369
290 2.5 30924.59412109375 12817.41135549081 144597.06884765625 757.2568359375 28352.21874385036 397
300 2.7 26136.49972873264 8127.453207472276 144597.06884765625 757.2568359375 28504.61065008516 422
310 2.2 27057.251043146305 14433.882315287317 144597.06884765625 757.2568359375 28362.207543455945 449
320 3.1 31058.62759891633 12422.107775747625 144597.06884765625 757.2568359375 28301.254161275876 471
330 3.5 30481.262723214284 12734.26013340229 144597.06884765625 757.2568359375 28471.530210213834 502
340 3.3 33684.52169892282 14829.459868538326 144597.06884765625 757.2568359375 28602.518362830247 537
350 2.6 33059.75976562501 18458.920498484822 144597.06884765625 757.2568359375 28896.739608604028 570
360 3.1 25223.22359343498 8389.322741819362 144597.06884765625 757.2568359375 29078.347870487494 596
370 2.7 29386.14845558449 14775.55759890807 144597.06884765625 757.2568359375 28887.74363988362 627
380 2.5 30877.959462890623 12323.904678579753 144597.06884765625 757.2568359375 28908.319985485952 654
390 2.6 30553.38044621394 13797.783120086608 144597.06884765625 757.2568359375 28980.839848424268 679
400 4.8 28554.274744669598 11344.67077941674 144597.06884765625 757.2568359375 29038.834253449135 705
410 4 27791.371771240236 16293.047339104005 144597.06884765625 757.2568359375 29007.945997909403 753
420 4.1 25848.541420541158 9240.602312062914 144597.06884765625 757.2568359375 28946.580337043368 793
430 3.6 30731.99802652995 13772.866835093178 144597.06884765625 757.2568359375 28794.27866369014 834
440 3.6 28685.41037326389 13600.31009721954 144597.06884765625 757.2568359375 28874.46015456627 870
450 3.8 31285.559640984786 16677.90744750565 144597.06884765625 757.2568359375 28866.94824272644 906
460 3.6 29246.855807834203 15864.539538370058 144597.06884765625 757.2568359375 28964.307599859723 944
470 4.3 28272.996667196585 9674.31698368209 144597.06884765625 757.2568359375 28974.686921785316 980
480 4 28823.23667602539 11947.283709414454 144597.06884765625 757.2568359375 28945.19261000886 1023
490 3.6 28013.95682779948 13669.456984221188 144597.06884765625 757.2568359375 28940.603487375425 1063
500 3.5 27876.570166015626 9901.153634903796 144597.06884765625 757.2568359375 28910.24927468686 1099
510 5.5 25395.249449573865 11498.574261037344 144597.06884765625 757.2568359375 28878.345598493303 1134
520 4.1 29257.41932641006 10224.960242838342 144597.06884765625 757.2568359375 28717.226769064735 1189
530 5.1 27378.85075827206 9494.699412628157 144597.06884765625 757.2568359375 28735.233187642913 1230
540 4.5 31304.345670572915 20927.00442893274 144597.06884765625 757.2568359375 28681.232013639856 1281
550 5.5 28760.23817471591 10012.040200656513 144597.06884765625 757.2568359375 28770.251707879666 1326
560 5.8 28505.01791066137 14459.67260836139 144597.06884765625 757.2568359375 28769.852906776112 1381
570 5.7 32364.808186848957 14792.756157983245 144597.06884765625 757.2568359375 28759.178528892407 1439
580 5.2 30079.111797626203 12056.947428378031 144597.06884765625 757.2568359375 28896.558803293156 1496
590 5.5 25639.949436257102 9130.765663423974 144597.06884765625 757.2568359375 28936.282805686773 1548
600 6.4 29470.092498779297 10387.090597478264 144597.06884765625 757.2568359375 28823.18340748426 1603
610 6.5 30213.80802659255 12084.207196374073 144597.06884765625 757.2568359375 28848.01974932162 1667
620 5.2 27574.938373272234 16142.872310047938 144597.06884765625 757.2568359375 28899.27623778733 1732
630 7.2 31229.104868570957 17594.540463774727 144597.06884765625 757.2568359375 28860.674461467384 1784
640 6.5 30606.29384390024 14439.234568753753 144597.06884765625 757.2568359375 28952.553227260196 1856
650 8.1 30857.21487389081 15265.560133752459 144597.06884765625 757.2568359375 29008.510093518187 1921
660 5.4 30788.22923900463 12376.951403593226 144597.06884765625 757.2568359375 29083.30783937742 2002
670 7.2 28180.586381700305 11025.510004041007 144597.06884765625 757.2568359375 29128.08690337541 2056
680 6.4 31593.22699356079 13642.660749632558 144597.06884765625 757.2568359375 29096.028615048057 2128
690 5.5 29285.49256924716 11307.013356694206 144597.06884765625 757.2568359375 29168.939516610473 2192
700 7.5 28507.442734375 11280.771120505573 144597.06884765625 757.2568359375 29171.792395068424 2247
710 7.1 30053.65303490867 15908.925319196467 144597.06884765625 757.2568359375 29150.334072694604 2322
720 6.7 29222.414361298976 12644.893295629443 144597.06884765625 757.2568359375 29177.13542928349 2393
730 5.8 29112.050040409482 15619.026874923478 144597.06884765625 757.2568359375 29178.368635968465 2460
740 7.5 30288.233935546876 13371.453816599993 144597.06884765625 757.2568359375 29176.84104321929 2518
750 6.4 29316.98628234863 13209.907911925116 144597.06884765625 757.2568359375 29208.98700038264 2593
760 5.5 31321.546479936078 14839.900532992178 144597.06884765625 757.2568359375 29211.588413271547 2657
770 5.6 28205.534641810827 11031.366048397966 144597.06884765625 757.2568359375 29254.37886078871 2712
780 7.4 28257.82508313978 11393.264441280335 144597.06884765625 757.2568359375 29233.159469075286 2768
790 7.5 28886.870244140624 13688.30721176692 144597.06884765625 757.2568359375 29207.763710961553 2842
800 7.4 28114.301114468963 10545.138996446956 144597.06884765625 757.2568359375 29199.51310759797 2917
810 7.9 29194.791717142998 12867.126432616293 144597.06884765625 757.2568359375 29172.66399777131 2991
820 6.3 28984.603759765625 11468.56688037999 144597.06884765625 757.2568359375 29173.233408139506 3070
830 7.4 34207.605953732054 19984.325884666352 144597.06884765625 757.2568359375 29169.44034467077 3133
840 7.5 29440.949280598958 14030.82433917301 144597.06884765625 757.2568359375 29285.693620339785 3207
850 6.3 29811.92769949777 15734.034728368835 144597.06884765625 757.2568359375 29289.241510199456 3282
860 8.5 28204.97839786305 11306.521985066815 144597.06884765625 757.2568359375 29299.085824078615 3345
870 6.2 28112.985260994206 11694.968791107374 144597.06884765625 757.2568359375 29271.97237474091 3430
880 7.7 26649.040606610186 9304.955312419032 144597.06884765625 757.2568359375 29251.394711209326 3492
890 7.1 29848.80536490427 14326.588798551995 144597.06884765625 757.2568359375 29195.249778159694 3569
900 7.4 28564.711933857685 16784.514418709918 144597.06884765625 757.2568359375 29207.997703065976 3640
910 7.9 27470.141298704508 14346.568300034458 144597.06884765625 757.2568359375 29195.18048526269 3714
920 8.1 26410.8439489294 11642.583746205633 144597.06884765625 757.2568359375 29159.251643781514 3793
930 8.9 27820.77630409498 11110.76680026196 144597.06884765625 757.2568359375 29101.786227342942 3874
940 8.5 29713.414499080878 14715.860785948453 144597.06884765625 757.2568359375 29073.01764718421 3963
950 7.2 29383.076158311633 11047.336967841244 144597.06884765625 757.2568359375 29086.464715467613 4048
960 10.8 29904.511133264612 11480.950584155042 144597.06884765625 757.2568359375 29091.64821641052 4120
970 8 29384.999578857423 12051.753928248372 144597.06884765625 757.2568359375 29112.41198060641 4228
980 8.4 29788.965608142673 13472.60912219475 144597.06884765625 757.2568359375 29117.47396014682 4308
990 9.4 30151.850445686512 12444.54562461424 144597.06884765625 757.2568359375 29130.316696583897 4392
1000 8.3 30738.157241269768 12914.641708641486 144597.06884765625 757.2568359375 29151.72199582947 4486
1010 10.7 29218.9451596269 12602.177618397436 144597.06884765625 757.2568359375 29180.541020861543 4569
1020 10.4 29032.162278395434 11728.498538291773 144597.06884765625 757.2568359375 29181.41981531148 4676
1030 8.6 28105.942005246183 12603.21920119315 144597.06884765625 757.2568359375 29178.17237099364 4780
1040 8.8 28807.325761274857 14158.50495564624 144597.06884765625 757.2568359375 29159.222142581337 4866
1050 9.3 28866.37992219002 11577.646603571875 144597.06884765625 757.2568359375 29152.97125813342 4954
1060 9.5 31182.723702199837 17020.864998861893 144597.06884765625 757.2568359375 29147.690300288614 5047
1070 9.9 30777.824134903723 16451.01892176156 144597.06884765625 757.2568359375 29185.28815582762 5142
1080 8 27337.986529541016 10372.581011763292 144597.06884765625 757.2568359375 29215.37040385825 5241
1090 9.4 30003.224437957113 12781.483025167516 144597.06884765625 757.2568359375 29187.144373047242 5321
1100 10.6 28353.921140274913 12113.949958226185 144597.06884765625 757.2568359375 29201.31085986193 5415
1110 8.6 30107.68151571584 15635.735674274689 144597.06884765625 757.2568359375 29185.0414683973 5521
1120 11.6 28326.27993669181 13899.570789981162 144597.06884765625 757.2568359375 29199.19289412753 5607
1130 12.3 29988.818563817964 12529.001198012733 144597.06884765625 757.2568359375 29181.49974314683 5723
1140 10.4 27076.321990966797 13154.148887887999 144597.06884765625 757.2568359375 29198.48575322937 5846
1150 11.1 29035.141388214386 12348.203297529068 144597.06884765625 757.2568359375 29161.392470662093 5950
1160 9.6 29918.567693074543 12218.847398109277 144597.06884765625 757.2568359375 29159.080332376052 6061
1170 10.3 29551.910720380765 14706.59173525453 144597.06884765625 757.2568359375 29170.92226621186 6157
1180 8.2 30957.25824421208 13304.576644865381 144597.06884765625 757.2568359375 29177.19092608077 6260
1190 9.2 28691.251080056896 12480.94334526846 144597.06884765625 757.2568359375 29200.20661830511 6342
1200 8.5 29086.19126551011 11598.953604987477 144597.06884765625 757.2568359375 29192.929044553348 6434
1210 11.6 26694.144966914737 10089.04968098314 144597.06884765625 757.2568359375 29191.537310971715 6519
1220 13.2 29361.868223248108 13992.97919461516 144597.06884765625 757.2568359375 29147.875289583528 6635
1230 15.3 27669.493558198017 11240.745880011615 144597.06884765625 757.2568359375 29152.049527391086 6767
1240 13.1 28732.942092080153 14092.434570219004 144597.06884765625 757.2568359375 29119.270472002856 6920
1250 15.4 27771.87677873884 12324.959108658291 144597.06884765625 757.2568359375 29112.09290601649 7051
1260 15.1 29362.503240117963 12673.975105016982 144597.06884765625 757.2568359375 29083.44706512811 7205
1270 16 30347.95550689697 13350.657687335157 144597.06884765625 757.2568359375 29089.175379758817 7356
1280 13 31332.998505108168 14356.78509418708 144597.06884765625 757.2568359375 29115.972189277458 7516
1290 16.4 30497.993379918542 14149.612607625353 144597.06884765625 757.2568359375 29153.666855908115 7646
1300 18.7 28902.499661858707 12941.21566908015 144597.06884765625 757.2568359375 29181.89599162357 7810
1310 15.8 27730.91496180281 11471.93598187897 144597.06884765625 757.2568359375 29175.36265241311 7997
1320 16.6 30180.322961278707 15499.286645896931 144597.06884765625 757.2568359375 29147.3770319206 8155
1330 13.7 29966.92381386861 15693.808210112038 144597.06884765625 757.2568359375 29167.983812869217 8321
1340 13.2 30217.470962062027 14452.549993012239 144597.06884765625 757.2568359375 29180.924789475615 8458
1350 13.3 29895.270784994715 14623.9368265066 144597.06884765625 757.2568359375 29196.85308921734 8590
1360 12.8 29647.128496170044 15443.423520153867 144597.06884765625 757.2568359375 29207.501897372607 8723
1370 15.6 29119.77981958634 12697.089168723656 144597.06884765625 757.2568359375 29213.859620188792 8851
1380 13.6 29159.504828957954 13578.089622370591 144597.06884765625 757.2568359375 29212.23017099439 9007
1390 15 32125.68608235676 16827.1346217962 144597.06884765625 757.2568359375 29211.445893785927 9143
1400 14.1 28327.151774088543 9565.208341933208 144597.06884765625 757.2568359375 29258.485173704747 9293
1410 12.7 28437.22164508489 12486.710616125029 144597.06884765625 757.2568359375 29244.565520392698 9434
1420 13 29250.699517352765 11947.129351980137 144597.06884765625 757.2568359375 29233.84146724302 9561
1430 14.6 28561.891668450335 10211.389909737032 144597.06884765625 757.2568359375 29234.06760969625 9691
1440 12.7 29849.938024806226 13023.606628922333 144597.06884765625 757.2568359375 29224.091225898148 9837
1450 13.9 30748.22835579193 14320.309212254082 144597.06884765625 757.2568359375 29232.06819734148 9964
1460 14.7 28591.230752750318 11846.83944105418 144597.06884765625 757.2568359375 29252.927967907115 10103
1470 13.1 30018.332398392773 11292.309197843873 144597.06884765625 757.2568359375 29243.438261504376 10250
1480 12.3 29469.718630907013 14317.51255587164 144597.06884765625 757.2568359375 29253.21681192653 10381
1490 14.9 29910.09602755348 13480.91208841919 144597.06884765625 757.2568359375 29255.752010301872 10504
1500 14.9 32495.46548605284 16595.402155997785 144597.06884765625 757.2568359375 29264.904104413436 10653
1510 15.1 30954.022103619107 15009.936187993624 144597.06884765625 757.2568359375 29309.46563430274 10802
1520 13.3 27850.84896322838 11089.046469798266 144597.06884765625 757.2568359375 29332.13778137357 10953
1530 14.1 29475.886749916892 11928.378066972513 144597.06884765625 757.2568359375 29314.366591330876 11086
1540 14.5 31682.501912715525 15240.565290076305 144597.06884765625 757.2568359375 29316.39512454194 11227
1550 13.8 30255.279834692028 12604.422990579567 144597.06884765625 757.2568359375 29346.56444254099 11372
1560 14.5 30499.887176724136 13477.835245942135 144597.06884765625 757.2568359375 29357.4595532375 11510
1570 14.6 31258.269359013804 15293.98302942322 144597.06884765625 757.2568359375 29371.672509514254 11655
1580 16.5 31450.854614997632 15594.579920005839 144597.06884765625 757.2568359375 29395.013170477472 11801
1590 14 30896.365347726005 15462.99319728902 144597.06884765625 757.2568359375 29423.361310068463 11966
1600 15.8 30519.242824119858 13655.756077691922 144597.06884765625 757.2568359375 29440.395885095066 12106
1610 15 29961.054759114584 11620.465434934937 144597.06884765625 757.2568359375 29454.294924263846 12264
1620 17.1 29279.349722165112 12271.085286915286 144597.06884765625 757.2568359375 29460.418170214194 12414
1630 13.9 30011.122186235385 13410.273680093907 144597.06884765625 757.2568359375 29457.95788379255 12585
1640 15.1 30661.64413674462 15574.457434997985 144597.06884765625 757.2568359375 29464.00078209808 12724
1650 13.8 30940.158671945766 19162.876700433488 149008.380859375 757.2568359375 29478.04692940306 12875
1660 12.8 32986.63401412961 17013.466710710585 149008.380859375 757.2568359375 29493.552302527696 13013
1670 14.1 30190.97921861148 12339.390126387118 149008.380859375 757.2568359375 29527.576688730045 13141
1680 15.3 31040.856864979065 13403.946190042428 149008.380859375 757.2568359375 29534.619284477165 13282
1690 16.7 30711.486708224176 12975.408946746711 149008.380859375 757.2568359375 29551.772566934687 13435
1700 14.6 28842.73682643943 12218.52376549586 149008.380859375 757.2568359375 29566.01108050588 13602
1710 15.5 28999.84552198841 13085.300160784642 149008.380859375 757.2568359375 29558.330105739096 13748
1720 12.1 29696.56073048489 12944.718510089755 149008.380859375 757.2568359375 29552.103743768203 13903
1730 15.4 28711.825715300325 11780.500741666778 149008.380859375 757.2568359375 29553.35012820864 14024
1740 13.5 30941.9556640625 14135.148637359029 149008.380859375 757.2568359375 29544.20957526832 14178
1750 14.8 32365.965236354506 14810.950229523856 149008.380859375 757.2568359375 29557.393095284195 14313
1760 16.2 31287.998966169947 11444.13187363984 149008.380859375 757.2568359375 29586.137212349295 14461
1770 16.5 30764.76737689394 12855.674883412017 149008.380859375 757.2568359375 29604.991182404614 14623
1780 15.3 30123.046613306782 12980.196088714712 149008.380859375 757.2568359375 29617.931611948214 14788
1790 16.7 30258.39538062547 12792.86561920406 149008.380859375 757.2568359375 29623.10413020053 14941
1800 13.4 29874.15840536089 13904.539546412227 149008.380859375 757.2568359375 29630.126478547165 15108
1810 14.9 29781.740260591443 12368.646484337813 149008.380859375 757.2568359375 29632.271884543297 15242
1820 14.9 27852.480762046453 10268.304264104323 149008.380859375 757.2568359375 29633.718885260027 15391
1830 15.8 30924.235382466377 12801.006460191305 149008.380859375 757.2568359375 29616.64008987014 15540
1840 15 32108.655891927083 15716.798562708998 149008.380859375 757.2568359375 29629.801005670255 15698
1850 14.4 30882.898530748156 13750.24468628585 149008.380859375 757.2568359375 29653.26316070171 15848
1860 15.2 30945.418004086143 14426.986284375453 149008.380859375 757.2568359375 29664.33541515936 15992
1870 13.1 30196.883067822637 14059.531704902587 149008.380859375 757.2568359375 29676.397144192862 16144
1880 15.6 31842.177861140324 14528.394883915485 149008.380859375 757.2568359375 29680.586616143428 16275
1890 14.6 30689.061565242402 11846.811887327647 149008.380859375 757.2568359375 29701.109300959906 16431
1900 15.1 32250.30023799669 14830.381438772516 149008.380859375 757.2568359375 29709.810575652868 16577
1910 14.3 29694.545906973886 13854.239904672106 149008.380859375 757.2568359375 29732.74302059631 16728
1920 13.5 31204.710915798612 14049.902009932704 149008.380859375 757.2568359375 29732.419258682494 16871
1930 12 31959.951334635418 11446.512060085939 149008.380859375 757.2568359375 29744.106861511536 17006
1940 13.1 32130.408314945133 11469.300007292517 149008.380859375 757.2568359375 29759.63304023248 17126
1950 12.8 32599.859003067017 11763.587336720291 149008.380859375 757.2568359375 29777.629885627815 17257
1960 13.9 33284.35018723302 9631.583789455834 149008.380859375 757.2568359375 29798.409024369965 17385
1970 13.9 36808.74640287768 11911.203331795818 149008.380859375 757.2568359375 29826.059436469826 17524
1980 12.4 35200.20680876704 12648.38801254311 149008.380859375 757.2568359375 29881.010095380017 17663
1990 14.6 37023.300127421324 13117.274810531584 149008.380859375 757.2568359375 29918.092256085027 17787
2000 15.7 37069.78529153811 11444.252226538889 149008.380859375 757.2568359375 29975.938703930624 17933
2010 13.6 41557.95243745692 17426.268055263146 149008.380859375 757.2568359375 30037.504978903227 18090
2020 12.1 39468.85923376162 13466.60336215842 149008.380859375 757.2568359375 30123.469033241166 18226
2030 13.2 40567.714610706666 14255.509720970711 149008.380859375 757.2568359375 30185.102663494778 18347
2040 12.9 42265.267530810925 15195.69581040655 149008.380859375 757.2568359375 30259.268190689538 18479
2050 13.1 46836.25361738132 17341.51957801403 149008.380859375 757.2568359375 30342.49980692318 18608
2060 13.7 44755.33690693431 13872.740706244573 149008.380859375 757.2568359375 30457.803811895166 18739
2070 11.7 46755.81018379407 16518.56148119461 149008.380859375 757.2568359375 30561.573786149263 18876
2080 12.7 49567.45780404159 16277.565649881479 149008.380859375 757.2568359375 30661.332942602927 18993
2090 12.7 50043.466264379305 16534.346806593956 149008.380859375 757.2568359375 30786.91232845035 19120
2100 13.3 47556.61204586172 16582.502940480546 149008.380859375 757.2568359375 30913.975369436634 19247
2110 14.5 50688.14599441003 19465.389705086858 149008.380859375 757.2568359375 31028.189542706215 19380
2120 11.3 50990.8819482854 19654.179163664747 149008.380859375 757.2568359375 31174.19178011964 19525
2130 15.3 51424.842096864784 17235.535285748843 149008.380859375 757.2568359375 31288.219990171718 19638
2140 11 52425.64242498224 22153.487681683488 149008.380859375 757.2568359375 31443.891920964707 19791
2150 12.7 53624.07508958231 20901.796206389852 149008.380859375 757.2568359375 31559.8656185398 19901
2160 12.5 58045.34552539063 22946.09905692017 149008.380859375 757.2568359375 31699.777472085956 20028
2170 12.7 61637.34141047921 25546.906382669506 149008.380859375 757.2568359375 31863.187188091666 20153
2180 9.5 58655.697337582234 25219.648126943008 150347.671875 757.2568359375 32049.642690371904 20280
2190 11.5 60373.53440472147 26961.25009250614 151973.94604492188 757.2568359375 32173.695460506136 20375
2200 10.6 65110.598768702104 27417.59477641283 151973.94604492188 757.2568359375 32331.966884546386 20490
2210 11 62727.65462757457 26220.866492945876 214917.22094726563 757.2568359375 32500.666388319958 20596
2220 11.5 72171.42315090015 33275.6480823517 214917.22094726563 757.2568359375 32661.246350954847 20706
2230 13.5 69510.10540545426 30626.72252737887 214917.22094726563 757.2568359375 32879.471716306834 20821
2240 13.5 73265.91100983799 33996.349742568134 214917.22094726563 757.2568359375 33115.44878960493 20956
2250 10.1 72024.77842667079 34694.99634024589 214917.22094726563 757.2568359375 33372.44525253848 21091
2260 13.3 74031.60587259161 33346.43722563192 214917.22094726563 757.2568359375 33556.66031721323 21192
2270 11.8 76683.66348318325 35578.75281359932 214917.22094726563 757.2568359375 33809.09491317409 21325
2280 10.6 77886.35299740199 34355.269902051514 214917.22094726563 757.2568359375 34045.0320064568 21443
2290 12.2 73011.32828108988 32433.08381600448 223579.3681640625 757.2568359375 34260.688418589154 21549
2300 12.8 83320.84907150269 38988.71989909439 223579.3681640625 757.2568359375 34478.840698743516 21671
2310 11 80086.84087357954 37106.22962548494 223579.3681640625 757.2568359375 34765.632619093674 21799
2320 10.2 88211.10198854929 38525.23158652273 223579.3681640625 757.2568359375 34993.17987857578 21909
2330 11.5 84115.25485096802 39777.25480331334 223579.3681640625 757.2568359375 35239.794210283435 22011
2340 11.6 96019.4557137325 45893.35122867367 223579.3681640625 757.2568359375 35493.824670993854 22126
2350 14.5 102809.57232792297 47377.017444237885 273643.7248535156 757.2568359375 35809.487525096796 22242
2360 13 90829.94538198621 49024.55706102462 273643.7248535156 757.2568359375 36243.44528167024 22387
2370 12 102871.3581644694 52170.43024618449 273643.7248535156 757.2568359375 36558.595835164975 22517
2380 11 111344.59515713778 53247.99019648177 273643.7248535156 757.2568359375 36910.12348810117 22637
2390 11.3 98594.05334148572 47155.32158165589 273643.7248535156 757.2568359375 37270.07389402696 22747
2400 9.3 99022.47645486811 42007.695272197416 273643.7248535156 757.2568359375 37573.20642585386 22860
2410 13.1 99820.72791738728 46690.826043345565 287492.123046875 757.2568359375 37822.18399360964 22953
2420 10 107556.03294921874 52095.01345570942 287492.123046875 757.2568359375 38174.021164551195 23084
2430 12.6 111895.3000953311 51729.08186451916 287492.123046875 757.2568359375 38473.28795106201 23184
2440 12 110666.49516194662 50600.08599750877 287492.123046875 757.2568359375 38870.16369238238 23310
2450 12.8 114978.68405723572 49664.59508385419 287492.123046875 757.2568359375 39237.878578270036 23430
2460 13.5 122454.75696614584 61331.22008563058 326495.4541015625 757.2568359375 39649.40855115855 23558
2470 11 122123.35550426136 52626.31888350191 326495.4541015625 757.2568359375 40121.22394119034 23693
2480 12.1 118329.04395136557 58952.701412993694 326495.4541015625 757.2568359375 40500.17762232036 23803
2490 11.4 125899.1401581346 58346.61270743968 350437.1950683594 757.2568359375 40893.81133013738 23924
2500 12.6 128339.26305377294 55685.670179439614 350437.1950683594 757.2568359375 41296.9483418019 24038
2510 12.4 133293.97674954313 63066.87113662484 350437.1950683594 757.2568359375 41750.81904423976 24164
2520 10.2 122408.06673895144 54460.94350971616 350437.1950683594 757.2568359375 42218.18365044273 24288
2530 11.9 129026.19710765166 65366.75115898593 368237.9680175781 757.2568359375 42553.541095093315 24390
2540 13.2 137859.67062100503 61862.35306396099 368237.9680175781 757.2568359375 42973.39690583608 24509
2550 12.7 123906.8365987943 57318.97516668666 368237.9680175781 757.2568359375 43481.69560030474 24641
2560 11.3 131363.44865917106 67066.99249762595 368237.9680175781 757.2568359375 43894.082264823795 24768
2570 9.4 136011.03189151848 69462.7306779981 401983.6208496094 757.2568359375 44291.33472262538 24881
2580 11.5 132398.14891516644 57535.774131922895 401983.6208496094 757.2568359375 44636.545995253044 24975
2590 11.7 131237.61641334472 52556.10813648016 401983.6208496094 757.2568359375 45038.801249768396 25090
2600 13.4 143257.29741793964 63167.32643992573 401983.6208496094 757.2568359375 45438.8988962213 25207
2610 11.8 139807.7517524331 68742.11442061684 430693.0759277344 757.2568359375 45956.15020445342 25341
2620 11.7 150403.4058597922 76693.52098318988 430693.0759277344 757.2568359375 46391.14329069647 25459
2630 12 137539.64503173815 73859.27070554777 430693.0759277344 757.2568359375 46866.95791067552 25576
2640 12.1 156200.29050716685 86675.16139381987 430693.0759277344 757.2568359375 47290.398230356695 25696
2650 13.2 131582.21127226859 64813.46385610022 430693.0759277344 757.2568359375 47800.840844351114 25817
2660 11 143666.63656116842 75442.5360405204 433444.64306640625 757.2568359375 48227.028400576215 25949
2670 15.4 151715.8903761034 68974.32391454688 433444.64306640625 757.2568359375 48629.897156002946 26059
2680 14.2 156375.72072547593 64459.00468682798 440708.77587890625 757.2568359375 49235.52195880673 26213
2690 10 169496.54765380867 85348.68408358467 476306.4460449219 757.2568359375 49812.790341461514 26355
2700 11.6 156162.71422287516 82293.23917191099 486305.37109375 757.2568359375 50265.195396507246 26455
2710 13.8 166705.3547575578 84402.43700391677 486305.37109375 757.2568359375 50727.50815040656 26571
2720 9.9 159939.21189680006 92728.1350565418 486305.37109375 757.2568359375 51326.7422225091 26709
2730 11.4 172851.6556075247 86293.61118348285 486305.37109375 757.2568359375 51727.840196910576 26808
2740 13.1 168736.2841051408 67585.82304535955 486305.37109375 757.2568359375 52240.7335538978 26922
2750 13.1 167731.20519367253 84336.74578000135 486305.37109375 757.2568359375 52804.84537595868 27053
2760 13 170691.34254995492 88264.54589020334 486305.37109375 757.2568359375 53358.676789147336 27184
2770 10.5 160745.74955357143 92808.88776470984 499698.373046875 757.2568359375 53917.117389165825 27314
2780 12.6 163737.0788186694 96552.1700439033 524630.0251464844 757.2568359375 54326.213504168656 27419
2790 10.8 161378.5036440249 84468.55541095768 524630.0251464844 757.2568359375 54826.695226064716 27545
2800 13.9 172148.1419352799 84032.37321547834 524630.0251464844 757.2568359375 55242.837970401306 27653
2810 13.2 189155.68661776456 108965.58183114951 550117.4729003906 757.2568359375 55827.53274771557 27792
2820 12.4 152893.86383253528 78114.26192832715 550117.4729003906 757.2568359375 56457.79045831744 27924
2830 14 180518.10929478236 102965.8286652444 550117.4729003906 757.2568359375 56884.13362354858 28048
2840 13.3 183804.1979962113 95603.68611950344 550117.4729003906 757.2568359375 57498.180614962395 28188
2850 14.2 179306.2250581124 93894.09089395903 550117.4729003906 757.2568359375 58091.33411631144 28321
2860 12.6 182539.4143453931 89844.35732920894 550117.4729003906 757.2568359375 58696.06708591182 28463
2870 13.2 186058.53454219934 97876.43150511952 550117.4729003906 757.2568359375 59241.88057203217 28589
2880 12.2 176116.35846847785 81273.20730498759 550117.4729003906 757.2568359375 59824.722336736115 28721
2890 16.7 193892.94141502157 103291.27989296324 609413.7749023438 757.2568359375 60316.61220977541 28843
2900 14.8 202317.84271735116 102878.35688971827 609413.7749023438 757.2568359375 61085.56246752364 29010
2910 12.6 195622.70136757503 105299.14695273868 609413.7749023438 757.2568359375 61802.428421189 29158
2920 11.2 187502.846132551 97324.58268064437 609413.7749023438 757.2568359375 62378.21569038872 29284
2930 13 203245.14530686598 107251.73400103165 609413.7749023438 757.2568359375 62854.94581045683 29396
2940 14.8 188305.59494595905 101876.71348497637 609413.7749023438 757.2568359375 63473.06969904767 29526
2950 15.4 197192.33242599684 104543.15222805388 609413.7749023438 757.2568359375 64095.67581000484 29674
2960 11.4 185288.60889742672 92236.9588345269 609413.7749023438 757.2568359375 64782.84508447388 29828
2970 13.3 205664.08675986843 126617.56966175845 609413.7749023438 757.2568359375 65241.65401756708 29942
2980 11.1 206642.1342751443 112820.05350691908 632694.796875 757.2568359375 65862.64100193037 30075
2990 15 221453.10753092446 129895.3614970776 632694.796875 757.2568359375 66380.315544875 30186
3000 13.3 208078.15849682802 127676.27620810797 632694.796875 757.2568359375 67147.091612844 30336
3010 11.9 199788.23614142922 109164.27071434239 632694.796875 757.2568359375 67762.26874027088 30469
3020 14.8 202537.40979168867 115674.78131537818 635100.9399414063 757.2568359375 68275.9044837238 30588
3030 13.6 201967.11912985414 111479.13063221946 635100.9399414063 757.2568359375 68922.4005399959 30736
3040 14.8 220708.13690350504 139805.52794871232 635100.9399414063 757.2568359375 69508.50062188954 30872
3050 13 228448.70391939604 124976.4650422915 635100.9399414063 757.2568359375 70229.89153645044 31020
3060 13.6 213273.7798210593 120123.22355356936 635100.9399414063 757.2568359375 70890.194766299 31150
3070 15.5 209131.378953503 115489.15775429975 752823.2680664063 757.2568359375 71509.13510918232 31286
3080 13.8 243972.9233734573 133423.0350652084 752823.2680664063 757.2568359375 72187.59469366976 31441
3090 13.6 214931.27920711742 112319.59439295359 752823.2680664063 757.2568359375 72938.29532883271 31579
3100 9.4 220361.29347780917 111870.36076907253 752823.2680664063 757.2568359375 73547.1884648077 31715
3110 13.5 222222.6478732639 118234.85864942419 752823.2680664063 757.2568359375 73981.0444763523 31809
3120 13.5 221159.1207989728 124069.27752274356 752823.2680664063 757.2568359375 74607.53509927313 31944
3130 13.6 198272.16352215936 114354.3737848892 752823.2680664063 757.2568359375 75224.27701982736 32079
3140 12.6 236030.77111235118 122691.2627094551 752823.2680664063 757.2568359375 75743.74039292429 32215
3150 14.5 215857.11278960123 125479.99490000779 752823.2680664063 757.2568359375 76368.21600810773 32341
3160 11.1 237519.54932300464 112931.51929773083 752823.2680664063 757.2568359375 76990.81928439032 32486
3170 13 220425.7573411208 120288.2269711064 752823.2680664063 757.2568359375 77537.45514150252 32597
3180 15.7 234831.4293189565 129269.0416467333 752823.2680664063 757.2568359375 78105.04396070227 32727
3190 15.7 228673.475519071 128025.29686714211 752823.2680664063 757.2568359375 78853.31188739142 32884
3200 14.1 213828.7955902316 131317.27690096435 752823.2680664063 757.2568359375 79565.20818865874 33041
3210 14 218889.94860839844 117437.50957554573 752823.2680664063 757.2568359375 80135.73334758895 33182
3217 8.6 242164.8959024119 132549.6935012973 752823.2680664063 757.2568359375 80718.6992600946 33322
