10 0.9 9
20 1.2 21
30 1.2 33
40 1.1 44
50 1.4 58
60 0.7 65
70 1.2 77
80 0.7 84
90 0.9 93
100 1.1 104
110 0.9 113
120 0.8 121
130 1.8 139
140 1.9 158
150 2 178
160 2.1 199
170 1.7 216
180 2.2 238
190 2.2 260
200 2.5 285
210 2.5 310
220 1.6 326
230 1.7 343
240 1.7 360
250 3.1 391
260 2.6 417
270 3.1 448
280 3.3 481
290 2.9 510
300 2.6 536
310 3.1 567
320 2.4 591
330 2.7 618
340 3.9 657
350 2.4 681
360 3 711
370 3.1 742
380 4.3 785
390 4.4 829
400 4.5 874
410 3.3 907
420 3.1 938
430 4.1 979
440 3.6 1015
450 4 1055
460 3.7 1092
470 3.9 1131
480 4.1 1172
490 5.7 1229
500 4.7 1276
510 5.5 1331
520 5.2 1383
530 5.9 1442
540 4.7 1489
550 5.7 1546
560 5.7 1603
570 6.1 1664
580 6.4 1728
590 5.8 1786
600 6.9 1855
610 7.1 1926
620 6.1 1987
630 7.1 2058
640 6.2 2120
650 6.7 2187
660 6.8 2255
670 6.3 2318
680 7.1 2389
690 6.6 2455
700 5.3 2508
710 7.7 2585
720 6.9 2654
730 5.7 2711
740 6.2 2773
750 6.2 2835
760 6.7 2902
770 8.4 2986
780 7.8 3064
790 7.8 3142
800 6.9 3211
810 5.7 3268
820 7 3338
830 7.6 3414
840 7.1 3485
850 7.6 3561
860 6.9 3630
870 6.9 3699
880 7.4 3773
890 8 3853
900 8.7 3940
910 9.5 4035
920 9.4 4129
930 9.7 4226
940 8.3 4309
950 9.4 4403
960 8.5 4488
970 8.4 4572
980 10.4 4676
990 8.7 4763
1000 9.5 4858
1010 8.4 4942
1020 10.2 5044
1030 9.2 5136
1040 8.8 5224
1050 9.3 5317
1060 9.4 5411
1070 9.4 5505
1080 9.8 5603
1090 10.5 5708
1100 11.3 5821
1110 11.9 5940
1120 10.3 6043
1130 10.9 6152
1140 9.5 6247
1150 9.8 6345
1160 8.5 6430
1170 9.3 6523
1180 10.9 6632
1190 11 6742
1200 14.5 6887
1210 15.6 7043
1220 15.8 7201
1230 17.1 7372
1240 14.6 7518
1250 14.9 7667
1260 15 7817
1270 15.6 7973
1280 16.4 8137
1290 16.2 8299
1300 13.5 8434
1310 15.1 8585
1320 13 8715
1330 13.9 8854
1340 14 8994
1350 13.6 9130
1360 14.9 9279
1370 13.4 9413
1380 14 9553
1390 13.4 9687
1400 14.1 9828
1410 14.7 9975
1420 12.2 10097
1430 14.9 10246
1440 14.3 10389
1450 12.2 10511
1460 15.5 10666
1470 13.7 10803
1480 15 10953
1490 15.1 11104
1500 12.6 11230
1510 15.3 11383
1520 14.4 11527
1530 15.2 11679
1540 14.1 11820
1550 14.3 11963
1560 16.6 12129
1570 14.6 12275
1580 14.9 12424
1590 15.7 12581
1600 14.5 12726
1610 14.7 12873
1620 13.1 13004
1630 15.9 13163
1640 13.9 13302
1650 13.7 13439
1660 15.7 13596
1670 14.4 13740
1680 15.2 13892
1690 13.1 14023
1700 15 14173
1710 15.2 14325
1720 15.2 14477
1730 17.1 14648
1740 14.9 14797
1750 13.9 14936
1760 16 15096
1770 14.7 15243
1780 13.9 15382
1790 17 15552
1800 16.6 15718
1810 14.2 15860
1820 13.9 15999
1830 14.8 16147
1840 15.1 16298
1850 14.1 16439
1860 15.8 16597
1870 14.2 16739
1880 13.6 16875
1890 13.3 17008
1900 14.1 17149
1910 14.3 17292
1920 16.6 17458
1930 15.2 17610
1940 15.8 17768
1950 14.1 17909
1960 15.4 18063
1970 14.5 18208
1980 15.7 18365
1990 15.9 18524
2000 16 18684
2010 15 18834
2020 16.2 18996
2030 12.7 19123
2040 14.7 19270
2050 14.3 19413
2060 14.1 19554
2070 15.7 19711
2080 16.9 19880
2090 13.9 20019
2100 14.5 20164
2110 13.6 20300
2120 14.6 20446
2130 13.5 20581
2140 15.2 20733
2150 14.8 20881
2160 17.5 21056
2170 14.2 21198
2180 14.7 21345
2190 15.8 21503
2200 14.8 21651
2210 13.4 21785
2220 14.5 21930
2230 15.5 22085
2240 15.5 22240
2250 17 22410
2260 15.3 22563
2270 16.2 22725
2280 15.3 22878
2290 13.3 23011
2300 13.9 23150
2310 17 23320
2320 15.8 23478
2330 16.1 23639
2340 16 23799
2350 13 23929
2360 15.2 24081
2370 13.3 24214
2380 14.8 24362
2390 14.3 24505
2400 14.5 24650
2410 13.8 24788
2420 13.1 24919
2430 15.6 25075
2440 14.8 25223
2450 15.4 25377
2460 14.2 25519
2470 14.8 25667
2480 13.8 25805
2490 18.1 25986
2500 16.2 26148
2510 16.7 26315
2520 13.8 26453
2530 15.2 26605
2540 14.3 26748
2550 15.7 26905
2560 13.9 27044
2570 17.5 27219
2580 17.2 27391
2590 14.4 27535
2600 12.8 27663
2610 15.3 27816
2620 16.3 27979
2630 13.9 28118
2640 13.7 28255
2650 15.4 28409
2660 15.3 28562
2670 15.2 28714
2680 15.7 28871
2690 13.9 29010
2700 13.2 29142
2710 17.5 29317
2720 16.8 29485
2730 14.6 29631
2740 15.9 29790
2750 12.9 29919
2760 14.6 30065
2770 15.1 30216
2780 16.6 30382
2790 15.2 30534
2800 14.1 30675
2810 15.1 30826
2820 14.4 30970
2830 15.3 31123
2840 14.3 31266
2850 15.9 31425
2860 11.5 31540
2870 13.5 31675
2880 11.3 31788
2890 14 31928
2900 16.3 32091
2910 15.3 32244
2920 16.4 32408
2930 16.7 32575
2940 13.6 32711
2950 13.7 32848
2960 16.3 33011
2970 15.5 33166
2980 15.1 33317
2990 11.9 33436
3000 15.6 33592
3010 15.4 33746
3020 11.4 33860
3030 15.6 34016
3040 14.5 34161
3050 14.7 34308
3060 13.8 34446
3070 15.1 34597
3080 16.1 34758
3090 15.3 34911
3100 13.4 35045
3110 15.4 35199
3120 15.2 35351
3130 16.5 35516
3140 16.3 35679
3150 16.9 35848
3160 16.5 36013
3170 15.9 36172
3180 14.2 36314
3190 11.9 36433
3200 7.7 36510
3210 2.6 36536
3217 0 36536
