10 0.4 4
20 1.6 20
30 3.8 58
40 3.3 91
50 3.4 125
60 3.7 162
70 4.1 203
80 3.3 236
90 4.6 282
100 4.4 326
110 4.9 375
120 4.1 416
130 4.1 457
140 5.2 509
150 5.9 568
160 7.2 640
170 4.6 686
180 7.1 757
190 8.1 838
200 7.5 913
210 8.6 999
220 7.5 1074
230 9.4 1168
240 9.9 1267
250 10.4 1371
260 11.5 1486
270 9.2 1578
280 12.4 1702
290 13.5 1837
300 12.2 1959
310 9.7 2056
320 11.1 2167
330 12.1 2288
340 11.3 2401
350 10.9 2510
360 14.6 2656
370 13 2786
380 11.6 2902
390 16 3062
400 14.2 3204
410 14.5 3349
420 14.8 3497
430 18.6 3683
440 18.1 3864
450 16.8 4032
460 18.1 4213
470 17.2 4385
480 17.9 4564
490 15.7 4721
500 17.2 4893
510 21.1 5104
520 19.3 5297
530 20.7 5504
540 20 5704
550 19.3 5897
560 20.6 6103
570 19 6293
580 22.5 6518
590 23.5 6753
600 27.1 7024
610 30.6 7330
620 29.4 7624
630 27.7 7901
640 29 8191
650 30.5 8496
660 29.1 8787
670 26.1 9048
680 28.2 9330
690 30 9630
700 31.2 9942
710 27.7 10219
720 27.8 10497
730 28.4 10781
740 25 11031
750 30.4 11335
760 29.2 11627
770 23.9 11866
780 28.8 12154
790 29.3 12447
800 26.3 12710
810 26.2 12972
820 26.7 13239
830 30.6 13545
840 29.2 13837
850 30.1 14138
860 31 14448
870 27.5 14723
880 27.2 14995
890 28.7 15282
900 38.8 15670
910 36 16030
920 37.1 16401
930 37.4 16775
940 35.3 17128
950 37.4 17502
960 38.3 17885
970 38.6 18271
980 37.1 18642
990 41.3 19055
1000 37.8 19433
1010 38.5 19818
1020 40.6 20224
1030 39.8 20622
1040 36.5 20987
1050 39 21377
1060 40 21777
1070 41.5 22192
1080 34.6 22538
1090 35.9 22897
1100 40 23297
1110 39.8 23695
1120 42.2 24117
1130 39.4 24511
1140 38 24891
1150 38.9 25280
1160 39.2 25672
1170 42 26092
1180 41.8 26510
1190 41.3 26923
1200 41.5 27338
1210 45.6 27794
1220 43.3 28227
1230 43.5 28662
1240 46.1 29123
1250 42.4 29547
1260 41.9 29966
1270 45.5 30421
1280 40.2 30823
1290 41.9 31242
1300 47.3 31715
1310 43.2 32147
1320 47.1 32618
1330 41.4 33032
1340 44.5 33477
1350 42.8 33905
1360 43.2 34337
1370 45.4 34791
1380 43 35221
1390 42 35641
1400 42.1 36062
1410 43.4 36496
1420 41.9 36915
1430 43.8 37353
1440 46.6 37819
1450 43.4 38253
1460 41.6 38669
1470 44.8 39117
1480 45.6 39573
1490 43.1 40004
1500 43.1 40435
1510 44 40875
1520 45.9 41334
1530 43.2 41766
1540 45.1 42217
1550 43.7 42654
1560 44.1 43095
1570 40.5 43500
1580 42 43920
1590 45.6 44376
1600 44 44816
1610 41.1 45227
1620 41 45637
1630 43.2 46069
1640 43.1 46500
1650 44.2 46942
1660 43.9 47381
1670 46.4 47845
1680 40.5 48250
1690 46.4 48714
1700 45.1 49165
1710 45.7 49622
1720 41.9 50041
1730 46.6 50507
1740 40.1 50908
1750 42.9 51337
1760 45.7 51794
1770 45 52244
1780 42.4 52668
1790 43.7 53105
1800 44.8 53553
1810 42.9 53982
1820 43.8 54420
1830 43.4 54854
1840 41.9 55273
1850 45.7 55730
1860 40.8 56138
1870 44.2 56580
1880 42.2 57002
1890 41.1 57413
1900 44.9 57862
1910 43.2 58294
1920 42.8 58722
1930 47.2 59194
1940 45.4 59648
1950 46.6 60114
1960 45.1 60565
1970 41.5 60980
1980 45.7 61437
1990 39.9 61836
2000 38.9 62225
2010 44 62665
2020 43.7 63102
2030 46.6 63568
2040 40.6 63974
2050 43.9 64413
2060 43.5 64848
2070 43.6 65284
2080 41.7 65701
2090 45.8 66159
2100 39.5 66554
2110 45.6 67010
2120 44.2 67452
2130 45.5 67907
2140 45.3 68360
2150 41.2 68772
2160 39.8 69170
2170 46.2 69632
2180 41.6 70048
2190 42.4 70472
2200 40.8 70880
2210 44.7 71327
2220 47.5 71802
2230 42.4 72226
2240 42.7 72653
2250 46 73113
2260 44 73553
2270 42.4 73977
2280 44.2 74419
2290 44.1 74860
2300 44.4 75304
2310 43.3 75737
2320 43.6 76173
2330 45.1 76624
2340 41 77034
2350 41.3 77447
2360 42.2 77869
2370 48.7 78356
2380 41.9 78775
2390 40.3 79178
2400 39.8 79576
2410 42.2 79998
2420 46.5 80463
2430 45.3 80916
2440 45.5 81371
2450 41.6 81787
2460 42.4 82211
2470 41.5 82626
2480 46.4 83090
2490 47.1 83561
2500 41.3 83974
2510 42.6 84400
2520 44 84840
2530 43.8 85278
2540 43.4 85712
2550 41 86122
2560 45.7 86579
2570 44 87019
2580 40.8 87427
2590 45.5 87882
2600 48.3 88365
2610 42 88785
2620 43.9 89224
2630 43.5 89659
2640 38.7 90046
2650 44.7 90493
2660 45 90943
2670 44.6 91389
2680 40 91789
2690 42.8 92217
2700 40.6 92623
2710 42.7 93050
2720 46.5 93515
2730 45.4 93969
2740 42.3 94392
2750 43.9 94831
2760 42.2 95253
2770 46.9 95722
2780 44 96162
2790 44.7 96609
2800 41.2 97021
2810 43.5 97456
2820 39.7 97853
2830 44.9 98302
2840 43.4 98736
2850 41.1 99147
2860 46 99607
2870 44.4 100051
2880 42.3 100474
2890 42.7 100901
2900 44.7 101348
2910 43.7 101785
2920 45.9 102244
2930 43.6 102680
2940 40.9 103089
2950 47.3 103562
2960 46.9 104031
2970 39.4 104425
2980 44.9 104874
2990 42.8 105302
3000 41.7 105719
3010 38.6 106105
3020 43.4 106539
3030 43.9 106978
3040 42.5 107403
3050 43.3 107836
3060 40.2 108238
3070 46 108698
3080 44.1 109139
3090 43.4 109573
3100 41.2 109985
3110 42.8 110413
3120 43.4 110847
3130 41.6 111263
3140 43.5 111698
3150 43.6 112134
3160 42.4 112558
3170 43 112988
3180 42.5 113413
3190 45.4 113867
3200 43.3 114300
3210 43.5 114735
3220 43.7 115172
3230 41.7 115589
3240 43.5 116024
3250 38.7 116411
3260 45.1 116862
3270 39.4 117256
3280 39.2 117648
3290 40.1 118049
3300 39.8 118447
3310 42 118867
3320 44.2 119309
3330 42.5 119734
3340 42.1 120155
3350 42.7 120582
3360 41.4 120996
3370 40.8 121404
3380 47.5 121879
3390 45.3 122332
3400 45.4 122786
3410 40.2 123188
3420 42.8 123616
3430 43.3 124049
3440 41.7 124466
3450 39.8 124864
3460 42.9 125293
3470 44.8 125741
3480 42.7 126168
3490 43.3 126601
3500 45.9 127060
3510 42.2 127482
3520 41.7 127899
3530 42.1 128320
3540 40.3 128723
3550 40.9 129132
3560 41.6 129548
3570 46.5 130013
3580 41.8 130431
3590 41.9 130850
3600 43.7 131287
3610 43.1 131718
3620 42.7 132145
3630 43.2 132577
3640 48.6 133063
3650 41.3 133476
3660 42.4 133900
3670 44.2 134342
3680 43.6 134778
3690 42.6 135204
3700 42.8 135632
3710 40.4 136036
3720 43.7 136473
3730 42.4 136897
3740 39.2 137289
3750 42 137709
3760 40.6 138115
3770 40.8 138523
3780 41.6 138939
3790 41.7 139356
3800 40.5 139761
3810 42.9 140190
3820 47.7 140667
3830 42.7 141094
3840 41.2 141506
3850 39.4 141900
3860 42.3 142323
3870 42.6 142749
3880 39.4 143143
3890 41.2 143555
3900 39.8 143953
3910 43.9 144392
3920 39.5 144787
3930 43 145217
3940 42.9 145646
3950 42.5 146071
3960 43.7 146508
3970 41.7 146925
3980 39.1 147316
3990 42.2 147738
4000 40.8 148146
4010 43.5 148581
4020 37 148951
4030 38.7 149338
4040 44.1 149779
4050 42.5 150204
4060 43.6 150640
4070 40.1 151041
4080 44.5 151486
4090 44.8 151934
4100 43.9 152373
4110 42.3 152796
4120 41.9 153215
4130 42.1 153636
4140 40.5 154041
4150 41.5 154456
4160 38.7 154843
4170 39.8 155241
4180 47.1 155712
4190 41 156122
4200 43.9 156561
4210 41.3 156974
4220 44.7 157421
4230 39 157811
4240 44.4 158255
4250 40.1 158656
4260 41 159066
4270 40.4 159470
4280 42.5 159895
4290 42.9 160324
4300 44 160764
4310 38.6 161150
4320 39.6 161546
4330 40 161946
4340 36.2 162308
4350 38.4 162692
4360 34.9 163041
4370 39.3 163434
4380 37.7 163811
4390 40.5 164216
4400 35.7 164573
4410 34.5 164918
4420 33.2 165250
4430 33.5 165585
4440 32.2 165907
4450 30.6 166213
4460 29.9 166512
4470 31.4 166826
4480 31.4 167140
4490 31.9 167459
4500 30 167759
4510 25.1 168010
4520 18.1 168191
4530 12.9 168320
4540 9.1 168411
4550 5.1 168462
4560 3.4 168496
4570 3.9 168535
4580 3.7 168572
4590 5.3 168625
4600 2.9 168654
4610 0.9 168663
4620 0.1 168664
4630 0 168664
4635 0 168664
