10 0.2 2
20 0 2
30 0 2
40 0 2
50 0 2
60 0.1 3
70 0.2 5
80 0.3 8
90 0.7 15
100 0.9 24
110 0.6 30
120 0.1 31
130 0.7 38
140 0.5 43
150 0.9 52
160 0.6 58
170 0.7 65
180 0.5 70
190 0.3 73
200 0.8 81
210 0.5 86
220 0.7 93
230 1 103
240 0.5 108
250 0.9 117
260 1.1 128
270 0.7 135
280 1.5 150
290 1.4 164
300 1.1 175
310 0.9 184
320 1.2 196
330 1.6 212
340 1.2 224
350 1 234
360 0.9 243
370 1.4 257
380 0.7 264
390 1.7 281
400 1.1 292
410 1.6 308
420 1.9 327
430 1.7 344
440 2 364
450 1.4 378
460 2.4 402
470 2 422
480 1.8 440
490 1.7 457
500 2.6 483
510 2.1 504
520 1.2 516
530 2.6 542
540 1.5 557
550 2.1 578
560 1.8 596
570 2.1 617
580 1.8 635
590 1.8 653
600 1.7 670
610 3 700
620 3 730
630 2.2 752
640 3.7 789
650 3 819
660 2 839
670 3.6 875
680 1.7 892
690 3 922
700 2.2 944
710 2.9 973
720 2.8 1001
730 2.9 1030
740 1.7 1047
750 3 1077
760 2.2 1099
770 2.3 1122
780 1.8 1140
790 2.5 1165
800 2.6 1191
810 2.8 1219
820 2.5 1244
830 3.1 1275
840 2.4 1299
850 3.1 1330
860 2.9 1359
870 3.1 1390
880 2.7 1417
890 2.3 1440
900 2.8 1468
910 2.4 1492
920 2.8 1520
930 3.2 1552
940 3.1 1583
950 3 1613
960 3.8 1651
970 3.8 1689
980 4 1729
990 4.5 1774
1000 3.6 1810
1010 4 1850
1020 3.5 1885
1030 3.4 1919
1040 3.6 1955
1050 4 1995
1060 4.3 2038
1070 5.2 2090
1080 4.7 2137
1090 3.8 2175
1100 4.1 2216
1110 4.8 2264
1120 4.2 2306
1130 4 2346
1140 4.6 2392
1150 3.3 2425
1160 4.9 2474
1170 5.5 2529
1180 5.2 2581
1190 3.9 2620
1200 4 2660
1210 4.7 2707
1220 2.5 2732
1230 3 2762
1240 3.9 2801
1250 3.2 2833
1260 3.3 2866
1270 4.1 2907
1280 3.9 2946
1290 2.6 2972
1300 3.2 3004
1310 3.6 3040
1320 3.8 3078
1330 2.3 3101
1340 4.1 3142
1350 2.9 3171
1360 2.5 3196
1370 3.7 3233
1380 2.8 3261
1390 3.1 3292
1400 3 3322
1410 3 3352
1420 3.5 3387
1430 4.3 3430
1440 3.8 3468
1450 3.1 3499
1460 2.6 3525
1470 3.8 3563
1480 4 3603
1490 3.3 3636
1500 3.3 3669
1510 4.1 3710
1520 3.1 3741
1530 3.8 3779
1540 4.8 3827
1550 3.5 3862
1560 3.7 3899
1570 2.9 3928
1580 3.6 3964
1590 3.3 3997
1600 2.1 4018
1610 3.4 4052
1620 3 4082
1630 2.5 4107
1640 3.1 4138
1650 2.8 4166
1660 2.9 4195
1670 3.8 4233
1680 2.8 4261
1690 4.6 4307
1700 3.7 4344
1710 3 4374
1720 2.9 4403
1730 3.5 4438
1740 3.2 4470
1750 2.9 4499
1760 3.5 4534
1770 2.2 4556
1780 2.9 4585
1790 2.6 4611
1800 4.4 4655
1810 2.8 4683
1820 2.9 4712
1830 2.5 4737
1840 4.8 4785
1850 3.3 4818
1860 3.6 4854
1870 3.4 4888
1880 3.2 4920
1890 2.4 4944
1900 2.9 4973
1910 3 5003
1920 2.5 5028
1930 3 5058
1940 3.1 5089
1950 2.5 5114
1960 2.1 5135
1970 2.7 5162
1980 2.9 5191
1990 3.3 5224
2000 2.7 5251
2010 2.3 5274
2020 3.3 5307
2030 2.3 5330
2040 2.7 5357
2050 2.8 5385
2060 2.6 5411
2070 3.3 5444
2080 4 5484
2090 4.1 5525
2100 3 5555
2110 2.4 5579
2120 3.8 5617
2130 3.3 5650
2140 3 5680
2150 2.2 5702
2160 3.4 5736
2170 3.3 5769
2180 3.5 5804
2190 2.9 5833
2200 2.2 5855
2210 3.5 5890
2220 3.3 5923
2230 3.7 5960
2240 2.8 5988
2250 3.4 6022
2260 3 6052
2270 4 6092
2280 3.3 6125
2290 2.8 6153
2300 3.8 6191
2310 3.4 6225
2320 2.4 6249
2330 3.4 6283
2340 2.1 6304
2350 2.7 6331
2360 3.3 6364
2370 2.8 6392
2380 3 6422
2390 2.7 6449
2400 3 6479
2410 2.6 6505
2420 2.9 6534
2430 2.9 6563
2440 3.3 6596
2450 2.6 6622
2460 3.1 6653
2470 3.2 6685
2480 3.1 6716
2490 2.8 6744
2500 2.9 6773
2510 2.9 6802
2520 4 6842
2530 2.2 6864
2540 2.7 6891
2550 4.8 6939
2560 3.2 6971
2570 2.5 6996
2580 2.8 7024
2590 3 7054
2600 3.3 7087
2610 3.4 7121
2620 3.3 7154
2630 3.2 7186
2640 2.9 7215
2650 2.1 7236
2660 2.8 7264
2670 3.2 7296
2680 2.8 7324
2690 2.5 7349
2700 2.8 7377
2710 2.6 7403
2720 3 7433
2730 2.8 7461
2740 3.5 7496
2750 3.9 7535
2760 2.4 7559
2770 3.1 7590
2780 4.1 7631
2790 2.7 7658
2800 2.5 7683
2810 2.4 7707
2820 3 7737
2830 2.8 7765
2840 3 7795
2850 2.7 7822
2860 3.7 7859
2870 2.6 7885
2880 2.9 7914
2890 2.8 7942
2900 4.2 7984
2910 3.1 8015
2920 3.8 8053
2930 2.4 8077
2940 3 8107
2950 4.1 8148
2960 2.9 8177
2970 2.4 8201
2980 3.4 8235
2990 2 8255
3000 4.7 8302
3010 2.4 8326
3020 2.8 8354
3030 1.7 8371
3040 3 8401
3050 4 8441
3060 2.8 8469
3070 2.6 8495
3080 3.1 8526
3090 2.3 8549
3100 4.2 8591
3110 3.1 8622
3120 3.1 8653
3130 2.9 8682
3140 2.5 8707
3150 3.5 8742
3160 3.3 8775
3170 3 8805
3180 2.3 8828
3190 2.9 8857
3200 3.2 8889
3210 3.1 8920
3220 2.5 8945
3230 2.9 8974
3240 3.1 9005
3250 2.6 9031
3260 2.4 9055
3270 4 9095
3280 2 9115
3290 1.6 9131
3300 2.9 9160
3310 3 9190
3320 2.9 9219
3330 2.7 9246
3340 3.4 9280
3350 2.5 9305
3360 3.1 9336
3370 3 9366
3380 1.9 9385
3390 3 9415
3400 2.2 9437
3410 2.1 9458
3420 2.3 9481
3430 2.2 9503
3440 2.8 9531
3450 2.5 9556
3460 2.2 9578
3470 2.8 9606
3480 2.1 9627
3490 2.3 9650
3500 3.2 9682
3510 3.6 9718
3520 2.8 9746
3530 2.4 9770
3540 2.5 9795
3550 3.1 9826
3560 4.1 9867
3570 3 9897
3580 3.4 9931
3590 2.7 9958
3600 2.5 9983
3610 2.6 10009
3620 3.4 10043
3630 3 10073
3640 2.5 10098
3650 3 10128
3660 2.4 10152
3670 2.5 10177
3680 2.6 10203
3690 3.1 10234
3700 2.4 10258
3710 2.9 10287
3720 3.7 10324
3730 1.3 10337
3740 3.3 10370
3750 2.7 10397
3760 3.3 10430
3770 2 10450
3780 2.5 10475
3790 2.3 10498
3800 2.7 10525
3810 2.6 10551
3820 2.4 10575
3830 2.1 10596
3840 2.7 10623
3850 2.7 10650
3860 2.8 10678
3870 2.8 10706
3880 2.9 10735
3890 2.9 10764
3900 2.7 10791
3910 2.7 10818
3920 3.6 10854
3930 2.6 10880
3940 3 10910
3950 4.2 10952
3960 1.8 10970
3970 2.5 10995
3980 3 11025
3990 2 11045
4000 3.7 11082
4010 3.2 11114
4020 2.3 11137
4030 3.2 11169
4040 2.5 11194
4050 2.2 11216
4060 2.9 11245
4070 3 11275
4080 2.6 11301
4090 3.4 11335
4100 4.9 11384
4110 2.3 11407
4120 3 11437
4130 2.4 11461
4140 3.6 11497
4150 2.3 11520
4160 2.9 11549
4170 3.4 11583
4180 2.7 11610
4190 4 11650
4200 2 11670
4210 3.2 11702
4220 2.5 11727
4230 2.9 11756
4240 2.5 11781
4250 3 11811
4260 3.3 11844
4270 3 11874
4280 2.6 11900
4290 3.9 11939
4300 2.6 11965
4310 3.8 12003
4320 2.6 12029
4330 3.2 12061
4340 3.2 12093
4350 3 12123
4360 4 12163
4370 3.5 12198
4380 2.7 12225
4390 3.1 12256
4400 4.1 12297
4410 2.6 12323
4420 3.9 12362
4430 4.9 12411
4440 4.5 12456
4450 4.4 12500
4460 6.5 12565
4470 4.2 12607
4480 5.4 12661
4490 7 12731
4500 6.3 12794
4510 6.8 12862
4520 4.4 12906
4530 3.7 12943
4540 2 12963
4550 1.3 12976
4560 1.2 12988
4570 1.3 13001
4580 1 13011
4590 0.8 13019
4600 0.4 13023
4610 0.5 13028
4620 0.3 13031
4630 0.2 13033
4635 0 13033
