1540 0.1 1
1550 0.2 3
1560 0 3
1570 0.1 4
1580 0.1 5
1590 0 5
1600 0 5
1610 0 5
1620 0.3 8
1630 0.2 10
1640 0.1 11
1650 0 11
1660 0.1 12
1670 0.1 13
1680 0.2 15
1690 0.1 16
1700 0 16
1710 0.2 18
1720 0.5 23
1730 0.3 26
1740 0 26
1750 0.3 29
1760 0.3 32
1770 0.3 35
1780 0 35
1790 0.5 40
1800 0.2 42
1810 0.1 43
1820 0.2 45
1830 0.3 48
1840 0.4 52
1850 0.4 56
1860 0.3 59
1870 0.1 60
1880 0.7 67
1890 0.2 69
1900 0.4 73
1910 0.6 79
1920 0.4 83
1930 0.5 88
1940 0 88
1950 0.2 90
1960 0.3 93
1970 0.2 95
1980 0.5 100
1990 0.4 104
2000 0.5 109
2010 0.2 111
2020 0.2 113
2030 0.3 116
2040 0.3 119
2050 0.8 127
2060 0.5 132
2070 0.1 133
2080 0.2 135
2090 0.6 141
2100 0.2 143
2110 0.4 147
2120 0.1 148
2130 0.7 155
2140 0.2 157
2150 0.1 158
2160 0.3 161
2170 0.1 162
2180 0.6 168
2190 0.5 173
2200 0 173
2210 0.8 181
2220 0.6 187
2230 0.5 192
2240 0.5 197
2250 0.6 203
2260 0.5 208
2270 0.6 214
2280 0.6 220
2290 0.4 224
2300 0.6 230
2310 0.6 236
2320 0.9 245
2330 0.2 247
2340 0.5 252
2350 0.6 258
2360 1.3 271
2370 0.1 272
2380 0.6 278
2390 0.4 282
2400 0.4 286
2410 0.4 290
2420 0.7 297
2430 0.4 301
2440 0.2 303
2450 0.2 305
2460 0.4 309
2470 0.5 314
2480 0.6 320
2490 0.4 324
2500 0.2 326
2510 0.6 332
2520 0.3 335
2530 0.5 340
2540 1 350
2550 0.6 356
2560 0.5 361
2570 1 371
2580 0.3 374
2590 0.2 376
2600 0.4 380
2610 0.5 385
2620 1.2 397
2630 0.2 399
2640 0.4 403
2650 0.7 410
2660 0.6 416
2670 0.1 417
2680 0.3 420
2690 0.1 421
2700 0.4 425
2710 0.2 427
2720 0.5 432
2730 0.4 436
2740 1.4 450
2750 0.7 457
2760 0.7 464
2770 0.5 469
2780 0.2 471
2790 0.2 473
2800 0.5 478
2810 0 478
2820 0.6 484
2830 0.5 489
2840 0.4 493
2850 0.3 496
2860 0.3 499
2870 0.4 503
2880 0.6 509
2890 0.2 511
2900 0.2 513
2910 0.4 517
2920 0.5 522
2930 0.8 530
2940 0.2 532
2950 0.5 537
2960 0.7 544
2970 0.3 547
2980 0.4 551
2990 0.4 555
3000 0.2 557
3010 0.1 558
3020 0.4 562
3030 0.9 571
3040 0.3 574
3050 0.4 578
3060 0.2 580
3070 0.6 586
3080 0.6 592
3090 0.5 597
3100 0.3 600
3110 0.3 603
3120 0.6 609
3130 0.4 613
3140 0.5 618
3150 0 618
3160 0.6 624
3170 0.4 628
3180 0.5 633
3190 0.2 635
3200 0.7 642
3210 0.8 650
3220 0.7 657
3230 0.1 658
3240 0.5 663
3250 0.4 667
3260 0.3 670
3270 0.2 672
3280 0.3 675
3290 0.6 681
3300 0.4 685
3310 0.3 688
3320 0.3 691
3330 0.6 697
3340 0.3 700
3350 0.8 708
3360 0.3 711
3370 0.4 715
3380 0.5 720
3390 0.6 726
3400 0.6 732
3410 0.3 735
3420 0.4 739
3430 0.4 743
3440 0.3 746
3450 0.4 750
3460 0.5 755
3470 0.4 759
3480 0.3 762
3490 0.9 771
3500 0.2 773
3510 0.1 774
3520 0.5 779
3530 0.5 784
3540 0.7 791
3550 0.2 793
3560 0.3 796
3570 0.5 801
3580 0.5 806
3590 0.3 809
3600 0.5 814
3610 0.8 822
3620 0.3 825
3630 0.5 830
3640 0.6 836
3650 0.3 839
3660 0.9 848
3670 0.3 851
3680 0.7 858
3690 0.5 863
3700 0.2 865
3710 0.3 868
3720 0.4 872
3730 0.2 874
3740 0.4 878
3750 0.6 884
3760 0.5 889
3770 0.5 894
3780 0.6 900
3790 0.6 906
3800 1 916
3810 0.4 920
3820 0.5 925
3830 0.5 930
3840 0.4 934
3850 0.5 939
3860 0.1 940
3870 0.5 945
3880 0.1 946
3890 0.6 952
3900 0.4 956
3910 0.3 959
3920 0.2 961
3930 0.5 966
3940 0.2 968
3950 0.4 972
3960 0.6 978
3970 0.5 983
3980 0.5 988
3990 0.4 992
4000 0.6 998
4010 0.5 1003
4020 0.6 1009
4030 0.1 1010
4040 0.5 1015
4050 0.4 1019
4060 0.8 1027
4070 0.3 1030
4080 0.4 1034
4090 0.3 1037
4100 0.4 1041
4110 0.7 1048
4120 0.3 1051
4130 0.6 1057
4140 0.4 1061
4150 0.7 1068
4160 0.4 1072
4170 0.3 1075
4180 0.3 1078
4190 0.8 1086
4200 0.4 1090
4210 0.7 1097
4220 0.5 1102
4230 0.3 1105
4240 0.5 1110
4250 0.6 1116
4260 0.3 1119
4270 0.8 1127
4280 0.4 1131
4290 0.4 1135
4300 0.3 1138
4310 0.2 1140
4320 0.4 1144
4330 0.4 1148
4340 0.4 1152
4350 0.5 1157
4360 0.8 1165
4370 0.7 1172
4380 0.5 1177
4390 0.6 1183
4400 0.6 1189
4410 0.4 1193
4420 0.6 1199
4430 0.4 1203
4440 1.1 1214
4450 0.9 1223
4460 1.2 1235
4470 0.8 1243
4480 1.1 1254
4490 1.9 1273
4500 2.1 1294
4510 2.4 1318
4520 2.7 1345
4530 1.4 1359
4540 1.5 1374
4550 0.4 1378
4560 1 1388
4570 0.7 1395
4580 0.6 1401
4590 0.9 1410
4600 0.3 1413
4610 0.3 1416
4620 0.2 1418
4630 0.2 1420
4635 0 1420
