10 0.1 0.6565478291563713 0 0.6565478291563713 0.6565478291563713 0 0
20 0.1 0.14829461196243204 0.0 0.6565478291563713 0.14829461196243204 0.6565478291563713 1
30 0.1 2.3603511897187937 0.0 2.3603511897187937 0.14829461196243204 0.40242122055940166 2
40 0.1 2.836447744841439 0.0 2.836447744841439 0.14829461196243204 1.0550645436125323 3
50 0.1 2.805774993189867 0.0 2.836447744841439 0.14829461196243204 1.500410343919759 4
60 0.1 1.4895377704220356 0.0 2.836447744841439 0.14829461196243204 1.7614832737737807 5
70 0.1 2.839632277834525 0.0 2.839632277834525 0.14829461196243204 1.7161590232151565 6
80 0.1 1.7744600134614208 0.0 2.839632277834525 0.14829461196243204 1.8766552024464949 7
90 0.1 2.921149393980662 0.0 2.921149393980662 0.14829461196243204 1.8638808038233607 8
100 0.1 2.7750670895340326 0.0 2.921149393980662 0.14829461196243204 1.9813550916186164 9
110 0.1 3.0605586008874965 0.0 3.0605586008874965 0.14829461196243204 2.060726291410158 10
120 0.1 3.840913514565626 0.0 3.840913514565626 0.14829461196243204 2.15162013772628 11
130 0.1 2.7387363719952713 0.0 3.840913514565626 0.14829461196243204 2.2923945857962256 12
140 0.1 1.8528321863419799 0.0 3.840913514565626 0.14829461196243204 2.3267285693499984 13
150 0.1 4.7034324285509115 0.0 4.7034324285509115 0.14829461196243204 2.2928788277065686 14
160 0.1 3.970761320696277 0.0 4.7034324285509115 0.14829461196243204 2.4535824010961913 15
170 0.1 6.676174952458572 0.0 6.676174952458572 0.14829461196243204 2.5484060835711966 16
180 0.1 3.2208209693372893 0.0 6.676174952458572 0.14829461196243204 2.79121601703516 17
190 0.1 5.784722222222222 0.0 6.676174952458572 0.14829461196243204 2.8150829588297226 18
200 0.1 6.088348271446863 0.0 6.676174952458572 0.14829461196243204 2.97137976216617 19
210 0.1 7.074988037459839 0.0 7.074988037459839 0.14829461196243204 3.1272281876302044 20
220 0.1 6.090360672570915 0.0 7.074988037459839 0.14829461196243204 3.3152167519078057 21
230 0.1 6.71963833139256 0.0 7.074988037459839 0.14829461196243204 3.4413596573924923 22
240 0.1 6.327372764786795 0.0 7.074988037459839 0.14829461196243204 3.5838935127837996 23
250 0.1 8.380851345975335 0.0 8.380851345975335 0.14829461196243204 3.698205148283925 24
260 0.1 8.117578353124392 0.0 8.380851345975335 0.14829461196243204 3.885510996191581 25
270 0.1 10.363805303409334 0.0 10.363805303409334 0.14829461196243204 4.0482828176120735 26
280 0.1 6.874246940199125 0.0 10.363805303409334 0.14829461196243204 4.282191057826787 27
290 0.1 10.052910052910052 0.0 10.363805303409334 0.14829461196243204 4.374764482197228 28
300 0.1 12.171138317270122 0.0 12.171138317270122 0.14829461196243204 4.570562605325256 29
310 0.1 9.931256399005411 0.0 12.171138317270122 0.14829461196243204 4.823915129056752 30
320 0.1 8.271119842829076 0.0 12.171138317270122 0.14829461196243204 4.988668073248644 31
330 0.1 8.32708177044261 0.0 12.171138317270122 0.14829461196243204 5.091244691048033 32
340 0.1 10.818713450292398 0.0 12.171138317270122 0.14829461196243204 5.189300360120596 33
350 0.1 9.241922995706343 0.0 12.171138317270122 0.14829461196243204 5.354871333360943 34
360 0.1 9.699972848221558 0.0 12.171138317270122 0.14829461196243204 5.465929952285097 35
370 0.1 14.24369438929333 0.0 14.24369438929333 0.14829461196243204 5.583542254949999 36
380 0.1 8.51203788975135 0.0 14.24369438929333 0.14829461196243204 5.817600420743062 37
390 0.1 11.924196181418127 0.0 14.24369438929333 0.14829461196243204 5.888506669927492 38
400 0.1 13.615608136156082 0.0 14.24369438929333 0.14829461196243204 6.0432679394528925 39
410 0.1 12.211797221616118 0.0 14.24369438929333 0.14829461196243204 6.232576444370472 40
420 0.1 12.541567695961994 0.0 14.24369438929333 0.14829461196243204 6.378411097474025 41
430 0.1 13.599714591509096 0.0 14.24369438929333 0.14829461196243204 6.525152921247548 42
440 0.1 17.33088805812231 0.0 17.33088805812231 0.14829461196243204 6.6896776112536305 43
450 0.1 17.06003835373949 0.0 17.33088805812231 0.14829461196243204 6.931523303227919 44
460 0.1 14.610803913228413 0.0 17.33088805812231 0.14829461196243204 7.156601415461509 45
470 0.1 15.920774115512549 0.0 17.33088805812231 0.14829461196243204 7.318649295847747 46
480 0.1 16.30819300976369 0.0 17.33088805812231 0.14829461196243204 7.50167322818104 47
490 0.1 14.977942721097962 0.0 17.33088805812231 0.14829461196243204 7.685142390297345 48
500 0.1 17.831105710814093 0.0 17.831105710814093 0.14829461196243204 7.833975050109602 49
510 0.1 17.01418439716312 0.0 17.831105710814093 0.14829461196243204 8.033917663323692 50
520 0.1 20.17248137985104 0.0 20.17248137985104 0.14829461196243204 8.210001324771524 51
530 0.1 16.686146442076318 0.0 20.17248137985104 0.14829461196243204 8.440049018138437 52
540 0.1 22.869545350696825 0.0 22.869545350696825 0.14829461196243204 8.59563576198632 53
550 0.1 18.9148341268042 0.0 22.869545350696825 0.14829461196243204 8.859967421036515 54
560 0.1 19.587865788264132 0.0 22.869545350696825 0.14829461196243204 9.0427831793232 55
570 0.1 19.261754797129047 0.0 22.869545350696825 0.14829461196243204 9.231088225911432 56
580 0.1 19.96438904963276 0.0 22.869545350696825 0.14829461196243204 9.40706483242402 57
590 0.1 22.584391452462064 0.0 22.869545350696825 0.14829461196243204 9.589087663755206 58
600 0.1 25.615170441718714 0.0 25.615170441718714 0.14829461196243204 9.809347050004476 59
610 0.1 36.90406121247793 0.0 36.90406121247793 0.14829461196243204 10.07277743986638 60
620 0.1 36.44690227253089 0.0 36.90406121247793 0.14829461196243204 10.5126345508928 61
630 0.1 39.069443234294674 0.0 39.069443234294674 0.14829461196243204 10.930929191564381 62
640 0.1 33.42374660950214 0.0 39.069443234294674 0.14829461196243204 11.37757227160772 63
650 0.1 41.424454508028 0.0 41.424454508028 0.14829461196243204 11.72204374563732 64
660 0.1 34.82262382864793 0.0 41.424454508028 0.14829461196243204 12.179003911212561 65
670 0.1 31.416373681567052 0.0 41.424454508028 0.14829461196243204 12.522089061476734 66
680 0.1 33.47537490780956 0.0 41.424454508028 0.14829461196243204 12.804093309537784 67
690 0.1 35.86600621274452 0.0 41.424454508028 0.14829461196243204 13.108082744806484 68
700 0.1 39.867860558115275 0.0 41.424454508028 0.14829461196243204 13.437907722602688 69
710 0.1 35.48087477835008 0.0 41.424454508028 0.14829461196243204 13.815478477395724 70
720 0.1 30.842357609324626 0.0 41.424454508028 0.14829461196243204 14.120624904169729 71
730 0.1 39.856945880730784 0.0 41.424454508028 0.14829461196243204 14.352871191741324 72
740 0.1 34.29190125595496 0.0 41.424454508028 0.14829461196243204 14.702242077891865 73
750 0.1 30.14485907731066 0.0 41.424454508028 0.14829461196243204 14.966967201919745 74
760 0.1 44.67231792908577 0.0 44.67231792908577 0.14829461196243204 15.169339093591624 75
770 0.1 31.231837261866325 0.0 44.67231792908577 0.14829461196243204 15.557536183532337 76
780 0.1 32.39377366428271 0.0 44.67231792908577 0.14829461196243204 15.761098535199011 77
790 0.1 33.8325335098461 0.0 44.67231792908577 0.14829461196243204 15.974337959930853 78
800 0.1 42.8414197927176 0.0 44.67231792908577 0.14829461196243204 16.20039106815763 79
810 0.1 27.979905617293348 0.0 44.67231792908577 0.14829461196243204 16.53340392721463 80
820 0.1 31.182705248990576 0.0 44.67231792908577 0.14829461196243204 16.674718762894614 81
830 0.1 33.81947820450495 0.0 44.67231792908577 0.14829461196243204 16.8516454273592 82
840 0.1 34.41813770601523 0.0 44.67231792908577 0.14829461196243204 17.056077147565773 83
850 0.1 41.0828311898552 0.0 44.67231792908577 0.14829461196243204 17.26276834469017 84
860 0.1 36.93021713906845 0.0 44.67231792908577 0.14829461196243204 17.543004378162696 85
870 0.1 35.6184414243936 0.0 44.67231792908577 0.14829461196243204 17.768437084684855 86
880 0.1 32.38434163701068 0.0 44.67231792908577 0.14829461196243204 17.973609548359665 87
890 0.1 33.70865587614356 0.0 44.67231792908577 0.14829461196243204 18.137367867548882 88
900 0.1 42.08188153310105 0.0 44.67231792908577 0.14829461196243204 18.312326159780284 89
910 0.1 60.723990683229815 0.0 60.723990683229815 0.14829461196243204 18.57643233059496 90
920 0.1 60.56914628057913 0.0 60.723990683229815 0.14829461196243204 19.03959231249205 91
930 0.1 74.25313568985177 0.0 74.25313568985177 0.14829461196243204 19.491000507797345 92
940 0.1 57.22925722925722 0.0 74.25313568985177 0.14829461196243204 20.079840671045243 93
950 0.1 61.52132077382761 0.0 74.25313568985177 0.14829461196243204 20.475047230175157 94
960 0.1 51.44955178333015 0.0 74.25313568985177 0.14829461196243204 20.907113267476763 95
970 0.1 79.27685466885093 0.0 79.27685466885093 0.14829461196243204 21.22526366868357 96
980 0.1 64.49657091740384 0.0 79.27685466885093 0.14829461196243204 21.823733678994575 97
990 0.1 77.81264007171671 0.0 79.27685466885093 0.14829461196243204 22.25917079367222 98
1000 0.1 86.99749493021591 0.0 86.99749493021591 0.14829461196243204 22.8203169479959 99
1010 0.1 69.5730671197961 0.0 86.99749493021591 0.14829461196243204 23.4620887278181 100
1020 0.1 77.2436974789916 0.0 86.99749493021591 0.14829461196243204 23.918633068332735 101
1030 0.1 74.17420691158836 0.0 86.99749493021591 0.14829461196243204 24.44142781745684 102
1040 0.1 73.37187738627686 0.0 86.99749493021591 0.14829461196243204 24.924270332933848 103
1050 0.1 59.788199697428134 0.0 86.99749493021591 0.14829461196243204 25.39011270844676 104
1060 0.1 73.51851851851852 0.0 86.99749493021591 0.14829461196243204 25.717713536913255 105
1070 0.1 80.95460380441125 0.0 86.99749493021591 0.14829461196243204 26.168664527305758 106
1080 0.1 52.07021560770845 0.0 86.99749493021591 0.14829461196243204 26.680682651390857 107
1090 0.1 68.12901887575192 0.0 86.99749493021591 0.14829461196243204 26.91577091950491 108
1100 0.1 62.0584652862363 0.0 86.99749493021591 0.14829461196243204 27.293874111764058 109
1110 0.1 79.89062321977897 0.0 86.99749493021591 0.14829461196243204 27.609915849713808 110
1120 0.1 83.98643116153937 0.0 86.99749493021591 0.14829461196243204 28.08091321340809 111
1130 0.1 84.61268429674702 0.0 86.99749493021591 0.14829461196243204 28.58006962365926 112
1140 0.1 81.44092219020173 0.0 86.99749493021591 0.14829461196243204 29.07593347032375 113
1150 0.1 76.20330249443728 0.0 86.99749493021591 0.14829461196243204 29.535275476638475 114
1160 0.1 66.20501316687799 0.0 86.99749493021591 0.14829461196243204 29.941084407228026 115
1170 0.1 85.35335894749097 0.0 86.99749493021591 0.14829461196243204 30.25370448274225 116
1180 0.1 82.34421364985162 0.0 86.99749493021591 0.14829461196243204 30.724641700389675 117
1190 0.1 77.53485778025654 0.0 86.99749493021591 0.14829461196243204 31.162095699961387 118
1200 0.1 84.37976763290693 0.0 86.99749493021591 0.14829461196243204 31.551782776266386 119
1210 0.1 84.4692082111437 0.0 86.99749493021591 0.14829461196243204 31.992015983405057 120
1220 0.1 83.44409467179666 0.0 86.99749493021591 0.14829461196243204 32.425711786940084 121
1230 0.1 84.62520306335577 0.0 86.99749493021591 0.14829461196243204 32.8438952532094 122
1240 0.1 85.57545954806228 0.0 86.99749493021591 0.14829461196243204 33.26488149556832 123
1250 0.1 87.44583533943188 0.0 87.44583533943188 0.14829461196243204 33.686740995991656 124
1260 0.1 76.42285338304639 0.0 87.44583533943188 0.14829461196243204 34.11681375073918 125
1270 0.1 83.45647656430386 0.0 87.44583533943188 0.14829461196243204 34.452575970043206 126
1280 0.1 84.57303502401312 0.0 87.44583533943188 0.14829461196243204 34.83843345503738 127
1290 0.1 82.7976667047924 0.0 87.44583533943188 0.14829461196243204 35.226985029795 128
1300 0.1 83.99023369375655 0.0 87.44583533943188 0.14829461196243204 35.59575000401979 129
1310 0.1 79.79706877113867 0.0 87.44583533943188 0.14829461196243204 35.96801526317161 130
1320 0.1 82.09076175040518 0.0 87.44583533943188 0.14829461196243204 36.302588190713344 131
1330 0.1 81.31605864302762 0.0 87.44583533943188 0.14829461196243204 36.64946829343828 132
1340 0.1 84.57932973986408 0.0 87.44583533943188 0.14829461196243204 36.985307318623164 133
1350 0.1 79.42372881355932 0.0 87.44583533943188 0.14829461196243204 37.340486590423474 134
1360 0.1 81.94540032117457 0.0 87.44583533943188 0.14829461196243204 37.65221431059484 135
1370 0.1 83.1394679258321 0.0 87.44583533943188 0.14829461196243204 37.97789950184911 136
1380 0.1 79.35029532030894 0.0 87.44583533943188 0.14829461196243204 38.3075459866957 137
1390 0.1 85.53607155466635 0.0 87.44583533943188 0.14829461196243204 38.604957213750865 138
1400 0.1 79.25958965209634 0.0 87.44583533943188 0.14829461196243204 38.94259112987256 139
1410 0.1 84.20506912442396 0.0 87.44583533943188 0.14829461196243204 39.23056969074558 140
1420 0.1 84.79906814210833 0.0 87.44583533943188 0.14829461196243204 39.5495377718355 141
1430 0.1 84.2920353982301 0.0 87.44583533943188 0.14829461196243204 39.868196436414884 142
1440 0.1 81.48786938024605 0.0 87.44583533943188 0.14829461196243204 40.17885265293107 143
1450 0.1 80.00907646925346 0.0 87.44583533943188 0.14829461196243204 40.46572082464853 144
1460 0.1 81.12522686025409 0.0 87.44583533943188 0.14829461196243204 40.738433622197526 145
1470 0.1 78.02099620281439 0.0 87.44583533943188 0.14829461196243204 41.015055493691065 146
1480 0.1 85.99952741020795 0.0 87.44583533943188 0.14829461196243204 41.266796586950406 147
1490 0.1 83.05478180129991 0.0 87.44583533943188 0.14829461196243204 41.56904476818863 148
1500 0.1 83.02149912841371 0.0 87.44583533943188 0.14829461196243204 41.84747253351153 149
1510 0.1 82.24213186308293 0.0 87.44583533943188 0.14829461196243204 42.12196604414421 150
1520 0.1 78.24966382787989 0.0 87.44583533943188 0.14829461196243204 42.38766250652129 151
1530 0.1 82.84375357183679 0.0 87.44583533943188 0.14829461196243204 42.623596725740754 152
1550 0.1 84.08958357634434 0.0 87.44583533943188 0.14829461196243204 42.8864735678721 153
1560 0.1 82.24417135637992 0.0 87.44583533943188 0.14829461196243204 43.154026230264776 154
1570 0.1 78.78822455499773 0.0 87.44583533943188 0.14829461196243204 43.40622071494939 155
1580 0.1 76.3351134846462 0.0 87.44583533943188 0.14829461196243204 43.63302843187278 156
1590 0.1 81.12672863296305 0.0 87.44583533943188 0.14829461196243204 43.841321967240766 157
1600 0.1 83.4395656279509 0.0 87.44583533943188 0.14829461196243204 44.07730555373268 158
1610 0.1 81.48782996229002 0.0 87.44583533943188 0.14829461196243204 44.32486693784726 159
1620 0.1 81.89575645756457 0.0 87.44583533943188 0.14829461196243204 44.557135456750025 160
1630 0.1 74.44749862561846 0.0 87.44583533943188 0.14829461196243204 44.7890523573762 161
1640 0.1 82.46018924532656 0.0 87.44583533943188 0.14829461196243204 44.972129186192504 162
1650 0.1 82.7207582061951 0.0 87.44583533943188 0.14829461196243204 45.2021172847148 163
1660 0.1 78.4878487848785 0.0 87.44583533943188 0.14829461196243204 45.43088948545553 164
1670 0.1 83.03128246565855 0.0 87.44583533943188 0.14829461196243204 45.63123469333082 165
1680 0.1 81.00321395775941 0.0 87.44583533943188 0.14829461196243204 45.856536185935205 166
1690 0.1 78.10464855153829 0.0 87.44583533943188 0.14829461196243204 46.066995334269485 167
1700 0.1 82.0659642693541 0.0 87.44583533943188 0.14829461196243204 46.257695651038944 168
1710 0.1 83.77035924685225 0.0 87.44583533943188 0.14829461196243204 46.46957889730117 169
1720 0.1 81.75753393144699 0.0 87.44583533943188 0.14829461196243204 46.68899525229853 170
1730 0.1 81.69402042924366 0.0 87.44583533943188 0.14829461196243204 46.8940744258608 171
1740 0.1 81.77869227251944 0.0 87.44583533943188 0.14829461196243204 47.09639969332233 172
1750 0.1 75.85018893087353 0.0 87.44583533943188 0.14829461196243204 47.296875372970874 173
1760 0.1 77.46759720837487 0.0 87.44583533943188 0.14829461196243204 47.46097487617721 174
1770 0.1 80.99268069533395 0.0 87.44583533943188 0.14829461196243204 47.63244128950406 175
1780 0.1 80.63645563926684 0.0 87.44583533943188 0.14829461196243204 47.82198810430991 176
1790 0.1 79.27215189873418 0.0 87.44583533943188 0.14829461196243204 48.00738057625882 177
1800 0.1 80.60276455925674 0.0 87.44583533943188 0.14829461196243204 48.18302535896936 178
1810 0.1 76.31932021466905 0.0 87.44583533943188 0.14829461196243204 48.36414122042348 179
1820 0.1 84.01805346603403 0.0 87.44583533943188 0.14829461196243204 48.51944777039151 180
1830 0.1 79.72090929552105 0.0 87.44583533943188 0.14829461196243204 48.715572663737596 181
1840 0.1 80.02946843477275 0.0 87.44583533943188 0.14829461196243204 48.885931656219924 182
1850 0.1 75.91507243171513 0.0 87.44583533943188 0.14829461196243204 49.05611491730491 183
1860 0.1 82.09677419354838 0.0 87.44583533943188 0.14829461196243204 49.20208751249192 184
1870 0.1 80.08222932846049 0.0 87.44583533943188 0.14829461196243204 49.379896629686826 185
1880 0.1 82.27304388205248 0.0 87.44583533943188 0.14829461196243204 49.54496293451894 186
1890 0.1 81.9611895740039 0.0 87.44583533943188 0.14829461196243204 49.7199794101742 187
1900 0.1 79.55242530955357 0.0 87.44583533943188 0.14829461196243204 49.891475208917974 188
1910 0.1 84.01592718998863 0.0 87.44583533943188 0.14829461196243204 50.04841145283668 189
1920 0.1 73.3621154883972 0.0 87.44583533943188 0.14829461196243204 50.227187851453266 190
1930 0.1 79.49558923320515 0.0 87.44583533943188 0.14829461196243204 50.34831312703936 191
1940 0.1 82.54809353761088 0.0 87.44583533943188 0.14829461196243204 50.50012185675897 192
1950 0.1 80.44994375703037 0.0 87.44583533943188 0.14829461196243204 50.66617352349914 193
1960 0.1 79.75999999999999 0.0 87.44583533943188 0.14829461196243204 50.81969811233178 194
1970 0.1 76.23030961434003 0.0 87.44583533943188 0.14829461196243204 50.96810991688392 195
1980 0.1 78.9567742656093 0.0 87.44583533943188 0.14829461196243204 51.09699869085053 196
1990 0.1 73.9629589515867 0.0 87.44583533943188 0.14829461196243204 51.23841887143307 197
2000 0.1 78.93791400022454 0.0 87.44583533943188 0.14829461196243204 51.353189275878286 198
2010 0.1 76.07395925597874 0.0 87.44583533943188 0.14829461196243204 51.4918059830358 199
2020 0.1 74.38278348263054 0.0 87.44583533943188 0.14829461196243204 51.614716749400515 200
2030 0.1 79.45801271328203 0.0 87.44583533943188 0.14829461196243204 51.72799071324742 201
2040 0.1 80.0835348428226 0.0 87.44583533943188 0.14829461196243204 51.86526804988126 202
2050 0.1 79.08445146014206 0.0 87.44583533943188 0.14829461196243204 52.00427429024057 203
2060 0.1 76.07294965600087 0.0 87.44583533943188 0.14829461196243204 52.1370202567597 204
2070 0.1 79.44475920679886 0.0 87.44583533943188 0.14829461196243204 52.25378088797551 205
2080 0.1 79.77016725452269 0.0 87.44583533943188 0.14829461196243204 52.38577592835815 206
2090 0.1 79.94576883967913 0.0 87.44583533943188 0.14829461196243204 52.518067673895175 207
2100 0.1 78.95691609977324 0.0 87.44583533943188 0.14829461196243204 52.649931621807596 208
2110 0.1 81.71650308148824 0.0 87.44583533943188 0.14829461196243204 52.775802360936616 209
2120 0.1 82.45112610037727 0.0 87.44583533943188 0.14829461196243204 52.913615221510675 210
2130 0.1 81.28324091886387 0.0 87.44583533943188 0.14829461196243204 53.05360342472805 211
2140 0.1 81.22320018054616 0.0 87.44583533943188 0.14829461196243204 53.18676209215322 212
2150 0.1 79.46207517443169 0.0 87.44583533943188 0.14829461196243204 53.31838856205177 213
2160 0.1 76.62177328843995 0.0 87.44583533943188 0.14829461196243204 53.44055532192271 214
2170 0.1 73.23928377645143 0.0 87.44583533943188 0.14829461196243204 53.54837494037162 215
2180 0.1 78.62262038073908 0.0 87.44583533943188 0.14829461196243204 53.63953655535347 216
2190 0.1 78.96708286038593 0.0 87.44583533943188 0.14829461196243204 53.754665973903634 217
2200 0.1 79.26636568848758 0.0 87.44583533943188 0.14829461196243204 53.87031926237374 218
2210 0.1 82.23601057106745 0.0 87.44583533943188 0.14829461196243204 53.98628294468476 219
2220 0.1 79.10004568296026 0.0 87.44583533943188 0.14829461196243204 54.11469079753195 220
2230 0.1 84.14422743557147 0.0 87.44583533943188 0.14829461196243204 54.2277467019909 221
2240 0.1 79.53189536484626 0.0 87.44583533943188 0.14829461196243204 54.36250562421424 222
2250 0.1 77.63347763347764 0.0 87.44583533943188 0.14829461196243204 54.47537284278209 223
2260 0.1 82.09006140550376 0.0 87.44583533943188 0.14829461196243204 54.57875723916913 224
2270 0.1 81.57051282051282 0.0 87.44583533943188 0.14829461196243204 54.70102970213062 225
2280 0.1 79.70363718006287 0.0 87.44583533943188 0.14829461196243204 54.81992122035355 226
2290 0.1 77.18031329852238 0.0 87.44583533943188 0.14829461196243204 54.92954111444919 227
2300 0.1 83.60560093348892 0.0 87.44583533943188 0.14829461196243204 55.02713222051968 228
2310 0.1 74.01685393258427 0.0 87.44583533943188 0.14829461196243204 55.151929027126535 229
2320 0.1 77.87630486025367 0.0 87.44583533943188 0.14829461196243204 55.233950439758964 230
2330 0.1 79.90320350311131 0.0 87.44583533943188 0.14829461196243204 55.33196929006414 231
2340 0.1 75.0758232235702 0.0 87.44583533943188 0.14829461196243204 55.43787978236175 232
2350 0.1 78.78513145965549 0.0 87.44583533943188 0.14829461196243204 55.52216280142272 233
2360 0.1 81.27765800521956 0.0 87.44583533943188 0.14829461196243204 55.62157719739808 234
2370 0.1 80.69995440036479 0.0 87.44583533943188 0.14829461196243204 55.730752009346254 235
2380 0.1 78.82576180377274 0.0 87.44583533943188 0.14829461196243204 55.83655371439294 236
2390 0.1 74.26012886316478 0.0 87.44583533943188 0.14829461196243204 55.933554592407205 237
2400 0.1 74.60776677422945 0.0 87.44583533943188 0.14829461196243204 56.01055700530955 238
2410 0.1 76.26273814798405 0.0 87.44583533943188 0.14829461196243204 56.08836959848495 239
2420 0.1 77.69213583556747 0.0 87.44583533943188 0.14829461196243204 56.1724294674412 240
2430 0.1 80.1293153215564 0.0 87.44583533943188 0.14829461196243204 56.2617228548608 241
2440 0.1 73.87658568049882 0.0 87.44583533943188 0.14829461196243204 56.360349270012435 242
2450 0.1 75.9368397642611 0.0 87.44583533943188 0.14829461196243204 56.43243254742184 243
2460 0.1 77.39679675163546 0.0 87.44583533943188 0.14829461196243204 56.512368642572824 244
2470 0.1 80.78828828828829 0.0 87.44583533943188 0.14829461196243204 56.597611206283275 245
2480 0.1 79.59183673469387 0.0 87.44583533943188 0.14829461196243204 56.695947291982485 246
2490 0.1 76.23069229914435 0.0 87.44583533943188 0.14829461196243204 56.788643200657425 247
2500 0.1 77.49354874901829 0.0 87.44583533943188 0.14829461196243204 56.86703855992552 248
2510 0.1 76.0053619302949 0.0 87.44583533943188 0.14829461196243204 56.94987595024316 249
2520 0.1 75.73906403403512 0.0 87.44583533943188 0.14829461196243204 57.026097894163364 250
2530 0.1 81.10831234256926 0.0 87.44583533943188 0.14829461196243204 57.10065154412301 251
2540 0.1 77.1943400397966 0.0 87.44583533943188 0.14829461196243204 57.19592003935494 252
2550 0.1 75.56511191972655 0.0 87.44583533943188 0.14829461196243204 57.2749651776966 253
2560 0.1 80.59014922024011 0.0 87.44583533943188 0.14829461196243204 57.346973629436874 254
2570 0.1 82.8604118993135 0.0 87.44583533943188 0.14829461196243204 57.4381233376361 255
2580 0.1 75.32047709285476 0.0 87.44583533943188 0.14829461196243204 57.537429152330155 256
2590 0.1 76.99036651533606 0.0 87.44583533943188 0.14829461196243204 57.60662389139834 257
2600 0.1 75.70658748487847 0.0 87.44583533943188 0.14829461196243204 57.681754676762445 258
2610 0.1 78.06755514705883 0.0 87.44583533943188 0.14829461196243204 57.75134862582853 259
2620 0.1 72.69736842105263 0.0 87.44583533943188 0.14829461196243204 57.82948788167941 260
2630 0.1 77.39855475264036 0.0 87.44583533943188 0.14829461196243204 57.88645294121725 261
2640 0.1 72.94386422976501 0.0 87.44583533943188 0.14829461196243204 57.960926612253225 262
2650 0.1 78.50901448954761 0.0 87.44583533943188 0.14829461196243204 58.0178959568065 263
2660 0.1 76.9690927218345 0.0 87.44583533943188 0.14829461196243204 58.09551383003657 264
2670 0.1 73.59021539127612 0.0 87.44583533943188 0.14829461196243204 58.16673488245846 265
2680 0.1 76.86558962523354 0.0 87.44583533943188 0.14829461196243204 58.2247178918901 266
2690 0.1 70.08995502248877 0.0 87.44583533943188 0.14829461196243204 58.29453389089138 267
2700 0.1 74.58060215531607 0.0 87.44583533943188 0.14829461196243204 58.338546656307784 268
2710 0.1 77.62393925859759 0.0 87.44583533943188 0.14829461196243204 58.39892604477994 269
2720 0.1 74.81075150850248 0.0 87.44583533943188 0.14829461196243204 58.470129797423716 270
2730 0.1 77.35765124555161 0.0 87.44583533943188 0.14829461196243204 58.53042729451257 271
2740 0.1 74.35420315236428 0.0 87.44583533943188 0.14829461196243204 58.599645029626686 272
2750 0.1 74.36038212364116 0.0 87.44583533943188 0.14829461196243204 58.65735403373928 273
2760 0.1 70.04805125467165 0.0 87.44583533943188 0.14829461196243204 58.71466435523527 274
2770 0.1 79.06791248860529 0.0 87.44583533943188 0.14829461196243204 58.75587667123322 275
2780 0.1 70.30480779302398 0.0 87.44583533943188 0.14829461196243204 58.82947100390486 276
2790 0.1 74.64167585446528 0.0 87.44583533943188 0.14829461196243204 58.87089821252983 277
2800 0.1 77.00121453019764 0.0 87.44583533943188 0.14829461196243204 58.92762762850802 278
2820 0.1 75.89443462897526 0.0 87.44583533943188 0.14829461196243204 58.99240750987608 279
2830 0.1 71.95414847161572 0.0 87.44583533943188 0.14829461196243204 59.05277189244429 280
2840 0.1 78.02515863297339 0.0 87.44583533943188 0.14829461196243204 59.09868426461217 281
2850 0.1 74.22164162856521 0.0 87.44583533943188 0.14829461196243204 59.16579942194678 282
2860 0.1 67.91701592623637 0.0 87.44583533943188 0.14829461196243204 59.21900027780056 283
2870 0.1 79.4565339948134 0.0 87.44583533943188 0.14829461196243204 59.24962709346406 284
2880 0.1 79.90057620607841 0.0 87.44583533943188 0.14829461196243204 59.320528521188095 285
2890 0.1 75.02473342860284 0.0 87.44583533943188 0.14829461196243204 59.39248672987652 286
2900 0.1 69.92400727817618 0.0 87.44583533943188 0.14829461196243204 59.446954488408664 287
2910 0.1 76.00487210718636 0.0 87.44583533943188 0.14829461196243204 59.48333314392869 288
2920 0.1 78.1229272606677 0.0 87.44583533943188 0.14829461196243204 59.54050109881886 289
2930 0.1 75.15317286652079 0.0 87.44583533943188 0.14829461196243204 59.60457843041144 290
2940 0.1 76.21998450813324 0.0 87.44583533943188 0.14829461196243204 59.65801002641182 291
2950 0.1 69.60564283424175 0.0 87.44583533943188 0.14829461196243204 59.71472911710265 292
2960 0.1 79.04461469130239 0.0 87.44583533943188 0.14829461196243204 59.74848650180278 293
2970 0.1 74.79710462820795 0.0 87.44583533943188 0.14829461196243204 59.81411959088271 294
2980 0.1 71.07464607464607 0.0 87.44583533943188 0.14829461196243204 59.864909370670254 295
2990 0.1 76.77191432987415 0.0 87.44583533943188 0.14829461196243204 59.90278010277827 296
3000 0.1 70.09315772566656 0.0 87.44583533943188 0.14829461196243204 59.95957853451934 297
3010 0.1 69.05373581674161 0.0 87.44583533943188 0.14829461196243204 59.99358383381849 298
3020 0.1 74.94227597581089 0.0 87.44583533943188 0.14829461196243204 60.02388534546707 299
3030 0.1 76.48944401459048 0.0 87.44583533943188 0.14829461196243204 60.07361331423488 300
3040 0.1 78.09987543879515 0.0 87.44583533943188 0.14829461196243204 60.12815095775766 301
3050 0.1 67.01613732141021 0.0 87.44583533943188 0.14829461196243204 60.187659979218054 302
3060 0.1 73.24004772751925 0.0 87.44583533943188 0.14829461196243204 60.21019620807017 303
3070 0.1 74.52568512149118 0.0 87.44583533943188 0.14829461196243204 60.25305756175257 304
3080 0.1 74.66783792686944 0.0 87.44583533943188 0.14829461196243204 60.29985306194843 305
3090 0.1 72.67027027027027 0.0 87.44583533943188 0.14829461196243204 60.3468072608534 306
3100 0.1 74.31102362204724 0.0 87.44583533943188 0.14829461196243204 60.386948834173985 307
3110 0.1 75.22016732716865 0.0 87.44583533943188 0.14829461196243204 60.432156869199545 308
3120 0.1 74.6009184342882 0.0 87.44583533943188 0.14829461196243204 60.4800145082221 309
3130 0.1 72.29862475442044 0.0 87.44583533943188 0.14829461196243204 60.52556581120941 310
3140 0.1 74.22489082969432 0.0 87.44583533943188 0.14829461196243204 60.56342130620366 311
3150 0.1 70.34548944337811 0.0 87.44583533943188 0.14829461196243204 60.6072080674969 312
3160 0.1 67.92572272631357 0.0 87.44583533943188 0.14829461196243204 60.638320787547634 313
3170 0.1 72.34180638182801 0.0 87.44583533943188 0.14829461196243204 60.66152907397683 314
3180 0.1 66.75359899853953 0.0 87.44583533943188 0.14829461196243204 60.69860931939858 315
3190 0.1 71.33751080380294 0.0 87.44583533943188 0.14829461196243204 60.7177706791427 316
3200 0.1 76.00397175639894 0.0 87.44583533943188 0.14829461196243204 60.751271436633736 317
3210 0.1 76.62982179111212 0.0 87.44583533943188 0.14829461196243204 60.7992359030481 318
3220 0.1 71.83497795507033 0.0 87.44583533943188 0.14829461196243204 60.84886156413921 319
3230 0.1 74.49001974117131 0.0 87.44583533943188 0.14829461196243204 60.88319317786087 320
3240 0.1 70.0904736562001 0.0 87.44583533943188 0.14829461196243204 60.92558204565934 321
3250 0.1 75.7489922649526 0.0 87.44583533943188 0.14829461196243204 60.954044441965365 322
3260 0.1 69.10088644997889 0.0 87.44583533943188 0.14829461196243204 60.99984923398699 323
3270 0.1 70.17860939825643 0.0 87.44583533943188 0.14829461196243204 61.02485243527092 324
3280 0.1 72.4059169023276 0.0 87.44583533943188 0.14829461196243204 61.05301784131087 325
3290 0.1 62.58136696501221 0.0 87.44583533943188 0.14829461196243204 61.08784268505632 326
3300 0.1 60.517015045945676 0.0 87.44583533943188 0.14829461196243204 61.09241003759441 327
3310 0.1 72.48130224373075 0.0 87.44583533943188 0.14829461196243204 61.09065578457109 328
3320 0.1 70.31987414787625 0.0 87.44583533943188 0.14829461196243204 61.125277810282824 329
3330 0.1 70.63679245283019 0.0 87.44583533943188 0.14829461196243204 61.15314022342705 330
3340 0.1 66.57949790794979 0.0 87.44583533943188 0.14829461196243204 61.18179174073643 331
3350 0.1 69.63870695119374 0.0 87.44583533943188 0.14829461196243204 61.198049891842494 332
3360 0.1 77.03407703407703 0.0 87.44583533943188 0.14829461196243204 61.22339721033905 333
3370 0.1 74.2009884678748 0.0 87.44583533943188 0.14829461196243204 61.27073457508078 334
3380 0.1 66.14416719982938 0.0 87.44583533943188 0.14829461196243204 61.30933234789509 335
3390 0.1 70.19261130407327 0.0 87.44583533943188 0.14829461196243204 61.32372173733537 336
3400 0.1 70.24250767764482 0.0 87.44583533943188 0.14829461196243204 61.35003891705862 337
3410 0.1 69.3417588204318 0.0 87.44583533943188 0.14829461196243204 61.37634799623196 338
3420 0.1 72.4112029187681 0.0 87.44583533943188 0.14829461196243204 61.39984478332399 339
3430 0.1 69.16374455424503 0.0 87.44583533943188 0.14829461196243204 61.432231130781176 340
3440 0.1 71.97126374224447 0.0 87.44583533943188 0.14829461196243204 61.45490419067403 341
3450 0.1 74.40560972937439 0.0 87.44583533943188 0.14829461196243204 61.4856537800061 342
3460 0.1 63.263624188729786 0.0 87.44583533943188 0.14829461196243204 61.523321290062576 343
3470 0.1 65.41600318471338 0.0 87.44583533943188 0.14829461196243204 61.528380310116844 344
3480 0.1 67.56642766765079 0.0 87.44583533943188 0.14829461196243204 61.53964878221713 345
3490 0.1 69.79364076647715 0.0 87.44583533943188 0.14829461196243204 61.557067218302194 346
3500 0.1 76.24266578102514 0.0 87.44583533943188 0.14829461196243204 61.580803741495785 347
3510 0.1 71.48817802503477 0.0 87.44583533943188 0.14829461196243204 61.6229355289657 348
3520 0.1 66.16720057869175 0.0 87.44583533943188 0.14829461196243204 61.65120269944154 349
3530 0.1 64.49410304158909 0.0 87.44583533943188 0.14829461196243204 61.664105550525115 350
3540 0.1 68.12204103103629 0.0 87.44583533943188 0.14829461196243204 61.67216822143983 351
3550 0.1 69.39989378651089 0.0 87.44583533943188 0.14829461196243204 61.690491723739825 352
3560 0.1 70.73740053050398 0.0 87.44583533943188 0.14829461196243204 61.71233138964003 353
3570 0.1 71.25523461827554 0.0 87.44583533943188 0.14829461196243204 61.73782593523568 354
3580 0.1 71.03477523324851 0.0 87.44583533943188 0.14829461196243204 61.76463553715974 355
3590 0.1 68.40935548735317 0.0 87.44583533943188 0.14829461196243204 61.79067525540718 356
3600 0.1 67.79447304822949 0.0 87.44583533943188 0.14829461196243204 61.80921497594485 357
3610 0.1 71.18300234892163 0.0 87.44583533943188 0.14829461196243204 61.825933573912124 358
3620 0.1 70.60401244501662 0.0 87.44583533943188 0.14829461196243204 61.851997832338334 359
3630 0.1 68.84871155444722 0.0 87.44583533943188 0.14829461196243204 61.876308984040215 360
3640 0.1 75.8912852112676 0.0 87.44583533943188 0.14829461196243204 61.89562311858428 361
3650 0.1 73.19017046712419 0.0 87.44583533943188 0.14829461196243204 61.93428516856407 362
3660 0.1 64.96475327291037 0.0 87.44583533943188 0.14829461196243204 61.96529311704495 363
3670 0.1 69.4781233526621 0.0 87.44583533943188 0.14829461196243204 61.973533392198426 364
3680 0.1 66.59048410554747 0.0 87.44583533943188 0.14829461196243204 61.99409391263806 365
3690 0.1 74.8578302712161 0.0 87.44583533943188 0.14829461196243204 62.006652355788084 366
3700 0.1 66.90528063077082 0.0 87.44583533943188 0.14829461196243204 62.04166918934511 367
3710 0.1 69.2291401948327 0.0 87.44583533943188 0.14829461196243204 62.054885524783764 368
3720 0.1 69.3825857519789 0.0 87.44583533943188 0.14829461196243204 62.07432794936384 369
3730 0.1 68.71638012867841 0.0 87.44583533943188 0.14829461196243204 62.09407999747902 370
3740 0.1 54.911448756411495 0.0 87.44583533943188 0.14829461196243204 62.11192986306176 371
3750 0.1 68.0427648989097 0.0 87.44583533943188 0.14829461196243204 62.092573731054635 372
3760 0.1 66.23900672529747 0.0 87.44583533943188 0.14829461196243204 62.10852598619634 373
3770 0.1 71.65025684931507 0.0 87.44583533943188 0.14829461196243204 62.11957005234367 374
3780 0.1 67.54009013730217 0.0 87.44583533943188 0.14829461196243204 62.14498521713559 375
3790 0.1 66.06811145510835 0.0 87.44583533943188 0.14829461196243204 62.159333900433914 376
3800 0.1 62.6960833923692 0.0 87.44583533943188 0.14829461196243204 62.16970201065851 377
3810 0.1 68.6402355663056 0.0 87.44583533943188 0.14829461196243204 62.17109455399637 378
3820 0.1 71.44233858014776 0.0 87.44583533943188 0.14829461196243204 62.188163527643624 379
3830 0.1 68.73806998939554 0.0 87.44583533943188 0.14829461196243204 62.21251661988706 380
3840 0.1 65.47066707908031 0.0 87.44583533943188 0.14829461196243204 62.22964405655243 381
3850 0.1 68.58336010279473 0.0 87.44583533943188 0.14829461196243204 62.238128410014546 382
3860 0.1 62.545271629778675 0.0 87.44583533943188 0.14829461196243204 62.254695594591 383
3870 0.1 67.77661795407099 0.0 87.44583533943188 0.14829461196243204 62.25545230301597 384
3880 0.1 60.689863234111016 0.0 87.44583533943188 0.14829461196243204 62.26979299301871 385
3890 0.1 70.96705405693571 0.0 87.44583533943188 0.14829461196243204 62.265699910741745 386
3900 0.1 67.65948457963667 0.0 87.44583533943188 0.14829461196243204 62.28818402998255 387
3910 0.1 69.91575130638797 0.0 87.44583533943188 0.14829461196243204 62.302027588100216 388
3920 0.1 69.98940677966101 0.0 87.44583533943188 0.14829461196243204 62.32160014264594 389
3930 0.1 69.10517387616623 0.0 87.44583533943188 0.14829461196243204 62.34126118530495 390
3940 0.1 66.87878155643648 0.0 87.44583533943188 0.14829461196243204 62.3585601947445 391
3950 0.1 65.76187538556447 0.0 87.44583533943188 0.14829461196243204 62.370091371687586 392
3960 0.1 67.11494011346922 0.0 87.44583533943188 0.14829461196243204 62.37872186536157 393
3970 0.1 62.69898325973092 0.0 87.44583533943188 0.14829461196243204 62.390742723859304 394
3980 0.1 61.298624171038306 0.0 87.44583533943188 0.14829461196243204 62.391523079646326 395
3990 0.1 65.05888376856119 0.0 87.44583533943188 0.14829461196243204 62.388763233917516 396
4000 0.1 63.10306463032265 0.0 87.44583533943188 0.14829461196243204 62.395488978337276 397
4010 0.1 73.17981713511683 0.0 87.44583533943188 0.14829461196243204 62.39726680660859 398
4020 0.1 63.85737439222042 0.0 87.44583533943188 0.14829461196243204 62.42429074226902 399
4030 0.1 51.742627345844504 0.0 87.44583533943188 0.14829461196243204 62.4278734513939 400
4040 0.1 66.59356725146199 0.0 87.44583533943188 0.14829461196243204 62.40122695237756 401
4050 0.1 69.4025805052586 0.0 87.44583533943188 0.14829461196243204 62.411655659589215 402
4060 0.1 62.09877770048693 0.0 87.44583533943188 0.14829461196243204 62.429002867642986 403
4070 0.1 68.3101559207754 0.0 87.44583533943188 0.14829461196243204 62.428185478615376 404
4080 0.1 63.651265239217295 0.0 87.44583533943188 0.14829461196243204 62.442708862423174 405
4090 0.1 66.6942319619599 0.0 87.44583533943188 0.14829461196243204 62.445685602267496 406
4100 0.1 69.2242475625265 0.0 87.44583533943188 0.14829461196243204 62.45612429111195 407
4110 0.1 71.18787750344389 0.0 87.44583533943188 0.14829461196243204 62.47271282854189 408
4120 0.1 67.39175904622464 0.0 87.44583533943188 0.14829461196243204 62.49402129962967 409
4130 0.1 65.5393525700693 0.0 87.44583533943188 0.14829461196243204 62.505967001450635 410
4140 0.1 63.07785888077859 0.0 87.44583533943188 0.14829461196243204 62.513347501617595 411
4150 0.1 60.4634901608231 0.0 87.44583533943188 0.14829461196243204 62.51471767486798 412
4160 0.1 62.591314935064936 0.0 87.44583533943188 0.14829461196243204 62.5097510222916 413
4170 0.1 65.49520766773162 0.0 87.44583533943188 0.14829461196243204 62.50994803657366 414
4180 0.1 66.81277395115842 0.0 87.44583533943188 0.14829461196243204 62.51714143327525 415
4190 0.1 69.28406466512702 0.0 87.44583533943188 0.14829461196243204 62.5274674729817 416
4200 0.1 67.49138740995929 0.0 87.44583533943188 0.14829461196243204 62.543670343946076 417
4210 0.1 60.90706168831169 0.0 87.44583533943188 0.14829461196243204 62.55550698764467 418
4220 0.1 63.31313131313131 0.0 87.44583533943188 0.14829461196243204 62.55157275065342 419
4230 0.1 60.13001083423619 0.0 87.44583533943188 0.14829461196243204 62.55338598532599 420
4240 0.1 63.457820291034906 0.0 87.44583533943188 0.14829461196243204 62.54762974981271 421
4250 0.1 64.5656230561891 0.0 87.44583533943188 0.14829461196243204 62.54978659943646 422
4260 0.1 58.38167338511454 0.0 87.44583533943188 0.14829461196243204 62.55455217025621 423
4270 0.1 60.995475113122176 0.0 87.44583533943188 0.14829461196243204 62.54471047500824 424
4280 0.1 63.43212741272018 0.0 87.44583533943188 0.14829461196243204 62.54106521533321 425
4290 0.1 64.54219030520646 0.0 87.44583533943188 0.14829461196243204 62.54315691063224 426
4300 0.1 67.43287012851322 0.0 87.44583533943188 0.14829461196243204 62.54783848766871 427
4310 0.1 59.337617399901134 0.0 87.44583533943188 0.14829461196243204 62.55925211299779 428
4320 0.1 67.65634870499052 0.0 87.44583533943188 0.14829461196243204 62.551742474971924 429
4330 0.1 59.92815805228497 0.0 87.44583533943188 0.14829461196243204 62.563613652251036 430
4340 0.1 63.424968995452666 0.0 87.44583533943188 0.14829461196243204 62.55749890607942 431
4350 0.1 64.19790714213146 0.0 87.44583533943188 0.14829461196243204 62.55950693869371 432
4360 0.1 56.005044625533564 0.0 87.44583533943188 0.14829461196243204 62.56329077288178 433
4370 0.1 63.94649523019494 0.0 87.44583533943188 0.14829461196243204 62.54817960664365 434
4380 0.1 62.344618494188985 0.0 87.44583533943188 0.14829461196243204 62.55139412531848 435
4390 0.1 66.15258071149496 0.0 87.44583533943188 0.14829461196243204 62.55091986928378 436
4400 0.1 55.66611921553473 0.0 87.44583533943188 0.14829461196243204 62.55916165610806 437
4410 0.1 62.95357794445571 0.0 87.44583533943188 0.14829461196243204 62.5434241162894 438
4420 0.1 66.44853017554794 0.0 87.44583533943188 0.14829461196243204 62.54435840746973 439
4430 0.1 61.597341121965954 0.0 87.44583533943188 0.14829461196243204 62.55323152512446 440
4440 0.1 61.830289577237416 0.0 87.44583533943188 0.14829461196243204 62.55106397318986 441
4460 0.1 61.28438490643215 0.0 87.44583533943188 0.14829461196243204 62.5494332618868 442
4470 0.1 58.036490008688105 0.0 87.44583533943188 0.14829461196243204 62.54657762225823 443
4480 0.1 65.23482849604221 0.0 87.44583533943188 0.14829461196243204 62.53641976727272 444
4490 0.1 61.89672293942403 0.0 87.44583533943188 0.14829461196243204 62.54248360711265 445
4500 0.1 71.32558639982784 0.0 87.44583533943188 0.14829461196243204 62.54103571323891 446
4510 0.1 64.013198597649 0.0 87.44583533943188 0.14829461196243204 62.560687951911376 447
4520 0.1 44.272529858849076 0.0 87.44583533943188 0.14829461196243204 62.56393016317418 448
4530 0.1 26.726076455401014 0.0 87.44583533943188 0.14829461196243204 62.523192077863875 449
4540 0.1 16.097855632739353 0.0 87.44583533943188 0.14829461196243204 62.44364293203618 450
4550 0.1 8.29984932194877 0.0 87.44583533943188 0.14829461196243204 62.340880654210686 451
4560 0.1 4.182484182484183 0.0 87.44583533943188 0.14829461196243204 62.22132085037825 452
4570 0.1 4.298746472402704 0.0 87.44583533943188 0.14829461196243204 62.093199798131245 453
4580 0.1 3.692976104272266 0.0 87.44583533943188 0.14829461196243204 61.96589924014506 454
4590 0.1 3.0216015140638257 0.0 87.44583533943188 0.14829461196243204 61.837826881604684 455
4600 0.1 5.537669027688345 0.0 87.44583533943188 0.14829461196243204 61.708843931237276 456
4610 0.1 2.2091495087302087 0.0 87.44583533943188 0.14829461196243204 61.58593107586846 457
4620 0.1 0.7056579783852511 0.0 87.44583533943188 0.14829461196243204 61.456287447992615 458
4630 0.1 0.24500565397663024 0.0 87.44583533943188 0.14829461196243204 61.323933135422664 459
4635 0.1 0.1531393568147014 0.0 87.44583533943188 0.14829461196243204 61.19115285828909 460
