1400 0.4 4
1410 0.6 10
1420 0.8 18
1430 0.5 23
1440 1.3 36
1450 1.9 55
1460 1.6 71
1470 1.2 83
1480 2.2 105
1490 2 125
1500 2.3 148
1510 2.4 172
1520 2.3 195
1530 2.3 218
1540 1.9 237
1550 3 267
1560 2.8 295
1570 2.8 323
1580 3.2 355
1590 3.7 392
1600 3.1 423
1610 2.2 445
1620 2.8 473
1630 3.6 509
1640 3.1 540
1650 4 580
1660 3.5 615
1670 4.5 660
1680 5.2 712
1690 3.2 744
1700 3.4 778
1710 4.1 819
1720 4.5 864
1730 3.3 897
1740 3.9 936
1750 3.4 970
1760 3.8 1008
1770 3.6 1044
1780 3.7 1081
1790 5.7 1138
1800 5 1188
1810 4.7 1235
1820 4.5 1280
1830 3.4 1314
1840 4.4 1358
1850 4.3 1401
1860 4.2 1443
1870 4.1 1484
1880 3.7 1521
1890 5.4 1575
1900 5.3 1628
1910 3.7 1665
1920 4.5 1710
1930 5.1 1761
1940 5.2 1813
1950 6.5 1878
1960 5.5 1933
1970 4.4 1977
1980 4.3 2020
1990 4.5 2065
2000 4.5 2110
2010 4.4 2154
2020 4 2194
2030 4.4 2238
2040 4.7 2285
2050 5 2335
2060 3.8 2373
2070 7 2443
2080 4.5 2488
2090 3.3 2521
2100 5.9 2580
2110 5.4 2634
2120 6.4 2698
2130 5.1 2749
2140 4.3 2792
2150 7.6 2868
2160 4.8 2916
2170 4.6 2962
2180 4.4 3006
2190 7.1 3077
2200 4.5 3122
2210 4.1 3163
2220 5.1 3214
2230 4.8 3262
2240 4.1 3303
2250 6.2 3365
2260 4.9 3414
2270 4.4 3458
2280 4 3498
2290 4.1 3539
2300 5.6 3595
2310 4.5 3640
2320 4 3680
2330 5.3 3733
2340 4.8 3781
2350 4.8 3829
2360 3.6 3865
2370 4.3 3908
2380 4.8 3956
2390 3.9 3995
2400 5.2 4047
2410 5.2 4099
2420 5.2 4151
2430 3.8 4189
2440 3.4 4223
2450 5 4273
2460 6.3 4336
2470 3.8 4374
2480 4.9 4423
2490 3.7 4460
2500 4.7 4507
2510 6.4 4571
2520 6.5 4636
2530 6.1 4697
2540 5 4747
2550 5.1 4798
2560 5.7 4855
2570 5.3 4908
2580 5.5 4963
2590 5.1 5014
2600 4.7 5061
2610 5.1 5112
2620 4.6 5158
2630 5.2 5210
2640 5.4 5264
2650 5.8 5322
2660 5.8 5380
2670 7.3 5453
2680 5 5503
2690 5.3 5556
2700 6.7 5623
2710 5.5 5678
2720 5.8 5736
2730 5.2 5788
2740 4.3 5831
2750 6.9 5900
2760 3.9 5939
2770 5.4 5993
2780 4.6 6039
2790 4.3 6082
2800 5 6132
2810 7.9 6211
2820 5.9 6270
2830 5.2 6322
2840 7.4 6396
2850 8 6476
2860 5.4 6530
2870 5.6 6586
2880 6.5 6651
2890 6.2 6713
2900 5.4 6767
2910 6.5 6832
2920 5 6882
2930 5 6932
2940 4.8 6980
2950 6.2 7042
2960 5.2 7094
2970 5.3 7147
2980 7.5 7222
2990 5.7 7279
3000 4.6 7325
3010 5.4 7379
3020 7.4 7453
3030 5.6 7509
3040 6.7 7576
3050 4 7616
3060 5.8 7674
3070 6.1 7735
3080 5.5 7790
3090 4.6 7836
3100 5.3 7889
3110 6.3 7952
3120 5.7 8009
3130 7.1 8080
3140 5.1 8131
3150 6 8191
3160 5.7 8248
3170 5.2 8300
3180 5.9 8359
3190 6.3 8422
3200 4.4 8466
3210 4.9 8515
3220 5.8 8573
3230 4.9 8622
3240 5.2 8674
3250 7.1 8745
3260 5.4 8799
3270 5.4 8853
3280 6.6 8919
3290 7.3 8992
3300 5.4 9046
3310 6.7 9113
3320 4.5 9158
3330 5.5 9213
3340 4.8 9261
3350 6.6 9327
3360 5.3 9380
3370 5.2 9432
3380 7.7 9509
3390 8 9589
3400 5.8 9647
3410 4 9687
3420 6.3 9750
3430 6 9810
3440 4.1 9851
3450 4.1 9892
3460 6.7 9959
3470 4.2 10001
3480 5.9 10060
3490 6.1 10121
3500 5.6 10177
3510 6 10237
3520 6.1 10298
3530 6.3 10361
3540 5.2 10413
3550 6.2 10475
3560 5.8 10533
3570 7.3 10606
3580 4.9 10655
3590 6.4 10719
3600 5.3 10772
3610 6 10832
3620 6.9 10901
3630 4.8 10949
3640 5.6 11005
3650 4.9 11054
3660 5.6 11110
3670 6.7 11177
3680 4.8 11225
3690 6.2 11287
3700 4.9 11336
3710 5.2 11388
3720 6.9 11457
3730 5.1 11508
3740 6.4 11572
3750 4.4 11616
3760 5.7 11673
3770 5.9 11732
3780 5.1 11783
3790 5.4 11837
3800 6.2 11899
3810 6.3 11962
3820 5 12012
3830 5.7 12069
3840 5 12119
3850 5.9 12178
3860 6 12238
3870 5 12288
3880 5.7 12345
3890 5.5 12400
3900 6.1 12461
3910 5.9 12520
3920 8.4 12604
3930 6 12664
3940 6 12724
3950 8.5 12809
3960 5.4 12863
3970 5.2 12915
3980 5.2 12967
3990 7.1 13038
4000 5.6 13094
4010 5.3 13147
4020 4.7 13194
4030 5.9 13253
4040 6.8 13321
4050 5.5 13376
4060 6 13436
4070 5.6 13492
4080 6 13552
4090 8 13632
4100 5.2 13684
4110 5.6 13740
4120 6 13800
4130 4.8 13848
4140 5 13898
4150 6.7 13965
4160 7.8 14043
4170 7.6 14119
4180 6.7 14186
4190 4.9 14235
4200 5.8 14293
4210 4.9 14342
4220 6.2 14404
4230 5.6 14460
4240 5.7 14517
4250 4.3 14560
4260 7.2 14632
4270 8.3 14715
4280 7.9 14794
4290 7.5 14869
4300 6.3 14932
4310 5.8 14990
4320 5.5 15045
4330 4.9 15094
4340 5.6 15150
4350 5.3 15203
4360 4.9 15252
4370 5.6 15308
4380 5.7 15365
4390 5 15415
4400 5.5 15470
4410 6.8 15538
4420 8.1 15619
4430 3.3 15652
4440 4 15692
4450 4.1 15733
4460 3.1 15764
4470 3.4 15798
4480 2.6 15824
4490 1.4 15838
4500 0.5 15843
4510 0 15843
4520 0 15843
4530 0 15843
4540 0 15843
4550 0 15843
4560 0 15843
4570 0 15843
4580 0 15843
4590 0 15843
4600 0 15843
4610 0 15843
4620 0 15843
4630 0 15843
4635 0 15843
