1240 1 10
1250 3.6 46
1260 5.2 98
1270 6.8 166
1280 6 226
1290 8.3 309
1300 11.9 428
1310 11.5 543
1320 12.5 668
1330 14.3 811
1340 16.2 973
1350 17.4 1147
1360 18.3 1330
1370 17.3 1503
1380 18.3 1686
1390 22.7 1913
1400 19.8 2111
1410 23 2341
1420 18.7 2528
1430 21.8 2746
1440 23.5 2981
1450 25.7 3238
1460 21.8 3456
1470 24.7 3703
1480 27.3 3976
1490 23.3 4209
1500 22 4429
1510 27.3 4702
1520 24.8 4950
1530 29.5 5245
1540 28.3 5528
1550 26.5 5793
1560 28.7 6080
1570 30.4 6384
1580 32.1 6705
1590 29.6 7001
1600 26.5 7266
1610 31.2 7578
1620 31.1 7889
1630 31.4 8203
1640 28.5 8488
1650 32.1 8809
1660 35.4 9163
1670 31.6 9479
1680 30.5 9784
1690 30.5 10089
1700 34.1 10430
1710 31.4 10744
1720 30.9 11053
1730 32.7 11380
1740 32.9 11709
1750 32.9 12038
1760 34.8 12386
1770 31.3 12699
1780 30.2 13001
1790 36.4 13365
1800 35.6 13721
1810 33.8 14059
1820 32.6 14385
1830 35.4 14739
1840 33.4 15073
1850 36.9 15442
1860 33.4 15776
1870 33.6 16112
1880 34.7 16459
1890 35.3 16812
1900 38.7 17199
1910 31.9 17518
1920 33.3 17851
1930 37.3 18224
1940 31.4 18538
1950 37.4 18912
1960 35 19262
1970 35.3 19615
1980 33.9 19954
1990 32.9 20283
2000 35.6 20639
2010 33.5 20974
2020 38.4 21358
2030 32.5 21683
2040 31.3 21996
2050 34.5 22341
2060 36.5 22706
2070 33.2 23038
2080 33.1 23369
2090 35.4 23723
2100 37.5 24098
2110 35.2 24450
2120 35.6 24806
2130 34.1 25147
2140 32.9 25476
2150 39.2 25868
2160 32.9 26197
2170 35.9 26556
2180 36.2 26918
2190 36.6 27284
2200 34.4 27628
2210 35.7 27985
2220 32.5 28310
2230 34.7 28657
2240 32.3 28980
2250 37.1 29351
2260 31.1 29662
2270 27.6 29938
2280 32.3 30261
2290 34.5 30606
2300 30.4 30910
2310 33.9 31249
2320 33.3 31582
2330 33.2 31914
2340 34 32254
2350 33.6 32590
2360 33.6 32926
2370 32.5 33251
2380 36.5 33616
2390 34.3 33959
2400 34.6 34305
2410 40.7 34712
2420 37.4 35086
2430 32.4 35410
2440 33.9 35749
2450 35.7 36106
2460 40.5 36511
2470 36.1 36872
2480 37.2 37244
2490 34.7 37591
2500 35.4 37945
2510 41.3 38358
2520 39.3 38751
2530 39.8 39149
2540 37.7 39526
2550 40.4 39930
2560 36.7 40297
2570 39 40687
2580 37.3 41060
2590 37.2 41432
2600 32.7 41759
2610 33 42089
2620 37.6 42465
2630 37.4 42839
2640 31.4 43153
2650 40 43553
2660 37.2 43925
2670 32.3 44248
2680 41.4 44662
2690 39.7 45059
2700 38.3 45442
2710 38.9 45831
2720 42.7 46258
2730 35.3 46611
2740 34 46951
2750 44.4 47395
2760 39.6 47791
2770 39 48181
2780 35.1 48532
2790 37.7 48909
2800 39.3 49302
2810 40.7 49709
2820 40.7 50116
2830 37.8 50494
2840 39.9 50893
2850 39.9 51292
2860 40 51692
2870 37.6 52068
2880 32.9 52397
2890 39.3 52790
2900 37.5 53165
2910 35.6 53521
2920 35.6 53877
2930 34.9 54226
2940 35.1 54577
2950 35 54927
2960 32.4 55251
2970 38.9 55640
2980 40.7 56047
2990 35.9 56406
3000 32.9 56735
3010 37.6 57111
3020 40.4 57515
3030 41.8 57933
3040 39.9 58332
3050 37.3 58705
3060 35.1 59056
3070 37.9 59435
3080 41.7 59852
3090 36 60212
3100 37.8 60590
3110 40 60990
3120 39.2 61382
3130 40.2 61784
3140 34.9 62133
3150 37.3 62506
3160 34.8 62854
3170 36.3 63217
3180 41.5 63632
3190 36.6 63998
3200 37.9 64377
3210 36.3 64740
3220 38.2 65122
3230 35.4 65476
3240 37.8 65854
3250 41.9 66273
3260 36 66633
3270 37.6 67009
3280 37.9 67388
3290 41.3 67801
3300 38.7 68188
3310 37.8 68566
3320 35.1 68917
3330 40.6 69323
3340 33 69653
3350 36.7 70020
3360 32.8 70348
3370 35.5 70703
3380 40.1 71104
3390 38 71484
3400 35.3 71837
3410 36.4 72201
3420 40.3 72604
3430 40.1 73005
3440 37.1 73376
3450 36.8 73744
3460 41 74154
3470 37.9 74533
3480 38.6 74919
3490 41.8 75337
3500 39.8 75735
3510 41.4 76149
3520 38.9 76538
3530 39 76928
3540 36.9 77297
3550 37.5 77672
3560 36.4 78036
3570 41.1 78447
3580 35.4 78801
3590 40 79201
3600 39.4 79595
3610 37.5 79970
3620 38.9 80359
3630 36 80719
3640 40.7 81126
3650 34.2 81468
3660 33.6 81804
3670 41.1 82215
3680 38.4 82599
3690 35.3 82952
3700 36.3 83315
3710 38.4 83699
3720 41.7 84116
3730 36.6 84482
3740 34.4 84826
3750 40.8 85234
3760 37.1 85605
3770 37.4 85979
3780 37 86349
3790 40 86749
3800 44.7 87196
3810 38.8 87584
3820 42.2 88006
3830 38.4 88390
3840 37.6 88766
3850 39 89156
3860 42.7 89583
3870 35.4 89937
3880 35.7 90294
3890 35.6 90650
3900 38.4 91034
3910 35.7 91391
3920 36.5 91756
3930 36.2 92118
3940 39.2 92510
3950 37 92880
3960 35.8 93238
3970 37.6 93614
3980 38 93994
3990 42.2 94416
4000 38 94796
4010 39 95186
4020 34.2 95528
4030 41.8 95946
4040 43.5 96381
4050 35.7 96738
4060 40.2 97140
4070 39.5 97535
4080 36.5 97900
4090 39.5 98295
4100 38.2 98677
4110 38.2 99059
4120 38.6 99445
4130 39.4 99839
4140 39.1 100230
4150 41.7 100647
4160 41 101057
4170 42.2 101479
4180 41 101889
4190 40.4 102293
4200 35 102643
4210 36.4 103007
4220 37.8 103385
4230 39.5 103780
4240 40.2 104182
4250 34.1 104523
4260 40.4 104927
4270 39.3 105320
4280 41.1 105731
4290 42.1 106152
4300 36.5 106517
4310 38.6 106903
4320 35.2 107255
4330 35.4 107609
4340 29.1 107900
4350 33.3 108233
4360 29.2 108525
4370 30.1 108826
4380 29.3 109119
4390 23.3 109352
4400 23.2 109584
4410 28.3 109867
4420 24.8 110115
4430 18.1 110296
4440 14.4 110440
4450 14.3 110583
4460 11.5 110698
4470 10.8 110806
4480 8 110886
4490 3.6 110922
4500 1.4 110936
4510 0 110936
4520 0 110936
4530 0 110936
4540 0 110936
4550 0 110936
4560 0 110936
4570 0 110936
4580 0 110936
4590 0 110936
4600 0 110936
4610 0 110936
4620 0 110936
4630 0 110936
4635 0 110936
