10 0.1 6449.63671875 0 6449.63671875 6449.63671875 0 0
20 0.1 6430.73828125 0.0 6449.63671875 6430.73828125 6449.63671875 1
30 0.1 6007.6015625 0.0 6449.63671875 6007.6015625 6440.1875 2
40 0.1 5702.1171875 0.0 6449.63671875 5702.1171875 6295.9921875 3
50 0.1 5580.55859375 0.0 6449.63671875 5580.55859375 6147.5234375 4
60 0.1 5470.1484375 0.0 6449.63671875 5470.1484375 6034.13046875 5
70 0.1 5287.15234375 0.0 6449.63671875 5287.15234375 5940.133463541667 6
80 0.1 5281.7109375 0.0 6449.63671875 5281.7109375 5846.850446428572 7
90 0.1 5201.69921875 0.0 6449.63671875 5201.69921875 5776.2080078125 8
100 0.1 5188.7734375 0.0 6449.63671875 5188.7734375 5712.373697916667 9
110 0.1 5123.54296875 0.0 6449.63671875 5123.54296875 5660.013671875 10
120 0.1 5117.97265625 0.0 6449.63671875 5117.97265625 5611.243607954545 11
130 0.1 5113.546875 0.0 6449.63671875 5113.546875 5570.1376953125 12
140 0.1 5110.54296875 0.0 6449.63671875 5110.54296875 5535.0153245192305 13
150 0.1 5106.703125 0.0 6449.63671875 5106.703125 5504.695870535715 14
160 0.1 5104.078125 0.0 6449.63671875 5104.078125 5478.163020833334 15
170 0.1 5099.64453125 0.0 6449.63671875 5099.64453125 5454.78271484375 16
180 0.1 5098.2109375 0.0 6449.63671875 5098.2109375 5433.892233455882 17
190 0.1 5096.6796875 0.0 6449.63671875 5096.6796875 5415.243272569444 18
200 0.1 5093.33984375 0.0 6449.63671875 5093.33984375 5398.476768092105 19
210 0.1 5091.30859375 0.0 6449.63671875 5091.30859375 5383.219921875 20
220 0.1 5088.203125 0.0 6449.63671875 5088.203125 5369.319382440476 21
230 0.1 5087.4140625 0.0 6449.63671875 5087.4140625 5356.541370738636 22
240 0.1 5086.94921875 0.0 6449.63671875 5086.94921875 5344.840183423913 23
250 0.1 5086.5234375 0.0 6449.63671875 5086.5234375 5334.0947265625 24
260 0.1 5086.17578125 0.0 6449.63671875 5086.17578125 5324.191875 25
270 0.1 5084.64453125 0.0 6449.63671875 5084.64453125 5315.0374098557695 26
280 0.1 5083.984375 0.0 6449.63671875 5083.984375 5306.504340277777 27
290 0.1 5082.6484375 0.0 6449.63671875 5082.6484375 5298.557198660715 28
300 0.1 5082.578125 0.0 6449.63671875 5082.578125 5291.112068965517 29
310 0.1 5082.25390625 0.0 6449.63671875 5082.25390625 5284.1609375 30
320 0.1 5081.73046875 0.0 6449.63671875 5081.73046875 5277.647807459677 31
330 0.1 5081.03125 0.0 6449.63671875 5081.03125 5271.525390625 32
340 0.1 5082.06640625 0.0 6449.63671875 5081.03125 5265.752840909091 33
350 0.1 5081.88671875 0.0 6449.63671875 5081.03125 5260.350298713235 34
360 0.1 5080.71875 0.0 6449.63671875 5080.71875 5255.2513392857145 35
370 0.1 5080.640625 0.0 6449.63671875 5080.640625 5250.403211805556 36
380 0.1 5080.33984375 0.0 6449.63671875 5080.33984375 5245.815033783784 37
390 0.1 5080.03515625 0.0 6449.63671875 5080.03515625 5241.460423519738 38
400 0.1 5079.48828125 0.0 6449.63671875 5079.48828125 5237.321314102564 39
410 0.1 5079.1953125 0.0 6449.63671875 5079.1953125 5233.37548828125 40
420 0.1 5079.390625 0.0 6449.63671875 5079.1953125 5229.614996189024 41
430 0.1 5079.82421875 0.0 6449.63671875 5079.1953125 5226.038225446428 42
440 0.1 5080.57421875 0.0 6449.63671875 5079.1953125 5222.6378997093025 43
450 0.1 5080.7578125 0.0 6449.63671875 5079.1953125 5219.4091796875 44
460 0.1 5081.296875 0.0 6449.63671875 5079.1953125 5216.328038194444 45
470 0.1 5080.2421875 0.0 6449.63671875 5079.1953125 5213.392578125 46
480 0.1 5079.46484375 0.0 6449.63671875 5079.1953125 5210.559591090426 47
490 0.1 5079.61328125 0.0 6449.63671875 5079.1953125 5207.828450520833 48
500 0.1 5081.34375 0.0 6449.63671875 5079.1953125 5205.2118144132655 49
510 0.1 5080.19921875 0.0 6449.63671875 5079.1953125 5202.734453125 50
520 0.1 5080.88671875 0.0 6449.63671875 5079.1953125 5200.331801470588 51
530 0.1 5081.46484375 0.0 6449.63671875 5079.1953125 5198.034780649038 52
540 0.1 5080.57421875 0.0 6449.63671875 5079.1953125 5195.835347877359 53
550 0.1 5079.16796875 0.0 6449.63671875 5079.16796875 5193.700882523148 54
560 0.1 5079.3359375 0.0 6449.63671875 5079.16796875 5191.618465909091 55
570 0.1 5079.296875 0.0 6449.63671875 5079.16796875 5189.613420758928 56
580 0.1 5079.25390625 0.0 6449.63671875 5079.16796875 5187.6780427631575 57
590 0.1 5079.30078125 0.0 6449.63671875 5079.16796875 5185.808661099138 58
600 0.1 5078.1796875 0.0 6449.63671875 5078.1796875 5184.00344279661 59
610 0.1 5078.83203125 0.0 6449.63671875 5078.1796875 5182.239713541667 60
620 0.1 5079.25 0.0 6449.63671875 5078.1796875 5180.5445056352455 61
630 0.1 5077.89453125 0.0 6449.63671875 5077.89453125 5178.910723286291 62
640 0.1 5078.33203125 0.0 6449.63671875 5077.89453125 5177.307291666667 63
650 0.1 5080.953125 0.0 6449.63671875 5077.89453125 5175.760803222656 64
660 0.1 5078.87109375 0.0 6449.63671875 5077.89453125 5174.302223557693 65
670 0.1 5078.84375 0.0 6449.63671875 5077.89453125 5172.856297348485 66
680 0.1 5078.30078125 0.0 6449.63671875 5077.89453125 5171.453125 67
690 0.1 5078.04296875 0.0 6449.63671875 5077.89453125 5170.083237591912 68
700 0.1 5077.62109375 0.0 6449.63671875 5077.62109375 5168.749320652174 69
710 0.1 5076.51171875 0.0 6449.63671875 5076.51171875 5167.447488839286 70
720 0.1 5077.33984375 0.0 6449.63671875 5076.51171875 5166.16670334507 71
730 0.1 5076.50390625 0.0 6449.63671875 5076.50390625 5164.932996961806 72
740 0.1 5077.3671875 0.0 6449.63671875 5076.50390625 5163.721639554795 73
750 0.1 5077.23828125 0.0 6449.63671875 5076.50390625 5162.5546875 74
760 0.1 5076.1328125 0.0 6449.63671875 5076.1328125 5161.4171354166665 75
770 0.1 5076.36328125 0.0 6449.63671875 5076.1328125 5160.294973273027 76
780 0.1 5077.57421875 0.0 6449.63671875 5076.1328125 5159.204951298701 77
790 0.1 5074.81640625 0.0 6449.63671875 5074.81640625 5158.158403445513 78
800 0.1 5076.38671875 0.0 6449.63671875 5074.81640625 5157.103441455696 79
810 0.1 5077.72265625 0.0 6449.63671875 5074.81640625 5156.094482421875 80
820 0.1 5077.2109375 0.0 6449.63671875 5074.81640625 5155.1269290123455 81
830 0.1 5079.30078125 0.0 6449.63671875 5074.81640625 5154.176733993902 82
840 0.1 5076.14453125 0.0 6449.63671875 5074.81640625 5153.274614081325 83
850 0.1 5076.63671875 0.0 6449.63671875 5074.81640625 5152.356398809524 84
860 0.1 5075.7578125 0.0 6449.63671875 5074.81640625 5151.4655790441175 85
870 0.1 5076.04296875 0.0 6449.63671875 5074.81640625 5150.585256177325 86
880 0.1 5077.2578125 0.0 6449.63671875 5074.81640625 5149.728448275862 87
890 0.1 5075.703125 0.0 6449.63671875 5074.81640625 5148.904918323864 88
900 0.1 5075.30078125 0.0 6449.63671875 5074.81640625 5148.082426264045 89
910 0.1 5076.55859375 0.0 6449.63671875 5074.81640625 5147.273741319445 90
920 0.1 5076.2578125 0.0 6449.63671875 5074.81640625 5146.496651785716 91
930 0.1 5074.37109375 0.0 6449.63671875 5074.37109375 5145.733186141306 92
940 0.1 5073.9609375 0.0 6449.63671875 5073.9609375 5144.965851814517 93
950 0.1 5073.82421875 0.0 6449.63671875 5073.82421875 5144.210480385639 94
960 0.1 5073.828125 0.0 6449.63671875 5073.82421875 5143.469572368422 95
970 0.1 5072.359375 0.0 6449.63671875 5072.359375 5142.744140625001 96
980 0.1 5074.17578125 0.0 6449.63671875 5072.359375 5142.018524484537 97
990 0.1 5074.73828125 0.0 6449.63671875 5072.359375 5141.326251594389 98
1000 0.1 5072.94140625 0.0 6449.63671875 5072.359375 5140.653645833335 99
1010 0.1 5072.69140625 0.0 6449.63671875 5072.359375 5139.976523437502 100
1020 0.1 5072.22265625 0.0 6449.63671875 5072.22265625 5139.310334158417 101
1030 0.1 5073.6015625 0.0 6449.63671875 5072.22265625 5138.652611825982 102
1040 0.1 5073.75 0.0 6449.63671875 5072.22265625 5138.021048240293 103
1050 0.1 5074.16796875 0.0 6449.63671875 5072.22265625 5137.403057391828 104
1060 0.1 5072.83984375 0.0 6449.63671875 5072.22265625 5136.800818452382 105
1070 0.1 5075.015625 0.0 6449.63671875 5072.22265625 5136.197413030662 106
1080 0.1 5074.84765625 0.0 6449.63671875 5072.22265625 5135.62562061916 107
1090 0.1 5074.87109375 0.0 6449.63671875 5072.22265625 5135.062861689816 108
1100 0.1 5074.46484375 0.0 6449.63671875 5072.22265625 5134.510643635323 109
1110 0.1 5073.75390625 0.0 6449.63671875 5072.22265625 5133.964772727274 110
1120 0.1 5072.42578125 0.0 6449.63671875 5072.22265625 5133.42233248874 111
1130 0.1 5074.84765625 0.0 6449.63671875 5072.22265625 5132.877720424108 112
1140 0.1 5073.04296875 0.0 6449.63671875 5072.22265625 5132.364180033187 113
1150 0.1 5072.9609375 0.0 6449.63671875 5072.22265625 5131.843818530703 114
1160 0.1 5073.59375 0.0 6449.63671875 5072.22265625 5131.331793478262 115
1170 0.1 5073.87109375 0.0 6449.63671875 5072.22265625 5130.834051724139 116
1180 0.1 5073.46484375 0.0 6449.63671875 5072.22265625 5130.347188835471 117
1190 0.1 5071.8203125 0.0 6449.63671875 5071.8203125 5129.86513506356 118
1200 0.1 5071.390625 0.0 6449.63671875 5071.390625 5129.377363445379 119
1210 0.1 5072.3984375 0.0 6449.63671875 5071.390625 5128.894140625001 120
1220 0.1 5072.328125 0.0 6449.63671875 5071.390625 5128.427233987604 121
1230 0.1 5071.6015625 0.0 6449.63671875 5071.390625 5127.96740522541 122
1240 0.1 5072.375 0.0 6449.63671875 5071.390625 5127.509146341465 123
1250 0.1 5071.796875 0.0 6449.63671875 5071.390625 5127.064516129033 124
1260 0.1 5072.6484375 0.0 6449.63671875 5071.390625 5126.622375000001 125
1270 0.1 5072.18359375 0.0 6449.63671875 5071.390625 5126.194010416668 126
1280 0.1 5070.75 0.0 6449.63671875 5070.75 5125.768731545277 127
1290 0.1 5070.8984375 0.0 6449.63671875 5070.75 5125.338897705079 128
1300 0.1 5070.0546875 0.0 6449.63671875 5070.0546875 5124.916878633722 129
1310 0.1 5071.01953125 0.0 6449.63671875 5070.0546875 5124.494861778847 130
1320 0.1 5070.6640625 0.0 6449.63671875 5070.0546875 5124.0866531488555 131
1330 0.1 5070.296875 0.0 6449.63671875 5070.0546875 5123.681936553031 132
1340 0.1 5070.89453125 0.0 6449.63671875 5070.0546875 5123.280545112782 133
1350 0.1 5070.26953125 0.0 6449.63671875 5070.0546875 5122.889604710822 134
1360 0.1 5069.10546875 0.0 6449.63671875 5069.10546875 5122.49982638889 135
1370 0.1 5069.8515625 0.0 6449.63671875 5069.10546875 5122.107220818016 136
1380 0.1 5069.75 0.0 6449.63671875 5069.10546875 5121.72579265511 137
1390 0.1 5068.76953125 0.0 6449.63671875 5068.76953125 5121.34915647645 138
1400 0.1 5068.9140625 0.0 6449.63671875 5068.76953125 5120.970885791367 139
1410 0.1 5068.92578125 0.0 6449.63671875 5068.76953125 5120.599051339286 140
1420 0.1 5068.80078125 0.0 6449.63671875 5068.76953125 5120.2325742464545 141
1430 0.1 5069.9453125 0.0 6449.63671875 5068.76953125 5119.870378521127 142
1440 0.1 5069.12890625 0.0 6449.63671875 5068.76953125 5119.5212521853155 143
1450 0.1 5068.875 0.0 6449.63671875 5068.76953125 5119.171305338543 144
1460 0.1 5066.98828125 0.0 6449.63671875 5066.98828125 5118.824434267243 145
1470 0.1 5070.05078125 0.0 6449.63671875 5066.98828125 5118.469392123289 146
1480 0.1 5067.765625 0.0 6449.63671875 5066.98828125 5118.140013818029 147
1490 0.1 5067.66015625 0.0 6449.63671875 5066.98828125 5117.799646326015 148
1500 0.1 5066.26171875 0.0 6449.63671875 5066.26171875 5117.463139681209 149
1510 0.1 5067.83984375 0.0 6449.63671875 5066.26171875 5117.121796875001 150
1520 0.1 5068.4921875 0.0 6449.63671875 5066.26171875 5116.795426324504 151
1530 0.1 5069.109375 0.0 6449.63671875 5066.26171875 5116.477641858553 152
1550 0.1 5068.79296875 0.0 6449.63671875 5066.26171875 5116.168045343138 153
1560 0.1 5068.2109375 0.0 6449.63671875 5066.26171875 5115.86041497565 154
1570 0.1 5067.74609375 0.0 6449.63671875 5066.26171875 5115.552998991936 155
1580 0.1 5068.02734375 0.0 6449.63671875 5066.26171875 5115.246544471154 156
1590 0.1 5067.08984375 0.0 6449.63671875 5066.26171875 5114.945785230892 157
1600 0.1 5066.8984375 0.0 6449.63671875 5066.26171875 5114.642899525317 158
1610 0.1 5065.7109375 0.0 6449.63671875 5065.7109375 5114.342619889938 159
1620 0.1 5066.85546875 0.0 6449.63671875 5065.7109375 5114.038671875001 160
1630 0.1 5067.59765625 0.0 6449.63671875 5065.7109375 5113.745608501554 161
1640 0.1 5067.8828125 0.0 6449.63671875 5065.7109375 5113.460744598766 162
1650 0.1 5066.96484375 0.0 6449.63671875 5065.7109375 5113.181125383437 163
1660 0.1 5069.07421875 0.0 6449.63671875 5065.7109375 5112.8993187881115 164
1670 0.1 5066.9296875 0.0 6449.63671875 5065.7109375 5112.633712121214 165
1680 0.1 5067.59765625 0.0 6449.63671875 5065.7109375 5112.358386671688 166
1690 0.1 5068.1015625 0.0 6449.63671875 5065.7109375 5112.090358345809 167
1700 0.1 5067.671875 0.0 6449.63671875 5065.7109375 5111.828520275299 168
1710 0.1 5068.08984375 0.0 6449.63671875 5065.7109375 5111.567238350593 169
1720 0.1 5067.015625 0.0 6449.63671875 5065.7109375 5111.3114889705885 170
1730 0.1 5066.6875 0.0 6449.63671875 5065.7109375 5111.052448830409 171
1740 0.1 5067.7109375 0.0 6449.63671875 5065.7109375 5110.794513081395 172
1750 0.1 5065.5625 0.0 6449.63671875 5065.5625 5110.545475072255 173
1760 0.1 5066.4609375 0.0 6449.63671875 5065.5625 5110.286952227012 174
1770 0.1 5066.2734375 0.0 6449.63671875 5065.5625 5110.036517857144 175
1780 0.1 5066.4375 0.0 6449.63671875 5065.5625 5109.787863991478 176
1790 0.1 5064.65234375 0.0 6449.63671875 5064.65234375 5109.542946680792 177
1800 0.1 5064.9296875 0.0 6449.63671875 5064.65234375 5109.290752282304 178
1810 0.1 5065.71484375 0.0 6449.63671875 5064.65234375 5109.042925104749 179
1820 0.1 5065.9765625 0.0 6449.63671875 5064.65234375 5108.802213541668 180
1830 0.1 5064.9296875 0.0 6449.63671875 5064.65234375 5108.565607734808 181
1840 0.1 5063.78125 0.0 6449.63671875 5063.78125 5108.32584993132 182
1850 0.1 5065.40234375 0.0 6449.63671875 5063.78125 5108.0824368169415 183
1860 0.1 5065.9453125 0.0 6449.63671875 5063.78125 5107.850479789404 184
1870 0.1 5065.01171875 0.0 6449.63671875 5063.78125 5107.623965371624 185
1880 0.1 5064.796875 0.0 6449.63671875 5063.78125 5107.394867271508 186
1890 0.1 5064.71875 0.0 6449.63671875 5063.78125 5107.167070521393 187
1900 0.1 5065.359375 0.0 6449.63671875 5063.78125 5106.941281582449 188
1910 0.1 5063.85546875 0.0 6449.63671875 5063.78125 5106.721271494711 189
1920 0.1 5064.859375 0.0 6449.63671875 5063.78125 5106.4956620065805 190
1930 0.1 5064.0546875 0.0 6449.63671875 5063.78125 5106.277670975132 191
1940 0.1 5064.58203125 0.0 6449.63671875 5063.78125 5106.057759602866 192
1950 0.1 5064.30078125 0.0 6449.63671875 5063.78125 5105.84285945596 193
1960 0.1 5063.15234375 0.0 6449.63671875 5063.15234375 5105.6287250322175 194
1970 0.1 5063.3125 0.0 6449.63671875 5063.15234375 5105.410897435899 195
1980 0.1 5062.265625 0.0 6449.63671875 5062.265625 5105.1961096938785 196
1990 0.1 5062.78125 0.0 6449.63671875 5062.265625 5104.978188451778 197
2000 0.1 5062.46875 0.0 6449.63671875 5062.265625 5104.7650726010115 198
2010 0.1 5061.77734375 0.0 6449.63671875 5061.77734375 5104.552528266333 199
2020 0.1 5062.44921875 0.0 6449.63671875 5061.77734375 5104.338652343751 200
2030 0.1 5062.4921875 0.0 6449.63671875 5061.77734375 5104.130247201494 201
2040 0.1 5061.6953125 0.0 6449.63671875 5061.6953125 5103.924118193071 202
2050 0.1 5062.5859375 0.0 6449.63671875 5061.6953125 5103.7160945197065 203
2060 0.1 5062.140625 0.0 6449.63671875 5061.6953125 5103.514476102943 204
2070 0.1 5063.51953125 0.0 6449.63671875 5061.6953125 5103.312652439026 205
2080 0.1 5063.58203125 0.0 6449.63671875 5061.6953125 5103.119481947818 206
2090 0.1 5061.453125 0.0 6449.63671875 5061.453125 5102.928479770534 207
2100 0.1 5060.05859375 0.0 6449.63671875 5060.05859375 5102.729079026444 208
2110 0.1 5062.0390625 0.0 6449.63671875 5060.05859375 5102.524914025122 209
2120 0.1 5063.16796875 0.0 6449.63671875 5060.05859375 5102.332124255955 210
2130 0.1 5063.4765625 0.0 6449.63671875 5060.05859375 5102.146512144552 211
2140 0.1 5062.1953125 0.0 6449.63671875 5060.05859375 5101.9641067217 212
2150 0.1 5062.97265625 0.0 6449.63671875 5060.05859375 5101.777398767608 213
2160 0.1 5061.69140625 0.0 6449.63671875 5060.05859375 5101.5960681950955 214
2170 0.1 5062.45703125 0.0 6449.63671875 5060.05859375 5101.410465116282 215
2180 0.1 5062.640625 0.0 6449.63671875 5060.05859375 5101.230125144678 216
2190 0.1 5063.61328125 0.0 6449.63671875 5060.05859375 5101.052293346776 217
2200 0.1 5061.95703125 0.0 6449.63671875 5060.05859375 5100.880554759176 218
2210 0.1 5061.984375 0.0 6449.63671875 5060.05859375 5100.702821775117 219
2220 0.1 5062.625 0.0 6449.63671875 5060.05859375 5100.526828835229 220
2230 0.1 5061.72265625 0.0 6449.63671875 5060.05859375 5100.355327347287 221
2240 0.1 5061.40625 0.0 6449.63671875 5060.05859375 5100.181306306308 222
2250 0.1 5061.23046875 0.0 6449.63671875 5060.05859375 5100.007427130047 223
2260 0.1 5060.9140625 0.0 6449.63671875 5060.05859375 5099.834315708707 224
2270 0.1 5060.265625 0.0 6449.63671875 5060.05859375 5099.661336805558 225
2280 0.1 5059.69921875 0.0 6449.63671875 5059.69921875 5099.487019496683 226
2290 0.1 5060.359375 0.0 6449.63671875 5059.69921875 5099.311742841412 227
2300 0.1 5061.15234375 0.0 6449.63671875 5059.69921875 5099.140899122809 228
2310 0.1 5060.82421875 0.0 6449.63671875 5059.69921875 5098.975010234718 229
2320 0.1 5060.140625 0.0 6449.63671875 5059.69921875 5098.809137228262 230
2330 0.1 5060.078125 0.0 6449.63671875 5059.69921875 5098.64174107143 231
2340 0.1 5060.48828125 0.0 6449.63671875 5059.69921875 5098.475518588364 232
2350 0.1 5058.72265625 0.0 6449.63671875 5058.72265625 5098.31248323498 233
2360 0.1 5059.390625 0.0 6449.63671875 5058.72265625 5098.143295940173 234
2370 0.1 5060.16796875 0.0 6449.63671875 5058.72265625 5097.978390957449 235
2380 0.1 5059.375 0.0 6449.63671875 5058.72265625 5097.818177304028 236
2390 0.1 5060.25390625 0.0 6449.63671875 5058.72265625 5097.655969804854 237
2400 0.1 5059.81640625 0.0 6449.63671875 5058.72265625 5097.498818277313 238
2410 0.1 5061.0625 0.0 6449.63671875 5058.72265625 5097.341151281383 239
2420 0.1 5058.328125 0.0 6449.63671875 5058.328125 5097.189990234377 240
2430 0.1 5059.96484375 0.0 6449.63671875 5058.328125 5097.028737681537 241
2440 0.1 5060.02734375 0.0 6449.63671875 5058.328125 5096.875581095043 242
2450 0.1 5058.8515625 0.0 6449.63671875 5058.328125 5096.7239422582325 243
2460 0.1 5059.640625 0.0 6449.63671875 5058.328125 5096.568727587092 244
2470 0.1 5058.44140625 0.0 6449.63671875 5058.328125 5096.418000637757 245
2480 0.1 5059.7265625 0.0 6449.63671875 5058.328125 5096.263624237807 246
2490 0.1 5057.9453125 0.0 6449.63671875 5057.9453125 5096.115700910933 247
2500 0.1 5058.96484375 0.0 6449.63671875 5057.9453125 5095.961788054437 248
2510 0.1 5058.875 0.0 6449.63671875 5057.9453125 5095.813205948797 249
2520 0.1 5059.2890625 0.0 6449.63671875 5057.9453125 5095.6654531250015 250
2530 0.1 5059.4453125 0.0 6449.63671875 5057.9453125 5095.520527265938 251
2540 0.1 5058.296875 0.0 6449.63671875 5057.9453125 5095.377371651787 252
2550 0.1 5059.8046875 0.0 6449.63671875 5057.9453125 5095.230808423915 253
2560 0.1 5059.22265625 0.0 6449.63671875 5057.9453125 5095.0913355068915 254
2570 0.1 5058.6875 0.0 6449.63671875 5057.9453125 5094.950674019609 255
2580 0.1 5059.8125 0.0 6449.63671875 5057.9453125 5094.809020996096 256
2590 0.1 5058.6640625 0.0 6449.63671875 5057.9453125 5094.6728477626475 257
2600 0.1 5058.484375 0.0 6449.63671875 5057.9453125 5094.533278827521 258
2610 0.1 5057.69140625 0.0 6449.63671875 5057.69140625 5094.394093870658 259
2620 0.1 5057.8671875 0.0 6449.63671875 5057.69140625 5094.252929687502 260
2630 0.1 5056.71484375 0.0 6449.63671875 5056.71484375 5094.113520713603 261
2640 0.1 5055.65625 0.0 6449.63671875 5055.65625 5093.970777671758 262
2650 0.1 5056.78125 0.0 6449.63671875 5055.65625 5093.825095057036 263
2660 0.1 5058.66796875 0.0 6449.63671875 5055.65625 5093.684777462123 264
2670 0.1 5058.24609375 0.0 6449.63671875 5055.65625 5093.552638561323 265
2680 0.1 5056.45703125 0.0 6449.63671875 5055.65625 5093.419907189852 266
2690 0.1 5057.95703125 0.0 6449.63671875 5055.65625 5093.281469452249 267
2700 0.1 5056.8984375 0.0 6449.63671875 5055.65625 5093.149661847017 268
2710 0.1 5056.953125 0.0 6449.63671875 5055.65625 5093.014898931229 269
2720 0.1 5056.76953125 0.0 6449.63671875 5055.65625 5092.881336805558 270
2730 0.1 5056.58203125 0.0 6449.63671875 5055.65625 5092.748082910519 271
2740 0.1 5058.44140625 0.0 6449.63671875 5055.65625 5092.615119485296 272
2750 0.1 5059.0 0.0 6449.63671875 5055.65625 5092.489941048538 273
2760 0.1 5057.1015625 0.0 6449.63671875 5055.65625 5092.367714986316 274
2770 0.1 5058.4765625 0.0 6449.63671875 5055.65625 5092.239474431821 275
2780 0.1 5057.31640625 0.0 6449.63671875 5055.65625 5092.117145040764 276
2790 0.1 5055.3828125 0.0 6449.63671875 5055.3828125 5091.991510604696 277
2800 0.1 5057.10546875 0.0 6449.63671875 5055.3828125 5091.85982464029 278
2820 0.1 5056.40625 0.0 6449.63671875 5055.3828125 5091.7352570564535 279
2830 0.1 5055.6015625 0.0 6449.63671875 5055.3828125 5091.609082031252 280
2840 0.1 5055.31640625 0.0 6449.63671875 5055.31640625 5091.48094139235 281
2850 0.1 5055.578125 0.0 6449.63671875 5055.31640625 5091.35269835993 282
2860 0.1 5057.09375 0.0 6449.63671875 5055.31640625 5091.226286439931 283
2870 0.1 5056.67578125 0.0 6449.63671875 5055.31640625 5091.106101452467 284
2880 0.1 5057.46875 0.0 6449.63671875 5055.31640625 5090.985293311405 285
2890 0.1 5055.5703125 0.0 6449.63671875 5055.31640625 5090.868102600526 286
2900 0.1 5055.14453125 0.0 6449.63671875 5055.14453125 5090.745113784845 287
2910 0.1 5057.3828125 0.0 6449.63671875 5055.14453125 5090.621500651043 288
2920 0.1 5056.9296875 0.0 6449.63671875 5055.14453125 5090.506487889275 289
2930 0.1 5056.62109375 0.0 6449.63671875 5055.14453125 5090.390705818968 290
2940 0.1 5054.140625 0.0 6449.63671875 5054.140625 5090.274659042098 291
2950 0.1 5054.07421875 0.0 6449.63671875 5054.07421875 5090.150912350174 292
2960 0.1 5055.453125 0.0 6449.63671875 5054.07421875 5090.027783703074 293
2970 0.1 5055.62109375 0.0 6449.63671875 5054.07421875 5089.910182823131 294
2980 0.1 5053.98046875 0.0 6449.63671875 5053.98046875 5089.793948622883 295
2990 0.1 5054.53515625 0.0 6449.63671875 5053.98046875 5089.672957136827 296
3000 0.1 5053.58984375 0.0 6449.63671875 5053.58984375 5089.554648042932 297
3010 0.1 5055.10546875 0.0 6449.63671875 5053.58984375 5089.433960780205 298
3020 0.1 5054.15625 0.0 6449.63671875 5053.58984375 5089.319149770071 299
3030 0.1 5054.58203125 0.0 6449.63671875 5053.58984375 5089.201940104171 300
3040 0.1 5054.90625 0.0 6449.63671875 5053.58984375 5089.086923795685 301
3050 0.1 5053.4609375 0.0 6449.63671875 5053.4609375 5088.973742756626 302
3060 0.1 5055.33203125 0.0 6449.63671875 5053.4609375 5088.856538778882 303
3070 0.1 5054.65625 0.0 6449.63671875 5053.4609375 5088.74626079359 304
3080 0.1 5055.55859375 0.0 6449.63671875 5053.4609375 5088.634490266398 305
3090 0.1 5055.12890625 0.0 6449.63671875 5053.4609375 5088.526399101312 306
3100 0.1 5055.796875 0.0 6449.63671875 5053.4609375 5088.417612479646 307
3110 0.1 5054.0234375 0.0 6449.63671875 5053.4609375 5088.311700994323 308
3120 0.1 5054.4140625 0.0 6449.63671875 5053.4609375 5088.200735740295 309
3130 0.1 5054.73046875 0.0 6449.63671875 5053.4609375 5088.091746471778 310
3140 0.1 5053.0703125 0.0 6449.63671875 5053.0703125 5087.984475482319 311
3150 0.1 5055.0546875 0.0 6449.63671875 5053.0703125 5087.872571113786 312
3160 0.1 5055.3515625 0.0 6449.63671875 5053.0703125 5087.767721645371 313
3170 0.1 5052.84375 0.0 6449.63671875 5052.84375 5087.664485469749 314
3180 0.1 5054.21875 0.0 6449.63671875 5052.84375 5087.553943452384 315
3190 0.1 5053.6875 0.0 6449.63671875 5052.84375 5087.448452333864 316
3200 0.1 5054.21875 0.0 6449.63671875 5052.84375 5087.341950906944 317
3210 0.1 5053.1640625 0.0 6449.63671875 5052.84375 5087.237789897802 318
3220 0.1 5052.73828125 0.0 6449.63671875 5052.73828125 5087.130975705332 319
3230 0.1 5053.5 0.0 6449.63671875 5052.73828125 5087.023498535159 320
3240 0.1 5052.8359375 0.0 6449.63671875 5052.73828125 5086.919063960283 321
3250 0.1 5052.30078125 0.0 6449.63671875 5052.30078125 5086.813215741463 322
3260 0.1 5052.28515625 0.0 6449.63671875 5052.28515625 5086.706366099075 323
3270 0.1 5054.27734375 0.0 6449.63671875 5052.28515625 5086.600127797072 324
3280 0.1 5052.125 0.0 6449.63671875 5052.125 5086.500673076926 325
3290 0.1 5052.1484375 0.0 6449.63671875 5052.125 5086.395226226998 326
3300 0.1 5051.57421875 0.0 6449.63671875 5051.57421875 5086.290495986242 327
3310 0.1 5053.45703125 0.0 6449.63671875 5051.57421875 5086.184653677595 328
3320 0.1 5052.51953125 0.0 6449.63671875 5051.57421875 5086.085177621584 329
3330 0.1 5052.71875 0.0 6449.63671875 5051.57421875 5085.98346354167 330
3340 0.1 5052.84375 0.0 6449.63671875 5051.57421875 5085.882965917677 331
3350 0.1 5054.12109375 0.0 6449.63671875 5051.57421875 5085.783450207082 332
3360 0.1 5052.21875 0.0 6449.63671875 5051.57421875 5085.688368055559 333
3370 0.1 5052.875 0.0 6449.63671875 5051.57421875 5085.588159618267 334
3380 0.1 5053.671875 0.0 6449.63671875 5051.57421875 5085.4905083955255 335
3390 0.1 5054.06640625 0.0 6449.63671875 5051.57421875 5085.395810081848 336
3400 0.1 5052.703125 0.0 6449.63671875 5051.57421875 5085.302844491843 337
3410 0.1 5052.51171875 0.0 6449.63671875 5051.57421875 5085.206395617606 338
3420 0.1 5052.54296875 0.0 6449.63671875 5051.57421875 5085.10995114307 339
3430 0.1 5050.96875 0.0 6449.63671875 5050.96875 5085.014165900738 340
3440 0.1 5051.64453125 0.0 6449.63671875 5050.96875 5084.91432597141 341
3450 0.1 5050.45703125 0.0 6449.63671875 5050.45703125 5084.817045869886 342
3460 0.1 5050.62109375 0.0 6449.63671875 5050.45703125 5084.716870900149 343
3470 0.1 5049.93359375 0.0 6449.63671875 5049.93359375 5084.617755268899 344
3480 0.1 5050.36328125 0.0 6449.63671875 5049.93359375 5084.517221467395 345
3490 0.1 5050.50390625 0.0 6449.63671875 5049.93359375 5084.418510657518 346
3500 0.1 5050.92578125 0.0 6449.63671875 5049.93359375 5084.320774045393 347
3510 0.1 5050.73828125 0.0 6449.63671875 5049.93359375 5084.224811422418 348
3520 0.1 5052.234375 0.0 6449.63671875 5049.93359375 5084.12886147923 349
3530 0.1 5051.55078125 0.0 6449.63671875 5049.93359375 5084.037734375004 350
3540 0.1 5050.984375 0.0 6449.63671875 5049.93359375 5083.945178952996 351
3550 0.1 5051.14453125 0.0 6449.63671875 5049.93359375 5083.8515403054025 352
3560 0.1 5051.22265625 0.0 6449.63671875 5049.93359375 5083.758885888815 353
3570 0.1 5049.57421875 0.0 6449.63671875 5049.57421875 5083.666975635598 354
3580 0.1 5051.08203125 0.0 6449.63671875 5049.57421875 5083.570939700709 355
3590 0.1 5050.3828125 0.0 6449.63671875 5049.57421875 5083.479678721915 356
3600 0.1 5050.0703125 0.0 6449.63671875 5049.57421875 5083.38697041317 357
3610 0.1 5050.125 0.0 6449.63671875 5049.57421875 5083.29390712291 358
3620 0.1 5050.7734375 0.0 6449.63671875 5049.57421875 5083.201514623961 359
3630 0.1 5049.734375 0.0 6449.63671875 5049.57421875 5083.111436631951 360
3640 0.1 5049.9375 0.0 6449.63671875 5049.57421875 5083.018979397513 361
3650 0.1 5050.94140625 0.0 6449.63671875 5049.57421875 5082.92759409531 362
3660 0.1 5051.73046875 0.0 6449.63671875 5049.57421875 5082.839477875351 363
3670 0.1 5050.6875 0.0 6449.63671875 5049.57421875 5082.754013564567 364
3680 0.1 5051.3671875 0.0 6449.63671875 5049.57421875 5082.666160102746 365
3690 0.1 5050.94140625 0.0 6449.63671875 5049.57421875 5082.580643784159 366
3700 0.1 5048.68359375 0.0 6449.63671875 5048.68359375 5082.494433327663 367
3710 0.1 5048.84765625 0.0 6449.63671875 5048.68359375 5082.402556046201 368
3720 0.1 5049.6015625 0.0 6449.63671875 5048.68359375 5082.311621358407 369
3730 0.1 5050.015625 0.0 6449.63671875 5048.68359375 5082.223215793925 370
3740 0.1 5049.9296875 0.0 6449.63671875 5048.68359375 5082.136402880734 371
3750 0.1 5049.7734375 0.0 6449.63671875 5048.68359375 5082.04982568885 372
3760 0.1 5048.8359375 0.0 6449.63671875 5048.68359375 5081.963293817031 373
3770 0.1 5049.50390625 0.0 6449.63671875 5048.68359375 5081.874717998002 374
3780 0.1 5048.33984375 0.0 6449.63671875 5048.33984375 5081.7883958333405 375
3790 0.1 5047.51171875 0.0 6449.63671875 5047.51171875 5081.699436918226 376
3800 0.1 5048.30078125 0.0 6449.63671875 5047.51171875 5081.608753315657 377
3810 0.1 5048.2421875 0.0 6449.63671875 5047.51171875 5081.52063698744 378
3820 0.1 5048.66796875 0.0 6449.63671875 5047.51171875 5081.432831052118 379
3830 0.1 5047.95703125 0.0 6449.63671875 5047.51171875 5081.34660773027 380
3840 0.1 5048.63671875 0.0 6449.63671875 5047.51171875 5081.2589710465945 381
3850 0.1 5047.44921875 0.0 6449.63671875 5047.44921875 5081.173572480373 382
3860 0.1 5047.97265625 0.0 6449.63671875 5047.44921875 5081.085519337474 383
3870 0.1 5047.6640625 0.0 6449.63671875 5047.44921875 5080.999287923183 384
3880 0.1 5048.52734375 0.0 6449.63671875 5047.44921875 5080.912702922084 385
3890 0.1 5048.09375 0.0 6449.63671875 5047.44921875 5080.828803027855 386
3900 0.1 5046.55859375 0.0 6449.63671875 5046.55859375 5080.744216327525 387
3910 0.1 5048.08984375 0.0 6449.63671875 5046.55859375 5080.65610905284 388
3920 0.1 5047.51953125 0.0 6449.63671875 5046.55859375 5080.572391147178 389
3930 0.1 5048.05859375 0.0 6449.63671875 5046.55859375 5080.487640224364 390
3940 0.1 5048.84375 0.0 6449.63671875 5046.55859375 5080.404701486578 391
3950 0.1 5048.65234375 0.0 6449.63671875 5046.55859375 5080.324188855235 392
3960 0.1 5047.47265625 0.0 6449.63671875 5046.55859375 5080.243598918581 393
3970 0.1 5048.9765625 0.0 6449.63671875 5046.55859375 5080.160423937188 394
3980 0.1 5048.421875 0.0 6449.63671875 5046.55859375 5080.081477452537 395
3990 0.1 5047.30078125 0.0 6449.63671875 5046.55859375 5080.001528961495 396
4000 0.1 5048.81640625 0.0 6449.63671875 5046.55859375 5079.919159319904 397
4010 0.1 5049.734375 0.0 6449.63671875 5046.55859375 5079.841011699125 398
4020 0.1 5049.2890625 0.0 6449.63671875 5046.55859375 5079.765556469303 399
4030 0.1 5048.5859375 0.0 6449.63671875 5046.55859375 5079.68936523438 400
4040 0.1 5049.48828125 0.0 6449.63671875 5046.55859375 5079.6118005766875 401
4050 0.1 5048.9296875 0.0 6449.63671875 5046.55859375 5079.536866449009 402
4060 0.1 5048.5 0.0 6449.63671875 5046.55859375 5079.460918114148 403
4070 0.1 5046.73046875 0.0 6449.63671875 5046.55859375 5079.384282178222 404
4080 0.1 5047.0390625 0.0 6449.63671875 5046.55859375 5079.303655478399 405
4090 0.1 5048.546875 0.0 6449.63671875 5046.55859375 5079.224186037566 406
4100 0.1 5048.46484375 0.0 6449.63671875 5046.55859375 5079.148811808973 407
4110 0.1 5048.390625 0.0 6449.63671875 5046.55859375 5079.073606004907 408
4120 0.1 5046.9921875 0.0 6449.63671875 5046.55859375 5078.998586491447 409
4130 0.1 5047.25390625 0.0 6449.63671875 5046.55859375 5078.920522103663 410
4140 0.1 5045.73828125 0.0 6449.63671875 5045.73828125 5078.843474376525 411
4150 0.1 5046.6015625 0.0 6449.63671875 5045.73828125 5078.763121966023 412
4160 0.1 5045.9140625 0.0 6449.63671875 5045.73828125 5078.685248940683 413
4170 0.1 5045.72265625 0.0 6449.63671875 5045.72265625 5078.606091485512 414
4180 0.1 5045.65625 0.0 6449.63671875 5045.65625 5078.526854292173 415
4190 0.1 5046.65625 0.0 6449.63671875 5045.65625 5078.44783841647 416
4200 0.1 5045.984375 0.0 6449.63671875 5045.65625 5078.371599595328 417
4210 0.1 5046.27734375 0.0 6449.63671875 5045.65625 5078.294118196774 418
4220 0.1 5047.06640625 0.0 6449.63671875 5045.65625 5078.21770584726 419
4230 0.1 5046.36328125 0.0 6449.63671875 5045.65625 5078.143536086314 420
4240 0.1 5043.98046875 0.0 6449.63671875 5043.98046875 5078.068048545135 421
4250 0.1 5044.8828125 0.0 6449.63671875 5043.98046875 5077.987272289696 422
4260 0.1 5045.515625 0.0 6449.63671875 5043.98046875 5077.9090111554415 423
4270 0.1 5045.8203125 0.0 6449.63671875 5043.98046875 5077.832611659792 424
4280 0.1 5045.26953125 0.0 6449.63671875 5043.98046875 5077.757288602946 425
4290 0.1 5045.68359375 0.0 6449.63671875 5043.98046875 5077.681026261742 426
4300 0.1 5044.1484375 0.0 6449.63671875 5043.98046875 5077.606090822604 427
4310 0.1 5045.78125 0.0 6449.63671875 5043.98046875 5077.527918735402 428
4320 0.1 5044.7890625 0.0 6449.63671875 5043.98046875 5077.453917176578 429
4330 0.1 5045.3046875 0.0 6449.63671875 5043.98046875 5077.37795239826 430
4340 0.1 5046.44921875 0.0 6449.63671875 5043.98046875 5077.303536470422 431
4350 0.1 5046.5859375 0.0 6449.63671875 5043.98046875 5077.2321144386615 432
4360 0.1 5046.375 0.0 6449.63671875 5043.98046875 5077.161338048503 433
4370 0.1 5045.4609375 0.0 6449.63671875 5043.98046875 5077.090401785718 434
4380 0.1 5043.66796875 0.0 6449.63671875 5043.66796875 5077.017690373567 435
4390 0.1 5045.06640625 0.0 6449.63671875 5043.66796875 5076.9412001863575 436
4400 0.1 5045.4375 0.0 6449.63671875 5043.66796875 5076.868260154467 437
4410 0.1 5044.8515625 0.0 6449.63671875 5043.66796875 5076.796500428087 438
4420 0.1 5044.03515625 0.0 6449.63671875 5043.66796875 5076.7237329157215 439
4430 0.1 5045.90234375 0.0 6449.63671875 5043.66796875 5076.649440696027 440
4440 0.1 5044.23046875 0.0 6449.63671875 5043.66796875 5076.57971938776 441
4460 0.1 5043.63671875 0.0 6449.63671875 5043.63671875 5076.5065310379005 442
4470 0.1 5043.19921875 0.0 6449.63671875 5043.19921875 5076.432332816032 443
4480 0.1 5042.921875 0.0 6449.63671875 5042.921875 5076.357483460027 444
4490 0.1 5044.15625 0.0 6449.63671875 5042.921875 5076.28234726124 445
4500 0.1 5047.94921875 0.0 6449.63671875 5042.921875 5076.210315653031 446
4510 0.1 5046.08984375 0.0 6449.63671875 5042.921875 5076.147091722599 447
4520 0.1 5047.109375 0.0 6449.63671875 5042.921875 5076.079999651231 448
4530 0.1 5046.75 0.0 6449.63671875 5042.921875 5076.015477101897 449
4540 0.1 5046.12890625 0.0 6449.63671875 5042.921875 5075.9504427083375 450
4550 0.1 5046.6328125 0.0 6449.63671875 5042.921875 5075.884319567632 451
4560 0.1 5046.78515625 0.0 6449.63671875 5042.921875 5075.819603844031 452
4570 0.1 5047.125 0.0 6449.63671875 5042.921875 5075.755510140732 453
4580 0.1 5047.078125 0.0 6449.63671875 5042.921875 5075.692447343065 454
4590 0.1 5048.15234375 0.0 6449.63671875 5042.921875 5075.629558722531 455
4600 0.1 5049.0234375 0.0 6449.63671875 5042.921875 5075.569301672153 456
4610 0.1 5049.7890625 0.0 6449.63671875 5042.921875 5075.511214442017 457
4620 0.1 5050.47265625 0.0 6449.63671875 5042.921875 5075.455052538214 458
4630 0.1 5051.13671875 0.0 6449.63671875 5042.921875 5075.40062465959 459
4635 0.1 5051.6953125 0.0 6449.63671875 5042.921875 5075.347877038048 460
