10 1.39921875 1.39921875
20 1.99140625 3.390625
30 4.79375 8.184375
40 7.421875 15.60625
50 6.3140625 21.9203125
60 6.53203125 28.45234375
70 8.91328125 37.365625
80 5.584375 42.95
90 11.65859375 54.60859375
100 11.56484375 66.1734375
110 11.4546875 77.628125
120 8.284375 85.9125
130 9.8015625 95.7140625
140 11.05078125 106.76484375
150 13.4390625 120.20390625
160 16.36953125 136.5734375
170 11.96640625 148.53984375
180 13.253125 161.79296875
190 16.7328125 178.52578125
200 17.73046875 196.25625
210 18.2578125 214.5140625
220 15.7625 230.2765625
230 19.87734375 250.15390625
240 19.8875 270.04140625
250 21.85 291.89140625
260 27.6328125 319.52421875
270 20.09453125 339.61875
280 27.290625 366.909375
290 28.36484375 395.27421875
300 29.58125 424.85546875
310 22.396875 447.25234375
320 23.7734375 471.02578125
330 27.21484375 498.240625
340 28.3984375 526.6390625
350 23.0546875 549.69375
360 29.534375 579.228125
370 33.09296875 612.32109375
380 22.6609375 634.98203125
390 35.17265625 670.1546875
400 27.54609375 697.70078125
410 34.37578125 732.0765625
420 34.92109375 766.99765625
430 38.484375 805.48203125
440 42.553125 848.03515625
450 37.64296875 885.678125
460 39.7234375 925.4015625
470 40.13671875 965.53828125
480 41.678125 1007.21640625
490 35.76015625 1042.9765625
500 43.49140625 1086.46796875
510 46.57890625 1133.046875
520 38.50625 1171.553125
530 50.0328125 1221.5859375
540 41.4515625 1263.0375
550 46.05234375 1309.08984375
560 43.42578125 1352.515625
570 43.2921875 1395.8078125
580 48.58125 1444.3890625
590 52.18359375 1496.57265625
600 53.77265625 1550.3453125
610 66.67734375 1617.02265625
620 65.26015625 1682.2828125
630 61.94921875 1744.23203125
640 70.03515625 1814.2671875
650 66.775 1881.0421875
660 60.99453125 1942.03671875
670 62.6046875 2004.64140625
680 59.26640625 2063.9078125
690 67.1359375 2131.04375
700 67.50703125 2198.55078125
710 60.109375 2258.66015625
720 64.309375 2322.96953125
730 67.50703125 2390.4765625
740 51.8015625 2442.278125
750 67.49140625 2509.76953125
760 62.93828125 2572.7078125
770 54.33203125 2627.03984375
780 62.16484375 2689.2046875
790 63.65625 2752.8609375
800 62.28828125 2815.14921875
810 59.0609375 2874.21015625
820 57.41171875 2931.621875
830 67.709375 2999.33125
840 62.5484375 3061.8796875
850 68.321875 3130.2015625
860 71.2328125 3201.434375
870 61.52421875 3262.95859375
880 61.5171875 3324.47578125
890 59.9484375 3384.42421875
900 80.296875 3464.72109375
910 78.54140625 3543.2625
920 79.80390625 3623.06640625
930 82.36796875 3705.434375
940 75.8375 3781.271875
950 82.49375 3863.765625
960 84.3015625 3948.0671875
970 84.73828125 4032.80546875
980 85.621875 4118.42734375
990 96.071875 4214.49921875
1000 82.1453125 4296.64453125
1010 92.70546875 4389.35
1020 86.26015625 4475.61015625
1030 89.66953125 4565.2796875
1040 80.41953125 4645.69921875
1050 86.32578125 4732.025
1060 92.51015625 4824.53515625
1070 98.8125 4923.34765625
1080 80.059375 5003.40703125
1090 80.83828125 5084.2453125
1100 91.3171875 5175.5625
1110 91.85390625 5267.41640625
1120 93.41796875 5360.834375
1130 86.759375 5447.59375
1140 94.4125 5542.00625
1150 78.20234375 5620.20859375
1160 99.28828125 5719.496875
1170 96.653125 5816.15
1180 96.23359375 5912.38359375
1190 91.19765625 6003.58125
1200 97.6875 6101.26875
1210 102.2296875 6203.4984375
1220 86.25234375 6289.75078125
1230 85.525 6375.27578125
1240 95.8203125 6471.09609375
1250 82.55546875 6553.6515625
1260 87.55 6641.2015625
1270 97.8421875 6739.04375
1280 85.25234375 6824.29609375
1290 79.8234375 6904.11953125
1300 94.89296875 6999.0125
1310 90.64609375 7089.65859375
1320 97.2984375 7186.95703125
1330 79.61640625 7266.5734375
1340 88.384375 7354.9578125
1350 89.26953125 7444.22734375
1360 98.25 7542.47734375
1370 90.034375 7632.51171875
1380 87.89375 7720.40546875
1390 89.01640625 7809.421875
1400 86.6140625 7896.0359375
1410 91.35078125 7987.38671875
1420 94.43125 8081.81796875
1430 100.3046875 8182.12265625
1440 95.9 8278.02265625
1450 86.08359375 8364.10625
1460 89.0359375 8453.1421875
1470 103.9390625 8557.08125
1480 90.89375 8647.975
1490 94.1578125 8742.1328125
1500 90.5640625 8832.696875
1510 93.0015625 8925.6984375
1520 85.734375 9011.4328125
1530 88.3890625 9099.821875
1540 94.77890625 9194.60078125
1550 92.69375 9287.29453125
1560 96.56015625 9383.8546875
1570 84.90625 9468.7609375
1580 87.28671875 9556.04765625
1590 96.5640625 9652.61171875
1600 85.628125 9738.23984375
1610 93.0359375 9831.27578125
1620 82.41875 9913.69453125
1630 83.765625 9997.46015625
1640 90.04609375 10087.50625
1650 94.71015625 10182.21640625
1660 87.74140625 10269.9578125
1670 101.64609375 10371.60390625
1680 86.32265625 10457.9265625
1690 103.09453125 10561.02109375
1700 86.56953125 10647.590625
1710 96.81875 10744.409375
1720 84.92578125 10829.33515625
1730 98.4515625 10927.78671875
1740 90.35 11018.13671875
1750 86.1125 11104.24921875
1760 102.959375 11207.20859375
1770 86.73046875 11293.9390625
1780 95.07734375 11389.01640625
1790 92.01640625 11481.0328125
1800 91.85546875 11572.88828125
1810 86.96171875 11659.85
1820 101.7109375 11761.5609375
1830 81.9640625 11843.525
1840 98.22734375 11941.75234375
1850 95.659375 12037.41171875
1860 92.12578125 12129.5375
1870 87.18125 12216.71875
1880 91.04765625 12307.76640625
1890 81.7828125 12389.54921875
1900 98.98359375 12488.5328125
1910 92.7421875 12581.275
1920 90.6328125 12671.9078125
1930 92.78203125 12764.68984375
1940 92.75703125 12857.446875
1950 93.30390625 12950.75078125
1960 93.690625 13044.44140625
1970 87.075 13131.51640625
1980 95.86953125 13227.3859375
1990 90.7234375 13318.109375
2000 84.471875 13402.58125
2010 84.428125 13487.009375
2020 93.27890625 13580.28828125
2030 92.6515625 13672.93984375
2040 86.40859375 13759.3484375
2050 109.0765625 13868.425
2060 86.3921875 13954.8171875
2070 88.4859375 14043.303125
2080 92.23984375 14135.54296875
2090 87.6609375 14223.20390625
2100 92.69140625 14315.8953125
2110 92.5296875 14408.425
2120 94.53046875 14502.95546875
2130 89.9046875 14592.86015625
2140 98.0828125 14690.94296875
2150 81.02109375 14771.9640625
2160 87.96796875 14859.93203125
2170 94.21484375 14954.146875
2180 96.46171875 15050.60859375
2190 95.5484375 15146.15703125
2200 90.5 15236.65703125
2210 91.903125 15328.56015625
2220 98.4859375 15427.04609375
2230 98.684375 15525.73046875
2240 93.3 15619.03046875
2250 98.603125 15717.63359375
2260 102.35859375 15819.9921875
2270 92.5359375 15912.528125
2280 98.7203125 16011.2484375
2290 89.37890625 16100.62734375
2300 92.92109375 16193.5484375
2310 88.38046875 16281.92890625
2320 95.66875 16377.59765625
2330 91.1390625 16468.73671875
2340 88.15546875 16556.8921875
2350 80.86640625 16637.75859375
2360 97.1984375 16734.95703125
2370 103.93046875 16838.8875
2380 86.20546875 16925.09296875
2390 88.36015625 17013.453125
2400 81.48515625 17094.93828125
2410 87.2671875 17182.20546875
2420 98.44296875 17280.6484375
2430 94.8125 17375.4609375
2440 95.46171875 17470.92265625
2450 91.14296875 17562.065625
2460 89.56640625 17651.63203125
2470 95.0046875 17746.63671875
2480 95.44921875 17842.0859375
2490 99.0796875 17941.165625
2500 85.43671875 18026.60234375
2510 84.8203125 18111.42265625
2520 96.81875 18208.24140625
2530 90.46953125 18298.7109375
2540 96.4359375 18395.146875
2550 99.1296875 18494.2765625
2560 92.1875 18586.4640625
2570 93.35859375 18679.82265625
2580 88.6265625 18768.44921875
2590 91.33359375 18859.7828125
2600 105.95859375 18965.74140625
2610 90.68984375 19056.43125
2620 96.76875 19153.2
2630 85.41015625 19238.61015625
2640 88.28828125 19326.8984375
2650 87.08203125 19413.98046875
2660 92.79140625 19506.771875
2670 95.61484375 19602.38671875
2680 79.584375 19681.97109375
2690 89.55703125 19771.528125
2700 87.8 19859.328125
2710 87.9609375 19947.2890625
2720 96.215625 20043.5046875
2730 92.1671875 20135.671875
2740 94.428125 20230.1
2750 88.0453125 20318.1453125
2760 98.33515625 20416.48046875
2770 95.909375 20512.38984375
2780 92.7953125 20605.18515625
2790 90.95546875 20696.140625
2800 88.63359375 20784.77421875
2810 89.91640625 20874.690625
2820 92.08984375 20966.78046875
2830 90.3828125 21057.16328125
2840 98.06796875 21155.23125
2850 85.63203125 21240.86328125
2860 99.05078125 21339.9140625
2870 93.37421875 21433.28828125
2880 90.5890625 21523.87734375
2890 89.0453125 21612.92265625
2900 88.9015625 21701.82421875
2910 93.18984375 21795.0140625
2920 98.296875 21893.3109375
2930 94.71875 21988.0296875
2940 93.9640625 22081.99375
2950 94.38828125 22176.38203125
2960 97.7109375 22274.09296875
2970 78.209375 22352.30234375
2980 97.12109375 22449.4234375
2990 88.5359375 22537.959375
3000 95.48984375 22633.44921875
3010 79.66484375 22713.1140625
3020 87.19921875 22800.31328125
3030 81.465625 22881.77890625
3040 86.86953125 22968.6484375
3050 96.05 23064.6984375
3060 85.43046875 23150.12890625
3070 96.74296875 23246.871875
3080 85.50234375 23332.37421875
3090 92.81640625 23425.190625
3100 93.1625 23518.353125
3110 90.690625 23609.04375
3120 89.30234375 23698.34609375
3130 94.6265625 23792.97265625
3140 90.603125 23883.57578125
3150 95.9609375 23979.53671875
3160 88.44296875 24067.9796875
3170 83.56328125 24151.54296875
3180 91.08203125 24242.625
3190 87.4859375 24330.1109375
3200 89.709375 24419.8203125
3210 101.03671875 24520.85703125
3220 89.63125 24610.48828125
3230 88.65859375 24699.146875
3240 92.33828125 24791.48515625
3250 81.06328125 24872.5484375
3260 96.00703125 24968.55546875
3270 80.9921875 25049.54765625
3280 78.55859375 25128.10625
3290 77.0546875 25205.1609375
3300 82.2609375 25287.421875
3310 82.7109375 25370.1328125
3320 105.86796875 25476.00078125
3330 83.5546875 25559.55546875
3340 96.696875 25656.25234375
3350 93.41015625 25749.6625
3360 83.5421875 25833.2046875
3370 89.01875 25922.2234375
3380 89.8765625 26012.1
3390 93.7046875 26105.8046875
3400 87.32265625 26193.12734375
3410 84.278125 26277.40546875
3420 83.16796875 26360.5734375
3430 93.43828125 26454.01171875
3440 86.1859375 26540.19765625
3450 82.73125 26622.92890625
3460 81.0078125 26703.93671875
3470 91.09453125 26795.03125
3480 86.646875 26881.678125
3490 86.24140625 26967.91953125
3500 98.6390625 27066.55859375
3510 95.22890625 27161.7875
3520 98.1125 27259.9
3530 80.990625 27340.890625
3540 97.78984375 27438.68046875
3550 84.3703125 27523.05078125
3560 92.4703125 27615.52109375
3570 99.0625 27714.58359375
3580 86.12578125 27800.709375
3590 78.2796875 27878.9890625
3600 94.1390625 27973.128125
3610 84.30625 28057.434375
3620 93.79375 28151.228125
3630 88.825 28240.053125
3640 103.1515625 28343.2046875
3650 82.76171875 28425.96640625
3660 99.51875 28525.48515625
3670 91.77421875 28617.259375
3680 90.07734375 28707.33671875
3690 85.63046875 28792.9671875
3700 91.0796875 28884.046875
3710 95.9375 28979.984375
3720 91.621875 29071.60625
3730 85.69296875 29157.29921875
3740 79.7125 29237.01171875
3750 93.9359375 29330.94765625
3760 83.69765625 29414.6453125
3770 84.76953125 29499.41484375
3780 86.71484375 29586.1296875
3790 87.98046875 29674.11015625
3800 81.4609375 29755.57109375
3810 84.55859375 29840.1296875
3820 100.990625 29941.1203125
3830 93.1125 30034.2328125
3840 89.7109375 30123.94375
3850 85.4484375 30209.3921875
3860 89.55625 30298.9484375
3870 89.64296875 30388.59140625
3880 82.70234375 30471.29375
3890 90.09296875 30561.38671875
3900 86.840625 30648.22734375
3910 95.63046875 30743.8578125
3920 85.13828125 30828.99609375
3930 92.97734375 30921.9734375
3940 85.61328125 31007.58671875
3950 84.63046875 31092.2171875
3960 85.79765625 31178.01484375
3970 84.99765625 31263.0125
3980 83.1140625 31346.1265625
3990 84.75234375 31430.87890625
4000 94.0875 31524.96640625
4010 90.371875 31615.33828125
4020 76.4140625 31691.75234375
4030 82.6015625 31774.35390625
4040 92.2765625 31866.63046875
4050 93.296875 31959.92734375
4060 95.80234375 32055.7296875
4070 82.5578125 32138.2875
4080 95.67265625 32233.96015625
4090 91.98203125 32325.9421875
4100 96.628125 32422.5703125
4110 89.98984375 32512.56015625
4120 86.07421875 32598.634375
4130 82.071875 32680.70625
4140 90.09453125 32770.80078125
4150 87.540625 32858.34140625
4160 78.23203125 32936.5734375
4170 87.49453125 33024.06796875
4180 91.8703125 33115.93828125
4190 94.4421875 33210.38046875
4200 89.7234375 33300.10390625
4210 91.61640625 33391.7203125
4220 87.43984375 33479.16015625
4230 80.16171875 33559.321875
4240 94.759375 33654.08125
4250 84.30078125 33738.38203125
4260 91.74609375 33830.128125
4270 84.9203125 33915.0484375
4280 88.73671875 34003.78515625
4290 89.8171875 34093.60234375
4300 95.3203125 34188.92265625
4310 84.18046875 34273.103125
4320 84.0921875 34357.1953125
4330 85.8140625 34443.009375
4340 87.4140625 34530.4234375
4350 87.0671875 34617.490625
4360 81.31328125 34698.80390625
4370 90.375 34789.17890625
4380 85.0421875 34874.22109375
4390 90.88671875 34965.1078125
4400 82.82578125 35047.93359375
4410 83.92734375 35131.8609375
4420 82.31796875 35214.17890625
4430 89.31484375 35303.49375
4440 87.8828125 35391.3765625
4450 84.4140625 35475.790625
4460 91.91875 35567.709375
4470 94.36171875 35662.07109375
4480 96.99609375 35759.0671875
4490 114.38203125 35873.44921875
4500 92.7421875 35966.19140625
4510 85.46640625 36051.6578125
4520 72.43671875 36124.09453125
4530 50.70390625 36174.7984375
4540 35.35234375 36210.15078125
4550 18.1140625 36228.26484375
4560 17.846875 36246.11171875
4570 16.59921875 36262.7109375
4580 14.30078125 36277.01171875
4590 16.56328125 36293.575
4600 10.37890625 36303.95390625
4610 6.134375 36310.08828125
4620 2.9625 36313.05078125
4630 2.1984375 36315.24921875
4635 0.5734375 36315.82265625
