10 0.1 1.3061120973877758 0 1.3061120973877758 1.3061120973877758 0 0
20 0.1 9.563781477913857 0.0 9.563781477913857 1.3061120973877758 1.3061120973877758 1
30 0.1 9.893066574680924 0.0 9.893066574680924 1.3061120973877758 5.434946787650816 2
40 0.1 4.530234390388024 0.0 9.893066574680924 1.3061120973877758 6.920986716660852 3
50 0.1 3.6809815950920246 0.0 9.893066574680924 1.3061120973877758 6.323298635092645 4
60 0.1 3.023841829811979 0.0 9.893066574680924 1.3061120973877758 5.794835227092521 5
70 0.1 3.308368609573429 0.0 9.893066574680924 1.3061120973877758 5.33300299421243 6
80 0.1 2.2843614026106986 0.0 9.893066574680924 1.3061120973877758 5.043769510692573 7
90 0.1 2.909984480082773 0.0 9.893066574680924 1.3061120973877758 4.698843497182339 8
100 0.1 1.6412286863784407 0.0 9.893066574680924 1.3061120973877758 4.500081384171277 9
110 0.1 1.9411877762829137 0.0 9.893066574680924 1.3061120973877758 4.214196114391993 10
120 0.1 1.7466692165487345 0.0 9.893066574680924 1.3061120973877758 4.007558992745714 11
130 0.1 2.228358592345235 0.0 9.893066574680924 1.3061120973877758 3.8191515113959653 12
140 0.1 2.490027023549093 0.0 9.893066574680924 1.3061120973877758 3.69678282531514 13
150 0.1 3.2689064729536907 0.0 9.893066574680924 1.3061120973877758 3.6105859823318514 14
160 0.1 3.3636363636363638 0.0 9.893066574680924 1.3061120973877758 3.5878073483733073 15
170 0.1 3.603896103896104 0.0 9.893066574680924 1.3061120973877758 3.5737966618272483 16
180 0.1 3.1971465629053175 0.0 9.893066574680924 1.3061120973877758 3.5755672172430635 17
190 0.1 3.4908805648166306 0.0 9.893066574680924 1.3061120973877758 3.554543847557633 18
200 0.1 3.769056114174505 0.0 9.893066574680924 1.3061120973877758 3.5511931484660013 19
210 0.1 3.9728618957531476 0.0 9.893066574680924 1.3061120973877758 3.5620862967514264 20
220 0.1 3.4388787957435767 0.0 9.893066574680924 1.3061120973877758 3.5816470395610316 21
230 0.1 3.2831559823514143 0.0 9.893066574680924 1.3061120973877758 3.5751575739329655 22
240 0.1 3.201058201058201 0.0 9.893066574680924 1.3061120973877758 3.562461852559855 23
250 0.1 4.068837566374512 0.0 9.893066574680924 1.3061120973877758 3.5474033670806193 24
260 0.1 5.045355227438257 0.0 9.893066574680924 1.3061120973877758 3.568260735052375 25
270 0.1 6.042536275094414 0.0 9.893066574680924 1.3061120973877758 3.6250720616826015 26
280 0.1 4.886895733034359 0.0 9.893066574680924 1.3061120973877758 3.714607773290447 27
290 0.1 4.960042269334918 0.0 9.893066574680924 1.3061120973877758 3.756475200424158 28
300 0.1 6.526806526806526 0.0 9.893066574680924 1.3061120973877758 3.7979775131452187 29
310 0.1 6.6909237921972915 0.0 9.893066574680924 1.3061120973877758 3.8889384802672624 30
320 0.1 6.12818967249347 0.0 9.893066574680924 1.3061120973877758 3.9793251032327475 31
330 0.1 6.267120999532303 0.0 9.893066574680924 1.3061120973877758 4.046477121022145 32
340 0.1 5.721622333421122 0.0 9.893066574680924 1.3061120973877758 4.113769359764876 33
350 0.1 6.21630615640599 0.0 9.893066574680924 1.3061120973877758 4.161059153107708 34
360 0.1 5.832719480345543 0.0 9.893066574680924 1.3061120973877758 4.219780496059087 35
370 0.1 6.734544486590803 0.0 9.893066574680924 1.3061120973877758 4.26458435673371 36
380 0.1 9.030671493954506 0.0 9.893066574680924 1.3061120973877758 4.331340035919037 37
390 0.1 9.35367042763616 0.0 9.893066574680924 1.3061120973877758 4.45500665323576 38
400 0.1 10.630753494715309 0.0 10.630753494715309 1.3061120973877758 4.580613416681924 39
410 0.1 10.013986013986013 0.0 10.630753494715309 1.3061120973877758 4.731866918632759 40
420 0.1 8.676044961970788 0.0 10.630753494715309 1.3061120973877758 4.860699091690156 41
430 0.1 8.601712189156135 0.0 10.630753494715309 1.3061120973877758 4.9515406600301715 42
440 0.1 10.153654485049834 0.0 10.630753494715309 1.3061120973877758 5.036428370009845 43
450 0.1 8.510493785233987 0.0 10.630753494715309 1.3061120973877758 5.15272896353348 44
460 0.1 8.002976593153836 0.0 10.630753494715309 1.3061120973877758 5.22734595957127 45
470 0.1 9.814853052515659 0.0 10.630753494715309 1.3061120973877758 5.2876857559535 46
480 0.1 10.269151138716357 0.0 10.630753494715309 1.3061120973877758 5.384008464390993 47
490 0.1 9.094647385374547 0.0 10.630753494715309 1.3061120973877758 5.485782270106104 48
500 0.1 11.014593467685893 0.0 11.014593467685893 1.3061120973877758 5.559432578580971 49
510 0.1 11.469534050179211 0.0 11.469534050179211 1.3061120973877758 5.668535796363069 50
520 0.1 9.880445238422427 0.0 11.469534050179211 1.3061120973877758 5.782280860163386 51
530 0.1 13.340886559977342 0.0 13.340886559977342 1.3061120973877758 5.861091713591445 52
540 0.1 12.96401246812128 0.0 13.340886559977342 1.3061120973877758 6.002219918240235 53
550 0.1 9.187375915656878 0.0 13.340886559977342 1.3061120973877758 6.131142002497291 54
560 0.1 11.05091338473293 0.0 13.340886559977342 1.3061120973877758 6.186709891827466 55
570 0.1 9.6883135157954 0.0 13.340886559977342 1.3061120973877758 6.273570668486492 56
580 0.1 9.284801184148558 0.0 13.340886559977342 1.3061120973877758 6.333478437737526 57
590 0.1 12.251771805487333 0.0 13.340886559977342 1.3061120973877758 6.384363312675647 58
600 0.1 13.156773643851178 0.0 13.340886559977342 1.3061120973877758 6.483810914248727 59
610 0.1 15.708204055126632 0.0 15.708204055126632 1.3061120973877758 6.595026959742101 60
620 0.1 16.923189680445617 0.0 16.923189680445617 1.3061120973877758 6.744423305568077 61
630 0.1 19.324970131421747 0.0 19.324970131421747 1.3061120973877758 6.908596956775779 62
640 0.1 20.69199457259159 0.0 20.69199457259159 1.3061120973877758 7.105682245262224 63
650 0.1 18.261834319526628 0.0 20.69199457259159 1.3061120973877758 7.317968375376744 64
660 0.1 17.395143487858718 0.0 20.69199457259159 1.3061120973877758 7.486335543748281 65
670 0.1 22.210349564951915 0.0 22.210349564951915 1.3061120973877758 7.636468997446924 66
680 0.1 21.25900644671976 0.0 22.210349564951915 1.3061120973877758 7.853989602932073 67
690 0.1 22.642967542503865 0.0 22.642967542503865 1.3061120973877758 8.05112220357601 68
700 0.1 16.104008044821146 0.0 22.642967542503865 1.3061120973877758 8.262598222980762 69
710 0.1 16.43427741466957 0.0 22.642967542503865 1.3061120973877758 8.374618363292766 70
720 0.1 17.21584598296927 0.0 22.642967542503865 1.3061120973877758 8.488134687960047 71
730 0.1 18.6875367430923 0.0 22.642967542503865 1.3061120973877758 8.60935290039073 72
740 0.1 18.496085093810017 0.0 22.642967542503865 1.3061120973877758 8.747410213304452 73
750 0.1 18.6039589224587 0.0 22.642967542503865 1.3061120973877758 8.879149063041014 74
760 0.1 20.98765432098765 0.0 22.642967542503865 1.3061120973877758 9.008813194499917 75
770 0.1 19.02962962962963 0.0 22.642967542503865 1.3061120973877758 9.166429525111598 76
780 0.1 19.233355749831876 0.0 22.642967542503865 1.3061120973877758 9.29452303296248 77
790 0.1 19.089958158995817 0.0 22.642967542503865 1.3061120973877758 9.421943965230037 78
800 0.1 17.51990067917914 0.0 22.642967542503865 1.3061120973877758 9.544323891733402 79
810 0.1 22.80448717948718 0.0 22.80448717948718 1.3061120973877758 9.644018601576473 80
820 0.1 15.480274442538594 0.0 22.80448717948718 1.3061120973877758 9.80649352229142 81
830 0.1 24.376514736924403 0.0 24.376514736924403 1.3061120973877758 9.875685972538339 82
840 0.1 19.260251544243506 0.0 24.376514736924403 1.3061120973877758 10.050394752832146 83
850 0.1 19.86521901909397 0.0 24.376514736924403 1.3061120973877758 10.160035905110853 84
860 0.1 19.09288226929122 0.0 24.376514736924403 1.3061120973877758 10.274214529981242 85
870 0.1 20.004481960110553 0.0 24.376514736924403 1.3061120973877758 10.376757178112753 86
880 0.1 21.533788914198936 0.0 24.376514736924403 1.3061120973877758 10.487420681354106 87
890 0.1 17.540753854097517 0.0 24.376514736924403 1.3061120973877758 10.61294759309098 88
900 0.1 17.324561403508774 0.0 24.376514736924403 1.3061120973877758 10.69078811287757 89
910 0.1 16.18042924699891 0.0 24.376514736924403 1.3061120973877758 10.764496704995695 90
920 0.1 17.137435223706298 0.0 24.376514736924403 1.3061120973877758 10.82401244721551 91
930 0.1 18.317674040097653 0.0 24.376514736924403 1.3061120973877758 10.892636607829541 92
940 0.1 16.821608959812608 0.0 24.376514736924403 1.3061120973877758 10.972475720004468 93
950 0.1 16.680067246546304 0.0 24.376514736924403 1.3061120973877758 11.034700541704556 94
960 0.1 16.465805140119063 0.0 24.376514736924403 1.3061120973877758 11.0941254543871 95
970 0.1 19.831129044309943 0.0 24.376514736924403 1.3061120973877758 11.150080451113475 96
980 0.1 22.553061536112384 0.0 24.376514736924403 1.3061120973877758 11.239575797435089 97
990 0.1 21.37093675555214 0.0 24.376514736924403 1.3061120973877758 11.355019529462409 98
1000 0.1 18.1055420622654 0.0 24.376514736924403 1.3061120973877758 11.45619041053402 99
1010 0.1 18.889137070955254 0.0 24.376514736924403 1.3061120973877758 11.522683927051334 100
1020 0.1 17.92529286082664 0.0 24.376514736924403 1.3061120973877758 11.595619106693947 101
1030 0.1 16.482397439627583 0.0 24.376514736924403 1.3061120973877758 11.657674731734465 102
1040 0.1 23.430510566095943 0.0 24.376514736924403 1.3061120973877758 11.704516699772263 103
1050 0.1 22.045841722161992 0.0 24.376514736924403 1.3061120973877758 11.817266640794607 104
1060 0.1 19.75508999704928 0.0 24.376514736924403 1.3061120973877758 11.914681641569535 105
1070 0.1 20.602938948644145 0.0 24.376514736924403 1.3061120973877758 11.988647758130664 106
1080 0.1 20.742078723564386 0.0 24.376514736924403 1.3061120973877758 12.069155152434528 107
1090 0.1 16.086609024195305 0.0 24.376514736924403 1.3061120973877758 12.14946000031536 108
1100 0.1 16.02698977000653 0.0 24.376514736924403 1.3061120973877758 12.185580633561965 109
1110 0.1 19.368404954886067 0.0 24.376514736924403 1.3061120973877758 12.220502534802371 110
1120 0.1 16.68129296475062 0.0 24.376514736924403 1.3061120973877758 12.284898052100422 111
1130 0.1 18.207922250036813 0.0 24.376514736924403 1.3061120973877758 12.324151578106227 112
1140 0.1 18.754226463295513 0.0 24.376514736924403 1.3061120973877758 12.376220345114461 113
1150 0.1 19.760390474781836 0.0 24.376514736924403 1.3061120973877758 12.432167767203769 114
1160 0.1 16.522371771553292 0.0 24.376514736924403 1.3061120973877758 12.495891442921838 115
1170 0.1 21.190240936383674 0.0 24.376514736924403 1.3061120973877758 12.530602480237627 116
1180 0.1 17.295712715280324 0.0 24.376514736924403 1.3061120973877758 12.60461648413631 117
1190 0.1 21.975591151792525 0.0 24.376514736924403 1.3061120973877758 12.644371536942616 118
1200 0.1 28.401183715908186 0.0 28.401183715908186 1.3061120973877758 12.72278514715144 119
1210 0.1 28.472277622656563 0.0 28.472277622656563 1.3061120973877758 12.853438468557746 120
1220 0.1 32.82790620598227 0.0 32.82790620598227 1.3061120973877758 12.982519783880877 121
1230 0.1 29.407811843763128 0.0 32.82790620598227 1.3061120973877758 13.14518688570138 122
1240 0.1 23.6734693877551 0.0 32.82790620598227 1.3061120973877758 13.277403348775051 123
1250 0.1 26.748544541031983 0.0 32.82790620598227 1.3061120973877758 13.361242591024892 124
1260 0.1 29.17001123775887 0.0 32.82790620598227 1.3061120973877758 13.468341006624948 125
1270 0.1 30.235612839668335 0.0 32.82790620598227 1.3061120973877758 13.592957437030774 126
1280 0.1 30.164755289937006 0.0 32.82790620598227 1.3061120973877758 13.724001967760204 127
1290 0.1 41.266395296246046 0.0 41.266395296246046 1.3061120973877758 13.85244535308971 128
1300 0.1 31.63256922192096 0.0 41.266395296246046 1.3061120973877758 14.064956592959138 129
1310 0.1 34.31208053691275 0.0 41.266395296246046 1.3061120973877758 14.200092074720382 130
1320 0.1 29.06804733727811 0.0 41.266395296246046 1.3061120973877758 14.353618704202768 131
1330 0.1 27.792871983378614 0.0 41.266395296246046 1.3061120973877758 14.465091648392733 132
1340 0.1 28.480599934789698 0.0 41.266395296246046 1.3061120973877758 14.565300523091874 133
1350 0.1 25.646618884387664 0.0 41.266395296246046 1.3061120973877758 14.669146041089618 134
1360 0.1 26.208090665827164 0.0 41.266395296246046 1.3061120973877758 14.750460654743678 135
1370 0.1 29.939344925192074 0.0 41.266395296246046 1.3061120973877758 14.834707934236938 136
1380 0.1 28.007066002890635 0.0 41.266395296246046 1.3061120973877758 14.944960758988437 137
1390 0.1 26.709250059143603 0.0 41.266395296246046 1.3061120973877758 15.039613695538453 138
1400 0.1 31.232068202311662 0.0 41.266395296246046 1.3061120973877758 15.123567913981653 139
1410 0.1 33.45347862531433 0.0 41.266395296246046 1.3061120973877758 15.238628630326867 140
1420 0.1 32.62511411735414 0.0 41.266395296246046 1.3061120973877758 15.36781196362465 141
1430 0.1 27.503391047634246 0.0 41.266395296246046 1.3061120973877758 15.489342260481902 142
1440 0.1 28.437123342707913 0.0 41.266395296246046 1.3061120973877758 15.573356587664783 143
1450 0.1 28.08979787489015 0.0 41.266395296246046 1.3061120973877758 15.66268830124147 144
1460 0.1 29.531783449845555 0.0 41.266395296246046 1.3061120973877758 15.74839250519767 145
1470 0.1 32.30731143753094 0.0 41.266395296246046 1.3061120973877758 15.842799292489778 146
1480 0.1 37.00712176480806 0.0 41.266395296246046 1.3061120973877758 15.954802776469652 147
1490 0.1 29.489557293766634 0.0 41.266395296246046 1.3061120973877758 16.097048175039507 148
1500 0.1 34.98322147651007 0.0 41.266395296246046 1.3061120973877758 16.18693078657459 149
1510 0.1 28.095009596928982 0.0 41.266395296246046 1.3061120973877758 16.31223939117416 150
1520 0.1 29.169669308991914 0.0 41.266395296246046 1.3061120973877758 16.390270981940745 151
1530 0.1 29.92589012405349 0.0 41.266395296246046 1.3061120973877758 16.474345970934504 152
1540 0.1 25.747981636852934 0.0 41.266395296246046 1.3061120973877758 16.56226456017058 153
1550 0.1 27.45546271480372 0.0 41.266395296246046 1.3061120973877758 16.62191207365553 154
1560 0.1 30.509861690809398 0.0 41.266395296246046 1.3061120973877758 16.69180594875971 155
1570 0.1 28.287147438533015 0.0 41.266395296246046 1.3061120973877758 16.780383229157465 156
1580 0.1 25.46790937334243 0.0 41.266395296246046 1.3061120973877758 16.853674720936926 157
1590 0.1 32.05170699370235 0.0 41.266395296246046 1.3061120973877758 16.908195193420507 158
1600 0.1 32.057180414065066 0.0 41.266395296246046 1.3061120973877758 17.003437406000895 159
1610 0.1 29.70434498529892 0.0 41.266395296246046 1.3061120973877758 17.097523299801296 160
1620 0.1 31.547964513721915 0.0 41.266395296246046 1.3061120973877758 17.17582654008389 161
1630 0.1 30.434782608695656 0.0 41.266395296246046 1.3061120973877758 17.26454344115573 162
1640 0.1 30.895645028759244 0.0 41.266395296246046 1.3061120973877758 17.345342454453522 163
1650 0.1 32.691029900332225 0.0 41.266395296246046 1.3061120973877758 17.427966250638313 164
1660 0.1 29.434084120448855 0.0 41.266395296246046 1.3061120973877758 17.520469666697064 165
1670 0.1 29.82456140350877 0.0 41.266395296246046 1.3061120973877758 17.592238428466654 166
1680 0.1 26.45018915510719 0.0 41.266395296246046 1.3061120973877758 17.665485871430977 167
1690 0.1 29.238726361726204 0.0 41.266395296246046 1.3061120973877758 17.71777577192905 168
1700 0.1 29.577691811734365 0.0 41.266395296246046 1.3061120973877758 17.78594707719412 169
1710 0.1 34.162800506115566 0.0 41.266395296246046 1.3061120973877758 17.855310281514946 170
1720 0.1 32.28339947089947 0.0 41.266395296246046 1.3061120973877758 17.95067572142489 171
1730 0.1 34.659090909090914 0.0 41.266395296246046 1.3061120973877758 18.03400551066602 172
1740 0.1 30.87546239210851 0.0 41.266395296246046 1.3061120973877758 18.130104270194487 173
1750 0.1 36.09958506224066 0.0 41.266395296246046 1.3061120973877758 18.20335345480319 174
1760 0.1 25.85124745018045 0.0 41.266395296246046 1.3061120973877758 18.305617635417118 175
1770 0.1 35.86099315365283 0.0 41.266395296246046 1.3061120973877758 18.348490532091912 176
1780 0.1 36.067530695770806 0.0 41.266395296246046 1.3061120973877758 18.447431224869096 177
1790 0.1 37.88948183852642 0.0 41.266395296246046 1.3061120973877758 18.54642054773933 178
1800 0.1 46.58594319009468 0.0 46.58594319009468 1.3061120973877758 18.65448234265993 179
1810 0.1 50.21580033777444 0.0 50.21580033777444 1.3061120973877758 18.809657125145677 180
1820 0.1 45.75886782182709 0.0 50.21580033777444 1.3061120973877758 18.983171728530365 181
1830 0.1 53.25195312499999 0.0 53.25195312499999 1.3061120973877758 19.130290937834193 182
1840 0.1 36.369083283403235 0.0 53.25195312499999 1.3061120973877758 19.316748108255865 183
1850 0.1 37.61585993820803 0.0 53.25195312499999 1.3061120973877758 19.409423842903404 184
1860 0.1 37.14919389234838 0.0 53.25195312499999 1.3061120973877758 19.50783701098613 185
1870 0.1 49.6488435246746 0.0 53.25195312499999 1.3061120973877758 19.602683015724633 186
1880 0.1 45.098749773509695 0.0 53.25195312499999 1.3061120973877758 19.763357670852706 187
1890 0.1 45.96364978319033 0.0 53.25195312499999 1.3061120973877758 19.89812039480301 188
1900 0.1 44.585001820167456 0.0 53.25195312499999 1.3061120973877758 20.03603324870982 189
1910 0.1 42.67195767195767 0.0 53.25195312499999 1.3061120973877758 20.165238346454334 190
1920 0.1 43.727986995394204 0.0 53.25195312499999 1.3061120973877758 20.28307457328943 191
1930 0.1 46.59216845216106 0.0 53.25195312499999 1.3061120973877758 20.40518349215456 192
1940 0.1 54.19563767977903 0.0 54.19563767977903 1.3061120973877758 20.540867352050963 193
1950 0.1 50.05250596658711 0.0 54.19563767977903 1.3061120973877758 20.71434554961657 194
1960 0.1 45.18552036199095 0.0 54.19563767977903 1.3061120973877758 20.86479765431898 195
1970 0.1 59.42552977804559 0.0 59.42552977804559 1.3061120973877758 20.988882974256082 196
1980 0.1 42.10948644793152 0.0 59.42552977804559 1.3061120973877758 21.18399285650882 197
1990 0.1 40.3149190710767 0.0 59.42552977804559 1.3061120973877758 21.289677167576613 198
2000 0.1 39.033908594224265 0.0 59.42552977804559 1.3061120973877758 21.385281398247464 199
2010 0.1 48.59392575928009 0.0 59.42552977804559 1.3061120973877758 21.473524534227348 200
2020 0.1 43.25 0.0 59.42552977804559 1.3061120973877758 21.608451903506218 201
2030 0.1 37.28291556163914 0.0 59.42552977804559 1.3061120973877758 21.715588280221535 202
2040 0.1 42.835595776772244 0.0 59.42552977804559 1.3061120973877758 21.792274621509304 203
2050 0.1 43.00402324541797 0.0 59.42552977804559 1.3061120973877758 21.895428156584124 204
2060 0.1 38.969125659430944 0.0 59.42552977804559 1.3061120973877758 21.99839691311502 205
2070 0.1 43.2942238267148 0.0 59.42552977804559 1.3061120973877758 22.08077909149519 206
2080 0.1 40.30125229880024 0.0 59.42552977804559 1.3061120973877758 22.18325950084408 207
2090 0.1 49.35354850711562 0.0 59.42552977804559 1.3061120973877758 22.27036523544964 208
2100 0.1 44.74865350089767 0.0 59.42552977804559 1.3061120973877758 22.399949844404976 209
2110 0.1 43.360457837789504 0.0 59.42552977804559 1.3061120973877758 22.506372242769228 210
2120 0.1 46.41741686569906 0.0 59.42552977804559 1.3061120973877758 22.60520677165558 211
2130 0.1 40.657976412166356 0.0 59.42552977804559 1.3061120973877758 22.717528517382203 212
2140 0.1 45.056652046783626 0.0 59.42552977804559 1.3061120973877758 22.80175597228729 213
2150 0.1 45.80159593761335 0.0 59.42552977804559 1.3061120973877758 22.9057508137569 214
2160 0.1 45.77535243292405 0.0 59.42552977804559 1.3061120973877758 23.012243116658556 215
2170 0.1 34.56066945606695 0.0 59.42552977804559 1.3061120973877758 23.117627882011636 216
2180 0.1 35.98847555291925 0.0 59.42552977804559 1.3061120973877758 23.170360792491152 217
2190 0.1 39.3888096935139 0.0 59.42552977804559 1.3061120973877758 23.22915948405275 218
2200 0.1 42.614752634399 0.0 59.42552977804559 1.3061120973877758 23.302947841173577 219
2210 0.1 42.77722638274835 0.0 59.42552977804559 1.3061120973877758 23.390728772051876 220
2220 0.1 39.59194214876033 0.0 59.42552977804559 1.3061120973877758 23.478450480697564 221
2230 0.1 39.05720982724195 0.0 59.42552977804559 1.3061120973877758 23.551033776499647 222
2240 0.1 37.09236810653918 0.0 59.42552977804559 1.3061120973877758 23.620568198251856 223
2250 0.1 39.55851436580238 0.0 59.42552977804559 1.3061120973877758 23.68071016212814 224
2260 0.1 35.619337905342476 0.0 59.42552977804559 1.3061120973877758 23.751278180811138 225
2270 0.1 40.8825324845208 0.0 59.42552977804559 1.3061120973877758 23.803791719415255 226
2280 0.1 43.77405782830544 0.0 59.42552977804559 1.3061120973877758 23.879028462873872 227
2290 0.1 44.441426760818395 0.0 59.42552977804559 1.3061120973877758 23.96628736359945 228
2300 0.1 38.26311263972485 0.0 59.42552977804559 1.3061120973877758 24.055698452670274 229
2310 0.1 38.33652007648183 0.0 59.42552977804559 1.3061120973877758 24.117469818700943 230
2320 0.1 56.62054337945662 0.0 59.42552977804559 1.3061120973877758 24.179024148821206 231
2330 0.1 41.749733001067995 0.0 59.42552977804559 1.3061120973877758 24.318858283436015 232
2340 0.1 46.485198423609205 0.0 59.42552977804559 1.3061120973877758 24.393668904541734 233
2350 0.1 44.07130638336184 0.0 59.42552977804559 1.3061120973877758 24.488077150349714 234
2360 0.1 43.598273691782055 0.0 59.42552977804559 1.3061120973877758 24.571410040702958 235
2370 0.1 42.63286113868086 0.0 59.42552977804559 1.3061120973877758 24.652032344309227 236
2380 0.1 44.08948545861298 0.0 59.42552977804559 1.3061120973877758 24.727900820234844 237
2390 0.1 64.95420570586377 0.0 64.95420570586377 1.3061120973877758 24.809252016194417 238
2400 0.1 70.45310184204955 0.0 70.45310184204955 1.3061120973877758 24.97722253372441 239
2410 0.1 63.09985705534 0.0 70.45310184204955 1.3061120973877758 25.166705364175765 240
2420 0.1 84.13450427547954 0.0 84.13450427547954 1.3061120973877758 25.32410433384865 241
2430 0.1 79.57255343082115 0.0 84.13450427547954 1.3061120973877758 25.567122515425634 242
2440 0.1 66.15194564546016 0.0 84.13450427547954 1.3061120973877758 25.78936708709393 243
2450 0.1 61.66263115415658 0.0 84.13450427547954 1.3061120973877758 25.95478749102166 244
2460 0.1 69.62315219654383 0.0 84.13450427547954 1.3061120973877758 26.100533791687514 245
2470 0.1 73.82935005947874 0.0 84.13450427547954 1.3061120973877758 26.277455004715385 246
2480 0.1 65.08629441624365 0.0 84.13450427547954 1.3061120973877758 26.46997279845937 247
2490 0.1 83.40677179962894 0.0 84.13450427547954 1.3061120973877758 26.625683772724628 248
2500 0.1 85.74810606060606 0.0 85.74810606060606 1.3061120973877758 26.853720270824642 249
2510 0.1 78.41336578889134 0.0 85.74810606060606 1.3061120973877758 27.08929781398377 250
2520 0.1 66.69762641898865 0.0 85.74810606060606 1.3061120973877758 27.293776172449537 251
2530 0.1 67.61506276150627 0.0 85.74810606060606 1.3061120973877758 27.45014065755485 252
2540 0.1 60.91573990582106 0.0 85.74810606060606 1.3061120973877758 27.608895290376793 253
2560 0.1 75.14392143582798 0.0 85.74810606060606 1.3061120973877758 27.740024599886418 254
2570 0.1 70.81319604959026 0.0 85.74810606060606 1.3061120973877758 27.92592223453717 255
2580 0.1 73.14924250564091 0.0 85.74810606060606 1.3061120973877758 28.09345064787722 256
2590 0.1 70.25276791309797 0.0 85.74810606060606 1.3061120973877758 28.268765013082525 257
2600 0.1 63.212225483250684 0.0 85.74810606060606 1.3061120973877758 28.43149370649344 258
2610 0.1 62.401135672277434 0.0 85.74810606060606 1.3061120973877758 28.56578224617204 259
2620 0.1 59.325932593259324 0.0 85.74810606060606 1.3061120973877758 28.695918220887833 260
2630 0.1 54.7733752826664 0.0 85.74810606060606 1.3061120973877758 28.81327459779347 261
2640 0.1 56.25060427342164 0.0 85.74810606060606 1.3061120973877758 28.912358951552527 262
2650 0.1 74.42061944985922 0.0 85.74810606060606 1.3061120973877758 29.016306652396132 263
2660 0.1 70.52888700084962 0.0 85.74810606060606 1.3061120973877758 29.18829268571986 264
2670 0.1 63.12092833876222 0.0 85.74810606060606 1.3061120973877758 29.34429492841846 265
2680 0.1 60.10530579181855 0.0 85.74810606060606 1.3061120973877758 29.47127475326938 266
2690 0.1 74.24523160762942 0.0 85.74810606060606 1.3061120973877758 29.58600895191563 267
2700 0.1 78.3229259589652 0.0 85.74810606060606 1.3061120973877758 29.75264784242203 268
2710 0.1 66.51201154758223 0.0 85.74810606060606 1.3061120973877758 29.933206497130367 269
2720 0.1 52.87191269385411 0.0 85.74810606060606 1.3061120973877758 30.06868355287278 270
2730 0.1 65.80321704616671 0.0 85.74810606060606 1.3061120973877758 30.15282830985057 271
2740 0.1 65.87823504454815 0.0 85.74810606060606 1.3061120973877758 30.283895915498793 272
2750 0.1 63.99515494095084 0.0 85.74810606060606 1.3061120973877758 30.4142781101107 273
2760 0.1 58.68558478667849 0.0 85.74810606060606 1.3061120973877758 30.5368360547488 274
2770 0.1 72.76914836636314 0.0 85.74810606060606 1.3061120973877758 30.63919514104673 275
2780 0.1 81.15646258503402 0.0 85.74810606060606 1.3061120973877758 30.791839899109473 276
2790 0.1 62.46853921272526 0.0 85.74810606060606 1.3061120973877758 30.973661641657934 277
2800 0.1 74.63075586446568 0.0 85.74810606060606 1.3061120973877758 31.086952568172563 278
2810 0.1 84.9196253035735 0.0 85.74810606060606 1.3061120973877758 31.24302354772917 279
2820 0.1 78.93854748603351 0.0 85.74810606060606 1.3061120973877758 31.434725696857186 280
2830 0.1 70.67470389170897 0.0 85.74810606060606 1.3061120973877758 31.603778443437886 281
2840 0.1 77.05798531184918 0.0 85.74810606060606 1.3061120973877758 31.742327824460123 282
2850 0.1 73.07524059492565 0.0 85.74810606060606 1.3061120973877758 31.902453822648777 283
2860 0.1 69.9260647714256 0.0 85.74810606060606 1.3061120973877758 32.04742842395961 284
2870 0.1 77.46415770609319 0.0 85.74810606060606 1.3061120973877758 32.180335919915635 285
2880 0.1 77.1215660104549 0.0 85.74810606060606 1.3061120973877758 32.33867096112605 286
2890 0.1 82.33022938905292 0.0 85.74810606060606 1.3061120973877758 32.494708922970396 287
2900 0.1 83.29920364050058 0.0 85.74810606060606 1.3061120973877758 32.66774892458874 288
2910 0.1 73.28319162851537 0.0 85.74810606060606 1.3061120973877758 32.8429442696265 289
2920 0.1 76.88545968267768 0.0 85.74810606060606 1.3061120973877758 32.982393398450256 290
2930 0.1 69.05829596412556 0.0 85.74810606060606 1.3061120973877758 33.133263042038664 291
2940 0.1 75.49234135667396 0.0 85.74810606060606 1.3061120973877758 33.25629397670334 292
2950 0.1 77.46869112268648 0.0 85.74810606060606 1.3061120973877758 33.40044430905819 293
2960 0.1 71.09209970426701 0.0 85.74810606060606 1.3061120973877758 33.55033630502292 294
2970 0.1 69.53125 0.0 85.74810606060606 1.3061120973877758 33.67759651993561 295
2980 0.1 73.3642887294217 0.0 85.74810606060606 1.3061120973877758 33.79872372763853 296
2990 0.1 86.89599631845375 0.0 86.89599631845375 1.3061120973877758 33.93194111821692 297
3000 0.1 87.0743490043596 0.0 87.0743490043596 1.3061120973877758 34.10967284707677 298
3010 0.1 89.72714552238806 0.0 89.72714552238806 1.3061120973877758 34.28681223221818 299
3020 0.1 93.13528228192686 0.0 93.13528228192686 1.3061120973877758 34.47161334318541 300
3030 0.1 90.2073594630229 0.0 93.13528228192686 1.3061120973877758 34.66650925328089 301
3040 0.1 93.29995231282786 0.0 93.29995231282786 1.3061120973877758 34.85041935331315 302
3050 0.1 91.6289592760181 0.0 93.29995231282786 1.3061120973877758 35.04332210235445 303
3060 0.1 92.76167947959787 0.0 93.29995231282786 1.3061120973877758 35.229459066741505 304
3070 0.1 92.0574617119791 0.0 93.29995231282786 1.3061120973877758 35.41808929760333 305
3080 0.1 93.08388654194327 0.0 93.29995231282786 1.3061120973877758 35.6031852858856 306
3090 0.1 90.35203652529135 0.0 93.29995231282786 1.3061120973877758 35.79041884046559 307
3100 0.1 93.40620173458477 0.0 93.40620173458477 1.3061120973877758 35.96756694983191 308
3110 0.1 92.5339094946585 0.0 93.40620173458477 1.3061120973877758 36.15345249929713 309
3120 0.1 93.86786858023959 0.0 93.86786858023959 1.3061120973877758 36.33532494121766 310
3130 0.1 92.83660757067561 0.0 93.86786858023959 1.3061120973877758 36.52031704295084 311
3140 0.1 93.13041385948027 0.0 93.86786858023959 1.3061120973877758 36.70081797412945 312
3150 0.1 89.93627509919442 0.0 93.86786858023959 1.3061120973877758 36.88110422296444 313
3160 0.1 91.81405353728489 0.0 93.86786858023959 1.3061120973877758 37.05006973530912 314
3170 0.1 92.31596558317399 0.0 93.86786858023959 1.3061120973877758 37.22392365214079 315
3180 0.1 91.93104273913563 0.0 93.86786858023959 1.3061120973877758 37.398265556985834 316
3190 0.1 92.98391899940441 0.0 93.86786858023959 1.3061120973877758 37.570293245257595 317
3200 0.1 93.17778040980694 0.0 93.86786858023959 1.3061120973877758 37.744549930019055 318
3210 0.1 91.26283122463596 0.0 93.86786858023959 1.3061120973877758 37.91832181240083 319
3220 0.1 93.48319980868109 0.0 93.86786858023959 1.3061120973877758 38.08502340431407 320
3230 0.1 91.01860687022901 0.0 93.86786858023959 1.3061120973877758 38.257603393112724 321
3240 0.1 91.65371278249432 0.0 93.86786858023959 1.3061120973877758 38.421457441178305 322
3250 0.1 93.77417794970987 0.0 93.86786858023959 1.3061120973877758 38.58626318526907 323
3260 0.1 92.4845898530109 0.0 93.86786858023959 1.3061120973877758 38.756596255529686 324
3270 0.1 90.67425050361418 0.0 93.86786858023959 1.3061120973877758 38.921913158906555 325
3290 0.1 92.92130794107078 0.0 93.86786858023959 1.3061120973877758 39.08066265996394 326
3300 0.1 90.93419788664745 0.0 93.86786858023959 1.3061120973877758 39.24531295134347 327
3310 0.1 92.97162531164668 0.0 93.86786858023959 1.3061120973877758 39.40290101517061 328
3320 0.1 93.25378071833649 0.0 93.86786858023959 1.3061120973877758 39.56572388537266 329
3330 0.1 92.25426721600942 0.0 93.86786858023959 1.3061120973877758 39.728414966684674 330
3340 0.1 89.80075901328273 0.0 93.86786858023959 1.3061120973877758 39.88710334206028 331
3350 0.1 92.43018419489007 0.0 93.86786858023959 1.3061120973877758 40.037445678419374 332
3360 0.1 92.4062762007426 0.0 93.86786858023959 1.3061120973877758 40.19478122951989 333
3370 0.1 93.81835473133619 0.0 93.86786858023959 1.3061120973877758 40.3511030707511 334
3380 0.1 92.94089778514746 0.0 93.86786858023959 1.3061120973877758 40.510706807051356 335
3390 0.1 90.20704426463588 0.0 93.86786858023959 1.3061120973877758 40.66674904210521 336
3400 0.1 91.0437067112491 0.0 93.86786858023959 1.3061120973877758 40.81375288549551 337
3410 0.1 92.50150693188668 0.0 93.86786858023959 1.3061120973877758 40.962362216340935 338
3420 0.1 92.29846449136276 0.0 93.86786858023959 1.3061120973877758 41.11439509160803 339
3430 0.1 92.1835481151391 0.0 93.86786858023959 1.3061120973877758 41.26493647219555 340
3440 0.1 92.96948356807512 0.0 93.86786858023959 1.3061120973877758 41.41425791396371 341
3450 0.1 89.0266729059429 0.0 93.86786858023959 1.3061120973877758 41.56500418780614 342
3460 0.1 93.18801089918256 0.0 93.86786858023959 1.3061120973877758 41.70337639981236 343
3470 0.1 93.35942132100084 0.0 93.86786858023959 1.3061120973877758 41.853041034984955 344
3480 0.1 93.80720313800072 0.0 93.86786858023959 1.3061120973877758 42.00233489088645 345
3490 0.1 92.43127454480543 0.0 93.86786858023959 1.3061120973877758 42.152059943623776 346
3500 0.1 92.62596324836989 0.0 93.86786858023959 1.3061120973877758 42.29695681567329 347
3510 0.1 91.10003559985759 0.0 93.86786858023959 1.3061120973877758 42.44158039737644 348
3520 0.1 92.5547098001903 0.0 93.86786858023959 1.3061120973877758 42.58100290511994 349
3530 0.1 93.54146806482365 0.0 93.86786858023959 1.3061120973877758 42.72378492482014 350
3540 0.1 92.11583924349883 0.0 93.86786858023959 1.3061120973877758 42.86856464886573 351
3550 0.1 93.56836588851834 0.0 93.86786858023959 1.3061120973877758 43.00847167896412 352
3560 0.1 92.37743051413575 0.0 93.86786858023959 1.3061120973877758 43.151700841030845 353
3570 0.1 89.4167167769092 0.0 93.86786858023959 1.3061120973877758 43.290756574570686 354
3580 0.1 92.7886323268206 0.0 93.86786858023959 1.3061120973877758 43.42068885683079 355
3590 0.1 92.78326001664487 0.0 93.86786858023959 1.3061120973877758 43.559362855342 356
3600 0.1 92.78154358425496 0.0 93.86786858023959 1.3061120973877758 43.6972449202196 357
3610 0.1 93.3317484844883 0.0 93.86786858023959 1.3061120973877758 43.834351899728084 358
3620 0.1 92.09263258939285 0.0 93.86786858023959 1.3061120973877758 43.972227656231595 359
3630 0.1 91.24270225187657 0.0 93.86786858023959 1.3061120973877758 44.1058954477126 360
3640 0.1 91.60359508041628 0.0 93.86786858023959 1.3061120973877758 44.236468319746294 361
3650 0.1 91.87671723808386 0.0 93.86786858023959 1.3061120973877758 44.36731673621223 362
3660 0.1 93.57357357357358 0.0 93.86786858023959 1.3061120973877758 44.49819662740196 363
3670 0.1 93.13258747917162 0.0 93.86786858023959 1.3061120973877758 44.63301909153979 364
3680 0.1 92.49432293534122 0.0 93.86786858023959 1.3061120973877758 44.76589462136892 365
3690 0.1 90.94258885058838 0.0 93.86786858023959 1.3061120973877758 44.89630016321038 366
3700 0.1 91.85246679316889 0.0 93.86786858023959 1.3061120973877758 45.021766889878975 367
3720 0.1 93.09600862998921 0.0 93.86786858023959 1.3061120973877758 45.1490242265727 368
3730 0.1 91.61741647569653 0.0 93.86786858023959 1.3061120973877758 45.27896185368223 369
3740 0.1 92.53856271672845 0.0 93.86786858023959 1.3061120973877758 45.40420092022821 370
3750 0.1 92.26995333253561 0.0 93.86786858023959 1.3061120973877758 45.53124771752336 371
3760 0.1 88.39594514013118 0.0 93.86786858023959 1.3061120973877758 45.65688939928415 372
3770 0.1 93.47643602350402 0.0 93.86786858023959 1.3061120973877758 45.771471318160415 373
3780 0.1 93.37756190024878 0.0 93.86786858023959 1.3061120973877758 45.89902469972551 374
3790 0.1 91.97471977104699 0.0 93.86786858023959 1.3061120973877758 46.02563413226024 375
3800 0.1 91.85185185185185 0.0 93.86786858023959 1.3061120973877758 46.147839147257 376
3810 0.1 92.41437530149543 0.0 93.86786858023959 1.3061120973877758 46.26906995018696 377
3820 0.1 90.0094921689606 0.0 93.86786858023959 1.3061120973877758 46.39114747757137 378
3830 0.1 93.05389221556887 0.0 93.86786858023959 1.3061120973877758 46.506235458287435 379
3840 0.1 91.90946303876716 0.0 93.86786858023959 1.3061120973877758 46.62872929185922 380
3850 0.1 92.5115343664971 0.0 93.86786858023959 1.3061120973877758 46.74757636206108 381
3860 0.1 92.49040307101728 0.0 93.86786858023959 1.3061120973877758 46.867377299245476 382
3870 0.1 90.92441020702937 0.0 93.86786858023959 1.3061120973877758 46.98649747097333 383
3880 0.1 91.76964327349032 0.0 93.86786858023959 1.3061120973877758 47.10091911872348 384
3890 0.1 93.47017164806147 0.0 93.86786858023959 1.3061120973877758 47.21694177886574 385
3900 0.1 91.51951951951952 0.0 93.86786858023959 1.3061120973877758 47.33676879925226 386
3910 0.1 93.75074680368026 0.0 93.86786858023959 1.3061120973877758 47.450936113774915 387
3920 0.1 93.00783604581073 0.0 93.86786858023959 1.3061120973877758 47.57026552276952 388
3930 0.1 89.3046837276678 0.0 93.86786858023959 1.3061120973877758 47.68707161665908 389
3940 0.1 91.51362381466811 0.0 93.86786858023959 1.3061120973877758 47.79378344258475 390
3950 0.1 92.84779245507558 0.0 93.86786858023959 1.3061120973877758 47.9055988911067 391
3960 0.1 92.39402985074628 0.0 93.86786858023959 1.3061120973877758 48.02024734407601 392
3970 0.1 93.27921690342605 0.0 93.86786858023959 1.3061120973877758 48.1331577321337 393
3980 0.1 93.30378533780546 0.0 93.86786858023959 1.3061120973877758 48.24774163865982 394
3990 0.1 90.28802666031898 0.0 93.86786858023959 1.3061120973877758 48.36180757207538 395
4000 0.1 93.62890764293356 0.0 93.86786858023959 1.3061120973877758 48.46768186270226 396
4010 0.1 91.44895984518627 0.0 93.86786858023959 1.3061120973877758 48.58143809892451 397
4020 0.1 92.59347181008903 0.0 93.86786858023959 1.3061120973877758 48.68914543999552 398
4030 0.1 93.57853120881754 0.0 93.86786858023959 1.3061120973877758 48.79918134568498 399
4040 0.1 91.58357075023741 0.0 93.86786858023959 1.3061120973877758 48.911129720342814 400
4050 0.1 90.24740050197202 0.0 93.86786858023959 1.3061120973877758 49.01754478525527 401
4060 0.1 92.40943755958055 0.0 93.86786858023959 1.3061120973877758 49.12010661539636 402
4070 0.1 91.72422005239342 0.0 93.86786858023959 1.3061120973877758 49.22752431004694 403
4080 0.1 92.19052224371373 0.0 93.86786858023959 1.3061120973877758 49.33271415099335 404
4090 0.1 92.5961423265844 0.0 93.86786858023959 1.3061120973877758 49.43853589937043 405
4100 0.1 92.43236801334763 0.0 93.86786858023959 1.3061120973877758 49.54483542259017 406
4110 0.1 89.69245555021624 0.0 93.86786858023959 1.3061120973877758 49.65021019554043 407
4120 0.1 92.54976755274764 0.0 93.86786858023959 1.3061120973877758 49.74835295376268 408
4130 0.1 91.87424425634825 0.0 93.86786858023959 1.3061120973877758 49.85300188921252 409
4140 0.1 92.36826165960024 0.0 93.86786858023959 1.3061120973877758 49.95549272425431 410
4150 0.1 92.91488349976224 0.0 93.86786858023959 1.3061120973877758 50.05868680925516 411
4160 0.1 92.90039178439986 0.0 93.86786858023959 1.3061120973877758 50.162706704135026 412
4170 0.1 89.45047085469066 0.0 93.86786858023959 1.3061120973877758 50.26618778181121 413
4180 0.1 92.84521822084426 0.0 93.86786858023959 1.3061120973877758 50.3608358085573 414
4190 0.1 93.56494746895892 0.0 93.86786858023959 1.3061120973877758 50.463207814370044 415
4200 0.1 92.92905081495687 0.0 93.86786858023959 1.3061120973877758 50.56681776546281 416
4210 0.1 93.5960004761338 0.0 93.86786858023959 1.3061120973877758 50.668405854310514 417
4220 0.1 93.57841967056576 0.0 93.86786858023959 1.3061120973877758 50.77110344909956 418
4230 0.1 90.7657388603512 0.0 93.86786858023959 1.3061120973877758 50.87326888160903 419
4250 0.1 91.88412736413693 0.0 93.86786858023959 1.3061120973877758 50.968250952986985 420
4260 0.1 92.35554492164134 0.0 93.86786858023959 1.3061120973877758 51.06543830788283 421
4270 0.1 92.9690302523018 0.0 93.86786858023959 1.3061120973877758 51.163282162417794 422
4280 0.1 93.27311623484668 0.0 93.86786858023959 1.3061120973877758 51.262113718185844 423
4290 0.1 92.13549686130523 0.0 93.86786858023959 1.3061120973877758 51.36119627129118 424
4300 0.1 89.71771771771772 0.0 93.86786858023959 1.3061120973877758 51.45713580209121 425
4310 0.1 90.75192421551213 0.0 93.86786858023959 1.3061120973877758 51.5469493746631 426
4320 0.1 92.26480009491043 0.0 93.86786858023959 1.3061120973877758 51.63876430403277 427
4330 0.1 92.40716573733539 0.0 93.86786858023959 1.3061120973877758 51.73368494840398 428
4340 0.1 93.64795614348706 0.0 93.86786858023959 1.3061120973877758 51.828494926932954 429
4350 0.1 90.92432950191571 0.0 93.86786858023959 1.3061120973877758 51.92574948790168 430
4360 0.1 92.31965546117956 0.0 93.86786858023959 1.3061120973877758 52.01623343224974 431
4370 0.1 91.29086136960153 0.0 93.86786858023959 1.3061120973877758 52.10952839065004 432
4380 0.1 93.8303645157485 0.0 93.86786858023959 1.3061120973877758 52.20001645757603 433
4390 0.1 92.76692087702574 0.0 93.86786858023959 1.3061120973877758 52.29593891853956 434
4400 0.1 92.86825415819074 0.0 93.86786858023959 1.3061120973877758 52.38897565867401 435
4410 0.1 89.30877780435303 0.0 93.86786858023959 1.3061120973877758 52.481818040553634 436
4420 0.1 93.3372992266508 0.0 93.86786858023959 1.3061120973877758 52.566090259692764 437
4430 0.1 91.601866251944 0.0 93.86786858023959 1.3061120973877758 52.65917521167212 438
4440 0.1 92.55065554231227 0.0 93.86786858023959 1.3061120973877758 52.74788293613744 439
4450 0.1 93.0785612872693 0.0 93.86786858023959 1.3061120973877758 52.83834378296965 440
4460 0.1 93.8114655792756 0.0 93.86786858023959 1.3061120973877758 52.92959144170956 441
4470 0.1 89.0255552901839 0.0 93.86786858023959 1.3061120973877758 53.022084369622604 442
4480 0.1 91.70079498915923 0.0 93.86786858023959 1.3061120973877758 53.103356313009876 443
4490 0.1 92.65858873841768 0.0 93.86786858023959 1.3061120973877758 53.1902874811994 444
4500 0.1 91.67857142857143 0.0 93.86786858023959 1.3061120973877758 53.27898029301337 445
4510 0.1 93.43248066627008 0.0 93.86786858023959 1.3061120973877758 53.36507803098548 446
4520 0.1 93.68056385139171 0.0 93.86786858023959 1.3061120973877758 53.45471427849171 447
4530 0.1 90.22735388644209 0.0 93.86786858023959 1.3061120973877758 53.544504121288355 448
4540 0.1 92.78996865203762 0.0 93.86786858023959 1.3061120973877758 53.62620311853814 449
4550 0.1 93.09359371278876 0.0 93.86786858023959 1.3061120973877758 53.713233708612584 450
4560 0.1 93.01100444860688 0.0 93.86786858023959 1.3061120973877758 53.800551580018734 451
4570 0.1 93.49486751014562 0.0 93.86786858023959 1.3061120973877758 53.887300369551006 452
4580 0.1 93.05736250739207 0.0 93.86786858023959 1.3061120973877758 53.974734292598676 453
4590 0.1 89.33046902971715 0.0 93.86786858023959 1.3061120973877758 54.06081937677223 454
