3340 0.1 1
3350 0 1
3360 0.1 2
3370 0.1 3
3380 0.1 4
3390 0.3 7
3400 0.2 9
3410 0.2 11
3420 0.2 13
3430 0 13
3440 0.2 15
3450 0.2 17
3460 0 17
3470 0.3 20
3480 0.4 24
3490 0 24
3500 0.3 27
3510 0.2 29
3520 0.6 35
3530 0.1 36
3540 0.5 41
3550 0.6 47
3560 0.4 51
3570 1 61
3580 0.3 64
3590 0.7 71
3600 0.4 75
3610 1.1 86
3620 0.9 95
3630 0.7 102
3640 0.6 108
3650 1.2 120
3660 1.3 133
3670 1 143
3680 0.8 151
3690 0.6 157
3700 0.9 166
3710 1.3 179
3720 0.9 188
3730 1.3 201
3740 0.8 209
3750 1 219
3760 1.8 237
3770 1.3 250
3780 1.3 263
3790 1.3 276
3800 3 306
3810 1.4 320
3820 1.4 334
3830 2.5 359
3840 1.9 378
3850 2.5 403
3860 3.2 435
3870 2.4 459
3880 1.7 476
3890 2.9 505
3900 3.4 539
3910 2.5 564
3920 2.8 592
3930 2.2 614
3940 1.9 633
3950 3.2 665
3960 3.8 703
3970 2.9 732
3980 2.7 759
3990 2.5 784
4000 2.1 805
4010 4.1 846
4020 3.5 881
4030 3.5 916
4040 3.2 948
4050 1.6 964
4060 3.2 996
4070 3.6 1032
4080 3 1062
4090 3.9 1101
4100 3.2 1133
4110 4 1173
4120 3.9 1212
4130 5.6 1268
4140 3.5 1303
4150 3.4 1337
4160 2.3 1360
4170 3.2 1392
4180 4.7 1439
4190 2.1 1460
4200 4.5 1505
4210 4.7 1552
4220 4.7 1599
4230 3.2 1631
4240 4.4 1675
4250 3.3 1708
4260 4 1748
4270 3.7 1785
4280 3.7 1822
4290 3.1 1853
4300 5.7 1910
4310 4.7 1957
4320 5 2007
4330 7.1 2078
4340 5 2128
4350 8 2208
4360 5.2 2260
4370 6.3 2323
4380 7.1 2394
4390 4.9 2443
4400 6.5 2508
4410 6.2 2570
4420 5.6 2626
4430 7 2696
4440 8.5 2781
4450 6.6 2847
4460 7.1 2918
4470 5.4 2972
4480 7.3 3045
4490 8.5 3130
4500 7.9 3209
4510 6.2 3271
4520 5.6 3327
4530 5.6 3383
4540 5.5 3438
4550 6.3 3501
4560 5.5 3556
4570 7 3626
4580 5.7 3683
4590 4.2 3725
4594 1.3 3738
