10 6.0484375 6.0484375
20 8.86171875 14.91015625
30 9.5125 24.42265625
40 10.1203125 34.54296875
50 9.925 44.46796875
60 11.6 56.06796875
70 12.09609375 68.1640625
80 13.62734375 81.79140625
90 10.8421875 92.63359375
100 10.5640625 103.19765625
110 9.3421875 112.53984375
120 10.8109375 123.35078125
130 15.02421875 138.375
140 15.61640625 153.99140625
150 20.10859375 174.1
160 20.878125 194.978125
170 18.7 213.678125
180 17.05625 230.734375
190 22.06953125 252.80390625
200 25.834375 278.63828125
210 19.20859375 297.846875
220 18.95703125 316.80390625
230 19.5421875 336.34609375
240 19.759375 356.10546875
250 29.21640625 385.321875
260 31.56875 416.890625
270 26.390625 443.28125
280 31.4625 474.74375
290 30.51484375 505.25859375
300 35.43046875 540.6890625
310 33.7015625 574.390625
320 37.984375 612.375
330 30.94375 643.31875
340 30.32890625 673.64765625
350 35.4453125 709.09296875
360 35.93515625 745.028125
370 40.8140625 785.8421875
380 48.74140625 834.58359375
390 50.4796875 885.06328125
400 53.475 938.53828125
410 45.01171875 983.55
420 47.34375 1030.89375
430 48.7328125 1079.6265625
440 45.8484375 1125.475
450 43.28515625 1168.76015625
460 49.1546875 1217.91484375
470 52.99140625 1270.90625
480 50.8953125 1321.8015625
490 52.7796875 1374.58125
500 52.83203125 1427.41328125
510 50.215625 1477.62890625
520 61.2171875 1538.84609375
530 61.47421875 1600.3203125
540 53.06796875 1653.38828125
550 51.04453125 1704.4328125
560 52.8828125 1757.315625
570 51.02890625 1808.34453125
580 48.278125 1856.62265625
590 70.95078125 1927.5734375
600 68.16484375 1995.73828125
610 72.84609375 2068.584375
620 80.3828125 2148.9671875
630 84.33125 2233.2984375
640 89.51015625 2322.80859375
650 77.33828125 2400.146875
660 79.00703125 2479.15390625
670 94.4890625 2573.64296875
680 97.5578125 2671.20078125
690 79.6015625 2750.80234375
700 74.52265625 2825.325
710 74.14921875 2899.47421875
720 76.1765625 2975.65078125
730 86.84296875 3062.49375
740 78.37421875 3140.86796875
750 84.82734375 3225.6953125
760 86.70859375 3312.40390625
770 80.04140625 3392.4453125
780 78.44609375 3470.89140625
790 82.6234375 3553.51484375
800 84.3578125 3637.87265625
810 79.82890625 3717.7015625
820 84.7578125 3802.459375
830 92.45546875 3894.91484375
840 83.09453125 3978.009375
850 84.29140625 4062.30078125
860 87.31875 4149.61953125
870 91.675 4241.29453125
880 80.1578125 4321.45234375
890 78.16875 4399.62109375
900 79.88828125 4479.509375
910 75.0609375 4554.5703125
920 74.84765625 4629.41796875
930 82.59609375 4712.0140625
940 76.06953125 4788.08359375
950 70.215625 4858.29921875
960 81.66875 4939.96796875
970 95.21875 5035.18671875
980 89.51796875 5124.7046875
990 83.378125 5208.0828125
1000 79.7171875 5287.8
1010 83.91328125 5371.71328125
1020 69.3546875 5441.06796875
1030 81.33515625 5522.403125
1040 95.2109375 5617.6140625
1050 83.50078125 5701.11484375
1060 95.71875 5796.83359375
1070 83.7640625 5880.59765625
1080 80.7359375 5961.33359375
1090 74.48046875 6035.8140625
1100 77.61875 6113.4328125
1110 78.725 6192.1578125
1120 76.6453125 6268.803125
1130 79.121875 6347.925
1140 84.84921875 6432.77421875
1150 83.68828125 6516.4625
1160 82.496875 6598.959375
1170 85.4265625 6684.3859375
1180 72.73125 6757.1171875
1190 95.865625 6852.9828125
1200 113.52265625 6966.50546875
1210 108.69140625 7075.196875
1220 115.08671875 7190.28359375
1230 100.846875 7291.13046875
1240 102.4609375 7393.59140625
1250 104.55859375 7498.15
1260 108.69765625 7606.84765625
1270 107.6546875 7714.50234375
1280 111.03515625 7825.5375
1290 123.6484375 7949.1859375
1300 121.6359375 8070.821875
1310 114.8140625 8185.6359375
1320 104.15859375 8289.79453125
1330 102.684375 8392.47890625
1340 107.32421875 8499.803125
1350 98.0796875 8597.8828125
1360 107.596875 8705.4796875
1370 105.4453125 8810.925
1380 106.1375 8917.0625
1390 105.60234375 9022.66484375
1400 114.93671875 9137.6015625
1410 117.75 9255.3515625
1420 109.21015625 9364.56171875
1430 107.5921875 9472.15390625
1440 108.42578125 9580.5796875
1450 103.60546875 9684.18515625
1460 113.93515625 9798.1203125
1470 123.30703125 9921.42734375
1480 118.46171875 10039.8890625
1490 112.953125 10152.8421875
1500 117.91875 10270.7609375
1510 104.63046875 10375.39140625
1520 107.5546875 10482.94609375
1530 106.19296875 10589.1390625
1540 98.8015625 10687.940625
1550 106.0890625 10794.0296875
1560 117.284375 10911.3140625
1570 104.4671875 11015.78125
1580 102.40859375 11118.18984375
1590 120.115625 11238.30546875
1600 109.20078125 11347.50625
1610 105.3765625 11452.8828125
1620 118.8875 11571.7703125
1630 106.9328125 11678.703125
1640 120.66640625 11799.36953125
1650 107.49609375 11906.865625
1660 115.01328125 12021.87890625
1670 103.0578125 12124.93671875
1680 101.42734375 12226.3640625
1690 106.46640625 12332.83046875
1700 115.09765625 12447.928125
1710 115.86328125 12563.79140625
1720 118.6484375 12682.43984375
1730 115.13203125 12797.571875
1740 111.72578125 12909.29765625
1750 117.67578125 13026.9734375
1760 111.22578125 13138.19921875
1770 116.85078125 13255.05
1780 115.85703125 13370.90703125
1790 127.7921875 13498.69921875
1800 136.25703125 13634.95625
1810 139.8828125 13774.8390625
1820 146.45703125 13921.29609375
1830 143.64140625 14064.9375
1840 117.075 14182.0125
1850 126.734375 14308.746875
1860 126.7546875 14435.5015625
1870 145.86796875 14581.36953125
1880 128.6734375 14710.04296875
1890 143.18515625 14853.228125
1900 135.83203125 14989.06015625
1910 131.38203125 15120.4421875
1920 133.446875 15253.8890625
1930 139.06015625 15392.94921875
1940 145.18203125 15538.13125
1950 147.909375 15686.040625
1960 139.109375 15825.15
1970 149.11171875 15974.26171875
1980 132.52109375 16106.7828125
1990 136.3609375 16243.14375
2000 118.61875 16361.7625
2010 140.49921875 16502.26171875
2020 133.1765625 16635.43828125
2030 124.65859375 16760.096875
2040 128.990625 16889.0875
2050 137.7921875 17026.8796875
2060 127.47890625 17154.35859375
2070 129.090625 17283.44921875
2080 129.2578125 17412.70703125
2090 150.93125 17563.63828125
2100 136.36328125 17700.0015625
2110 135.1953125 17835.196875
2120 132.3359375 17967.5328125
2130 132.11875 18099.6515625
2140 134.4578125 18234.109375
2150 139.178125 18373.2875
2160 137.909375 18511.196875
2170 123.48828125 18634.68515625
2180 120.090625 18754.77578125
2190 127.89296875 18882.66875
2200 130.02734375 19012.69609375
2210 134.059375 19146.75546875
2220 128.7828125 19275.53828125
2230 128.0671875 19403.60546875
2240 128.01640625 19531.621875
2250 127.353125 19658.975
2260 122.909375 19781.884375
2270 126.96953125 19908.85390625
2280 135.1375 20043.99140625
2290 137.6421875 20181.63359375
2300 124.08515625 20305.71875
2310 125.13671875 20430.85546875
2320 143.328125 20574.18359375
2330 134.72890625 20708.9125
2340 138.2515625 20847.1640625
2350 131.53828125 20978.70234375
2360 139.8125 21118.51484375
2370 133.79453125 21252.309375
2380 133.2640625 21385.5734375
2390 160.91953125 21546.49296875
2400 163.5765625 21710.06953125
2410 157.68671875 21867.75625
2420 177.91484375 22045.67109375
2430 167.34609375 22213.0171875
2440 162.9203125 22375.9375
2450 150.846875 22526.784375
2460 171.44375 22698.228125
2470 166.6859375 22864.9140625
2480 159.07421875 23023.98828125
2490 169.003125 23192.99140625
2500 173.4140625 23366.40546875
2510 166.2171875 23532.62265625
2520 159.59453125 23692.2171875
2530 161.7015625 23853.91875
2540 156.665625 24010.584375
2550 166.80234375 24177.38671875
2560 165.37421875 24342.7609375
2570 168.26875 24511.0296875
2580 163.53125 24674.5609375
2590 159.99453125 24834.55546875
2600 159.76796875 24994.3234375
2610 146.8828125 25141.20625
2620 141.165625 25282.371875
2630 156.07734375 25438.44921875
2640 165.02734375 25603.4765625
2650 164.709375 25768.1859375
2660 165.2640625 25933.45
2670 147.071875 26080.521875
2680 169.9765625 26250.4984375
2690 176.58046875 26427.07890625
2700 162.584375 26589.66328125
2710 143.7765625 26733.43984375
2720 157.88828125 26891.328125
2730 159.4109375 27050.7390625
2740 162.8171875 27213.55625
2750 151.18359375 27364.73984375
2760 165.5921875 27530.33203125
2770 166.98984375 27697.321875
2780 155.14140625 27852.46328125
2790 167.5546875 28020.01796875
2800 172.37421875 28192.3921875
2810 171.82734375 28364.21953125
2820 159.46875 28523.68828125
2830 173.49140625 28697.1796875
2840 170.284375 28867.4640625
2850 158.55078125 29026.01484375
2860 165.31875 29191.33359375
2870 166.5109375 29357.84453125
2880 167.51171875 29525.35625
2890 176.37578125 29701.73203125
2900 168.28046875 29870.0125
2910 165.0078125 30035.0203125
2920 167.66640625 30202.68671875
2930 161.07109375 30363.7578125
2940 172.41328125 30536.17109375
2950 168.1734375 30704.34453125
2960 161.328125 30865.67265625
2970 168.0375 31033.71015625
2980 171.68984375 31205.4
2990 171.88125 31377.28125
3000 178.0375 31555.31875
3010 180.296875 31735.615625
3020 164.43203125 31900.04765625
3030 186.23671875 32086.284375
3040 171.30390625 32257.58828125
3050 178.353125 32435.94140625
3060 179.06328125 32615.0046875
3070 175.2296875 32790.234375
3080 173.10859375 32963.34296875
3090 174.034375 33137.37734375
3100 180.3421875 33317.71953125
3110 175.6171875 33493.33671875
3120 181.45 33674.78671875
3130 171.49453125 33846.28125
3140 176.69609375 34022.97734375
3150 171.253125 34194.23046875
3160 170.146875 34364.37734375
3170 175.30546875 34539.6828125
3180 180.9859375 34720.66875
3190 171.53828125 34892.20703125
3200 176.82421875 35069.03125
3210 171.496875 35240.528125
3220 186.06953125 35426.59765625
3230 168.359375 35594.95703125
3240 177.94921875 35772.90625
3250 179.621875 35952.528125
3260 178.93359375 36131.46171875
3270 158.16796875 36289.6296875
3280 180.99921875 36470.62890625
3290 171.25703125 36641.8859375
3300 175.1359375 36817.021875
3310 175.23515625 36992.25703125
3320 180.03515625 37172.2921875
3330 164.28828125 37336.58046875
3340 171.721875 37508.30234375
3350 183.2609375 37691.56328125
3360 174.77578125 37866.3390625
3370 177.31796875 38043.65703125
3380 179.12109375 38222.778125
3390 172.20390625 38394.98203125
3400 181.73515625 38576.7171875
3410 183.1828125 38759.9
3420 170.0484375 38929.9484375
3430 187.24296875 39117.19140625
3440 164.50078125 39281.6921875
3450 174.7609375 39456.453125
3460 172.02421875 39628.47734375
3470 172.05078125 39800.528125
3480 179.203125 39979.73125
3490 186.1359375 40165.8671875
3500 181.95390625 40347.82109375
3510 171.01484375 40518.8359375
3520 180.1125 40698.9484375
3530 179.31640625 40878.26484375
3540 173.31640625 41051.58125
3550 171.4890625 41223.0703125
3560 172.1484375 41395.21875
3570 170.2578125 41565.4765625
3580 187.22734375 41752.70390625
3590 175.14609375 41927.85
3600 175.25234375 42103.10234375
3610 178.41953125 42281.521875
3620 183.0125 42464.534375
3630 179.23828125 42643.77265625
3640 174.134375 42817.90703125
3650 175.60625 42993.51328125
3660 191.13984375 43184.653125
3670 176.0140625 43360.6671875
3680 178.259375 43538.9265625
3690 170.45625 43709.3828125
3700 181.98203125 43891.36484375
3710 180.71796875 44072.0828125
3720 184.36875 44256.4515625
3730 176.75 44433.2015625
3740 185.07109375 44618.27265625
3750 168.28046875 44786.553125
3760 185.18828125 44971.74140625
3770 190.26015625 45162.0015625
3780 178.18671875 45340.18828125
3790 185.8890625 45526.07734375
3800 181.2578125 45707.33515625
3810 179.4 45886.73515625
3820 186.484375 46073.21953125
3830 178.87578125 46252.0953125
3840 172.97578125 46425.07109375
3850 180.29375 46605.36484375
3860 194.0984375 46799.46328125
3870 184.61640625 46984.0796875
3880 185.8984375 47169.978125
3890 172.1140625 47342.0921875
3900 173.071875 47515.1640625
3910 184.33828125 47699.50234375
3920 180.52578125 47880.028125
3930 171.8140625 48051.8421875
3940 190.01796875 48241.86015625
3950 179.46171875 48421.321875
3960 186.140625 48607.4625
3970 188.8375 48796.3
3980 189.47421875 48985.77421875
3990 174.4703125 49160.24453125
4000 185.5796875 49345.82421875
4010 191.509375 49537.33359375
4020 178.81640625 49716.15
4030 184.35390625 49900.50390625
4040 177.1796875 50077.68359375
4050 185.1984375 50262.88203125
4060 188.065625 50450.94765625
4070 185.14609375 50636.09375
4080 197.4421875 50833.5359375
4090 177.29921875 51010.83515625
4100 185.89140625 51196.7265625
4110 181.97109375 51378.69765625
4120 185.2640625 51563.96171875
4130 185.81015625 51749.771875
4140 185.88984375 51935.66171875
4150 187.0421875 52122.70390625
4160 175.9640625 52298.66796875
4170 178.2234375 52476.89140625
4180 176.496875 52653.38828125
4190 188.9078125 52842.29609375
4200 187.640625 53029.93671875
4210 194.5296875 53224.46640625
4220 173.84296875 53398.309375
4230 183.35703125 53581.66640625
4240 176.6890625 53758.35546875
4250 187.02421875 53945.3796875
4260 178.69765625 54124.07734375
4270 188.50390625 54312.58125
4280 192.9578125 54505.5390625
4290 179.02265625 54684.56171875
4300 177.446875 54862.00859375
4310 184.803125 55046.81171875
4320 184.59765625 55231.409375
4330 184.99140625 55416.40078125
4340 190.734375 55607.13515625
4350 176.8671875 55784.00234375
4360 188.26640625 55972.26875
4370 184.92578125 56157.19453125
4380 181.7703125 56338.96484375
4390 179.19296875 56518.1578125
4400 190.865625 56709.0234375
4410 184.84609375 56893.86953125
4420 193.1015625 57086.97109375
4430 194.38203125 57281.353125
4440 198.70234375 57480.05546875
4450 183.5703125 57663.62578125
4460 183.1859375 57846.81171875
4470 181.94296875 58028.7546875
4480 201.09375 58229.8484375
4490 185.565625 58415.4140625
4500 193.18359375 58608.59765625
4510 188.3390625 58796.93671875
4520 192.01328125 58988.95
4530 187.175 59176.125
4540 195.91796875 59372.04296875
4550 198.3703125 59570.41328125
4560 186.99609375 59757.409375
4570 183.3796875 59940.7890625
4580 200.9921875 60141.78125
4590 183.575 60325.35625
4594 78.06015625 60403.41640625
