10 4.4171875 4.4171875
20 6.83125 11.2484375
30 9.990625 21.2390625
40 9.2640625 30.503125
50 14.615625 45.11875
60 10.15859375 55.27734375
70 8.025 63.30234375
80 10.234375 73.53671875
90 9.10078125 82.6375
100 7.72421875 90.36171875
110 9.6625 100.02421875
120 11.21796875 111.2421875
130 11.9375 123.1796875
140 19.853125 143.0328125
150 15.1203125 158.153125
160 16.41015625 174.56328125
170 23.86953125 198.4328125
180 15.8734375 214.30625
190 19.4546875 233.7609375
200 16.65546875 250.41640625
210 20.65859375 271.075
220 24.95234375 296.02734375
230 21.771875 317.79921875
240 24.06796875 341.8671875
250 22.3234375 364.190625
260 30.36640625 394.55703125
270 27.13828125 421.6953125
280 29.7109375 451.40625
290 27.11015625 478.51640625
300 33.5703125 512.08671875
310 27.48203125 539.56875
320 27.07578125 566.64453125
330 31.07265625 597.7171875
340 29.25859375 626.97578125
350 31.42421875 658.4
360 32.53046875 690.93046875
370 37.89921875 728.8296875
380 47.49765625 776.32734375
390 44.0234375 820.35078125
400 38.18984375 858.540625
410 41.07890625 899.61953125
420 47.1421875 946.76171875
430 40.14921875 986.9109375
440 44.1296875 1031.040625
450 46.86015625 1077.90078125
460 41.26796875 1119.16875
470 38.615625 1157.784375
480 47.36484375 1205.14921875
490 49.39921875 1254.5484375
500 56.8640625 1311.4125
510 47.03515625 1358.44765625
520 57.01640625 1415.4640625
530 59.51015625 1474.97421875
540 52.43359375 1527.4078125
550 53.30546875 1580.71328125
560 56.52734375 1637.240625
570 53.296875 1690.5375
580 50.340625 1740.878125
590 51.86953125 1792.74765625
600 68.0890625 1860.83671875
610 72.0046875 1932.84140625
620 67.12109375 1999.9625
630 81.88359375 2081.84609375
640 73.09921875 2154.9453125
650 80.3328125 2235.278125
660 73.45859375 2308.73671875
670 69.01015625 2377.746875
680 75.10078125 2452.84765625
690 82.28671875 2535.134375
700 72.93515625 2608.06953125
710 83.696875 2691.76640625
720 87.54765625 2779.3140625
730 74.890625 2854.2046875
740 75.58515625 2929.78984375
750 75.365625 3005.15546875
760 71.6734375 3076.82890625
770 73.75546875 3150.584375
780 76.4515625 3227.0359375
790 74.55546875 3301.59140625
800 84.9 3386.49140625
810 80.32265625 3466.8140625
820 85.57421875 3552.38828125
830 67.90078125 3620.2890625
840 79.1421875 3699.43125
850 75.14921875 3774.58046875
860 75.89765625 3850.478125
870 76.575 3927.053125
880 77.3984375 4004.4515625
890 77.56484375 4082.01640625
900 87.56328125 4169.5796875
910 73.66796875 4243.24765625
920 81.2046875 4324.45234375
930 74.184375 4398.63671875
940 78.12421875 4476.7609375
950 84.24140625 4561.00234375
960 71.3765625 4632.37890625
970 70.1875 4702.56640625
980 71.98984375 4774.55625
990 69.7234375 4844.2796875
1000 77.0859375 4921.365625
1010 74.93515625 4996.30078125
1020 81.74140625 5078.0421875
1030 87.51796875 5165.56015625
1040 73.51640625 5239.0765625
1050 81.5109375 5320.5875
1060 79.08125 5399.66875
1070 75.13203125 5474.80078125
1080 82.05546875 5556.85625
1090 75.475 5632.33125
1100 77.2703125 5709.6015625
1110 78.84453125 5788.44609375
1120 76.3421875 5864.78828125
1130 80.309375 5945.09765625
1140 75.28125 6020.37890625
1150 81.36171875 6101.740625
1160 76.39296875 6178.13359375
1170 76.875 6255.00859375
1180 68.53828125 6323.546875
1190 74.55 6398.096875
1200 89.58515625 6487.68203125
1210 89.175 6576.85703125
1220 98.22265625 6675.0796875
1230 96.18984375 6771.26953125
1240 103.0734375 6874.34296875
1250 98.8671875 6973.21015625
1260 97.53984375 7070.75
1270 92.01953125 7162.76953125
1280 105.3625 7268.13203125
1290 96.1171875 7364.24921875
1300 104.75703125 7469.00625
1310 95.21015625 7564.21640625
1320 99.73828125 7663.9546875
1330 91.55 7755.5046875
1340 93.753125 7849.2578125
1350 101.3640625 7950.621875
1360 98.10859375 8048.73046875
1370 94.75 8143.48046875
1380 95.83984375 8239.3203125
1390 99.6734375 8338.99375
1400 99.81015625 8438.80390625
1410 97.4140625 8536.21796875
1420 99.66953125 8635.8875
1430 99.57421875 8735.46171875
1440 92.1859375 8827.64765625
1450 95.1625 8922.81015625
1460 93.72734375 9016.5375
1470 94.35703125 9110.89453125
1480 97.92890625 9208.8234375
1490 102.1859375 9311.009375
1500 99.38046875 9410.38984375
1510 100.5484375 9510.93828125
1520 98.8140625 9609.75234375
1530 100.6109375 9710.36328125
1540 95.475 9805.83828125
1550 105.06171875 9910.9
1560 95.08359375 10005.98359375
1570 104.33203125 10110.315625
1580 94.06640625 10204.38203125
1590 91.75078125 10296.1328125
1600 97.1109375 10393.24375
1610 106.45234375 10499.69609375
1620 106.4203125 10606.11640625
1630 95.71953125 10701.8359375
1640 94.35546875 10796.19140625
1650 91.25390625 10887.4453125
1660 104.0375 10991.4828125
1670 104.02578125 11095.50859375
1680 99.74765625 11195.25625
1690 106.04921875 11301.30546875
1700 106.4890625 11407.79453125
1710 98.02578125 11505.8203125
1720 98.90078125 11604.72109375
1730 113.68046875 11718.4015625
1740 102.00390625 11820.40546875
1750 94.50390625 11914.909375
1760 98.13125 12013.040625
1770 101.01171875 12114.05234375
1780 103.15234375 12217.2046875
1790 106.88515625 12324.08984375
1800 109.89453125 12433.984375
1810 119.22421875 12553.20859375
1820 111.2359375 12664.44453125
1830 112.72265625 12777.1671875
1840 121.31640625 12898.48359375
1850 119.71875 13018.20234375
1860 121.3671875 13139.56953125
1870 115.96328125 13255.5328125
1880 105.50859375 13361.04140625
1890 121.35078125 13482.3921875
1900 113.24765625 13595.63984375
1910 120.01875 13715.65859375
1920 110.1890625 13825.84765625
1930 114.29921875 13940.146875
1940 113.5453125 14053.6921875
1950 114.93125 14168.6234375
1960 113.465625 14282.0890625
1970 112.7515625 14394.840625
1980 116.92578125 14511.76640625
1990 126.178125 14637.94453125
2000 106.9375 14744.88203125
2010 111.34140625 14856.2234375
2020 104.46484375 14960.68828125
2030 113.43203125 15074.1203125
2040 115.634375 15189.7546875
2050 115.27265625 15305.02734375
2060 114.58671875 15419.6140625
2070 109.7828125 15529.396875
2080 129.078125 15658.475
2090 101.896875 15760.371875
2100 115.09140625 15875.46328125
2110 123.3671875 15998.83046875
2120 98.65078125 16097.48125
2130 112.1203125 16209.6015625
2140 111.05703125 16320.65859375
2150 111.7921875 16432.45078125
2160 112.81640625 16545.2671875
2170 110.03671875 16655.30390625
2180 108.646875 16763.95078125
2190 118.02734375 16881.978125
2200 112.8484375 16994.8265625
2210 118.34140625 17113.16796875
2220 104.9296875 17218.09765625
2230 113.66953125 17331.7671875
2240 105.7953125 17437.5625
2250 103.80390625 17541.36640625
2260 119.91015625 17661.2765625
2270 114.14921875 17775.42578125
2280 101.58671875 17877.0125
2290 105.121875 17982.134375
2300 117.38125 18099.515625
2310 105.75234375 18205.26796875
2320 115.87890625 18321.146875
2330 113.621875 18434.76875
2340 119.05859375 18553.82734375
2350 109.21640625 18663.04375
2360 108.77109375 18771.81484375
2370 115.25390625 18887.06875
2380 114.86484375 19001.93359375
2390 113.3046875 19115.23828125
2400 119.92890625 19235.1671875
2410 119.65859375 19354.82578125
2420 129.046875 19483.87265625
2430 123.59609375 19607.46875
2440 123.93125 19731.4
2450 121.55625 19852.95625
2460 132.85390625 19985.81015625
2470 120.28671875 20106.096875
2480 125.0234375 20231.1203125
2490 129.3296875 20360.45
2500 118.78671875 20479.23671875
2510 121.88515625 20601.121875
2520 120.88828125 20722.01015625
2530 124.16015625 20846.1703125
2540 130.175 20976.3453125
2550 126.0046875 21102.35
2560 121.8875 21224.2375
2570 128.484375 21352.721875
2580 121.78125 21474.503125
2590 115.23203125 21589.73515625
2600 117.3828125 21707.11796875
2610 125.515625 21832.63359375
2620 134.0671875 21966.70078125
2630 126.94921875 22093.65
2640 122.1046875 22215.7546875
2650 124.56484375 22340.31953125
2660 115.79765625 22456.1171875
2670 123.49609375 22579.61328125
2680 122.0421875 22701.65546875
2690 123.0875 22824.74296875
2700 132.94296875 22957.6859375
2710 122.746875 23080.4328125
2720 129.39296875 23209.82578125
2730 120.81328125 23330.6390625
2740 121.81875 23452.4578125
2750 124.14609375 23576.60390625
2760 120.7359375 23697.33984375
2770 135.203125 23832.54296875
2780 105.7765625 23938.31953125
2790 127.4640625 24065.78359375
2800 125.1671875 24190.95078125
2810 122.72421875 24313.675
2820 120.025 24433.7
2830 119.36328125 24553.06328125
2840 128.9859375 24682.04921875
2850 125.234375 24807.28359375
2860 129.19921875 24936.4828125
2870 126.5046875 25062.9875
2880 122.121875 25185.109375
2890 121.0828125 25306.1921875
2900 127.99609375 25434.18828125
2910 121.78359375 25555.971875
2920 124.55546875 25680.52734375
2930 127.9859375 25808.51328125
2940 116.559375 25925.07265625
2950 123.4046875 26048.47734375
2960 125.3171875 26173.79453125
2970 131.0046875 26304.79921875
2980 130.2953125 26435.09453125
2990 131.39921875 26566.49375
3000 130.20546875 26696.69921875
3010 131.63984375 26828.3390625
3020 129.20234375 26957.54140625
3030 133.940625 27091.48203125
3040 135.12578125 27226.6078125
3050 133.83046875 27360.43828125
3060 142.75234375 27503.190625
3070 133.76484375 27636.95546875
3080 138.61015625 27775.565625
3090 132.39609375 27907.96171875
3100 139.2796875 28047.24140625
3110 129.546875 28176.78828125
3120 131.23515625 28308.0234375
3130 146.5140625 28454.5375
3140 136.9921875 28591.5296875
3150 128.74609375 28720.27578125
3160 140.18125 28860.45703125
3170 141.6125 29002.06953125
3180 131.1734375 29133.24296875
3190 135.76796875 29269.0109375
3200 132.71875 29401.7296875
3210 131.83046875 29533.56015625
3220 123.3734375 29656.93359375
3230 135.05 29791.98359375
3240 135.54765625 29927.53125
3250 130.36328125 30057.89453125
3260 134.5828125 30192.47734375
3270 134.15234375 30326.6296875
3280 137.31328125 30463.94296875
3290 132.75703125 30596.7
3300 132.6328125 30729.3328125
3310 138.58515625 30867.91796875
3320 136.975 31004.89296875
3330 135.71875 31140.61171875
3340 138.4921875 31279.10390625
3350 143.125 31422.22890625
3360 135.78046875 31558.009375
3370 136.2875 31694.296875
3380 135.859375 31830.15625
3390 136.93828125 31967.09453125
3400 134.296875 32101.39140625
3410 137.29921875 32238.690625
3420 134.328125 32373.01875
3430 138.99921875 32512.01796875
3440 133.7984375 32645.81640625
3450 131.34609375 32777.1625
3460 132.47109375 32909.63359375
3470 143.42890625 33053.0625
3480 123.53984375 33176.60234375
3490 127.51484375 33304.1171875
3500 136.5953125 33440.7125
3510 139.17265625 33579.88515625
3520 133.8890625 33713.77421875
3530 122.0515625 33835.82578125
3540 135.44140625 33971.2671875
3550 126.00859375 34097.27578125
3560 130.37734375 34227.653125
3570 137.5390625 34365.1921875
3580 137.18125 34502.3734375
3590 142.09140625 34644.46484375
3600 132.975 34777.43984375
3610 146.40703125 34923.846875
3620 144.54921875 35068.39609375
3630 144.9359375 35213.33203125
3640 139.22109375 35352.553125
3650 149.76015625 35502.31328125
3660 134.0828125 35636.39609375
3670 137.28046875 35773.6765625
3680 153.5265625 35927.203125
3690 143.39296875 36070.59609375
3700 147.1984375 36217.79453125
3710 149.2296875 36367.02421875
3720 151.06171875 36518.0859375
3730 132.6828125 36650.76875
3740 142.278125 36793.046875
3750 141.3 36934.346875
3760 143.4703125 37077.8171875
3770 147.44140625 37225.25859375
3780 150.67578125 37375.934375
3790 145.2171875 37521.1515625
3800 136.34765625 37657.49921875
3810 146.15546875 37803.6546875
3820 139.1625 37942.8171875
3830 129.71796875 38072.53515625
3840 139.33515625 38211.8703125
3850 143.43125 38355.3015625
3860 142.48671875 38497.78828125
3870 134.36796875 38632.15625
3880 149.14140625 38781.29765625
3890 149.01171875 38930.309375
3900 147.5234375 39077.8328125
3910 144.3328125 39222.165625
3920 143.4796875 39365.6453125
3930 144.63515625 39510.28046875
3940 137.46171875 39647.7421875
3950 150.728125 39798.4703125
3960 147.153125 39945.6234375
3970 132.81875 40078.4421875
3980 144.096875 40222.5390625
3990 135.775 40358.3140625
4000 150.4375 40508.7515625
4010 140.021875 40648.7734375
4020 146.52734375 40795.30078125
4030 130.27890625 40925.5796875
4040 144.37421875 41069.95390625
4050 148.546875 41218.50078125
4060 141.76875 41360.26953125
4070 141.61875 41501.88828125
4080 140.0171875 41641.90546875
4090 151.221875 41793.12734375
4100 140.64453125 41933.771875
4110 147.26015625 42081.03203125
4120 139.81796875 42220.85
4130 149.734375 42370.584375
4140 133.08359375 42503.66796875
4150 148.27890625 42651.946875
4160 141.44765625 42793.39453125
4170 142.04609375 42935.440625
4180 142.90234375 43078.34296875
4190 137.29609375 43215.6390625
4200 155.08984375 43370.72890625
4210 154.8765625 43525.60546875
4220 151.88828125 43677.49375
4230 150.94453125 43828.43828125
4240 142.15546875 43970.59375
4250 156.69375 44127.2875
4260 159.99609375 44287.28359375
4270 144.2640625 44431.54765625
4280 162.7953125 44594.34296875
4290 158.6046875 44752.94765625
4300 159.6828125 44912.63046875
4310 164.0265625 45076.65703125
4320 151.27578125 45227.9328125
4330 144.3140625 45372.246875
4340 148.73828125 45520.98515625
4350 156.99765625 45677.9828125
4360 148.87578125 45826.85859375
4370 145.8546875 45972.71328125
4380 164.55859375 46137.271875
4390 149.76953125 46287.04140625
4400 146.53125 46433.57265625
4410 146.8890625 46580.46171875
4420 147.66796875 46728.1296875
4430 157.39140625 46885.52109375
4440 154.0546875 47039.57578125
4450 151.8546875 47191.43046875
4460 141.0890625 47332.51953125
4470 153.33046875 47485.85
4480 155.94296875 47641.79296875
4490 148.0421875 47789.83515625
4500 147.575 47937.41015625
4510 155.77890625 48093.1890625
4520 147.60546875 48240.79453125
4530 160.76328125 48401.5578125
4540 151.7140625 48553.271875
4550 153.12421875 48706.39609375
4560 148.66328125 48855.059375
4570 152.140625 49007.2
4580 151.75859375 49158.95859375
4590 161.65546875 49320.6140625
4600 153.384375 49473.9984375
4610 153.04453125 49627.04296875
4620 151.5140625 49778.55703125
4630 156.71796875 49935.275
4640 152.81796875 50088.09296875
4650 150.6203125 50238.71328125
4660 153.0203125 50391.73359375
4670 153.66875 50545.40234375
4680 141.26640625 50686.66875
4690 154.18984375 50840.85859375
4700 151.7234375 50992.58203125
4710 154.09140625 51146.6734375
4720 148.840625 51295.5140625
4730 152.25625 51447.7703125
4740 151.6609375 51599.43125
4750 148.51015625 51747.94140625
4760 151.5828125 51899.52421875
4770 148.97734375 52048.5015625
4780 143.765625 52192.2671875
4790 125.87578125 52318.14296875
4800 92.11484375 52410.2578125
4810 63.50859375 52473.76640625
4820 21.5953125 52495.36171875
4830 5.1515625 52500.51328125
4837 1.70859375 52502.221875
