10 159.35078125 159.35078125
20 214.2578125 373.60859375
30 300.9609375 674.56953125
40 276.9546875 951.52421875
50 410.61640625 1362.140625
60 308.37109375 1670.51171875
70 238.1515625 1908.66328125
80 313.55 2222.21328125
90 247.28125 2469.49453125
100 241.565625 2711.06015625
110 276.45703125 2987.5171875
120 350.61328125 3338.13046875
130 352.8453125 3690.97578125
140 585.26484375 4276.240625
150 470.61015625 4746.85078125
160 507.171875 5254.02265625
170 691.39296875 5945.415625
180 453.390625 6398.80625
190 588.14609375 6986.95234375
200 512.19453125 7499.146875
210 619.6078125 8118.7546875
220 715.34921875 8834.10390625
230 674.31171875 9508.415625
240 692.61953125 10201.03515625
250 700.684375 10901.71953125
260 896.284375 11798.00390625
270 797.63203125 12595.6359375
280 882.76328125 13478.39921875
290 852.484375 14330.88359375
300 887.7859375 15218.66953125
310 883.27734375 16101.946875
320 795.29609375 16897.24296875
330 922.678125 17819.92109375
340 868.540625 18688.46171875
350 948.43671875 19636.8984375
360 960.32109375 20597.21953125
370 1156.31171875 21753.53125
380 1406.71171875 23160.24296875
390 1263.94921875 24424.1921875
400 1156.7046875 25580.896875
410 1276.68671875 26857.58359375
420 1330.346875 28187.93046875
430 1253.68046875 29441.6109375
440 1296.1890625 30737.8
450 1374.13515625 32111.93515625
460 1202.4390625 33314.37421875
470 1190.4453125 34504.81953125
480 1411.47265625 35916.2921875
490 1475.3546875 37391.646875
500 1628.64921875 39020.29609375
510 1399.35 40419.64609375
520 1790.434375 42210.08046875
530 1706.384375 43916.46484375
540 1523.7484375 45440.21328125
550 1614.65 47054.86328125
560 1637.8328125 48692.69609375
570 1602.58203125 50295.278125
580 1459.934375 51755.2125
590 1615.8453125 53371.0578125
600 2015.48984375 55386.54765625
610 2148.68984375 57535.2375
620 2064.82578125 59600.06328125
630 2354.4234375 61954.48671875
640 2217.3984375 64171.88515625
650 2404.115625 66576.00078125
660 2097.56796875 68673.56875
670 2032.7390625 70706.3078125
680 2343.196875 73049.5046875
690 2331.096875 75380.6015625
700 2257.8234375 77638.425
710 2486.646875 80125.071875
720 2521.70390625 82646.77578125
730 2293.39296875 84940.16875
740 2169.35703125 87109.52578125
750 2238.64375 89348.16953125
760 2125.99765625 91474.1671875
770 2180.4171875 93654.584375
780 2273.17421875 95927.75859375
790 2268.79921875 98196.5578125
800 2450.840625 100647.3984375
810 2411.69375 103059.0921875
820 2545.41171875 105604.50390625
830 2019.9828125 107624.48671875
840 2373.85703125 109998.34375
850 2247.23671875 112245.58046875
860 2171.7265625 114417.30703125
870 2190.48046875 116607.7875
880 2400.15078125 119007.93828125
890 2345.11640625 121353.0546875
900 2553.10859375 123906.16328125
910 2212.240625 126118.40390625
920 2397.05859375 128515.4625
930 2275.17109375 130790.63359375
940 2212.3515625 133002.98515625
950 2540.20078125 135543.1859375
960 2196.94296875 137740.12890625
970 1975.31328125 139715.4421875
980 2163.775 141879.2171875
990 2031.80703125 143911.02421875
1000 2333.38671875 146244.4109375
1010 2256.28046875 148500.69140625
1020 2410.5546875 150911.24609375
1030 2501.48671875 153412.7328125
1040 2266.57421875 155679.30703125
1050 2409.36796875 158088.675
1060 2338.79296875 160427.46796875
1070 2245.340625 162672.80859375
1080 2397.3203125 165070.12890625
1090 2256.42890625 167326.5578125
1100 2260.86796875 169587.42578125
1110 2334.20234375 171921.628125
1120 2279.05 174200.678125
1130 2374.91796875 176575.59609375
1140 2285.9125 178861.50859375
1150 2323.59765625 181185.10625
1160 2358.43125 183543.5375
1170 2224.09609375 185767.63359375
1180 2119.35625 187886.98984375
1190 2163.27578125 190050.265625
1200 2390.08125 192440.346875
1210 2609.72890625 195050.07578125
1220 2920.34921875 197970.425
1230 2920.85625 200891.28125
1240 2982.3890625 203873.6703125
1250 2930.50859375 206804.17890625
1260 2927.04609375 209731.225
1270 2736.48828125 212467.71328125
1280 2957.190625 215424.90390625
1290 2896.68203125 218321.5859375
1300 2799.3078125 221120.89375
1310 2820.071875 223940.965625
1320 2796.5609375 226737.5265625
1330 2787.45546875 229524.98203125
1340 2828.9546875 232353.93671875
1350 2810.8390625 235164.77578125
1360 2828.19765625 237992.9734375
1370 2848.49609375 240841.46953125
1380 2358.14921875 243199.61875
1390 2644.09609375 245843.71484375
1400 2831.046875 248674.76171875
1410 2818.8203125 251493.58203125
1420 2889.5375 254383.11953125
1430 2871.49609375 257254.615625
1440 2747.4171875 260002.0328125
1450 2818.2796875 262820.3125
1460 2783.55078125 265603.86328125
1470 2858.8234375 268462.68671875
1480 2790.996875 271253.68359375
1490 2749.3125 274002.99609375
1500 2794.95390625 276797.95
1510 2808.62890625 279606.57890625
1520 2810.9578125 282417.53671875
1530 2895.4421875 285312.97890625
1540 2888.81953125 288201.7984375
1550 2857.871875 291059.6703125
1560 2751.95234375 293811.62265625
1570 2844.659375 296656.28203125
1580 2769.11015625 299425.3921875
1590 2787.27421875 302212.66640625
1600 2863.79765625 305076.4640625
1610 2815.4859375 307891.95
1620 2822.48828125 310714.43828125
1630 2875.64296875 313590.08125
1640 2827.12265625 316417.20390625
1650 2852.953125 319270.15703125
1660 2778.3875 322048.54453125
1670 2868.73671875 324917.28125
1680 2850.4484375 327767.7296875
1690 2715.57421875 330483.30390625
1700 2845.859375 333329.16328125
1710 2937.91015625 336267.0734375
1720 2779.83125 339046.9046875
1730 2844.21015625 341891.11484375
1740 2799.97578125 344691.090625
1750 2822.065625 347513.15625
1760 2848.21953125 350361.37578125
1770 2861.11484375 353222.490625
1780 2790.54921875 356013.03984375
1790 2850.12109375 358863.1609375
1800 2790.08984375 361653.25078125
1810 2826.55859375 364479.809375
1820 2877.62109375 367357.43046875
1830 2902.128125 370259.55859375
1840 2825.1078125 373084.66640625
1850 2895.4734375 375980.13984375
1860 2880.64609375 378860.7859375
1870 2928.35078125 381789.13671875
1880 2940.74609375 384729.8828125
1890 2897.48203125 387627.36484375
1900 2839.33984375 390466.7046875
1910 2929.5203125 393396.225
1920 2848.1328125 396244.3578125
1930 2769.84140625 399014.19921875
1940 2819.3328125 401833.53203125
1950 2954.0171875 404787.54921875
1960 2894.81796875 407682.3671875
1970 2853.1734375 410535.540625
1980 2834.10546875 413369.64609375
1990 2842.4234375 416212.06953125
2000 2845.38515625 419057.4546875
2010 2911.075 421968.5296875
2020 2827.3578125 424795.8875
2030 2924.32734375 427720.21484375
2040 2763.33125 430483.54609375
2050 2874.04609375 433357.5921875
2060 2839.7359375 436197.328125
2070 2841.8609375 439039.1890625
2080 2945.97421875 441985.16328125
2090 2834.0953125 444819.25859375
2100 2885.8265625 447705.08515625
2110 2889.8515625 450594.93671875
2120 2802.9078125 453397.84453125
2130 2862.20703125 456260.0515625
2140 2833.2875 459093.3390625
2150 2847.7515625 461941.090625
2160 2816.296875 464757.3875
2170 2792.81328125 467550.20078125
2180 2943.2015625 470493.40234375
2190 2821.88125 473315.28359375
2200 3005.47421875 476320.7578125
2210 2825.646875 479146.4046875
2220 2814.4265625 481960.83125
2230 2905.13671875 484865.96796875
2240 2842.3609375 487708.32890625
2250 2823.428125 490531.75703125
2260 2817.3421875 493349.09921875
2270 2871.3859375 496220.48515625
2280 2933.39375 499153.87890625
2290 2812.14609375 501966.025
2300 2822.14921875 504788.17421875
2310 2931.3046875 507719.47890625
2320 2828.1859375 510547.66484375
2330 2977.8765625 513525.54140625
2340 2776.6125 516302.15390625
2350 2796.4453125 519098.59921875
2360 2905.29921875 522003.8984375
2370 2814.040625 524817.9390625
2380 2931.27421875 527749.21328125
2390 2857.74375 530606.95703125
2400 2811.48046875 533418.4375
2410 2927.66875 536346.10625
2420 2906.47265625 539252.57890625
2430 2912.3046875 542164.88359375
2440 2962.20703125 545127.090625
2450 2859.95625 547987.046875
2460 2879.7921875 550866.8390625
2470 2881.65 553748.4890625
2480 2939.57578125 556688.06484375
2490 2888.36796875 559576.4328125
2500 2914.57109375 562491.00390625
2510 2904.34453125 565395.3484375
2520 2869.10546875 568264.45390625
2530 2883.81328125 571148.2671875
2540 2918.32734375 574066.59453125
2550 2938.1453125 577004.73984375
2560 2910.2359375 579914.97578125
2570 2879.38671875 582794.3625
2580 2739.1890625 585533.5515625
2590 2936.96484375 588470.51640625
2600 2909.915625 591380.43203125
2610 2859.26640625 594239.6984375
2620 2890.509375 597130.2078125
2630 2948.29765625 600078.50546875
2640 2763.38671875 602841.8921875
2650 2966.725 605808.6171875
2660 2944.12265625 608752.73984375
2670 2891.89609375 611644.6359375
2680 2823.91015625 614468.54609375
2690 2949.3015625 617417.84765625
2700 2901.40390625 620319.2515625
2710 2839.29453125 623158.54609375
2720 2983.1359375 626141.68203125
2730 2945.2421875 629086.92421875
2740 2958.33125 632045.25546875
2750 2923.53046875 634968.7859375
2760 2856.35 637825.1359375
2770 2943.38046875 640768.51640625
2780 2913.04375 643681.56015625
2790 2894.60859375 646576.16875
2800 2905.91875 649482.0875
2810 2871.56640625 652353.65390625
2820 2864.1171875 655217.77109375
2830 2898.38046875 658116.1515625
2840 2893.05390625 661009.20546875
2850 2911.359375 663920.56484375
2860 2945.25078125 666865.815625
2870 2932.9796875 669798.7953125
2880 2874.228125 672673.0234375
2890 2891.91171875 675564.93515625
2900 2918.375 678483.31015625
2910 2797.4703125 681280.78046875
2920 2952.83203125 684233.6125
2930 2916.284375 687149.896875
2940 2784.746875 689934.64375
2950 2983.628125 692918.271875
2960 2813.41796875 695731.68984375
2970 3034.659375 698766.34921875
2980 2927.79609375 701694.1453125
2990 2934.93125 704629.0765625
3000 2872.6734375 707501.75
3010 2970.87890625 710472.62890625
3020 2961.29453125 713433.9234375
3030 2946.36953125 716380.29296875
3040 2950.8765625 719331.16953125
3050 3006.30703125 722337.4765625
3060 2919.159375 725256.6359375
3070 3018.61484375 728275.25078125
3080 2866.02578125 731141.2765625
3090 2901.7421875 734043.01875
3100 2961.30703125 737004.32578125
3110 2952.9484375 739957.27421875
3120 2850.05 742807.32421875
3130 3014.16796875 745821.4921875
3140 2954.81640625 748776.30859375
3150 2931.06015625 751707.36875
3160 2974.12578125 754681.49453125
3170 2955.58046875 757637.075
3180 2911.39375 760548.46875
3190 2919.55859375 763468.02734375
3200 2918.33125 766386.35859375
3210 2984.6078125 769370.96640625
3220 2839.40546875 772210.371875
3230 3054.978125 775265.35
3240 2937.54765625 778202.89765625
3250 2965.7578125 781168.65546875
3260 2945.49765625 784114.153125
3270 2960.8515625 787075.0046875
3280 2939.33515625 790014.33984375
3290 2881.60390625 792895.94375
3300 2929.8296875 795825.7734375
3310 2857.33984375 798683.11328125
3320 2941.47734375 801624.590625
3330 2994.78359375 804619.37421875
3340 3013.89140625 807633.265625
3350 2936.64453125 810569.91015625
3360 2914.37265625 813484.2828125
3370 2974.00625 816458.2890625
3380 2935.9234375 819394.2125
3390 2879.0390625 822273.2515625
3400 3008.73671875 825281.98828125
3410 2958.6328125 828240.62109375
3420 2864.40625 831105.02734375
3430 2884.6203125 833989.64765625
3440 2954.878125 836944.52578125
3450 3011.71484375 839956.240625
3460 2960.06796875 842916.30859375
3470 2946.7921875 845863.10078125
3480 2818.68984375 848681.790625
3490 3028.7796875 851710.5703125
3500 2948.36953125 854658.93984375
3510 3007.35859375 857666.2984375
3520 2968.609375 860634.9078125
3530 2947.19921875 863582.10703125
3540 2895.13828125 866477.2453125
3550 2853.425 869330.6703125
3560 2869.31640625 872199.98671875
3570 3083.1078125 875283.09453125
3580 2931.4859375 878214.58046875
3590 2861.46796875 881076.0484375
3600 2989.60625 884065.6546875
3610 2992.70546875 887058.36015625
3620 2921.6171875 889979.97734375
3630 2957.42734375 892937.4046875
3640 3007.01328125 895944.41796875
3650 3001.66484375 898946.0828125
3660 2941.07421875 901887.15703125
3670 2953.41328125 904840.5703125
3680 2964.38046875 907804.95078125
3690 3044.3890625 910849.33984375
3700 3016.59765625 913865.9375
3710 2949.62265625 916815.56015625
3720 2990.07265625 919805.6328125
3730 3077.403125 922883.0359375
3740 2864.52890625 925747.56484375
3750 2942.00625 928689.57109375
3760 3049.0859375 931738.65703125
3770 3013.075 934751.73203125
3780 2944.24296875 937695.975
3790 3050.84375 940746.81875
3800 3007.6296875 943754.4484375
3810 2958.11875 946712.5671875
3820 2898.3796875 949610.946875
3830 3019.196875 952630.14375
3840 2899.96953125 955530.11328125
3850 2940.81875 958470.93203125
3860 3031.56953125 961502.5015625
3870 2935.26875 964437.7703125
3880 3014.8421875 967452.6125
3890 2948.01328125 970400.62578125
3900 3004.5359375 973405.16171875
3910 2957.4859375 976362.64765625
3920 2975.61328125 979338.2609375
3930 3054.77734375 982393.03828125
3940 2962.6234375 985355.66171875
3950 3048.01640625 988403.678125
3960 2966.684375 991370.3625
3970 2921.8078125 994292.1703125
3980 3016.40703125 997308.57734375
3990 2916.38828125 1000224.965625
4000 3010.08671875 1003235.05234375
4010 3004.02265625 1006239.075
4020 2859.865625 1009098.940625
4030 2959.31796875 1012058.25859375
4040 2912.48671875 1014970.7453125
4050 3055.25078125 1018025.99609375
4060 2997.71328125 1021023.709375
4070 2930.4046875 1023954.1140625
4080 2961.61328125 1026915.72734375
4090 3017.32734375 1029933.0546875
4100 2992.0390625 1032925.09375
4110 3068.346875 1035993.440625
4120 3034.1515625 1039027.5921875
4130 2924.38828125 1041951.98046875
4140 2885.15625 1044837.13671875
4150 2989.91171875 1047827.0484375
4160 3003.45546875 1050830.50390625
4170 2984.0265625 1053814.53046875
4180 3017.19140625 1056831.721875
4190 2936.1984375 1059767.9203125
4200 2945.1171875 1062713.0375
4210 3045.7515625 1065758.7890625
4220 3057.6078125 1068816.396875
4230 2996.925 1071813.321875
4240 3022.28984375 1074835.61171875
4250 3047.37265625 1077882.984375
4260 2961.80234375 1080844.78671875
4270 3072.325 1083917.11171875
4280 3044.23125 1086961.34296875
4290 2975.3765625 1089936.71953125
4300 3102.63125 1093039.35078125
4310 2985.603125 1096024.95390625
4320 3075.5171875 1099100.47109375
4330 3018.29140625 1102118.7625
4340 3030.1625 1105148.925
4350 3049.33046875 1108198.25546875
4360 3119.26484375 1111317.5203125
4370 3033.3859375 1114350.90625
4380 3058.4859375 1117409.3921875
4390 2952.8828125 1120362.275
4400 3077.84765625 1123440.12265625
4410 2964.36015625 1126404.4828125
4420 2951.15546875 1129355.63828125
4430 3038.65078125 1132394.2890625
4440 3009.22109375 1135403.51015625
4450 3019.96015625 1138423.4703125
4460 3045.50078125 1141468.97109375
4470 3005.0421875 1144474.01328125
4480 3100.06640625 1147574.0796875
4490 3025.2296875 1150599.309375
4500 2996.68671875 1153595.99609375
4510 3054.26953125 1156650.265625
4520 2985.625 1159635.890625
4530 2980.16953125 1162616.06015625
4540 3050.4234375 1165666.48359375
4550 2999.19453125 1168665.678125
4560 3004.725 1171670.403125
4570 3074.79609375 1174745.19921875
4580 3026.52421875 1177771.7234375
4590 3019.1671875 1180790.890625
4600 3097.4078125 1183888.2984375
4610 3022.61875 1186910.9171875
4620 2992.00625 1189902.9234375
4630 3024.625 1192927.5484375
4640 3113.60390625 1196041.15234375
4650 2986.9875 1199028.13984375
4660 3063.54296875 1202091.6828125
4670 3015.6890625 1205107.371875
4680 3012.13046875 1208119.50234375
4690 3030.88046875 1211150.3828125
4700 3084.4390625 1214234.821875
4710 3032.98828125 1217267.81015625
4720 3017.44765625 1220285.2578125
4730 2954.0921875 1223239.35
4740 3059.7 1226299.05
4750 2886.84296875 1229185.89296875
4760 3018.3078125 1232204.20078125
4770 3066.87734375 1235271.078125
4780 3020.9296875 1238292.0078125
4790 2901.30078125 1241193.30859375
4800 2959.62265625 1244152.93125
4810 2944.4734375 1247097.4046875
4820 604.57734375 1247701.98203125
4830 146.01328125 1247847.9953125
4837 49.084375 1247897.0796875
