0 0 0
10 12 17
20 23 24
30 26 29
40 23 29
50 20 29
60 21 29
70 20 29
80 21 29
90 17 29
100 22 29
110 24 29
120 24 30
130 24 30
140 28 36
150 35 42
160 50 51
170 36 51
180 38 51
190 36 51
200 43 51
210 55 60
220 42 60
230 45 60
240 38 60
250 59 63
260 49 68
270 58 68
280 64 71
290 74 74
300 50 79
310 59 79
320 56 79
330 52 79
340 64 79
350 63 79
360 66 79
370 92 97
380 90 103
390 78 103
400 77 103
410 94 103
420 92 103
430 87 103
440 95 103
450 83 103
460 81 103
470 86 103
480 106 107
490 105 114
500 95 115
510 99 115
520 126 127
530 103 127
540 99 127
550 125 128
560 100 130
570 97 130
580 103 130
590 120 130
600 145 146
610 139 158
620 150 158
630 159 173
640 154 173
650 150 173
660 148 173
670 133 173
680 162 173
690 154 178
700 168 178
710 152 178
720 157 178
730 167 178
740 141 178
750 149 178
760 140 178
770 154 178
780 161 178
790 172 178
800 147 178
810 175 178
820 138 180
830 147 180
840 158 180
850 172 180
860 162 182
870 164 182
880 164 182
890 167 182
900 172 182
910 168 182
920 136 182
930 157 182
940 169 182
950 137 182
960 169 182
970 134 182
980 143 182
990 131 182
1000 151 182
1010 161 182
1020 181 191
1030 160 192
1040 166 192
1050 182 192
1060 161 192
1070 163 192
1080 152 192
1090 163 192
1100 157 192
1110 146 192
1120 139 192
1130 156 192
1140 151 192
1150 160 192
1160 179 192
1170 143 192
1180 161 192
1190 177 192
1200 224 229
1210 274 280
1220 250 280
1230 281 285
1240 272 297
1250 270 297
1260 274 297
1270 294 298
1280 323 330
1290 357 360
1300 404 405
1310 408 408
1320 409 426
1330 404 426
1340 422 431
1350 441 442
1360 488 490
1370 492 499
1380 524 536
1390 546 547
1400 520 550
1410 526 550
1420 487 550
1430 499 550
1440 477 550
1450 489 550
1460 480 550
1470 492 550
1480 514 550
1490 524 550
1500 504 550
1510 523 550
1520 510 550
1530 514 550
1540 510 550
1550 512 550
1560 527 550
1570 515 550
1580 489 550
1590 507 550
1600 521 550
1610 537 550
1620 542 559
1630 524 559
1640 510 559
1650 507 559
1660 542 559
1670 523 559
1680 523 559
1690 538 559
1700 536 559
1710 523 559
1720 547 559
1730 532 559
1740 507 559
1750 518 559
1760 526 559
1770 503 559
1780 532 559
1790 564 579
1800 585 594
1810 560 598
1820 572 598
1830 568 598
1840 603 613
1850 608 620
1860 597 620
1870 573 620
1880 587 620
1890 585 620
1900 612 620
1910 586 624
1920 583 624
1930 589 624
1940 579 624
1950 580 624
1960 564 624
1970 559 624
1980 586 624
1990 581 624
2000 580 624
2010 569 624
2020 569 624
2030 573 624
2040 576 624
2050 580 624
2060 599 624
2070 587 624
2080 555 624
2090 562 624
2100 583 624
2110 560 624
2120 569 624
2130 567 624
2140 574 624
2150 573 624
2160 569 624
2170 565 624
2180 554 624
2190 584 624
2200 573 624
2210 564 624
2220 569 624
2230 554 624
2240 574 624
2250 595 624
2260 597 624
2270 553 624
2280 540 624
2290 562 624
2300 552 624
2310 555 624
2320 587 624
2330 570 624
2340 585 624
2350 579 624
2360 563 624
2370 586 624
2380 568 624
2390 573 624
2400 611 624
2410 627 628
2420 608 637
2430 633 642
2440 643 649
2450 665 668
2460 638 673
2470 626 673
2480 640 673
2490 597 673
2500 616 673
2510 640 673
2520 623 673
2530 618 673
2540 640 673
2550 597 673
2560 614 673
2570 635 673
2580 627 673
2590 605 673
2600 628 673
2610 629 673
2620 612 673
2630 623 673
2640 634 673
2650 611 673
2660 602 673
2670 638 673
2680 612 673
2690 667 673
2700 647 679
2710 633 679
2720 626 679
2730 610 679
2740 619 679
2750 606 679
2760 627 679
2770 618 679
2780 611 679
2790 632 679
2800 610 679
2810 585 679
2820 615 679
2830 626 679
2840 632 679
2850 656 679
2860 602 679
2870 614 679
2880 624 679
2890 627 679
2900 641 679
2910 610 679
2920 601 679
2930 601 679
2940 594 679
2950 617 679
2960 648 679
2970 649 679
2980 652 679
2990 648 679
3000 639 679
3010 666 679
3020 660 679
3030 665 682
3040 693 700
3050 680 716
3060 687 716
3070 696 716
3080 713 726
3090 691 726
3100 684 726
3110 690 726
3120 690 726
3130 703 732
3140 647 732
3150 699 732
3160 709 732
3170 664 732
3180 664 732
3190 668 732
3200 655 732
3210 670 732
3220 643 732
3230 661 732
3240 671 732
3250 664 732
3260 658 732
3270 680 732
3280 667 732
3290 672 732
3300 688 732
3310 636 732
3320 645 732
3330 702 732
3340 710 732
3350 677 732
3360 674 732
3370 688 732
3380 687 732
3390 682 732
3400 703 732
3410 655 732
3420 709 732
3430 698 732
3440 673 732
3450 668 732
3460 691 732
3470 668 732
3480 658 732
3490 663 732
3500 715 732
3510 669 732
3520 658 732
3530 672 732
3540 664 732
3550 687 732
3560 654 732
3570 661 732
3580 666 732
3590 714 732
3600 686 732
3610 743 750
3620 744 750
3630 699 766
3640 703 766
3650 691 766
3660 689 766
3670 746 766
3680 726 766
3690 720 766
3700 751 784
3710 773 785
3720 724 786
3730 740 786
3740 714 786
3750 703 786
3760 725 786
3770 754 786
3780 731 786
3790 736 786
3800 720 786
3810 719 786
3820 690 786
3830 693 786
3840 676 786
3850 748 786
3860 720 786
3870 720 786
3880 721 786
3890 736 786
3900 716 786
3910 721 786
3920 752 786
3930 761 789
3940 757 789
3950 738 789
3960 715 789
3970 716 789
3980 699 789
3990 756 789
4000 753 789
4010 721 789
4020 673 789
4030 709 789
4040 696 789
4050 719 789
4060 737 789
4070 720 789
4080 739 789
4090 715 789
4100 722 789
4110 740 789
4120 718 789
4130 705 789
4140 725 789
4150 724 789
4160 706 789
4170 700 789
4180 707 789
4190 749 789
4200 764 789
4210 758 794
4220 757 800
4230 746 800
4240 756 800
4250 793 800
4260 795 845
4270 777 845
4280 795 845
4290 799 845
4300 797 845
4310 836 845
4320 765 845
4330 758 845
4340 795 845
4350 750 845
4360 761 845
4370 791 845
4380 830 845
4390 772 845
4400 746 845
4410 763 845
4420 759 845
4430 777 845
4440 795 845
4450 734 845
4460 752 845
4470 765 845
4480 782 845
4490 762 845
4500 758 845
4510 773 845
4520 814 845
4530 793 845
4540 802 845
4550 783 845
4560 769 845
4570 784 845
4580 817 845
4590 792 845
4600 790 845
4610 760 845
4620 790 845
4630 822 845
4640 767 845
4650 785 845
4660 774 845
4670 755 845
4680 797 845
4690 763 845
4700 784 845
4710 776 845
4720 781 845
4730 766 845
4740 768 845
4750 779 845
4760 749 845
4770 747 845
4780 683 845
4790 571 845
4800 404 845
4810 97 845
4820 23 845
4830 7 845
4837 1 845
