10 0.4 4
20 1.1 15
30 2.7 42
40 2.5 67
50 2.3 90
60 2.2 112
70 1.7 129
80 1.9 148
90 3 178
100 3.2 210
110 2.2 232
120 1.4 246
130 1.4 260
140 1.6 276
150 2.6 302
160 3.2 334
170 2.6 360
180 2.8 388
190 2.6 414
200 2.6 440
210 2.4 464
220 1.4 478
230 3 508
240 2.4 532
250 2.4 556
260 2 576
270 1.9 595
280 1.9 614
290 2 634
300 1.8 652
310 1.7 669
320 2.4 693
330 2.7 720
340 2.9 749
350 2 769
360 2.4 793
370 1.4 807
380 2.5 832
390 2.3 855
400 2.1 876
410 1.9 895
420 1.7 912
430 1.6 928
440 2.6 954
450 2.2 976
460 2.6 1002
470 3.3 1035
480 1.9 1054
490 3.5 1089
500 4.4 1133
510 3.6 1169
520 2.4 1193
530 2.3 1216
540 2.1 1237
550 3.4 1271
560 3.3 1304
570 3.3 1337
580 2.1 1358
590 3.7 1395
600 1.6 1411
610 1.9 1430
620 2.7 1457
630 2.7 1484
640 4.3 1527
650 4.6 1573
660 2.5 1598
670 2.3 1621
680 1.7 1638
690 2.3 1661
700 3.4 1695
710 2.4 1719
720 3.8 1757
730 3.9 1796
740 3.3 1829
750 2.2 1851
760 2.6 1877
770 3 1907
780 4.1 1948
790 3.6 1984
800 3.9 2023
810 4.1 2064
820 2.9 2093
830 3 2123
840 2.7 2150
850 2.7 2177
860 3.1 2208
870 2.3 2231
880 3 2261
890 4.4 2305
900 3.7 2342
910 2.6 2368
920 3.2 2400
930 3.1 2431
940 2.8 2459
950 2.5 2484
960 3.2 2516
970 2.3 2539
980 3.3 2572
990 2.9 2601
1000 3.6 2637
1010 2.9 2666
1020 3 2696
1030 2.6 2722
1040 3.6 2758
1050 3.2 2790
1060 3.1 2821
1070 2.3 2844
1080 1.7 2861
1090 1.3 2874
1100 2 2894
1110 2.6 2920
1120 2.2 2942
1130 2 2962
1140 2.9 2991
1150 4.1 3032
1160 4.1 3073
1170 4.6 3119
1180 4.1 3160
1190 3.4 3194
1200 4.1 3235
1210 5.2 3287
1220 5.4 3341
1230 4.9 3390
1240 6.1 3451
1250 4.4 3495
1260 3.2 3527
1270 5 3577
1280 5.2 3629
1290 5.4 3683
1300 6.2 3745
1310 5.9 3804
1320 4.8 3852
1330 4.1 3893
1340 3.2 3925
1350 4.8 3973
1360 5.7 4030
1370 4.6 4076
1380 4.6 4122
1390 5.3 4175
1400 5.5 4230
1410 6.4 4294
1420 4.7 4341
1430 4.6 4387
1440 5 4437
1450 4.5 4482
1460 4 4522
1470 5.3 4575
1480 6 4635
1490 5.7 4692
1500 5.4 4746
1510 3.8 4784
1520 3.9 4823
1530 5.8 4881
1540 5.1 4932
1550 3.8 4970
1560 3.3 5003
1570 2.8 5031
1580 3.6 5067
1590 3.9 5106
1600 4 5146
1610 3.6 5182
1620 4.4 5226
1630 5.5 5281
1640 4.1 5322
1650 4.6 5368
1660 4 5408
1670 4.5 5453
1680 4.3 5496
1690 4.8 5544
1700 4.7 5591
1710 3.9 5630
1720 4.6 5676
1730 4.8 5724
1740 6.5 5789
1750 6.5 5854
1760 6.3 5917
1770 5.3 5970
1780 5.8 6028
1790 5.1 6079
1800 5.3 6132
1810 6 6192
1820 5.8 6250
1830 7.3 6323
1840 7.6 6399
1850 8.1 6480
1860 9.6 6576
1870 8.7 6663
1880 10.6 6769
1890 10.8 6877
1900 10.1 6978
1910 9.4 7072
1920 10.6 7178
1930 8.8 7266
1940 9.2 7358
1950 8.3 7441
1960 6.1 7502
1970 8.1 7583
1980 8.7 7670
1990 9 7760
2000 9.9 7859
2010 10.6 7965
2020 8.8 8053
2030 8.2 8135
2040 8.1 8216
2050 8.5 8301
2060 9.8 8399
2070 8.8 8487
2080 7.4 8561
2090 8.1 8642
2100 10.8 8750
2110 7.9 8829
2120 10.8 8937
2130 7 9007
2140 8.5 9092
2150 9.3 9185
2160 6.8 9253
2170 8.4 9337
2180 8.5 9422
2190 7.9 9501
2200 9.9 9600
2210 8.5 9685
2220 6.5 9750
2230 8.4 9834
2240 8.8 9922
2250 10.5 10027
2260 9.3 10120
2270 6.5 10185
2280 6.5 10250
2290 8.7 10337
2300 9 10427
2310 9.1 10518
2320 8 10598
2330 5.5 10653
2340 5.7 10710
2350 7.7 10787
2360 9.9 10886
2370 10.8 10994
2380 9.1 11085
2390 5.4 11139
2400 6.2 11201
2410 6.4 11265
2420 6 11325
2430 5.8 11383
2440 8.4 11467
2450 7.2 11539
2460 3.7 11576
2470 6.6 11642
2480 5.9 11701
2490 8.7 11788
2500 1.6 11804
2510 0.3 11807
2520 0 11807
2530 0 11807
2540 0 11807
2550 0 11807
2560 0 11807
2570 0 11807
2573 0 11807
