10 0.6 10.233357747395834 13.527148578425644 30.378173828125 0.56689453125 0 0
20 1.1 3.9814897017045454 7.497898521071811 30.378173828125 0.56689453125 10.233357747395834 6
30 3 2.6081136067708335 6.982174084680803 36.0400390625 0.56689453125 6.188031364889706 17
40 2.5 2.6484765625 4.591300168738282 36.0400390625 0.56689453125 3.9029774767287235 47
50 2.6 1.7647705078124998 4.765793587996625 36.0400390625 0.56689453125 3.4673868815104165 72
60 2.4 4.532012939453126 8.11410736916366 36.0400390625 0.56689453125 3.0156723333864797 98
70 2 2.92962646484375 3.9945044935170784 36.0400390625 0.56689453125 3.313968846055328 122
80 2.5 4.7644140625 10.874524474101927 48.919921875 0.56689453125 3.2598361163072185 142
90 3.2 1.852386474609375 3.973948178019511 48.919921875 0.56689453125 3.4850723357971556 167
100 3.4 2.058837890625 4.396491712307425 48.919921875 0.56689453125 3.2225298857569094 199
110 2.6 0.7769024188701923 0.15873661666498984 48.919921875 0.56689453125 3.0527207534200644 233
120 1.3 10.779334435096153 13.664448705534904 48.919921875 0.56689453125 2.824260225627413 259
130 1.4 1.9901297433035714 3.933386377086393 48.919921875 0.56689453125 3.2044659782858456 272
140 1.9 2.8344341077302633 5.467671040537115 48.919921875 0.56689453125 3.145022945804196 286
150 2.8 3.7170846121651793 11.075046220257795 54.672119140625 0.56689453125 3.1256747886782787 305
160 3.5 1.6066964285714285 3.7810578818694247 54.672119140625 0.56689453125 3.1754029420045047 333
170 2.9 2.6178273168103448 5.720219800583247 54.672119140625 0.56689453125 3.0262053116508154 368
180 3.1 2.1324029737903225 3.4874335499489217 54.672119140625 0.55615234375 2.996374173488665 397
190 2.8 1.2212611607142858 1.8844317643630686 54.672119140625 0.55615234375 2.933796820239486 428
200 2.7 1.7899757667824077 5.172030269375739 54.672119140625 0.55615234375 2.8286411218475878 456
210 2.5 3.39478515625 5.136335137599991 54.672119140625 0.55615234375 2.7705790833656834 483
220 1.5 0.8269694010416667 0.11422506328575535 54.672119140625 0.55615234375 2.8012978861651083 508
230 3 2.2281087239583335 5.593223243409728 54.672119140625 0.5439453125 2.744672786209369 523
240 2.8 0.8146885463169643 0.15483029315923 54.672119140625 0.528076171875 2.7166494193603072 553
250 2.6 1.7873159555288463 3.4689296632874824 54.672119140625 0.528076171875 2.6249886543943632 581
260 2.4 4.064870198567709 7.767309280742043 54.672119140625 0.528076171875 2.5891081104561366 607
270 2 0.82579345703125 0.12846475713394442 54.672119140625 0.528076171875 2.6452385226822503 631
280 1.9 1.1321957236842106 1.5600045632903836 54.672119140625 0.528076171875 2.589341592861943 651
290 2.4 0.770050048828125 0.11249361180120146 54.672119140625 0.528076171875 2.54801954582556 670
300 1.9 5.497905530427632 10.627513869284181 54.672119140625 0.528076171875 2.48653356898415 694
310 2 3.389282226562501 7.896540415468523 54.672119140625 0.528076171875 2.566780507648142 713
320 2.8 3.8569423130580356 7.566134043139586 54.672119140625 0.528076171875 2.5892225736485335 733
330 2.4 0.8029683430989584 0.17492158244261252 54.672119140625 0.528076171875 2.6358666639290407 761
340 3 2.9420572916666665 8.698322462792154 54.672119140625 0.528076171875 2.5798290082603503 785
350 2.1 1.4239443824404763 2.1004550770796984 54.672119140625 0.528076171875 2.5931625647047545 815
360 2.6 4.446185772235577 6.950976182710824 54.672119140625 0.528076171875 2.5637922515139056 836
370 1.6 10.076873779296875 23.417835184130787 88.094970703125 0.528076171875 2.620569782301334 862
380 2.8 4.391645159040179 8.316163842089589 88.094970703125 0.528076171875 2.75644775946754 878
390 2.8 3.806980678013393 7.594268349807846 88.094970703125 0.528076171875 2.806983661441087 906
400 2.1 3.3963564918154763 8.760097031697157 88.094970703125 0.528076171875 2.83696215872591 934
410 2.2 2.339200106534091 3.9919556929263296 88.094970703125 0.528076171875 2.849262976521597 955
420 1.8 1.4306098090277777 2.0721717012705265 88.094970703125 0.528076171875 2.8377774257132806 977
430 1.7 1.4836856617647058 2.384736820412589 88.094970703125 0.528076171875 2.812321127119975 995
440 2.7 0.7585810908564815 0.1136429995304552 88.094970703125 0.528076171875 2.790002151911438 1012
450 2.5 6.162412109375 10.599147757260337 88.094970703125 0.528076171875 2.7372125766963427 1039
460 2.5 1.573828125 2.743142646877067 88.094970703125 0.528076171875 2.8176918890243186 1064
470 3.6 3.830417209201389 8.584099412744996 88.094970703125 0.528076171875 2.7891367061954777 1089
480 2.3 3.327328889266304 8.491282572275477 88.094970703125 0.528076171875 2.8224576822916667 1125
490 3.8 2.9184184827302633 6.325440615260652 88.094970703125 0.528076171875 2.832572697762413 1148
500 4.5 9.852566189236112 16.190959576541754 88.094970703125 0.528076171875 2.835323237247049 1186
510 3.7 4.466189822635135 10.611032515176277 88.094970703125 0.528076171875 3.0918430852076564 1231
520 2.6 0.7730712890624999 0.08646904013199752 88.094970703125 0.528076171875 3.13194626287707 1268
530 2.6 4.410043569711538 10.290209282175034 88.094970703125 0.528076171875 3.084550011471213 1294
540 2.5 1.632041015625 2.394995062988226 88.094970703125 0.528076171875 3.1106582179214017 1320
550 3.7 3.1890044341216215 9.485228146045902 88.094970703125 0.528076171875 3.0831746268006506 1345
560 3.5 5.364725167410715 13.460750323591729 88.094970703125 0.528076171875 3.0860079863309515 1382
570 3.7 4.368058488175675 8.140554957554889 88.094970703125 0.528076171875 3.142292461516408 1417
580 2.1 0.7541620163690477 0.11383269380254225 88.094970703125 0.528076171875 3.1734845818646837 1454
590 3.8 4.096833881578948 8.42784351738073 88.094970703125 0.528076171875 3.1390399894067795 1475
600 1.8 0.8190782335069444 0.16571291527993495 88.094970703125 0.528076171875 3.163095619216788 1513
610 2 1.04046630859375 0.916583813865915 88.094970703125 0.528076171875 3.135536956288782 1531
620 3 1.7694661458333334 3.0108660996694767 88.094970703125 0.528076171875 3.1085212161508706 1551
630 2.8 2.7150181361607144 5.456694373574038 88.094970703125 0.528076171875 3.0831122015338392 1581
640 4.6 3.622739045516304 9.629020370833183 88.094970703125 0.528076171875 3.0767065869717216 1609
650 5 4.8505810546875 11.621634676458696 88.094970703125 0.528076171875 3.091883319958459 1655
660 2.7 1.096752025462963 1.299025291857122 88.094970703125 0.528076171875 3.1434580335868767 1705
670 2.3 3.553158967391304 9.89797899741156 88.094970703125 0.528076171875 3.1115521085179707 1732
680 1.9 3.925832648026316 7.182917048008938 88.094970703125 0.528076171875 3.1173395488336895 1755
690 2.8 1.5617588588169642 3.3732051532854226 88.094970703125 0.528076171875 3.1259987195691235 1774
700 3.3 2.4339710582386362 6.544531491833294 88.094970703125 0.528076171875 3.101693105750555 1802
710 2.6 1.6449538010817308 2.9781592934950414 88.094970703125 0.528076171875 3.0896850253320847 1835
720 3.9 2.7132975260416665 7.863753871541625 88.094970703125 0.528076171875 3.069500709463998 1861
730 4.2 1.8496675037202381 4.309365814817762 88.094970703125 0.528076171875 3.0621891704358553 1900
740 3.5 2.9966099330357143 6.465789997200763 88.094970703125 0.528076171875 3.035965735831295 1942
750 2.4 2.357940673828125 4.506370246119094 88.094970703125 0.528076171875 3.0352689967833206 1977
760 3 2.8251627604166667 6.7095150381816255 88.094970703125 0.528076171875 3.0271451188468266 2001
770 3 2.5996826171875 5.8464714139864915 88.094970703125 0.528076171875 3.0241616275849337 2031
780 4.3 6.044189453125 13.574671218936148 88.094970703125 0.528076171875 3.0179828938091338 2061
790 3.8 1.0831812808388155 1.2956001010745735 88.094970703125 0.528076171875 3.079830271209601 2104
800 4 1.463604736328125 3.101352424323386 88.094970703125 0.5048828125 3.044408860549428 2142
810 4.6 3.3600968070652173 8.85210706490937 88.094970703125 0.5048828125 3.01542986652154 2182
820 3.2 2.2150115966796875 6.6668318309521 88.094970703125 0.5048828125 3.0225459703209157 2228
830 3.2 3.7889862060546875 8.589764685836686 88.094970703125 0.5048828125 3.011111855295907 2260
840 2.7 5.7372866030092595 15.538897755025666 88.094970703125 0.5048828125 3.021972230175611 2292
850 3.1 1.6085716985887097 4.766260936471444 88.094970703125 0.5048828125 3.0535864984233507 2319
860 3.3 1.2565548058712122 2.5864170988743487 88.094970703125 0.5048828125 3.0345246010638296 2350
870 2.6 1.3658635066105769 3.270648882142922 88.094970703125 0.5048828125 3.009903114181179 2383
880 3.3 2.116558652935606 3.1758530176685857 88.094970703125 0.5048828125 2.9921592246847757 2409
890 4.8 4.034769694010417 9.296882657151226 88.094970703125 0.5048828125 2.980326784526003 2442
900 4.1 1.8518900057164633 3.3625022550813446 88.094970703125 0.5048828125 3.000653394829317 2490
910 3.2 4.573127746582031 9.416028779600532 88.094970703125 0.5048828125 2.982044426455699 2531
920 3.4 4.906013039981619 10.86466498568395 88.094970703125 0.5048828125 3.0019096883534915 2563
930 3.4 5.69580078125 11.13685091922395 88.094970703125 0.5048828125 3.026838265155708 2597
940 3 3.9814453125 7.6076516308937245 88.094970703125 0.5048828125 3.0613288487920465 2631
950 2.7 1.0117006655092595 0.6766716901559493 88.094970703125 0.5048828125 3.071702202385146 2661
960 3.6 3.0172254774305554 8.655406130664238 88.094970703125 0.5048828125 3.051010222662063 2688
970 2.3 4.848600968070651 10.505418492063056 88.094970703125 0.5048828125 3.0505637282316904 2724
980 3.3 3.2622662168560606 8.14957055600028 88.094970703125 0.5048828125 3.0656182810224792 2747
990 2.9 1.3583731815732758 2.612557956246572 88.094970703125 0.5048828125 3.0679525910521583 2780
1000 3.9 3.329114082532051 8.598247125177892 88.094970703125 0.5048828125 3.0503029638272072 2809
1010 3.2 2.8986587524414063 6.5946546238425645 88.094970703125 0.5048828125 3.054120953163404 2848
1020 3.3 3.015343868371212 5.922817294374462 88.094970703125 0.5048828125 3.052393595377604 2880
1030 3.1 5.36750252016129 11.765899412356967 88.094970703125 0.5048828125 3.0519738765340714 2913
1040 3.7 4.084406672297297 10.705462342301734 88.094970703125 0.5048828125 3.07635614146357 2944
1050 3.6 3.4892578125 9.471164857232665 88.094970703125 0.5048828125 3.088868006489014 2981
1060 3.2 7.872413635253906 13.733125179911053 88.094970703125 0.5048828125 3.093645611068528 3017
1070 2.4 2.7955220540364585 7.805768014568628 88.094970703125 0.5048828125 3.143799949138037 3049
1080 1.7 4.455437155330882 10.219165464897113 88.094970703125 0.5048828125 3.14107991351082 3073
1090 1.4 0.823486328125 0.14902020572142838 88.094970703125 0.5048828125 3.148311005132484 3090
1100 2.2 2.8120672052556817 6.424312221009862 88.094970703125 0.5048828125 3.137825326821239 3104
1110 2.7 3.72705078125 10.11175798515955 88.094970703125 0.5048828125 3.135532723278551 3126
1120 2.5 5.672578125 11.342310007995813 88.094970703125 0.5048828125 3.140598053936727 3153
1130 2 1.38355712890625 2.2616663865466347 88.094970703125 0.5048828125 3.16051608470343 3178
1140 3.1 3.956338205645161 8.877055169176938 88.094970703125 0.5048828125 3.1494031456427845 3198
1150 4.4 5.2063820578835225 12.604085009292566 88.094970703125 0.5048828125 3.1571501220627516 3229
1160 4.5 6.478548177083335 11.321188249314194 88.094970703125 0.5048828125 3.1846986112702416 3273
1170 5.4 3.0976924189814827 11.21099438589803 88.094970703125 0.5048828125 3.229371073736061 3318
1180 4.1 4.418838128810976 10.06736507273081 88.094970703125 0.5048828125 3.2272623408307384 3372
1190 4 1.7548156738281258 4.056073332315846 88.094970703125 0.5048828125 3.241576611943305 3413
1200 4.1 2.223448218368903 5.1275845635779 88.094970703125 0.5048828125 3.224353780340465 3453
1210 5.7 3.6161809553179824 8.803992710396635 88.094970703125 0.5048828125 3.2126087522806954 3494
1220 5.7 3.219812225877193 9.682455243212896 88.094970703125 0.5048828125 3.2190868191838566 3551
1230 5.5 4.266690340909091 10.844644052064702 88.094970703125 0.5048828125 3.219098279322859 3608
1240 6.5 5.355081881009615 12.895289647429177 88.094970703125 0.5048828125 3.2348278898571867 3663
1250 4.9 7.1020208864795915 12.82937703565255 88.094970703125 0.5048828125 3.271795837664297 3728
1260 3.7 3.0312500000000004 7.807245776908301 88.094970703125 0.5048828125 3.321486340018533 3777
1270 5.5 5.251908735795454 11.222642922713868 88.094970703125 0.5048828125 3.3186707279103302 3814
1280 5.1 7.054194431678922 17.418962242457642 103.635986328125 0.5048828125 3.3461527879862367 3869
1290 6.3 5.600190662202382 11.878752425521972 103.635986328125 0.5048828125 3.394395166513871 3920
1300 6.5 4.358375901442308 10.245602597077085 103.635986328125 0.5048828125 3.4292847261996298 3983
1310 6.5 4.2210111177884615 7.436285396429994 103.635986328125 0.5048828125 3.444203433311975 4048
1320 4.9 4.750856983418369 11.090425939399955 103.635986328125 0.5048828125 3.456479752176787 4113
1330 4.6 7.552941363790761 16.606946648388497 103.635986328125 0.5048828125 3.4717186960333075 4162
1340 3.7 5.6650192673141895 11.900910947175372 103.635986328125 0.5048828125 3.51633282215423 4208
1350 5.2 1.4967041015625 4.7868512164858 103.635986328125 0.5048828125 3.5350610667881326 4245
1360 6.4 6.749889373779295 13.044610612131846 103.635986328125 0.5048828125 3.51039395899392 4297
1370 5.1 3.778439989276961 9.911157391474964 103.635986328125 0.5048828125 3.5579352812929943 4361
1380 5.1 7.923445159313726 14.61238043617336 103.635986328125 0.5048828125 3.5604841797760365 4412
1390 5.7 5.478211520010965 11.656313209608175 103.635986328125 0.5048828125 3.610341004771874 4463
1400 6 5.257002766927084 12.487377423155756 103.635986328125 0.5048828125 3.633896009056969 4520
1410 6.9 3.967554064764491 7.615416890023204 103.635986328125 0.5048828125 3.655159416365311 4580
1420 4.8 5.20569356282552 10.722873931624168 103.635986328125 0.5048828125 3.65979594696104 4649
1430 4.7 3.516149642619681 10.31684969853971 103.635986328125 0.5048828125 3.675593921319459 4697
1440 5.5 5.404296875000001 10.546394057485838 103.635986328125 0.5048828125 3.674014266787653 4744
1450 4.7 3.432295129654255 8.837009852790667 103.635986328125 0.5048828125 3.6938445529830433 4799
1460 4.1 7.955000714557927 15.590609849790944 103.635986328125 0.5048828125 3.691307858204576 4846
1470 6.3 6.594428168402778 11.992539590812559 103.635986328125 0.5048828125 3.7270785574291487 4887
1480 5.6 7.465641566685268 14.928597230754486 103.635986328125 0.5048828125 3.7635720979324496 4950
1490 5.9 6.305995100635593 12.75697796981837 103.635986328125 0.5048828125 3.804985579804235 5006
1500 5.7 7.919412177905701 14.788934546655259 103.635986328125 0.5048828125 3.8341187607971374 5065
1510 3.9 1.8701797876602564 2.9964252445613853 103.635986328125 0.5048828125 3.879581807414706 5122
1520 4.8 7.957560221354168 14.285118581538885 103.635986328125 0.5048828125 3.8643974092805418 5161
1530 5.8 7.091611664870688 14.087948191441779 103.635986328125 0.5048828125 3.902115169883255 5209
1540 5.5 6.057705965909091 10.782902633733464 103.635986328125 0.5048828125 3.9372377817513526 5267
1550 4 7.511309814453126 16.3373843145167 103.635986328125 0.5048828125 3.9591516769277293 5322
1560 3.3 7.840590968276516 13.136020123090004 103.635986328125 0.5048828125 3.9856504321498507 5362
1570 2.9 2.2294837688577585 5.2740276985581955 103.635986328125 0.5048828125 4.0092302352438605 5395
1580 4.1 3.5759158250762195 10.134918766424747 103.635986328125 0.5048828125 3.999714629136708 5424
1590 4.2 4.584542410714285 11.930234838423496 103.635986328125 0.5048828125 3.996535168758578 5465
1600 4.6 5.965974227241848 13.424407619865685 103.635986328125 0.5048828125 4.001019698295919 5507
1610 3.7 4.3530075485641895 7.198713576063644 103.635986328125 0.5048828125 4.017297009358681 5553
1620 4.9 2.327566964285715 5.031036272077663 103.635986328125 0.5048828125 4.019519064806016 5590
1630 5.6 3.539463588169643 7.523550437963006 103.635986328125 0.5048828125 4.004816874182591 5639
1640 4.8 6.167149861653645 13.684846363573124 103.635986328125 0.5048828125 4.000240968297302 5695
1650 4.7 8.124631191821807 18.97471211021974 103.804931640625 0.5048828125 4.0183519950918525 5743
1660 4.4 3.806967995383522 8.593725804057334 103.804931640625 0.5048828125 4.0516844859806795 5790
1670 4.7 5.300557887300532 11.559805104977855 103.804931640625 0.5048828125 4.049838835383101 5834
1680 4.6 7.501687754755435 14.556016819745498 103.804931640625 0.5048828125 4.059834379583087 5881
1690 5.1 4.7583151424632355 12.577957678340317 103.804931640625 0.5048828125 4.086546924759049 5927
1700 5 5.1283349609375 11.882345210371785 103.804931640625 0.5048828125 4.092277968436352 5978
1710 4.2 4.619966052827381 12.244481255692792 103.804931640625 0.5048828125 4.100871672753714 6028
1720 5.6 5.111868722098213 12.242203960301069 103.804931640625 0.5048828125 4.104463429584537 6070
1730 5.3 1.5761995135613207 2.8462406199364754 103.804931640625 0.5048828125 4.113672488739086 6126
1740 7.4 5.865834828969595 13.332418172710119 103.804931640625 0.5048828125 4.09190746726564 6179
1750 6.9 5.4060801630434785 10.0691614352396 103.804931640625 0.5048828125 4.112900690481072 6253
1760 6.3 7.933609250992061 16.313802068827425 103.804931640625 0.5048828125 4.127014797347065 6322
1770 5.5 5.215784801136365 12.84856818461601 103.804931640625 0.5048828125 4.164573990859928 6385
1780 6.1 5.732898149334017 13.437137362496815 103.804931640625 0.5048828125 4.1735517229352705 6440
1790 5.5 4.680593039772727 8.01612114996373 103.804931640625 0.5048828125 4.188183338380637 6501
1800 5.6 6.857208251953125 14.797454105422773 103.804931640625 0.5048828125 4.1923142922513765 6556
1810 6.4 6.588706970214844 14.343549968678005 103.804931640625 0.5048828125 4.21488447702804 6612
1820 5.8 11.644421807650861 20.05388535289712 103.804931640625 0.5048828125 4.237641313391724 6676
1830 7.4 5.477265229096284 11.800693584974573 103.804931640625 0.5048828125 4.301435977583442 6734
1840 8.3 8.204945759600907 16.700653792418848 103.804931640625 0.5048828125 4.314216730317278 6808
1850 9 7.220689561631945 19.453236945956156 142.89111328125 0.5048828125 4.361079378616587 6891
1860 11.2 5.601191929408484 12.3076939318983 142.89111328125 0.5048828125 4.397945861422973 6981
1870 11.1 12.069208368524777 18.236949240108796 142.89111328125 0.5048828125 4.41694537638341 7093
1880 10.4 7.485076904296875 16.179179324613976 142.89111328125 0.5048828125 4.534852260354494 7204
1890 11.7 8.958441840277782 16.00836780109113 142.89111328125 0.5048828125 4.576836847515142 7308
1900 10.2 7.612869561887255 14.49283423540331 142.89111328125 0.5048828125 4.645880320128371 7425
1910 11 12.881789328835225 19.48701360699605 142.89111328125 0.5048828125 4.6860866310968055 7527
1920 11.2 8.108727591378345 15.099032244820698 142.89111328125 0.5048828125 4.804133939824215 7637
1930 10.8 8.376921477141208 17.384393154484187 142.89111328125 0.5048828125 4.851896811030056 7749
1940 9.4 9.563801217586436 15.860432223257444 142.89111328125 0.5048828125 4.900350758330553 7857
1950 9.6 6.036048889160156 12.999709112029356 142.89111328125 0.5048828125 4.955483992284779 7951
1960 6.6 9.240363843513258 23.211332043654167 169.345947265625 0.5048828125 4.96837503616449 8047
1970 9.3 8.259167086693544 15.122952707421238 169.345947265625 0.5048828125 5.003128057400164 8113
1980 9 8.19521484375 15.205035731958924 169.345947265625 0.5048828125 5.040029304015358 8206
1990 12.5 8.449515625 15.200791056169235 169.345947265625 0.5048828125 5.0742586553384195 8296
2000 10.3 8.57834780794903 17.306039358286895 169.345947265625 0.5048828125 5.124360439117982 8421
2010 12.9 10.894145167151162 17.294330705234263 169.345947265625 0.5048828125 5.166096795170258 8524
2020 11.7 11.328074919871797 16.153568738774343 169.345947265625 0.5048828125 5.2514912525822 8653
2030 8.9 9.613094715589886 15.381251325610352 169.345947265625 0.5048828125 5.332558560344217 8770
2040 9.3 10.636629494287629 15.998657525498466 169.345947265625 0.5048828125 5.375562027757792 8859
2050 9.8 8.236268335459183 15.532563573356802 169.345947265625 0.5048828125 5.430217889507935 8952
2060 9.4 11.544571247506644 18.479093185318675 169.345947265625 0.48876953125 5.460603850138125 9050
2070 9.5 8.819885896381574 16.45082610903757 169.345947265625 0.48876953125 5.523146822070828 9144
2080 7.7 8.004191609172077 14.73655810431308 169.345947265625 0.48876953125 5.557045535357929 9239
2090 9.9 12.823146010890152 19.57784512627593 169.345947265625 0.48876953125 5.5772720540015195 9316
2100 10 10.77439208984375 17.726841924493296 169.345947265625 0.432861328125 5.653463399910385 9415
2110 9.9 11.625313190498737 16.199236154027513 169.345947265625 0.432861328125 5.707282934223926 9515
2120 11.6 8.407245504445047 14.938991762851995 169.345947265625 0.432861328125 5.7682237492198905 9614
2130 8.6 8.875794876453485 15.630896241233874 169.345947265625 0.432861328125 5.799685879086912 9730
2140 9.1 10.778352506868131 17.80885133714791 169.345947265625 0.432861328125 5.826636304287964 9816
2150 9.6 10.339536031087235 18.230275387990297 169.345947265625 0.432861328125 5.872119919351535 9907
2160 9.2 8.575052012567934 16.277844194087553 169.345947265625 0.432861328125 5.914994251724486 10003
2170 9.1 9.732081151270606 16.65047487280947 169.345947265625 0.432861328125 5.9392364819372245 10095
2180 9 7.734356011284725 14.316120361935154 169.345947265625 0.432861328125 5.973121114266827 10186
2190 9.7 10.540104502255158 15.97887119434134 169.345947265625 0.432861328125 5.988546488024282 10276
2200 9.8 10.398295499840557 19.29930923544069 169.345947265625 0.432861328125 6.031109018380051 10373
2210 8.4 8.235511416480653 14.721111001293602 169.345947265625 0.432861328125 6.071982313689299 10471
2220 7.9 8.765037826344939 14.722153866204824 169.345947265625 0.432861328125 6.0892003567622 10555
2230 9.7 11.090875684600515 17.7164381141441 169.345947265625 0.432861328125 6.109079156846556 10634
2240 9.4 11.37051975980718 18.213935997806097 169.345947265625 0.432861328125 6.154110772091373 10731
2250 12.4 13.023805679813508 20.01504916146649 169.345947265625 0.432861328125 6.199407995633663 10825
2260 9.4 9.642661236702128 16.7599028456955 169.345947265625 0.432861328125 6.276695904377686 10949
2270 9.4 8.318507417719413 14.39305860805928 169.345947265625 0.432861328125 6.305347606020219 11043
2280 7.2 301.49434407552076 893.8573592241701 3073.651123046875 0.432861328125 6.322339347270082 11137
2290 8.9 1192.8076034717349 2534.5177960898 9065.574951171875 0.432861328125 8.218350083324507 11209
2300 9.6 668.2779973347984 1800.095378952944 9065.574951171875 0.432861328125 17.549952451139035 11298
2310 10.1 157.72892413753095 656.6757317361221 9065.574951171875 0.432861328125 23.03265319792079 11394
2320 9.1 308.21083018543965 899.0745725665018 9065.574951171875 0.432861328125 24.2161524032188 11495
2330 6.2 929.6247912991431 2507.4687708542233 9065.574951171875 0.432861328125 26.446733766776724 11586
2340 6.1 1589.1684370197233 2751.4401138982953 9065.574951171875 0.432861328125 31.254171916416723 11648
2350 7.7 1804.6515954748377 2916.202850441454 9065.574951171875 0.432861328125 39.37038766253524 11709
2360 10.7 1581.370039610105 2510.9468228706696 9068.15185546875 0.432861328125 50.90327863500658 11786
2370 11.4 722.4430873937774 1747.8036658028573 9068.15185546875 0.432861328125 64.67271808883115 11893
2380 9.8 1637.5764633490114 2689.3981899952137 9070.9931640625 0.432861328125 70.91789357819268 12007
2390 6.4 1652.9578552246094 2860.562265005182 9072.861083984375 0.432861328125 83.60129216039344 12105
2400 6.8 1866.0086562212775 2778.152244177902 9081.2041015625 0.432861328125 91.85495474861841 12169
2410 6.3 2348.7972237723216 3451.1026192945933 9084.580810546875 0.432861328125 101.71378058012458 12237
2420 7.3 792.3859528842036 2335.809438476044 9084.580810546875 0.432861328125 113.2232323623285 12300
2430 6 1115.9765299479166 1733.7007356472413 9084.580810546875 0.432861328125 117.23025398991251 12373
2440 8.3 954.3814388413027 2279.7625933848362 9084.580810546875 0.432861328125 122.0500703300943 12433
2450 5.2 14.213777982271637 18.365128487832838 9084.580810546875 0.432861328125 127.56968550957899 12516
2460 4.3 8.887672601744185 13.80582519473102 9084.580810546875 0.432861328125 127.10067634412546 12568
2470 4.5 8.980045572916667 14.970591348043742 9084.580810546875 0.432861328125 126.69760290340525 12611
2480 3.6 10.60601806640625 16.928844044433504 9084.580810546875 0.432861328125 126.2790433206088 12656
2490 5.1 7.407092524509804 13.676291499418726 9084.580810546875 0.432861328125 125.95094460416134 12692
2500 2.2 5.847523082386363 7.911951300819782 9084.580810546875 0.432861328125 125.47650872124034 12743
2510 0.7 3.163295200892857 3.6408008868078694 9084.580810546875 0.432861328125 125.27033263944992 12765
2520 0.1 20.715087890625 0.0 9084.580810546875 0.432861328125 125.20340895779708 12772
2530 0 0 0 9084.580810546875 0.432861328125 125.19522855217059 12773
2540 0 0 0 9084.580810546875 0.432861328125 125.19522855217059 12773
2550 0 0 0 9084.580810546875 0.432861328125 125.19522855217059 12773
2560 0 0 0 9084.580810546875 0.432861328125 125.19522855217059 12773
2570 0 0 0 9084.580810546875 0.432861328125 125.19522855217059 12773
2573 0 0 0 9084.580810546875 0.432861328125 125.19522855217059 12773
