10 0.1 1
20 0 1
30 0.4 5
40 0.5 10
50 0.5 15
60 0.3 18
70 0.2 20
80 0.4 24
90 0.9 33
100 0.4 37
110 0.8 45
120 0.3 48
130 0 48
140 0.3 51
150 0.6 57
160 0.4 61
170 0.8 69
180 0.4 73
190 0.9 82
200 0.2 84
210 0.4 88
220 0.6 94
230 0.5 99
240 0.5 104
250 0.7 111
260 0.5 116
270 0.3 119
280 0.5 124
290 0.2 126
300 0.4 130
310 0.6 136
320 0.3 139
330 0.7 146
340 0.8 154
350 0.3 157
360 0.4 161
370 0.2 163
380 0.4 167
390 0.8 175
400 0.4 179
410 0.5 184
420 0.1 185
430 0.4 189
440 0.5 194
450 0.2 196
460 0.4 200
470 0.7 207
480 0.7 214
490 0.5 219
500 0.9 228
510 0.4 232
520 0.9 241
530 0.8 249
540 0.4 253
550 0.5 258
560 0.4 262
570 1.1 273
580 0.3 276
590 0.8 284
600 0.5 289
610 0.4 293
620 0.4 297
630 0.3 300
640 0.9 309
650 0.7 316
660 0.9 325
670 0.5 330
680 0.6 336
690 0.5 341
700 0.4 345
710 0.6 351
720 0.6 357
730 0.7 364
740 0.7 371
750 0.5 376
760 1 386
770 0.2 388
780 0.6 394
790 0.7 401
800 0.9 410
810 1.3 423
820 0.6 429
830 0.8 437
840 0.3 440
850 0.5 445
860 0.6 451
870 0.7 458
880 0.2 460
890 0.8 468
900 1.2 480
910 0.4 484
920 0.8 492
930 0.4 496
940 0.9 505
950 0.6 511
960 0.5 516
970 0.5 521
980 0.7 528
990 0.9 537
1000 0.2 539
1010 0.6 545
1020 1 555
1030 0.5 560
1040 0.5 565
1050 0.6 571
1060 1.1 582
1070 0.6 588
1080 0.2 590
1090 0.1 591
1100 0.3 594
1110 0.6 600
1120 0.7 607
1130 0.4 611
1140 0.4 615
1150 0.3 618
1160 0.8 626
1170 1.1 637
1180 0.8 645
1190 1 655
1200 0.6 661
1210 0.8 669
1220 1 679
1230 1 689
1240 1.7 706
1250 1.3 719
1260 0.4 723
1270 0.7 730
1280 0.9 739
1290 1.4 753
1300 1.3 766
1310 1.4 780
1320 1 790
1330 0.8 798
1340 0.8 806
1350 0.7 813
1360 1.4 827
1370 1.1 838
1380 0.6 844
1390 1.1 855
1400 1 865
1410 1.7 882
1420 0.8 890
1430 0.9 899
1440 1.3 912
1450 1.1 923
1460 0.8 931
1470 0.8 939
1480 1.4 953
1490 1.3 966
1500 1.1 977
1510 1 987
1520 0.4 991
1530 1.2 1003
1540 1 1013
1550 0.8 1021
1560 0.9 1030
1570 0.8 1038
1580 0.3 1041
1590 0.5 1046
1600 1 1056
1610 0.8 1064
1620 1 1074
1630 0.9 1083
1640 1.5 1098
1650 0.5 1103
1660 1.2 1115
1670 0.4 1119
1680 1.2 1131
1690 0.8 1139
1700 1 1149
1710 0.9 1158
1720 1.1 1169
1730 1 1179
1740 0.9 1188
1750 1.3 1201
1760 1.4 1215
1770 0.9 1224
1780 1.2 1236
1790 1.3 1249
1800 1.1 1260
1810 1 1270
1820 0.9 1279
1830 1.5 1294
1840 1.6 1310
1850 1.5 1325
1860 1.5 1340
1870 1.2 1352
1880 2.4 1376
1890 1.7 1393
1900 2.1 1414
1910 1.9 1433
1920 3.3 1466
1930 1.9 1485
1940 2.2 1507
1950 1.8 1525
1960 1.2 1537
1970 1.8 1555
1980 1.7 1572
1990 1.3 1585
2000 1.3 1598
2010 2 1618
2020 1.3 1631
2030 1.7 1648
2040 1.6 1664
2050 1.5 1679
2060 2 1699
2070 2.3 1722
2080 1.9 1741
2090 1.3 1754
2100 2 1774
2110 1.4 1788
2120 2.7 1815
2130 1.3 1828
2140 0.8 1836
2150 1.7 1853
2160 1.6 1869
2170 1.3 1882
2180 1.2 1894
2190 2.1 1915
2200 1.8 1933
2210 1.9 1952
2220 1.1 1963
2230 1.4 1977
2240 1.4 1991
2250 3 2021
2260 1.9 2040
2270 1.1 2051
2280 0.6 2057
2290 1.5 2072
2300 1.1 2083
2310 2.4 2107
2320 1.8 2125
2330 0.8 2133
2340 1.1 2144
2350 1.6 2160
2360 1.4 2174
2370 2.4 2198
2380 2.1 2219
2390 1.4 2233
2400 1.3 2246
2410 1.5 2261
2420 0.7 2268
2430 0.6 2274
2440 2.1 2295
2450 1.9 2314
2460 1.4 2328
2470 2.6 2354
2480 2.2 2376
2490 6.1 2437
2500 1.4 2451
2510 0.6 2457
2520 0.1 2458
2530 0 2458
2540 0 2458
2550 0 2458
2560 0 2458
2570 0 2458
2573 0 2458
