20 0.1 24 0 24 24 0 0
30 0.1 136.0 0.0 136 24 24.0 1
40 0.1 309.0 0.0 309 24 80.0 2
50 0.1 227.0 0.0 309 24 156.33333333333334 3
60 0.1 250.0 0.0 309 24 174.0 4
70 0.1 205.0 0.0 309 24 189.2 5
80 0.1 173.0 0.0 309 24 191.83333333333334 6
90 0.1 256.0 0.0 309 24 189.14285714285714 7
100 0.1 369.0 0.0 369 24 197.5 8
110 0.1 327.0 0.0 369 24 216.55555555555554 9
120 0.1 268.0 0.0 369 24 227.6 10
130 0.1 95.0 0.0 369 24 231.27272727272728 11
140 0.1 191.0 0.0 369 24 219.91666666666666 12
150 0.1 180.0 0.0 369 24 217.69230769230768 13
160 0.1 316.0 0.0 369 24 215.0 14
170 0.1 351.0 0.0 369 24 221.73333333333332 15
180 0.1 263.0 0.0 369 24 229.8125 16
190 0.1 345.0 0.0 369 24 231.76470588235293 17
200 0.1 267.0 0.0 369 24 238.05555555555554 18
210 0.1 337.0 0.0 369 24 239.57894736842104 19
220 0.1 269.0 0.0 369 24 244.45 20
230 0.1 227.0 0.0 369 24 245.61904761904762 21
240 0.1 296.0 0.0 369 24 244.77272727272728 22
250 0.1 387.0 0.0 387 24 247.0 23
260 0.1 204.0 0.0 387 24 252.83333333333334 24
270 0.1 234.0 0.0 387 24 250.88 25
280 0.1 273.0 0.0 387 24 250.23076923076923 26
290 0.1 233.0 0.0 387 24 251.07407407407408 27
300 0.1 225.0 0.0 387 24 250.42857142857142 28
310 0.1 252.0 0.0 387 24 249.55172413793105 29
320 0.1 209.0 0.0 387 24 249.63333333333333 30
330 0.1 368.0 0.0 387 24 248.32258064516128 31
340 0.1 329.0 0.0 387 24 252.0625 32
350 0.1 288.0 0.0 387 24 254.3939393939394 33
360 0.1 357.0 0.0 387 24 255.38235294117646 34
370 0.1 183.0 0.0 387 24 258.2857142857143 35
380 0.1 190.0 0.0 387 24 256.19444444444446 36
390 0.1 222.0 0.0 387 24 254.40540540540542 37
400 0.1 374.0 0.0 387 24 253.55263157894737 38
410 0.1 304.0 0.0 387 24 256.64102564102564 39
420 0.1 202.0 0.0 387 24 257.825 40
430 0.1 209.0 0.0 387 24 256.4634146341463 41
440 0.1 177.0 0.0 387 24 255.3333333333333 42
450 0.1 374.0 0.0 387 24 253.5116279069767 43
460 0.1 272.0 0.0 387 24 256.24999999999994 44
470 0.1 333.0 0.0 387 24 256.59999999999997 45
480 0.1 424.0 0.0 424 24 258.2608695652174 46
490 0.1 317.0 0.0 424 24 261.78723404255317 47
500 0.1 397.0 0.0 424 24 262.93749999999994 48
510 0.1 601.0 0.0 601 24 265.673469387755 49
520 0.1 466.0 0.0 601 24 272.3799999999999 50
530 0.1 263.0 0.0 601 24 276.1764705882352 51
540 0.1 307.0 0.0 601 24 275.9230769230768 52
550 0.1 296.0 0.0 601 24 276.50943396226404 53
560 0.1 364.0 0.0 601 24 276.87037037037027 54
570 0.1 595.0 0.0 601 24 278.4545454545454 55
580 0.1 364.0 0.0 601 24 284.1071428571428 56
590 0.1 297.0 0.0 601 24 285.5087719298245 57
600 0.1 411.0 0.0 601 24 285.70689655172407 58
610 0.1 253.0 0.0 601 24 287.8305084745762 59
620 0.1 312.0 0.0 601 24 287.24999999999994 60
630 0.1 304.0 0.0 601 24 287.65573770491795 61
640 0.1 495.0 0.0 601 24 287.91935483870964 62
650 0.1 582.0 0.0 601 24 291.20634920634916 63
660 0.1 583.0 0.0 601 24 295.74999999999994 64
670 0.1 342.0 0.0 601 24 300.1692307692307 65
680 0.1 207.0 0.0 601 24 300.80303030303025 66
690 0.1 261.0 0.0 601 24 299.4029850746268 67
700 0.1 388.0 0.0 601 24 298.83823529411757 68
710 0.1 422.0 0.0 601 24 300.1304347826086 69
720 0.1 397.0 0.0 601 24 301.87142857142845 70
730 0.1 512.0 0.0 601 24 303.2112676056337 71
740 0.1 602.0 0.0 602 24 306.11111111111103 72
750 0.1 293.0 0.0 602 24 310.1643835616437 73
760 0.1 328.0 0.0 602 24 309.93243243243234 74
770 0.1 381.0 0.0 602 24 310.17333333333323 75
780 0.1 329.0 0.0 602 24 311.1052631578946 76
790 0.1 621.0 0.0 621 24 311.33766233766227 77
800 0.1 546.0 0.0 621 24 315.3076923076922 78
810 0.1 622.0 0.0 622 24 318.22784810126575 79
820 0.1 445.0 0.0 622 24 322.0249999999999 80
830 0.1 438.0 0.0 622 24 323.54320987654313 81
840 0.1 404.0 0.0 622 24 324.9390243902438 82
850 0.1 339.0 0.0 622 24 325.89156626506013 83
860 0.1 351.0 0.0 622 24 326.047619047619 84
870 0.1 425.0 0.0 622 24 326.34117647058815 85
880 0.1 292.0 0.0 622 24 327.48837209302314 86
890 0.1 453.0 0.0 622 24 327.0804597701148 87
900 0.1 589.0 0.0 622 24 328.5113636363635 88
910 0.1 413.0 0.0 622 24 331.4382022471909 89
920 0.1 358.0 0.0 622 24 332.3444444444443 90
930 0.1 487.0 0.0 622 24 332.6263736263735 91
940 0.1 446.0 0.0 622 24 334.3043478260868 92
950 0.1 397.0 0.0 622 24 335.5053763440859 93
960 0.1 440.0 0.0 622 24 336.159574468085 94
970 0.1 407.0 0.0 622 24 337.2526315789473 95
980 0.1 432.0 0.0 622 24 337.9791666666666 96
990 0.1 313.0 0.0 622 24 338.94845360824735 97
1000 0.1 385.0 0.0 622 24 338.68367346938766 98
1010 0.1 582.0 0.0 622 24 339.15151515151507 99
1020 0.1 398.0 0.0 622 24 341.5799999999999 100
1030 0.1 394.0 0.0 622 24 342.1386138613861 101
1040 0.1 339.0 0.0 622 24 342.64705882352933 102
1050 0.1 556.0 0.0 622 24 342.6116504854368 103
1060 0.1 542.0 0.0 622 24 344.6634615384615 104
1070 0.1 397.0 0.0 622 24 346.5428571428571 105
1080 0.1 228.0 0.0 622 24 347.01886792452825 106
1090 0.1 231.0 0.0 622 24 345.90654205607467 107
1100 0.1 247.0 0.0 622 24 344.84259259259255 108
1110 0.1 327.0 0.0 622 24 343.9449541284403 109
1120 0.1 247.0 0.0 622 24 343.790909090909 110
1130 0.1 381.0 0.0 622 24 342.91891891891885 111
1140 0.1 365.0 0.0 622 24 343.2589285714285 112
1150 0.1 455.0 0.0 622 24 343.45132743362825 113
1160 0.1 646.0 0.0 646 24 344.42982456140345 114
1170 0.1 550.0 0.0 646 24 347.0521739130434 115
1180 0.1 664.0 0.0 664 24 348.801724137931 116
1190 0.1 439.0 0.0 664 24 351.49572649572644 117
1200 0.1 526.0 0.0 664 24 352.23728813559313 118
1210 0.1 670.0 0.0 670 24 353.6974789915966 119
1220 0.1 702.0 0.0 702 24 356.33333333333326 120
1230 0.1 708.0 0.0 708 24 359.19008264462803 121
1240 0.1 844.0 0.0 844 24 362.0491803278688 122
1250 0.1 765.0 0.0 844 24 365.96747967479666 123
1260 0.1 408.0 0.0 844 24 369.1854838709677 124
1270 0.1 630.0 0.0 844 24 369.4959999999999 125
1280 0.1 528.0 0.0 844 24 371.563492063492 126
1290 0.1 896.0 0.0 896 24 372.7952755905511 127
1300 0.1 920.0 0.0 920 24 376.88281249999994 128
1310 0.1 804.0 0.0 920 24 381.0930232558139 129
1320 0.1 781.0 0.0 920 24 384.3461538461538 130
1330 0.1 475.0 0.0 920 24 387.3740458015267 131
1340 0.1 656.0 0.0 920 24 388.03787878787875 132
1350 0.1 495.0 0.0 920 24 390.05263157894734 133
1360 0.1 791.0 0.0 920 24 390.8358208955224 134
1370 0.1 698.0 0.0 920 24 393.8 135
1380 0.1 555.0 0.0 920 24 396.0367647058824 136
1390 0.1 752.0 0.0 920 24 397.1970802919708 137
1400 0.1 840.0 0.0 920 24 399.768115942029 138
1410 0.1 907.0 0.0 920 24 402.9352517985611 139
1420 0.1 840.0 0.0 920 24 406.5357142857143 140
1430 0.1 602.0 0.0 920 24 409.6099290780142 141
1440 0.1 746.0 0.0 920 24 410.96478873239437 142
1450 0.1 826.0 0.0 920 24 413.3076923076923 143
1460 0.1 493.0 0.0 920 24 416.1736111111111 144
1470 0.1 804.0 0.0 920 24 416.70344827586206 145
1480 0.1 926.0 0.0 926 24 419.35616438356163 146
1490 0.1 810.0 0.0 926 24 422.80272108843536 147
1500 0.1 951.0 0.0 951 24 425.4189189189189 148
1510 0.1 447.0 0.0 951 24 428.9463087248322 149
1520 0.1 524.0 0.0 951 24 429.06666666666666 150
1530 0.1 788.0 0.0 951 24 429.6953642384106 151
1540 0.1 996.0 0.0 996 24 432.05263157894734 152
1550 0.1 545.0 0.0 996 24 435.73856209150324 153
1560 0.1 518.0 0.0 996 24 436.44805194805195 154
1570 0.1 468.0 0.0 996 24 436.9741935483871 155
1580 0.1 413.0 0.0 996 24 437.1730769230769 156
1590 0.1 583.0 0.0 996 24 437.0191082802548 157
1600 0.1 526.0 0.0 996 24 437.94303797468353 158
1610 0.1 756.0 0.0 996 24 438.49685534591197 159
1620 0.1 442.0 0.0 996 24 440.48125 160
1630 0.1 962.0 0.0 996 24 440.49068322981367 161
1640 0.1 598.0 0.0 996 24 443.7098765432099 162
1650 0.1 525.0 0.0 996 24 444.65644171779144 163
1660 0.1 839.0 0.0 996 24 445.1463414634146 164
1670 0.1 540.0 0.0 996 24 447.53333333333336 165
1680 0.1 773.0 0.0 996 24 448.0903614457831 166
1690 0.1 642.0 0.0 996 24 450.03592814371257 167
1700 0.1 816.0 0.0 996 24 451.17857142857144 168
1710 0.1 592.0 0.0 996 24 453.33727810650885 169
1720 0.1 587.0 0.0 996 24 454.15294117647056 170
1730 0.1 651.0 0.0 996 24 454.9298245614035 171
1740 0.1 873.0 0.0 996 24 456.06976744186045 172
1750 0.1 978.0 0.0 996 24 458.4797687861272 173
1760 0.1 972.0 0.0 996 24 461.4655172413793 174
1770 0.1 992.0 0.0 996 24 464.3828571428571 175
1780 0.1 862.0 0.0 996 24 467.3806818181818 176
1790 0.1 753.0 0.0 996 24 469.6101694915254 177
1800 0.1 861.0 0.0 996 24 471.2022471910112 178
1810 0.1 906.0 0.0 996 24 473.37988826815644 179
1820 0.1 860.0 0.0 996 24 475.78333333333336 180
1830 0.1 1164.0 0.0 1164 24 477.9060773480663 181
1840 0.1 1088.0 0.0 1164 24 481.6758241758242 182
1850 0.1 1079.0 0.0 1164 24 484.9890710382514 183
1860 0.1 1367.0 0.0 1367 24 488.2173913043478 184
1870 0.1 1419.0 0.0 1419 24 492.9675675675676 185
1890 0.1 1581.0 0.0 1581 24 497.9462365591398 186
1900 0.1 1633.0 0.0 1633 24 503.7379679144385 187
1910 0.1 1550.0 0.0 1633 24 509.74468085106383 188
1920 0.1 1616.0 0.0 1633 24 515.2486772486773 189
1930 0.1 1464.0 0.0 1633 24 521.0421052631579 190
1940 0.1 1464.0 0.0 1633 24 525.9790575916229 191
1950 0.1 1439.0 0.0 1633 24 530.8645833333331 192
1960 0.1 1190.0 0.0 1633 24 535.5699481865283 193
1970 0.1 1045.0 0.0 1633 24 538.943298969072 194
1980 0.1 1104.0 0.0 1633 24 541.5384615384613 195
1990 0.1 1268.0 0.0 1633 24 544.4081632653059 196
2000 0.1 1404.0 0.0 1633 24 548.0812182741115 197
2010 0.1 1.6e3 0.0 1633 24 552.4040404040403 198
2020 0.1 1366.0 0.0 1633 24 557.6683417085426 199
2030 0.1 1529.0 0.0 1633 24 561.7099999999998 200
2040 0.1 1480.0 0.0 1633 24 566.5223880597013 201
2050 0.1 1378.0 0.0 1633 24 571.0445544554453 202
2060 0.1 1474.0 0.0 1633 24 575.0197044334973 203
2070 0.1 1463.0 0.0 1633 24 579.426470588235 204
2080 0.1 1397.0 0.0 1633 24 583.7365853658533 205
2090 0.1 1414.0 0.0 1633 24 587.6844660194171 206
2100 0.1 1505.0 0.0 1633 24 591.676328502415 207
2110 0.1 1411.0 0.0 1633 24 596.0673076923073 208
2120 0.1 1507.0 0.0 1633 24 599.9665071770331 209
2130 0.1 1402.0 0.0 1633 24 604.285714285714 210
2140 0.1 1382.0 0.0 1633 24 608.0663507109002 211
2150 0.1 1376.0 0.0 1633 24 611.7169811320751 212
2160 0.1 1226.0 0.0 1633 24 615.3051643192484 213
2170 0.1 1270.0 0.0 1633 24 618.1588785046725 214
2180 0.1 1624.0 0.0 1633 24 621.1906976744182 215
2190 0.1 1314.0 0.0 1633 24 625.8333333333329 216
2200 0.1 1527.0 0.0 1633 24 629.0046082949304 217
2210 0.1 1459.0 0.0 1633 24 633.1238532110087 218
2220 0.1 1244.0 0.0 1633 24 636.8949771689494 219
2230 0.1 1195.0 0.0 1633 24 639.6545454545451 220
2240 0.1 1575.0 0.0 1633 24 642.1674208144792 221
2250 0.1 1502.0 0.0 1633 24 646.369369369369 222
2260 0.1 1299.0 0.0 1633 24 650.2062780269055 223
2270 0.1 1263.0 0.0 1633 24 653.1026785714282 224
2280 0.1 1372.0 0.0 1633 24 655.8133333333329 225
2290 0.1 1278.0 0.0 1633 24 658.9823008849554 226
2300 0.1 1356.0 0.0 1633 24 661.7092511013212 227
2310 0.1 1481.0 0.0 1633 24 664.7543859649119 228
2320 0.1 1269.0 0.0 1633 24 668.318777292576 229
2330 0.1 1355.0 0.0 1633 24 670.9304347826084 230
2340 0.1 939.0 0.0 1633 24 673.8917748917745 231
2350 0.1 1555.0 0.0 1633 24 675.0344827586204 232
2360 0.1 1323.0 0.0 1633 24 678.8111587982829 233
2370 0.1 1688.0 0.0 1688 24 681.5641025641022 234
2380 0.1 1241.0 0.0 1688 24 685.846808510638 235
2390 0.1 1408.0 0.0 1688 24 688.1991525423725 236
2400 0.1 1132.0 0.0 1688 24 691.2362869198308 237
2410 0.1 1096.0 0.0 1688 24 693.0882352941172 238
2420 0.1 1211.0 0.0 1688 24 694.7740585774055 239
2430 0.1 1090.0 0.0 1688 24 696.9249999999996 240
2440 0.1 1330.0 0.0 1688 24 698.55601659751 241
2450 0.1 1214.0 0.0 1688 24 701.165289256198 242
2460 0.1 992.0 0.0 1688 24 703.2757201646087 243
2470 0.1 1152.0 0.0 1688 24 704.4590163934423 244
2480 0.1 1191.0 0.0 1688 24 706.2857142857139 245
2490 0.1 1295.0 0.0 1688 24 708.2560975609753 246
2500 0.1 295.0 0.0 1688 24 710.6315789473681 247
2510 0.1 78.0 0.0 1688 24 708.95564516129 248
2520 0.1 23.0 0.0 1688 23 706.4216867469876 249
2530 0.1 18.0 0.0 1688 18 703.6879999999996 250
2540 0.1 18.0 0.0 1688 18 700.9561752988044 251
2550 0.1 18.0 0.0 1688 18 698.2460317460313 252
2560 0.1 17.0 0.0 1688 17 695.557312252964 253
2570 0.1 18.0 0.0 1688 17 692.8858267716532 254
