10 1.40078125 1.40078125
20 1.1859375 2.58671875
30 5.87265625 8.459375
40 5.3421875 13.8015625
50 5.12734375 18.92890625
60 4.621875 23.55078125
70 4.165625 27.71640625
80 5.6328125 33.34921875
90 7.54453125 40.89375
100 6.49453125 47.38828125
110 6.0140625 53.40234375
120 3.06484375 56.4671875
130 1.92421875 58.39140625
140 4.184375 62.57578125
150 5.70234375 68.278125
160 7.328125 75.60625
170 6.31796875 81.92421875
180 6.19765625 88.121875
190 6.70390625 94.82578125
200 4.384375 99.21015625
210 5.37890625 104.5890625
220 4.0140625 108.603125
230 5.5046875 114.1078125
240 6.03203125 120.13984375
250 5.99296875 126.1328125
260 5.77265625 131.90546875
270 3.803125 135.70859375
280 3.99765625 139.70625
290 4.60625 144.3125
300 4.08828125 148.40078125
310 5.14765625 153.5484375
320 5.434375 158.9828125
330 5.0484375 164.03125
340 6.56875 170.6
350 3.596875 174.196875
360 5.371875 179.56875
370 3.0703125 182.6390625
380 5.78359375 188.42265625
390 7.47578125 195.8984375
400 4.12890625 200.02734375
410 4.54765625 204.575
420 3.63125 208.20625
430 3.41328125 211.61953125
440 5.19375 216.81328125
450 4.78828125 221.6015625
460 4.43828125 226.03984375
470 7.65 233.68984375
480 5.67265625 239.3625
490 7.246875 246.609375
500 8.73125 255.340625
510 7.7484375 263.0890625
520 6.36953125 269.45859375
530 6.43515625 275.89375
540 4.92734375 280.82109375
550 7.38203125 288.203125
560 6.0734375 294.2765625
570 9.67734375 303.95390625
580 4.20546875 308.159375
590 7.54765625 315.70703125
600 4.28828125 319.9953125
610 3.99765625 323.99296875
620 5.5765625 329.56953125
630 5.2078125 334.77734375
640 9.92890625 344.70625
650 9.2734375 353.9796875
660 7.35078125 361.33046875
670 4.865625 366.19609375
680 4.3734375 370.56953125
690 6.26328125 376.8328125
700 5.64140625 382.47421875
710 5.75625 388.23046875
720 7.39375 395.62421875
730 8.27734375 403.9015625
740 7.4265625 411.328125
750 5.0359375 416.3640625
760 7.5515625 423.915625
770 4.74296875 428.65859375
780 8.16015625 436.81875
790 8.0515625 444.8703125
800 8.9265625 453.796875
810 10.32265625 464.11953125
820 7.584375 471.70390625
830 6.71640625 478.4203125
840 4.7796875 483.2
850 6.3375 489.5375
860 7.20859375 496.74609375
870 5.8671875 502.61328125
880 5.13671875 507.75
890 10.29453125 518.04453125
900 10.21484375 528.259375
910 6.67265625 534.93203125
920 7.4171875 542.34921875
930 6.359375 548.70859375
940 7.01875 555.72734375
950 5.965625 561.69296875
960 7.31875 569.01171875
970 4.9734375 573.98515625
980 6.69140625 580.6765625
990 6.76875 587.4453125
1000 5.87421875 593.31953125
1010 7.56640625 600.8859375
1020 7.53515625 608.42109375
1030 6.57890625 615
1040 6.64140625 621.64140625
1050 8.4640625 630.10546875
1060 7.67890625 637.784375
1070 4.98828125 642.77265625
1080 2.9609375 645.73359375
1090 2.67734375 648.4109375
1100 4.44140625 652.85234375
1110 5.546875 658.39921875
1120 6.42109375 664.8203125
1130 3.58515625 668.40546875
1140 5.36640625 673.771875
1150 7.89921875 681.67109375
1160 9.48203125 691.153125
1170 12.00390625 703.15703125
1180 8.23203125 711.3890625
1190 9.58046875 720.96953125
1200 7.7234375 728.69296875
1210 10.3984375 739.09140625
1220 11.91484375 751.00625
1230 11.16640625 762.17265625
1240 15.4046875 777.57734375
1250 11.46171875 789.0390625
1260 6.65859375 795.69765625
1270 10.9046875 806.60234375
1280 10.07734375 816.6796875
1290 13.17265625 829.85234375
1300 13.8765625 843.72890625
1310 14.46328125 858.1921875
1320 10.15546875 868.34765625
1330 9.7828125 878.13046875
1340 8.7859375 886.91640625
1350 9.528125 896.44453125
1360 14.553125 910.99765625
1370 11.0953125 922.09296875
1380 10.0484375 932.14140625
1390 11.55625 943.69765625
1400 12.36328125 956.0609375
1410 14.475 970.5359375
1420 10.81171875 981.34765625
1430 9.58046875 990.928125
1440 12.13359375 1003.06171875
1450 9.99765625 1013.059375
1460 7.859375 1020.91875
1470 11.8984375 1032.8171875
1480 11.6984375 1044.515625
1490 12.63828125 1057.15390625
1500 12.765625 1069.91953125
1510 8.1671875 1078.08671875
1520 8.5921875 1086.67890625
1530 11.9625 1098.64140625
1540 12.2734375 1110.91484375
1550 8.13046875 1119.0453125
1560 7.7 1126.7453125
1570 6.4953125 1133.240625
1580 7.021875 1140.2625
1590 8.403125 1148.665625
1600 10.34921875 1159.01484375
1610 7.34140625 1166.35625
1620 10.70546875 1177.06171875
1630 11.1265625 1188.18828125
1640 11.52734375 1199.715625
1650 8.4421875 1208.1578125
1660 10.3640625 1218.521875
1670 7.9671875 1226.4890625
1680 10.5609375 1237.05
1690 10.2875 1247.3375
1700 10.53046875 1257.86796875
1710 8.896875 1266.76484375
1720 12.9625 1279.72734375
1730 10.94375 1290.67109375
1740 13.9609375 1304.63203125
1750 13.6390625 1318.27109375
1760 13.5984375 1331.86953125
1770 11.265625 1343.13515625
1780 12.9390625 1356.07421875
1790 11.70625 1367.78046875
1800 11.896875 1379.67734375
1810 11.9046875 1391.58203125
1820 10.75234375 1402.334375
1830 15.59296875 1417.92734375
1840 16.5484375 1434.47578125
1850 17.4875 1451.96328125
1860 22.12734375 1474.090625
1870 22.4390625 1496.5296875
1880 21.671875 1518.2015625
1890 23.39921875 1541.60078125
1900 21.45859375 1563.059375
1910 23.978125 1587.0375
1920 27.1671875 1614.2046875
1930 23.83046875 1638.03515625
1940 21.97265625 1660.0078125
1950 19.93046875 1679.93828125
1960 13.984375 1693.92265625
1970 18.62265625 1712.5453125
1980 18.759375 1731.3046875
1990 24.38203125 1755.68671875
2000 19.12421875 1774.8109375
2010 26.2734375 1801.084375
2020 23.73125 1824.815625
2030 17.3390625 1842.1546875
2040 20.4140625 1862.56875
2050 19.7875 1882.35625
2060 18.7859375 1901.1421875
2070 21.8234375 1922.965625
2080 17.315625 1940.28125
2090 18.23828125 1958.51953125
2100 21.19296875 1979.7125
2110 20.7734375 2000.4859375
2120 22.46484375 2022.95078125
2130 15.990625 2038.94140625
2140 18.3578125 2057.29921875
2150 19.28984375 2076.5890625
2160 17.8265625 2094.415625
2170 17.55703125 2111.97265625
2180 20.1515625 2132.12421875
2190 18.759375 2150.88359375
2200 21.4328125 2172.31640625
2210 17.89921875 2190.215625
2220 13.66796875 2203.88359375
2230 19.88046875 2223.7640625
2240 21.00546875 2244.76953125
2250 24.946875 2269.71640625
2260 17.903125 2287.61953125
2270 18.82734375 2306.446875
2280 13.61015625 2320.05703125
2290 17.546875 2337.60390625
2300 20.853125 2358.45703125
2310 22.309375 2380.76640625
2320 18.20078125 2398.9671875
2330 12.35234375 2411.31953125
2340 11.82578125 2423.1453125
2350 13.9140625 2437.059375
2360 22.296875 2459.35625
2370 24.340625 2483.696875
2380 22.584375 2506.28125
2390 13.14609375 2519.42734375
2400 12.93125 2532.35859375
2410 13.04921875 2545.4078125
2420 16.8140625 2562.221875
2430 14.70625 2576.928125
2440 22.06953125 2598.99765625
2450 14.37578125 2613.3734375
2460 11.97890625 2625.35234375
2470 13.4671875 2638.81953125
2480 11.17265625 2649.9921875
2490 18.33125 2668.3234375
2500 8.46875 2676.7921875
2510 3.2609375 2680.053125
2520 0.5734375 2680.6265625
2530 0 2680.6265625
2540 0 2680.6265625
2550 0 2680.6265625
2560 0 2680.6265625
2570 0 2680.6265625
2573 0 2680.6265625
