10 4 40
20 5.3 93
30 6 153
40 8.4 237
50 6.9 306
60 8 386
70 5.7 443
80 5.5 498
90 4.3 541
100 6.5 606
110 8.5 691
120 11.7 808
130 12.1 929
140 13.3 1062
150 10.5 1167
160 13.4 1301
170 11 1411
180 10.4 1515
190 9.4 1609
200 13.1 1740
210 12.9 1869
220 13.4 2003
230 12.1 2124
240 14.3 2267
250 17.8 2445
260 17.1 2616
270 17.8 2794
280 20.8 3002
290 15.2 3154
300 15.9 3313
310 17.7 3490
320 17.2 3662
330 18.6 3848
340 22.2 4070
350 17.4 4244
360 17.1 4415
370 21.1 4626
380 23.5 4861
390 22.7 5088
400 24.2 5330
410 23.1 5561
420 25.1 5812
430 24.3 6055
440 24.8 6303
450 23.2 6535
460 28.1 6816
470 23.9 7055
480 26.8 7323
490 24.5 7568
500 29.8 7866
510 30.7 8173
520 26.5 8438
530 28.8 8726
540 27.7 9003
550 30 9303
560 30.9 9612
570 31.3 9925
580 32.8 10253
590 35 10603
600 43.7 11040
610 43.8 11478
620 44.5 11923
630 43.7 12360
640 41.5 12775
650 46.9 13244
660 44.5 13689
670 45.3 14142
680 37.9 14521
690 40.4 14925
700 43.6 15361
710 42.7 15788
720 42.6 16214
730 46.4 16678
740 48.9 17167
750 47 17637
760 47.7 18114
770 46.8 18582
780 46.9 19051
790 49.3 19544
800 42.5 19969
810 47.2 20441
820 47.2 20913
830 41.9 21332
840 44.4 21776
850 45.1 22227
860 47.3 22700
870 42.7 23127
880 35.8 23485
890 43.5 23920
900 45.1 24371
910 41 24781
920 42.5 25206
930 50.9 25715
940 52.3 26238
950 51.4 26752
960 43.5 27187
970 42.1 27608
980 42.8 28036
990 48.5 28521
1000 45.7 28978
1010 45.7 29435
1020 47.6 29911
1030 48.3 30394
1040 47.2 30866
1050 49.7 31363
1060 49.1 31854
1070 51.1 32365
1080 48.4 32849
1090 42.8 33277
1100 40.8 33685
1110 43.3 34118
1120 41.9 34537
1130 40.8 34945
1140 47.6 35421
1150 48.5 35906
1160 50.4 36410
1170 43.6 36846
1180 43.1 37277
1190 52.6 37803
1200 50.2 38305
1210 58.7 38892
1220 53.1 39423
1230 53.6 39959
1240 56.5 40524
1250 58.8 41112
1260 63.3 41745
1270 53.8 42283
1280 54.3 42826
1290 62.5 43451
1300 58.4 44035
1310 53.3 44568
1320 59.5 45163
1330 64.8 45811
1340 63.7 46448
1350 54.6 46994
1360 54.2 47536
1370 57.4 48110
1380 57.2 48682
1390 66.2 49344
1400 63.4 49978
1410 60.9 50587
1420 61.2 51199
1430 57.5 51774
1440 60.2 52376
1450 61.7 52993
1460 59 53583
1470 54.6 54129
1480 59.6 54725
1490 61.1 55336
1500 55.8 55894
1510 50.8 56402
1520 62.3 57025
1530 64.7 57672
1540 60 58272
1550 65.1 58923
1560 57.8 59501
1570 63.7 60138
1580 55.7 60695
1590 58.5 61280
1600 58.2 61862
1610 60.3 62465
1620 57.6 63041
1630 55.5 63596
1640 55.9 64155
1650 57.8 64733
1660 53.6 65269
1670 58.9 65858
1680 58.8 66446
1690 58.3 67029
1700 60.3 67632
1710 60.5 68237
1720 62.9 68866
1730 56.5 69431
1740 55 69981
1750 64.7 70628
1760 65.5 71283
1770 60.7 71890
1780 66.4 72554
1790 72.2 73276
1800 73.3 74009
1810 73 74739
1820 72 75459
1830 69.3 76152
1840 75.8 76910
1850 73.6 77646
1860 69.4 78340
1870 75.1 79091
1880 78.3 79874
1890 74.9 80623
1900 68.4 81307
1910 77 82077
1920 71.2 82789
1930 77 83559
1940 77.9 84338
1950 80.6 85144
1960 81.9 85963
1970 81.7 86780
1980 89.7 87677
1990 71.4 88391
2000 67.2 89063
2010 68.1 89744
2020 77.1 90515
2030 79.7 91312
2040 74.1 92053
2050 67.9 92732
2060 71.5 93447
2070 69.1 94138
2080 68.8 94826
2090 70.1 95527
2100 79.2 96319
2110 63.9 96958
2120 77.7 97735
2130 77.3 98508
2140 67.1 99179
2150 71 99889
2160 75.3 100642
2170 74.8 101390
2180 79.7 102187
2190 77.5 102962
2200 73.5 103697
2210 73.9 104436
2220 79.7 105233
2230 75.6 105989
2240 76.6 106755
2250 80.2 107557
2260 73.7 108294
2270 75.1 109045
2280 73.2 109777
2290 68.2 110459
2300 75.2 111211
2310 73.9 111950
2320 75 112700
2330 73.4 113434
2340 76.1 114195
2350 71.8 114913
2360 73.1 115644
2370 75.3 116397
2380 76.1 117158
2390 78.9 117947
2400 82.8 118775
2410 83.3 119608
2420 81.1 120419
2430 81.6 121235
2440 85.5 122090
2450 85.8 122948
2460 84.8 123796
2470 85.5 124651
2480 94.3 125594
2490 89.1 126485
2500 89.2 127377
2510 83.9 128216
2520 77 128986
2530 85.4 129840
2540 90.3 130743
2550 86.5 131608
2560 88.7 132495
2570 81.2 133307
2580 81.5 134122
2590 81.5 134937
2600 74.5 135682
2610 93.7 136619
2620 93.9 137558
2630 95 138508
2640 87.9 139387
2650 85.9 140246
2660 88.8 141134
2670 88.6 142020
2680 87.5 142895
2690 88.8 143783
2700 88.3 144666
2710 86.1 145527
2720 89.5 146422
2730 90.8 147330
2740 92.6 148256
2750 95.2 149208
2760 94.9 150157
2770 92.5 151082
2780 92 152002
2790 79 152792
2800 85 153642
2810 89.1 154533
2820 94.9 155482
2830 92.4 156406
2840 96.1 157367
2850 90.5 158272
2860 93.5 159207
2870 81.6 160023
2880 84 160863
2890 90.2 161765
2900 93.2 162697
2910 88.5 163582
2920 92.4 164506
2930 93.4 165440
2940 91 166350
2950 84.1 167191
2960 88.7 168078
2970 78.7 168865
2980 88.2 169747
2990 92.6 170673
3000 95 171623
3010 92.3 172546
3020 90.1 173447
3030 93.1 174378
3040 89.5 175273
3050 89.4 176167
3060 91.7 177084
3070 87.3 177957
3080 89.9 178856
3090 88 179736
3100 90.6 180642
3110 91 181552
3120 89.7 182449
3130 88.8 183337
3140 87.1 184208
3150 91.2 185120
3160 90 186020
3170 91.6 186936
3180 89.6 187832
3190 86.5 188697
3200 92.1 189618
3210 88.8 190506
3220 88.3 191389
3230 90.5 192294
3240 92.6 193220
3250 87.2 194092
3260 88 194972
3270 89.7 195869
3280 90.2 196771
3290 91.8 197689
3300 91.1 198600
3310 85 199450
3320 91.1 200361
3330 90.6 201267
3340 84.9 202116
3350 92.9 203045
3360 89.6 203941
3370 88.3 204824
3380 85.6 205680
3390 92.6 206606
3400 89.9 207505
3410 93.5 208440
3420 88.7 209327
3430 88.1 210208
3440 90 211108
3450 90.1 212009
3460 88.8 212897
3470 90.2 213799
3480 89.7 214696
3490 87.9 215575
3500 91.1 216486
3510 91.5 217401
3520 89.4 218295
3530 89.6 219191
3540 91.3 220104
3550 84.5 220949
3560 90.1 221850
3570 91.5 222765
3580 88.5 223650
3590 91.4 224564
3600 89.5 225459
3610 89.4 226353
3620 90 227253
3630 84.4 228097
3640 91.5 229012
3650 89.9 229911
3660 90 230811
3670 81.5 231626
3680 91.1 232537
3690 89.6 233433
3700 90.2 234335
3710 89.1 235226
3720 91.5 236141
3730 87.5 237016
3740 90.8 237924
3750 87.2 238796
3760 91 239706
3770 86.4 240570
3780 88.9 241459
3790 89.1 242350
3800 88.4 243234
3811 88.8 244122
3820 90.4 245026
3830 87.5 245901
3840 89.9 246800
3850 89.3 247693
3860 88.9 248582
3870 90.6 249488
3880 89.6 250384
3890 90.7 251291
3900 91.3 252204
3910 86 253064
3920 87.5 253939
3930 93.7 254876
3940 90.2 255778
3950 90.7 256685
3960 90.6 257591
3970 88.1 258472
3980 90.8 259380
3990 88.5 260265
4000 88.5 261150
4010 86.2 262012
4020 93.4 262946
4030 88.7 263833
4040 89.1 264724
4050 89.7 265621
4060 91.6 266537
4070 90.7 267444
4080 90.5 268349
4090 86.7 269216
4100 91 270126
4110 89.4 271020
4120 89.7 271917
4130 89.5 272812
4140 89.8 273710
4150 88.4 274594
4160 90.6 275500
4170 87.5 276375
4180 91 277285
4190 90.3 278188
4200 85 279038
4210 89.3 279931
4220 90 280831
4230 87.9 281710
4240 89.7 282607
4250 90.4 283511
4260 90.7 284418
4270 86 285278
4280 90.2 286180
4290 88.6 287066
4300 89 287956
4310 90.1 288857
4320 89.8 289755
4330 87 290625
4340 87.6 291501
4350 91.4 292415
4360 87 293285
4370 86.8 294153
4380 90.4 295057
4390 88.5 295942
4400 88.9 296831
4410 87.5 297706
4420 89.9 298605
4430 89.6 299501
4440 89.1 300392
4450 89.1 301283
4460 88.2 302165
4470 91.3 303078
4480 89.9 303977
4490 89.5 304872
4500 92.2 305794
4510 88.3 306677
4520 90.1 307578
4530 88.9 308467
4540 89.9 309366
4550 83.9 310205
4560 90.3 311108
4570 86.6 311974
4580 88.6 312860
4590 87.8 313738
4600 90.6 314644
4610 89.2 315536
4620 90.4 316440
4630 88.5 317325
4640 87.4 318199
4650 89.8 319097
4660 91.8 320015
4670 88.6 320901
4680 87.5 321776
4690 88.3 322659
4700 88.7 323546
4710 90 324446
4720 89.2 325338
4730 90.4 326242
4740 90 327142
4750 81.9 327961
4760 87.3 328834
4770 88.7 329721
4780 90.5 330626
4790 88.8 331514
4800 46.5 331979
4810 7.5 332054
4820 1.3 332067
4830 0.5 332072
4840 0.2 332074
4845 0 332074
