10 15 15
20 25 10
30 24 -1
40 27 3
50 26 -1
60 25 -1
70 20 -5
80 16 -4
90 16 0
100 24 8
110 32 8
120 40 8
130 37 -3
140 36 -1
150 28 -8
160 40 12
170 41 1
180 48 7
190 39 -9
200 47 8
210 41 -6
220 40 -1
230 38 -2
240 55 17
250 65 10
260 61 -4
270 73 12
280 57 -16
290 52 -5
300 58 6
310 63 5
320 66 3
330 73 7
340 65 -8
350 53 -12
360 62 9
370 95 33
380 77 -18
390 73 -4
400 82 9
410 77 -5
420 79 2
430 73 -6
440 91 18
450 81 -10
460 93 12
470 79 -14
480 78 -1
490 99 21
500 106 7
510 97 -9
520 102 5
530 110 8
540 95 -15
550 111 16
560 103 -8
570 117 14
580 100 -17
590 119 19
600 137 18
610 143 6
620 148 5
630 150 2
640 157 7
650 144 -13
660 156 12
670 135 -21
680 138 3
690 126 -12
700 139 13
710 141 2
720 150 9
730 169 19
740 147 -22
750 165 18
760 171 6
770 155 -16
780 138 -17
790 146 8
800 164 18
810 160 -4
820 159 -1
830 141 -18
840 150 9
850 148 -2
860 160 12
870 129 -31
880 149 20
890 149 0
900 154 5
910 139 -15
920 147 8
930 173 26
940 190 17
950 164 -26
960 144 -20
970 146 2
980 169 23
990 160 -9
1000 151 -9
1010 183 32
1020 158 -25
1030 157 -1
1040 161 4
1050 183 22
1060 164 -19
1070 180 16
1080 156 -24
1090 137 -19
1100 137 0
1110 129 -8
1120 135 6
1130 147 12
1140 169 22
1150 161 -8
1160 165 4
1170 140 -25
1180 164 24
1190 179 15
1200 201 22
1210 176 -25
1220 176 0
1230 181 5
1240 197 16
1250 207 10
1260 195 -12
1270 183 -12
1280 205 22
1290 183 -22
1300 168 -15
1310 179 11
1320 209 30
1330 208 -1
1340 203 -5
1350 178 -25
1360 193 15
1370 203 10
1380 217 14
1390 221 4
1400 202 -19
1410 205 3
1420 227 22
1430 192 -35
1440 209 17
1450 204 -5
1460 181 -23
1470 209 28
1480 223 14
1490 194 -29
1500 175 -19
1510 213 38
1520 222 9
1530 206 -16
1540 215 9
1550 203 -12
1560 208 5
1570 227 19
1580 202 -25
1590 194 -8
1600 204 10
1610 214 10
1620 195 -19
1630 188 -7
1640 192 4
1650 201 9
1660 205 4
1670 208 3
1680 201 -7
1690 207 6
1700 207 0
1710 228 21
1720 222 -6
1730 196 -26
1740 221 25
1750 233 12
1760 224 -9
1770 235 11
1780 227 -8
1790 241 14
1800 246 5
1810 228 -18
1820 235 7
1830 251 16
1840 243 -8
1850 241 -2
1860 254 13
1870 266 12
1880 260 -6
1890 238 -22
1900 249 11
1910 269 20
1920 266 -3
1930 276 10
1940 283 7
1950 280 -3
1960 304 24
1970 292 -12
1980 282 -10
1990 236 -46
2000 221 -15
2010 254 33
2020 275 21
2030 283 8
2040 249 -34
2050 252 3
2060 231 -21
2070 223 -8
2080 267 44
2090 258 -9
2100 238 -20
2110 228 -10
2120 252 24
2130 240 -12
2140 237 -3
2150 258 21
2160 268 10
2170 286 18
2180 278 -8
2190 261 -17
2200 261 0
2210 258 -3
2220 272 14
2230 254 -18
2240 275 21
2250 253 -22
2260 275 22
2270 231 -44
2280 257 26
2290 248 -9
2300 260 12
2310 270 10
2320 272 2
2330 271 -1
2340 286 15
2350 248 -38
2360 253 5
2370 240 -13
2380 268 28
2390 284 16
2400 313 29
2410 301 -12
2420 267 -34
2430 287 20
2440 302 15
2450 301 -1
2460 345 44
2470 362 17
2480 339 -23
2490 295 -44
2500 310 15
2510 261 -49
2520 268 7
2530 304 36
2540 300 -4
2550 325 25
2560 299 -26
2570 279 -20
2580 279 0
2590 284 5
2600 292 8
2610 322 30
2620 330 8
2630 305 -25
2640 318 13
2650 320 2
2660 335 15
2670 299 -36
2680 300 1
2690 300 0
2700 311 11
2710 319 8
2720 316 -3
2730 320 4
2740 345 25
2750 341 -4
2760 328 -13
2770 344 16
2780 273 -71
2790 283 10
2800 307 24
2810 333 26
2820 336 3
2830 345 9
2840 320 -25
2850 346 26
2860 298 -48
2870 318 20
2880 318 0
2890 341 23
2900 356 15
2910 386 30
2920 317 -69
2930 302 -15
2940 314 12
2950 283 -31
2960 313 30
2970 298 -15
2980 307 9
2990 346 39
3000 406 60
3010 486 80
3020 527 41
3030 572 45
3040 638 66
3050 676 38
3060 676 0
3070 631 -45
3080 673 42
3090 671 -2
3100 662 -9
3110 655 -7
3120 681 26
3130 671 -10
3140 667 -4
3150 655 -12
3160 678 23
3170 673 -5
3180 631 -42
3190 658 27
3200 685 27
3210 664 -21
3220 681 17
3230 648 -33
3240 663 15
3250 677 14
3260 659 -18
3270 643 -16
3280 648 5
3290 671 23
3300 682 11
3310 659 -23
3320 648 -11
3330 676 28
3340 703 27
3350 679 -24
3360 664 -15
3370 654 -10
3380 638 -16
3390 676 38
3400 677 1
3410 649 -28
3420 642 -7
3430 643 1
3440 673 30
3450 677 4
3460 658 -19
3470 653 -5
3480 628 -25
3490 652 24
3500 662 10
3510 646 -16
3520 661 15
3530 670 9
3540 659 -11
3550 636 -23
3560 647 11
3570 677 30
3580 675 -2
3590 684 9
3600 684 0
3610 678 -6
3620 685 7
3630 686 1
3640 685 -1
3650 668 -17
3660 655 -13
3670 682 27
3680 692 10
3690 684 -8
3700 685 1
3710 690 5
3720 678 -12
3730 675 -3
3740 685 10
3750 680 -5
3760 677 -3
3770 686 9
3780 679 -7
3790 676 -3
3800 681 5
3811 686 5
3820 676 -10
3830 682 6
3840 689 7
3850 679 -10
3860 686 7
3870 662 -24
3880 690 28
3890 690 0
3900 679 -11
3910 676 -3
3920 709 33
3930 680 -29
3940 661 -19
3950 676 15
3960 685 9
3970 687 2
3980 686 -1
3990 666 -20
4000 679 13
4010 684 5
4020 681 -3
4030 676 -5
4040 683 7
4050 674 -9
4060 686 12
4070 687 1
4080 664 -23
4090 681 17
4100 669 -12
4110 682 13
4120 680 -2
4130 691 11
4140 687 -4
4150 674 -13
4160 678 4
4170 685 7
4180 675 -10
4190 692 17
4200 678 -14
4210 687 9
4220 686 -1
4230 684 -2
4240 681 -3
4250 682 1
4260 673 -9
4270 687 14
4280 689 2
4290 688 -1
4300 682 -6
4310 685 3
4320 684 -1
4330 685 1
4340 683 -2
4350 693 10
4360 681 -12
4370 691 10
4380 691 0
4390 679 -12
4400 686 7
4410 666 -20
4420 685 19
4430 679 -6
4440 683 4
4450 682 -1
4460 684 2
4470 684 0
4480 685 1
4490 688 3
4500 675 -13
4510 690 15
4520 680 -10
4530 684 4
4540 666 -18
4550 686 20
4560 693 7
4570 686 -7
4580 686 0
4590 688 2
4600 685 -3
4610 677 -8
4620 688 11
4630 684 -4
4640 680 -4
4650 681 1
4660 679 -2
4670 686 7
4680 684 -2
4690 686 2
4700 684 -2
4710 689 5
4720 696 7
4730 676 -20
4740 681 5
4750 692 11
4760 682 -10
4770 694 12
4780 645 -49
4790 419 -226
4800 76 -343
4810 15 -61
4820 5 -10
4830 2 -3
4840 0 -2
4845 0 0
