10 0.1 6387.2421875 0 6387.2421875 6387.2421875 0 0
20 0.1 6383.85546875 0.0 6387.2421875 6383.85546875 6387.2421875 1
30 0.1 6325.92578125 0.0 6387.2421875 6325.92578125 6385.548828125 2
40 0.1 6324.22265625 0.0 6387.2421875 6324.22265625 6365.674479166667 3
50 0.1 6268.49609375 0.0 6387.2421875 6268.49609375 6355.3115234375 4
60 0.1 6268.48828125 0.0 6387.2421875 6268.48828125 6337.9484375 5
70 0.1 6212.76171875 0.0 6387.2421875 6212.76171875 6326.371744791667 6
80 0.1 6212.8671875 0.0 6387.2421875 6212.76171875 6310.141741071428 7
90 0.1 6213.33984375 0.0 6387.2421875 6212.76171875 6297.982421875 8
100 0.1 6213.15625 0.0 6387.2421875 6212.76171875 6288.577690972223 9
110 0.1 6212.79296875 0.0 6387.2421875 6212.76171875 6281.035546875 10
120 0.1 6212.30859375 0.0 6387.2421875 6212.30859375 6274.831676136364 11
130 0.1 6211.2578125 0.0 6387.2421875 6211.2578125 6269.621419270833 12
140 0.1 6210.9453125 0.0 6387.2421875 6210.9453125 6265.131911057692 13
150 0.1 6156.1171875 0.0 6387.2421875 6156.1171875 6261.261439732143 14
160 0.1 6156.8125 0.0 6387.2421875 6156.1171875 6254.251822916666 15
170 0.1 6101.2890625 0.0 6387.2421875 6101.2890625 6248.161865234375 16
180 0.1 6101.453125 0.0 6387.2421875 6101.2890625 6239.522288602941 17
190 0.1 6101.5078125 0.0 6387.2421875 6101.2890625 6231.851779513889 18
200 0.1 6102.1484375 0.0 6387.2421875 6101.2890625 6224.991570723684 19
210 0.1 6101.26953125 0.0 6387.2421875 6101.26953125 6218.8494140625 20
220 0.1 6101.11328125 0.0 6387.2421875 6101.11328125 6213.250372023809 21
230 0.1 6100.71875 0.0 6387.2421875 6100.71875 6208.153231534091 22
240 0.1 6101.50390625 0.0 6387.2421875 6100.71875 6203.482167119565 23
250 0.1 6100.96484375 0.0 6387.2421875 6100.71875 6199.233072916667 24
260 0.1 6100.53515625 0.0 6387.2421875 6100.53515625 6195.30234375 25
270 0.1 6100.1875 0.0 6387.2421875 6100.1875 6191.657451923077 26
280 0.1 6081.16015625 0.0 6387.2421875 6081.16015625 6188.269675925926 27
290 0.1 6044.328125 0.0 6387.2421875 6044.328125 6184.4443359375 28
300 0.1 6044.1953125 0.0 6387.2421875 6044.1953125 6179.612742456897 29
310 0.1 6044.453125 0.0 6387.2421875 6044.1953125 6175.098828125 30
320 0.1 5990.61328125 0.0 6387.2421875 5990.61328125 6170.884450604839 31
330 0.1 5991.1171875 0.0 6387.2421875 5990.61328125 6165.2509765625 32
340 0.1 5991.54296875 0.0 6387.2421875 5990.61328125 6159.974195075758 33
350 0.1 5990.67578125 0.0 6387.2421875 5990.61328125 6155.020335477941 34
360 0.1 5991.30859375 0.0 6387.2421875 5990.61328125 6150.324776785715 35
370 0.1 5991.4453125 0.0 6387.2421875 5990.61328125 6145.907660590277 36
380 0.1 5989.1015625 0.0 6387.2421875 5989.1015625 6141.733002533784 37
390 0.1 5988.85546875 0.0 6387.2421875 5988.85546875 6137.71638569079 38
400 0.1 5988.66796875 0.0 6387.2421875 5988.66796875 6133.899439102564 39
410 0.1 5988.484375 0.0 6387.2421875 5988.484375 6130.26865234375 40
420 0.1 5935.4609375 0.0 6387.2421875 5935.4609375 6126.810499237805 41
430 0.1 5936.10546875 0.0 6387.2421875 5935.4609375 6122.254557291667 42
440 0.1 5881.125 0.0 6387.2421875 5881.125 6117.92550872093 43
450 0.1 5880.44140625 0.0 6387.2421875 5880.44140625 6112.543678977273 44
460 0.1 5880.7421875 0.0 6387.2421875 5880.44140625 6107.385850694444 45
470 0.1 5881.20703125 0.0 6387.2421875 5880.44140625 6102.458814538043 46
480 0.1 5880.8125 0.0 6387.2421875 5880.44140625 6097.751329787234 47
490 0.1 5881.265625 0.0 6387.2421875 5880.44140625 6093.231770833333 48
500 0.1 5881.12109375 0.0 6387.2421875 5880.44140625 6088.905931122449 49
510 0.1 5880.41015625 0.0 6387.2421875 5880.41015625 6084.750234375 50
520 0.1 5881.00390625 0.0 6387.2421875 5880.41015625 6080.74356617647 51
530 0.1 5880.5703125 0.0 6387.2421875 5880.41015625 6076.902418870192 52
540 0.1 5880.5 0.0 6387.2421875 5880.41015625 6073.198039504717 53
550 0.1 5880.25390625 0.0 6387.2421875 5880.25390625 6069.629557291667 54
560 0.1 5880.7421875 0.0 6387.2421875 5880.25390625 6066.186363636363 55
570 0.1 5825.1484375 0.0 6387.2421875 5825.1484375 6062.874860491072 56
580 0.1 5824.9453125 0.0 6387.2421875 5824.9453125 6058.704221491228 57
590 0.1 5825.30078125 0.0 6387.2421875 5824.9453125 6054.673895474138 58
600 0.1 5824.9296875 0.0 6387.2421875 5824.9296875 6050.786215572034 59
610 0.1 5825.20703125 0.0 6387.2421875 5824.9296875 6047.021940104167 60
620 0.1 5825.078125 0.0 6387.2421875 5824.9296875 6043.385630122951 61
630 0.1 5771.44140625 0.0 6387.2421875 5771.44140625 6039.864541330645 62
640 0.1 5716.54296875 0.0 6387.2421875 5716.54296875 6035.603856646825 63
650 0.1 5715.7109375 0.0 6387.2421875 5715.7109375 6030.6185302734375 64
660 0.1 5715.69921875 0.0 6387.2421875 5715.69921875 6025.773798076923 65
670 0.1 5714.86328125 0.0 6387.2421875 5714.86328125 6021.075698390152 66
680 0.1 5660.95703125 0.0 6387.2421875 5660.95703125 6016.50536380597 67
690 0.1 5660.1796875 0.0 6387.2421875 5660.1796875 6011.276711856618 68
700 0.1 5661.15625 0.0 6387.2421875 5660.1796875 6006.188349184783 69
710 0.1 5660.50390625 0.0 6387.2421875 5660.1796875 6001.259319196429 70
720 0.1 5660.46875 0.0 6387.2421875 5660.1796875 5996.459947183099 71
730 0.1 5659.95703125 0.0 6387.2421875 5659.95703125 5991.793402777777 72
740 0.1 5660.2421875 0.0 6387.2421875 5659.95703125 5987.247699058219 73
750 0.1 5605.57421875 0.0 6387.2421875 5605.57421875 5982.828705658784 74
760 0.1 5605.3515625 0.0 6387.2421875 5605.3515625 5977.798645833334 75
770 0.1 5605.703125 0.0 6387.2421875 5605.3515625 5972.89802631579 76
780 0.1 5605.58984375 0.0 6387.2421875 5605.3515625 5968.129261363637 77
790 0.1 5605.48828125 0.0 6387.2421875 5605.3515625 5963.481320112181 78
800 0.1 5605.6015625 0.0 6387.2421875 5605.3515625 5958.949762658229 79
810 0.1 5605.07421875 0.0 6387.2421875 5605.07421875 5954.532910156251 80
820 0.1 5604.87890625 0.0 6387.2421875 5604.87890625 5950.218605324076 81
830 0.1 5605.3828125 0.0 6387.2421875 5604.87890625 5946.0071455792695 82
840 0.1 5605.76171875 0.0 6387.2421875 5604.87890625 5941.9032379518085 83
850 0.1 5605.54296875 0.0 6387.2421875 5604.87890625 5937.901553199406 84
860 0.1 5604.828125 0.0 6387.2421875 5604.828125 5933.991452205883 85
870 0.1 5605.29296875 0.0 6387.2421875 5604.828125 5930.163971656978 86
880 0.1 5605.05859375 0.0 6387.2421875 5604.828125 5926.429822198277 87
890 0.1 5604.5078125 0.0 6387.2421875 5604.5078125 5922.777876420456 88
900 0.1 5604.97265625 0.0 6387.2421875 5604.5078125 5919.201808286518 89
910 0.1 5604.8125 0.0 6387.2421875 5604.5078125 5915.71037326389 90
920 0.1 5604.87109375 0.0 6387.2421875 5604.5078125 5912.293913118133 91
930 0.1 5604.59375 0.0 6387.2421875 5604.5078125 5908.952360733697 92
940 0.1 5604.390625 0.0 6387.2421875 5604.390625 5905.679687500001 93
950 0.1 5549.5234375 0.0 6387.2421875 5549.5234375 5902.474484707448 94
960 0.1 5550.171875 0.0 6387.2421875 5549.5234375 5898.759210526317 95
970 0.1 5550.28515625 0.0 6387.2421875 5549.5234375 5895.128092447918 96
980 0.1 5550.3125 0.0 6387.2421875 5549.5234375 5891.573010631444 97
990 0.1 5549.9375 0.0 6387.2421875 5549.5234375 5888.09076052296 98
1000 0.1 5549.84375 0.0 6387.2421875 5549.5234375 5884.675071022729 99
1010 0.1 5550.21484375 0.0 6387.2421875 5549.5234375 5881.3267578125015 100
1020 0.1 5549.8203125 0.0 6387.2421875 5549.5234375 5878.048422029704 101
1030 0.1 5550.1796875 0.0 6387.2421875 5549.5234375 5874.830499387256 102
1040 0.1 5550.05859375 0.0 6387.2421875 5549.5234375 5871.678549757283 103
1050 0.1 5549.69140625 0.0 6387.2421875 5549.5234375 5868.58605018029 104
1060 0.1 5549.69921875 0.0 6387.2421875 5549.5234375 5865.548958333335 105
1070 0.1 5549.86328125 0.0 6387.2421875 5549.5234375 5862.569243808964 106
1080 0.1 5549.87890625 0.0 6387.2421875 5549.5234375 5859.646758177571 107
1090 0.1 5549.453125 0.0 6387.2421875 5549.453125 5856.77853732639 108
1100 0.1 5549.73828125 0.0 6387.2421875 5549.453125 5853.959038130735 109
1110 0.1 5549.4765625 0.0 6387.2421875 5549.453125 5851.193394886364 110
1120 0.1 5550.125 0.0 6387.2421875 5549.453125 5848.4752252252265 111
1130 0.1 5549.7265625 0.0 6387.2421875 5549.453125 5845.8113839285725 112
1140 0.1 5549.3125 0.0 6387.2421875 5549.3125 5843.191164269912 113
1150 0.1 5549.5234375 0.0 6387.2421875 5549.3125 5840.613281250001 114
1160 0.1 5549.484375 0.0 6387.2421875 5549.3125 5838.0820652173925 115
1170 0.1 5550.01171875 0.0 6387.2421875 5549.3125 5835.594154094829 116
1180 0.1 5549.03125 0.0 6387.2421875 5549.03125 5833.1532785790605 117
1190 0.1 5549.76953125 0.0 6387.2421875 5549.03125 5830.745464777543 118
1200 0.1 5549.07421875 0.0 6387.2421875 5549.03125 5828.3843224789925 119
1210 0.1 5549.6953125 0.0 6387.2421875 5549.03125 5826.056738281251 120
1220 0.1 5168.5078125 0.0 6387.2421875 5168.5078125 5823.772759555786 121
1230 0.1 5168.34765625 0.0 6387.2421875 5168.34765625 5818.401735399591 122
1240 0.1 5168.40625 0.0 6387.2421875 5168.34765625 5813.11674288618 123
1250 0.1 5167.53125 0.0 6387.2421875 5167.53125 5807.917464717743 124
1260 0.1 5167.0546875 0.0 6387.2421875 5167.0546875 5802.794375000001 125
1270 0.1 5167.8984375 0.0 6387.2421875 5167.0546875 5797.748821924604 126
1280 0.1 5167.37109375 0.0 6387.2421875 5167.0546875 5792.789370078741 127
1290 0.1 5167.2890625 0.0 6387.2421875 5167.0546875 5787.903289794923 128
1300 0.1 5167.44921875 0.0 6387.2421875 5167.0546875 5783.092326792636 129
1310 0.1 5167.140625 0.0 6387.2421875 5167.0546875 5778.356610576924 130
1320 0.1 5167.59375 0.0 6387.2421875 5167.0546875 5773.690839694657 131
1330 0.1 5166.78125 0.0 6387.2421875 5166.78125 5769.099195075759 132
1340 0.1 5166.67578125 0.0 6387.2421875 5166.67578125 5764.570488721805 133
1350 0.1 5166.98046875 0.0 6387.2421875 5166.67578125 5760.108587919777 134
1360 0.1 5167.0 0.0 6387.2421875 5166.67578125 5755.715046296297 135
1370 0.1 5167.609375 0.0 6387.2421875 5166.67578125 5751.3862591911775 136
1380 0.1 5166.51171875 0.0 6387.2421875 5166.51171875 5747.125114051096 137
1390 0.1 5166.64453125 0.0 6387.2421875 5166.51171875 5742.917770606885 138
1400 0.1 5058.36328125 0.0 6387.2421875 5058.36328125 5738.77191996403 139
1410 0.1 5057.62890625 0.0 6387.2421875 5057.62890625 5733.911858258929 140
1420 0.1 5057.66015625 0.0 6387.2421875 5057.62890625 5729.115525265957 141
1430 0.1 5057.8359375 0.0 6387.2421875 5057.62890625 5724.386966329225 142
1440 0.1 5057.70703125 0.0 6387.2421875 5057.62890625 5719.725770323426 143
1450 0.1 5057.140625 0.0 6387.2421875 5057.140625 5715.12841796875 144
1460 0.1 5057.35546875 0.0 6387.2421875 5057.140625 5710.59057112069 145
1470 0.1 5057.59765625 0.0 6387.2421875 5057.140625 5706.116358090753 146
1480 0.1 5056.890625 0.0 6387.2421875 5056.890625 5701.704666241497 147
1490 0.1 5057.23828125 0.0 6387.2421875 5056.890625 5697.347814611487 148
1500 0.1 5057.11328125 0.0 6387.2421875 5056.890625 5693.051777474832 149
1510 0.1 5056.6484375 0.0 6387.2421875 5056.6484375 5688.8121875 150
1520 0.1 5056.65234375 0.0 6387.2421875 5056.6484375 5684.625672599338 151
1530 0.1 5056.89453125 0.0 6387.2421875 5056.6484375 5680.494269120066 152
1540 0.1 5056.546875 0.0 6387.2421875 5056.546875 5676.4184538398695 153
1550 0.1 5056.91796875 0.0 6387.2421875 5056.546875 5672.393313717533 154
1560 0.1 5056.76953125 0.0 6387.2421875 5056.546875 5668.422505040323 155
1570 0.1 5056.2890625 0.0 6387.2421875 5056.2890625 5664.5016526442305 156
1580 0.1 5056.2734375 0.0 6387.2421875 5056.2734375 5660.627687101911 157
1590 0.1 5056.33203125 0.0 6387.2421875 5056.2734375 5656.802660205696 158
1600 0.1 5056.12109375 0.0 6387.2421875 5056.12109375 5653.026115369496 159
1610 0.1 5056.234375 0.0 6387.2421875 5056.12109375 5649.295458984374 160
1620 0.1 5056.7890625 0.0 6387.2421875 5056.12109375 5645.61184976708 161
1630 0.1 5055.99609375 0.0 6387.2421875 5055.99609375 5641.977141203703 162
1640 0.1 5056.41015625 0.0 6387.2421875 5055.99609375 5638.382165452453 163
1650 0.1 5056.25390625 0.0 6387.2421875 5055.99609375 5634.833555640243 164
1660 0.1 5055.69921875 0.0 6387.2421875 5055.69921875 5631.327012310605 165
1670 0.1 5056.22265625 0.0 6387.2421875 5055.69921875 5627.859374999998 166
1680 0.1 5055.44921875 0.0 6387.2421875 5055.44921875 5624.436400636226 167
1690 0.1 5055.51953125 0.0 6387.2421875 5055.44921875 5621.0495721726165 168
1700 0.1 5053.546875 0.0 6387.2421875 5053.546875 5617.703240569524 169
1710 0.1 5053.80859375 0.0 6387.2421875 5053.546875 5614.384673713233 170
1720 0.1 5054.1875 0.0 6387.2421875 5053.546875 5611.106451023389 171
1730 0.1 5053.8828125 0.0 6387.2421875 5053.546875 5607.8685501453465 172
1740 0.1 5053.98046875 0.0 6387.2421875 5053.546875 5604.666320447975 173
1750 0.1 5053.47265625 0.0 6387.2421875 5053.47265625 5601.50145923132 174
1760 0.1 5053.67578125 0.0 6387.2421875 5053.47265625 5598.369866071426 175
1770 0.1 5053.76953125 0.0 6387.2421875 5053.47265625 5595.275013316759 176
1780 0.1 5055.4453125 0.0 6387.2421875 5053.47265625 5592.215660310732 177
1790 0.1 5054.9140625 0.0 6387.2421875 5053.47265625 5589.200096558987 178
1800 0.1 5054.83203125 0.0 6387.2421875 5053.47265625 5586.215258379886 179
1810 0.1 5054.19140625 0.0 6387.2421875 5053.47265625 5583.263129340276 180
1820 0.1 5054.4609375 0.0 6387.2421875 5053.47265625 5580.340081146407 181
1830 0.1 5000.6875 0.0 6387.2421875 5000.6875 5577.450635302196 182
1840 0.1 5000.65234375 0.0 6387.2421875 5000.65234375 5574.298924180326 183
1850 0.1 5000.03515625 0.0 6387.2421875 5000.03515625 5571.181279721465 184
1860 0.1 4999.90234375 0.0 6387.2421875 4999.90234375 5568.094003378376 185
1870 0.1 4999.91015625 0.0 6387.2421875 4999.90234375 5565.039209509407 186
1880 0.1 4890.765625 0.0 6387.2421875 4890.765625 5562.017129010694 187
1890 0.1 4891.109375 0.0 6387.2421875 4890.765625 5558.446642287233 188
1900 0.1 4890.66015625 0.0 6387.2421875 4890.66015625 5554.915757275131 189
1910 0.1 4890.6328125 0.0 6387.2421875 4890.6328125 5551.419675164472 190
1920 0.1 4890.6015625 0.0 6387.2421875 4890.6015625 5547.96005808246 191
1930 0.1 4890.00390625 0.0 6387.2421875 4890.00390625 5544.536315917968 192
1940 0.1 4890.375 0.0 6387.2421875 4890.00390625 5541.144956282382 193
1950 0.1 4890.44921875 0.0 6387.2421875 4890.00390625 5537.790471971648 194
1960 0.1 4748.57421875 0.0 6387.2421875 4748.57421875 5534.470773237178 195
1970 0.1 4671.95703125 0.0 6387.2421875 4671.95703125 5530.461096938774 196
1980 0.1 4671.4921875 0.0 6387.2421875 4671.4921875 5526.103208280456 197
1990 0.1 4544.203125 0.0 6387.2421875 4544.203125 5521.786991003787 198
2000 0.1 4509.26171875 0.0 6387.2421875 4509.26171875 5516.874509265074 199
2010 0.1 4508.41015625 0.0 6387.2421875 4508.41015625 5511.836445312499 200
2020 0.1 4508.27734375 0.0 6387.2421875 4508.27734375 5506.844274720148 201
2030 0.1 4508.1953125 0.0 6387.2421875 4508.1953125 5501.900874071781 202
2040 0.1 4508.08203125 0.0 6387.2421875 4508.08203125 5497.00577278325 203
2050 0.1 4508.22265625 0.0 6387.2421875 4508.08203125 5492.158107383577 204
2060 0.1 4508.26171875 0.0 6387.2421875 4508.08203125 5487.358422256097 205
2070 0.1 4507.9921875 0.0 6387.2421875 4507.9921875 5482.605525637135 206
2080 0.1 4507.82421875 0.0 6387.2421875 4507.82421875 5477.897248641303 207
2090 0.1 4508.1875 0.0 6387.2421875 4507.82421875 5473.233435997595 208
2100 0.1 4507.84375 0.0 6387.2421875 4507.82421875 5468.61599132775 209
2110 0.1 4507.875 0.0 6387.2421875 4507.82421875 5464.040885416665 210
2120 0.1 4507.58203125 0.0 6387.2421875 4507.58203125 5459.509293542653 211
2130 0.1 4507.640625 0.0 6387.2421875 4507.58203125 5455.01907060731 212
2140 0.1 4507.75390625 0.0 6387.2421875 4507.58203125 5450.571284477698 213
2150 0.1 4507.56640625 0.0 6387.2421875 4507.56640625 5446.165595794391 214
2160 0.1 4507.5546875 0.0 6387.2421875 4507.5546875 5441.800018168604 215
2170 0.1 4352.53515625 0.0 6387.2421875 4352.53515625 5437.474808304397 216
2180 0.1 4288.42578125 0.0 6387.2421875 4288.42578125 5432.475086405529 217
2190 0.1 4288.0390625 0.0 6387.2421875 4288.0390625 5427.227153813073 218
2200 0.1 4288.50390625 0.0 6387.2421875 4288.0390625 5422.02538170662 219
2210 0.1 4288.40234375 0.0 6387.2421875 4288.0390625 5416.873011363636 220
2220 0.1 4287.43359375 0.0 6387.2421875 4287.43359375 5411.766809247736 221
2230 0.1 4288.35546875 0.0 6387.2421875 4287.43359375 5406.702245213963 222
2240 0.1 4287.96875 0.0 6387.2421875 4287.43359375 5401.6872372477565 223
2250 0.1 4288.07421875 0.0 6387.2421875 4287.43359375 5396.7152797154 224
2260 0.1 4287.546875 0.0 6387.2421875 4287.43359375 5391.7879861111105 225
2270 0.1 4287.80859375 0.0 6387.2421875 4287.43359375 5386.901963495574 226
2280 0.1 4288.01171875 0.0 6387.2421875 4287.43359375 5382.0601424834795 227
2290 0.1 4288.33203125 0.0 6387.2421875 4287.43359375 5377.261684484648 228
2300 0.1 4287.47265625 0.0 6387.2421875 4287.43359375 5372.506533160479 229
2310 0.1 4287.1328125 0.0 6387.2421875 4287.1328125 5367.788994565216 230
2320 0.1 4287.28125 0.0 6387.2421875 4287.1328125 5363.11082927489 231
2330 0.1 4287.55078125 0.0 6387.2421875 4287.1328125 5358.473632812499 232
2340 0.1 4287.8671875 0.0 6387.2421875 4287.1328125 5353.877397398068 233
2350 0.1 4287.703125 0.0 6387.2421875 4287.1328125 5349.321798210469 234
2360 0.1 4287.79296875 0.0 6387.2421875 4287.1328125 5344.804271941488 235
2370 0.1 4287.2421875 0.0 6387.2421875 4287.1328125 5340.325410487287 236
2380 0.1 4287.05859375 0.0 6387.2421875 4287.05859375 5335.882021360759 237
2390 0.1 4287.29296875 0.0 6387.2421875 4287.05859375 5331.475200236344 238
2400 0.1 4287.0546875 0.0 6387.2421875 4287.0546875 5327.106236924686 239
2410 0.1 4286.671875 0.0 6387.2421875 4286.671875 5322.7726888020825 240
2420 0.1 4287.66796875 0.0 6387.2421875 4286.671875 5318.473515300829 241
2430 0.1 4286.6484375 0.0 6387.2421875 4286.6484375 5314.213988248966 242
2440 0.1 4287.27734375 0.0 6387.2421875 4286.6484375 5309.985323431069 243
2450 0.1 4286.43359375 0.0 6387.2421875 4286.43359375 5305.793897284835 244
2460 0.1 3923.94140625 0.0 6387.2421875 3923.94140625 5301.6332429846925 245
2470 0.1 3738.9140625 0.0 6387.2421875 3738.9140625 5296.032869664633 246
2490 0.1 3739.13671875 0.0 6387.2421875 3738.9140625 5289.728744939271 247
2500 0.1 3739.60546875 0.0 6387.2421875 3738.9140625 5283.476357736894 248
2510 0.1 3740.16796875 0.0 6387.2421875 3738.9140625 5277.276073042168 249
2520 0.1 3739.5 0.0 6387.2421875 3738.9140625 5271.127640624999 250
2530 0.1 3739.9453125 0.0 6387.2421875 3738.9140625 5265.0255384711145 251
2540 0.1 3739.94921875 0.0 6387.2421875 3738.9140625 5258.973632812499 252
2550 0.1 3739.7109375 0.0 6387.2421875 3738.9140625 5252.969583745058 253
2560 0.1 3739.3359375 0.0 6387.2421875 3738.9140625 5247.0118725393695 254
2570 0.1 3739.25390625 0.0 6387.2421875 3738.9140625 5241.0994178921555 255
2580 0.1 3739.06640625 0.0 6387.2421875 3738.9140625 5235.232833862304 256
2590 0.1 3739.02734375 0.0 6387.2421875 3738.9140625 5229.411174610894 257
2600 0.1 3739.34765625 0.0 6387.2421875 3738.9140625 5223.634493095929 258
2610 0.1 3739.28125 0.0 6387.2421875 3738.9140625 5217.90365588803 259
2620 0.1 3739.15625 0.0 6387.2421875 3738.9140625 5212.216646634614 260
2630 0.1 3738.6875 0.0 6387.2421875 3738.6875 5206.572737068965 261
2640 0.1 3738.84765625 0.0 6387.2421875 3738.6875 5200.970121660304 262
2650 0.1 3738.48046875 0.0 6387.2421875 3738.48046875 5195.41072065114 263
2660 0.1 3739.09375 0.0 6387.2421875 3738.48046875 5189.892045454544 264
2670 0.1 3738.64453125 0.0 6387.2421875 3738.48046875 5184.417334905658 265
2680 0.1 3739.31640625 0.0 6387.2421875 3738.48046875 5178.98209880169 266
2690 0.1 3738.578125 0.0 6387.2421875 3738.48046875 5173.590092462545 267
2700 0.1 3738.6328125 0.0 6387.2421875 3738.48046875 5168.235570195894 268
2710 0.1 3738.6328125 0.0 6387.2421875 3738.48046875 5162.921061802972 269
2720 0.1 3738.01171875 0.0 6387.2421875 3738.01171875 5157.645920138887 270
2730 0.1 3738.63671875 0.0 6387.2421875 3738.01171875 5152.407417550737 271
2740 0.1 3738.5234375 0.0 6387.2421875 3738.01171875 5147.2097311580865 272
2750 0.1 3737.7421875 0.0 6387.2421875 3737.7421875 5142.049708104394 273
2760 0.1 3736.84765625 0.0 6387.2421875 3736.84765625 5136.924498175181 274
2770 0.1 3737.375 0.0 6387.2421875 3736.84765625 5131.8333096590895 275
2780 0.1 3737.9453125 0.0 6387.2421875 3736.84765625 5126.780924479165 276
2790 0.1 3737.8359375 0.0 6387.2421875 3736.84765625 5121.767077504511 277
2800 0.1 3737.9375 0.0 6387.2421875 3736.84765625 5116.788907936149 278
2810 0.1 3737.27734375 0.0 6387.2421875 3736.84765625 5111.8467881944425 279
2820 0.1 3737.27734375 0.0 6387.2421875 3736.84765625 5106.937611607141 280
2830 0.1 3737.13671875 0.0 6387.2421875 3736.84765625 5102.063375778467 281
2840 0.1 3737.20703125 0.0 6387.2421875 3736.84765625 5097.223210328012 282
2850 0.1 3737.3671875 0.0 6387.2421875 3736.84765625 5092.417499447877 283
2860 0.1 3736.78515625 0.0 6387.2421875 3736.78515625 5087.646195532568 284
2870 0.1 3737.140625 0.0 6387.2421875 3736.78515625 5082.906332236839 285
2880 0.1 3737.08984375 0.0 6387.2421875 3736.78515625 5078.200857736011 286
2890 0.1 3737.4296875 0.0 6387.2421875 3736.78515625 5073.527997060101 287
2900 0.1 3736.4375 0.0 6387.2421875 3736.4375 5068.8887668185735 288
2910 0.1 3736.83984375 0.0 6387.2421875 3736.4375 5064.2782088019 289
2920 0.1 3736.8125 0.0 6387.2421875 3736.4375 5059.700835129307 290
2930 0.1 3736.671875 0.0 6387.2421875 3736.4375 5055.154827104808 291
2940 0.1 3737.2734375 0.0 6387.2421875 3736.4375 5050.639474529106 292
2950 0.1 3736.6328125 0.0 6387.2421875 3736.4375 5046.156996587028 293
2960 0.1 3736.46484375 0.0 6387.2421875 3736.4375 5041.702832695575 294
2970 0.1 3736.78515625 0.0 6387.2421875 3736.4375 5037.278297139827 295
2980 0.1 3736.57421875 0.0 6387.2421875 3736.4375 5032.884739231416 296
2990 0.1 3736.12890625 0.0 6387.2421875 3736.12890625 5028.520057344273 297
3000 0.1 3735.8515625 0.0 6387.2421875 3735.8515625 5024.18317428691 298
3010 0.1 3734.1328125 0.0 6387.2421875 3734.1328125 5019.874372909696 299
3020 0.1 3733.25390625 0.0 6387.2421875 3733.25390625 5015.588567708331 300
3030 0.1 3731.8515625 0.0 6387.2421875 3731.8515625 5011.328319663619 301
3040 0.1 3730.4296875 0.0 6387.2421875 3730.4296875 5007.0916416597665 302
3050 0.1 3729.57421875 0.0 6387.2421875 3729.57421875 5002.87823587046 303
3060 0.1 3729.12890625 0.0 6387.2421875 3729.12890625 4998.689735814143 304
3070 0.1 3779.0078125 0.0 6387.2421875 3729.12890625 4994.527241290982 305
3080 0.1 3778.8671875 0.0 6387.2421875 3729.12890625 4990.554955575978 306
3090 0.1 3778.84765625 0.0 6387.2421875 3729.12890625 4986.608089881919 307
3100 0.1 3777.92578125 0.0 6387.2421875 3729.12890625 4982.686789772724 308
3110 0.1 3778.6640625 0.0 6387.2421875 3729.12890625 4978.7878868325215 309
3120 0.1 3778.52734375 0.0 6387.2421875 3729.12890625 4974.916519657255 310
3130 0.1 3777.85546875 0.0 6387.2421875 3729.12890625 4971.069609123791 311
3140 0.1 3777.98046875 0.0 6387.2421875 3729.12890625 4967.245204827721 312
3150 0.1 3778.2265625 0.0 6387.2421875 3729.12890625 4963.445636980827 313
3160 0.1 3778.375 0.0 6387.2421875 3729.12890625 4959.671053941079 314
3170 0.1 3778.16015625 0.0 6387.2421875 3729.12890625 4955.920907738092 315
3180 0.1 3777.93359375 0.0 6387.2421875 3729.12890625 4952.19381675237 316
3190 0.1 3778.01171875 0.0 6387.2421875 3729.12890625 4948.489525828073 317
3200 0.1 3777.61328125 0.0 6387.2421875 3729.12890625 4944.808778007073 318
3210 0.1 3777.55859375 0.0 6387.2421875 3729.12890625 4941.149857954542 319
3220 0.1 3777.53125 0.0 6387.2421875 3729.12890625 4937.513635253903 320
3230 0.1 3777.8203125 0.0 6387.2421875 3729.12890625 4933.899982963393 321
3240 0.1 3777.59375 0.0 6387.2421875 3729.12890625 4930.309673427792 322
3260 0.1 3777.8515625 0.0 6387.2421875 3729.12890625 4926.740893479099 323
3270 0.1 3777.77734375 0.0 6387.2421875 3729.12890625 4923.194938753855 324
3280 0.1 3777.65625 0.0 6387.2421875 3729.12890625 4919.670576923074 325
3290 0.1 3777.53515625 0.0 6387.2421875 3729.12890625 4916.167465490795 326
3300 0.1 3777.40625 0.0 6387.2421875 3729.12890625 4912.685409499232 327
3310 0.1 3777.94921875 0.0 6387.2421875 3729.12890625 4909.224192549539 328
3320 0.1 3777.48828125 0.0 6387.2421875 3729.12890625 4905.785666793309 329
3330 0.1 3777.9609375 0.0 6387.2421875 3729.12890625 4902.366583806815 330
3340 0.1 3777.6953125 0.0 6387.2421875 3729.12890625 4898.969587896522 331
3350 0.1 3777.50390625 0.0 6387.2421875 3729.12890625 4895.592255741713 332
3360 0.1 3776.25 0.0 6387.2421875 3729.12890625 4892.234633070567 333
3370 0.1 3776.9375 0.0 6387.2421875 3729.12890625 4888.893361714068 334
3380 0.1 3776.4609375 0.0 6387.2421875 3729.12890625 4885.574090485071 335
3390 0.1 3776.35546875 0.0 6387.2421875 3729.12890625 4882.2731584821395 336
3400 0.1 3775.9921875 0.0 6387.2421875 3729.12890625 4878.991503616466 337
3410 0.1 3775.5390625 0.0 6387.2421875 3729.12890625 4875.728192030322 338
3420 0.1 3776.38671875 0.0 6387.2421875 3729.12890625 4872.482796367991 339
3430 0.1 3776.9609375 0.0 6387.2421875 3729.12890625 4869.2589843749965 340
3440 0.1 3776.22265625 0.0 6387.2421875 3729.12890625 4866.055764296184 341
3450 0.1 3776.28125 0.0 6387.2421875 3729.12890625 4862.869117781429 342
3460 0.1 3776.4375 0.0 6387.2421875 3729.12890625 4859.701223123174 343
3470 0.1 3776.81640625 0.0 6387.2421875 3729.12890625 4856.552200672234 344
3480 0.1 3777.09765625 0.0 6387.2421875 3729.12890625 4853.422531702894 345
3490 0.1 3777.08984375 0.0 6387.2421875 3729.12890625 4850.311766166903 346
3500 0.1 3776.8203125 0.0 6387.2421875 3729.12890625 4847.21890760086 347
3510 0.1 3776.16015625 0.0 6387.2421875 3729.12890625 4844.143049568961 348
3520 0.1 3776.359375 0.0 6387.2421875 3729.12890625 4841.082926665468 349
3530 0.1 3775.77734375 0.0 6387.2421875 3729.12890625 4838.040859374995 350
3540 0.1 3776.03515625 0.0 6387.2421875 3729.12890625 4835.014467592588 351
3550 0.1 3776.375 0.0 6387.2421875 3729.12890625 4832.006003639909 352
3560 0.1 3776.41015625 0.0 6387.2421875 3729.12890625 4829.015547538946 353
3570 0.1 3775.9140625 0.0 6387.2421875 3729.12890625 4826.042085981632 354
3580 0.1 3776.40625 0.0 6387.2421875 3729.12890625 4823.083978873234 355
3590 0.1 3775.953125 0.0 6387.2421875 3729.12890625 4820.143872893253 356
3600 0.1 3776.19921875 0.0 6387.2421875 3729.12890625 4817.218968837529 357
3610 0.1 3775.453125 0.0 6387.2421875 3729.12890625 4814.3110924406365 358
3630 0.1 3775.4453125 0.0 6387.2421875 3729.12890625 4811.41733765668 359
3640 0.1 3775.453125 0.0 6387.2421875 3729.12890625 4808.5396375867995 360
3650 0.1 3772.25 0.0 6387.2421875 3729.12890625 4805.67790209487 361
3660 0.1 3775.14453125 0.0 6387.2421875 3729.12890625 4802.823128884663 362
3670 0.1 3775.46875 0.0 6387.2421875 3729.12890625 4799.992058367763 363
3680 0.1 3774.7265625 0.0 6387.2421875 3729.12890625 4797.177433894225 364
3690 0.1 3773.82421875 0.0 6387.2421875 3729.12890625 4794.3761986301315 365
3700 0.1 3773.84375 0.0 6387.2421875 3729.12890625 4791.5878052424805 366
3710 0.1 3774.8046875 0.0 6387.2421875 3729.12890625 4788.814660677787 367
3720 0.1 3774.39453125 0.0 6387.2421875 3729.12890625 4786.059198794152 368
3730 0.1 3774.07421875 0.0 6387.2421875 3729.12890625 4783.31756012872 369
3740 0.1 3774.578125 0.0 6387.2421875 3729.12890625 4780.589875422291 370
3750 0.1 3773.8046875 0.0 6387.2421875 3729.12890625 4777.878253453498 371
3760 0.1 3774.2421875 0.0 6387.2421875 3729.12890625 4775.179130964376 372
3770 0.1 3774.5703125 0.0 6387.2421875 3729.12890625 4772.49565390415 373
3780 0.1 3774.6796875 0.0 6387.2421875 3729.12890625 4769.827404328203 374
3790 0.1 3773.6484375 0.0 6387.2421875 3729.12890625 4767.173677083328 375
3800 0.1 3773.5390625 0.0 6387.2421875 3729.12890625 4764.531322722733 376
3811 0.1 3773.0703125 0.0 6387.2421875 3729.12890625 4761.902696037792 377
3820 0.1 3770.1171875 0.0 6387.2421875 3729.12890625 4759.2867373511845 378
3830 0.1 3773.203125 0.0 6387.2421875 3729.12890625 4756.676791309361 379
3840 0.1 3773.1171875 0.0 6387.2421875 3729.12890625 4754.08870271381 380
3850 0.1 3773.5390625 0.0 6387.2421875 3729.12890625 4751.513974327422 381
3860 0.1 3773.41015625 0.0 6387.2421875 3729.12890625 4748.953830579183 382
3870 0.1 3773.41796875 0.0 6387.2421875 3729.12890625 4746.406719157958 383
3880 0.1 3773.515625 0.0 6387.2421875 3729.12890625 4743.872894287104 384
3890 0.1 3773.28125 0.0 6387.2421875 3729.12890625 4741.352485795449 385
3900 0.1 3772.93359375 0.0 6387.2421875 3729.12890625 4738.844529226031 386
3910 0.1 3773.44921875 0.0 6387.2421875 3729.12890625 4736.348635335912 387
3920 0.1 3772.765625 0.0 6387.2421875 3729.12890625 4733.866935808629 388
3930 0.1 3773.1328125 0.0 6387.2421875 3729.12890625 4731.396238351537 389
3940 0.1 3772.96875 0.0 6387.2421875 3729.12890625 4728.939152644225 390
3950 0.1 3772.90625 0.0 6387.2421875 3729.12890625 4726.494215553063 391
3960 0.1 3772.5625 0.0 6387.2421875 3729.12890625 4724.061593191959 392
3970 0.1 3772.38671875 0.0 6387.2421875 3729.12890625 4721.6404759064835 393
3980 0.1 3772.703125 0.0 6387.2421875 3729.12890625 4719.2312024111625 394
3990 0.1 3772.453125 0.0 6387.2421875 3729.12890625 4716.834928797463 395
4000 0.1 3772.47265625 0.0 6387.2421875 3729.12890625 4714.450126262622 396
4010 0.1 3772.7265625 0.0 6387.2421875 3729.12890625 4712.077387043446 397
4020 0.1 3772.7265625 0.0 6387.2421875 3729.12890625 4709.717209092332 398
4030 0.1 3772.86328125 0.0 6387.2421875 3729.12890625 4707.368861607139 399
4050 0.1 3772.55078125 0.0 6387.2421875 3729.12890625 4705.032597656246 400
4060 0.1 3772.328125 0.0 6387.2421875 3729.12890625 4702.70720659289 401
4070 0.1 3772.8125 0.0 6387.2421875 3729.12890625 4700.392830768032 402
4080 0.1 3772.1640625 0.0 6387.2421875 3729.12890625 4698.091142602354 403
4090 0.1 3772.1328125 0.0 6387.2421875 3729.12890625 4695.799243889229 404
4100 0.1 3772.67578125 0.0 6387.2421875 3729.12890625 4693.518586033947 405
4110 0.1 3772.6796875 0.0 6387.2421875 3729.12890625 4691.250500307879 406
4120 0.1 3772.25 0.0 6387.2421875 3729.12890625 4688.993569563879 407
4130 0.1 3772.59375 0.0 6387.2421875 3729.12890625 4686.746649050242 408
4140 0.1 3771.984375 0.0 6387.2421875 3729.12890625 4684.511556387528 409
4150 0.1 3771.9296875 0.0 6387.2421875 3729.12890625 4682.285880335363 410
4160 0.1 3771.81640625 0.0 6387.2421875 3729.12890625 4680.070901763987 411
4170 0.1 3771.75 0.0 6387.2421875 3729.12890625 4677.866400561284 412
4180 0.1 3771.734375 0.0 6387.2421875 3729.12890625 4675.672414119246 413
4190 0.1 3771.40625 0.0 6387.2421875 3729.12890625 4673.488988903982 414
4200 0.1 3771.5546875 0.0 6387.2421875 3729.12890625 4671.315295557226 415
4210 0.1 3771.265625 0.0 6387.2421875 3729.12890625 4669.152409480165 416
4220 0.1 3770.28515625 0.0 6387.2421875 3729.12890625 4666.999203761988 417
4230 0.1 3771.1015625 0.0 6387.2421875 3729.12890625 4664.853954844495 418
4240 0.1 3771.09375 0.0 6387.2421875 3729.12890625 4662.72089424224 419
4250 0.1 3770.70703125 0.0 6387.2421875 3729.12890625 4660.597972470235 420
4260 0.1 3771.06640625 0.0 6387.2421875 3729.12890625 4658.484217265436 421
4270 0.1 3770.765625 0.0 6387.2421875 3729.12890625 4656.381331457343 422
4280 0.1 3770.46875 0.0 6387.2421875 3729.12890625 4654.287677304961 423
4290 0.1 3770.28125 0.0 6387.2421875 3729.12890625 4652.203198702827 424
4300 0.1 3770.40625 0.0 6387.2421875 3729.12890625 4650.128088235291 425
4310 0.1 3769.89453125 0.0 6387.2421875 3729.12890625 4648.06301349765 426
4320 0.1 3769.63671875 0.0 6387.2421875 3729.12890625 4646.006412836648 427
4330 0.1 3770.5546875 0.0 6387.2421875 3729.12890625 4643.958820093455 428
4340 0.1 3769.546875 0.0 6387.2421875 3729.12890625 4641.922913024473 429
4350 0.1 3769.9296875 0.0 6387.2421875 3729.12890625 4639.894131540695 430
4360 0.1 3769.765625 0.0 6387.2421875 3729.12890625 4637.875652552201 431
4370 0.1 3769.203125 0.0 6387.2421875 3729.12890625 4635.866138599535 432
4380 0.1 3769.33984375 0.0 6387.2421875 3729.12890625 4633.864607390298 433
4390 0.1 3769.44140625 0.0 6387.2421875 3729.12890625 4631.872614847348 434
4400 0.1 3768.83203125 0.0 6387.2421875 3729.12890625 4629.890014367814 435
4410 0.1 3769.171875 0.0 6387.2421875 3729.12890625 4627.91511073681 436
4420 0.1 3769.15234375 0.0 6387.2421875 3729.12890625 4625.9500232408445 437
4430 0.1 3769.7109375 0.0 6387.2421875 3729.12890625 4623.993864155249 438
4440 0.1 3769.33984375 0.0 6387.2421875 3729.12890625 4622.047889379269 439
4450 0.1 3768.94921875 0.0 6387.2421875 3729.12890625 4620.109916548294 440
4460 0.1 3768.84765625 0.0 6387.2421875 3729.12890625 4618.179846938774 441
4470 0.1 3768.8203125 0.0 6387.2421875 3729.12890625 4616.258280896492 442
4480 0.1 3768.96875 0.0 6387.2421875 3729.12890625 4614.3453283718945 443
4490 0.1 3768.95703125 0.0 6387.2421875 3729.12890625 4612.441327069255 444
4500 0.1 3768.39453125 0.0 6387.2421875 3729.12890625 4610.545856741571 445
4520 0.1 3769.10546875 0.0 6387.2421875 3729.12890625 4608.6576250700655 446
4530 0.1 3768.3828125 0.0 6387.2421875 3729.12890625 4606.779432326621 447
4540 0.1 3768.39453125 0.0 6387.2421875 3729.12890625 4604.908011300222 448
4550 0.1 3768.45703125 0.0 6387.2421875 3729.12890625 4603.044952324609 449
4560 0.1 3768.75 0.0 6387.2421875 3729.12890625 4601.190312499998 450
4570 0.1 3768.515625 0.0 6387.2421875 3729.12890625 4599.344546840352 451
4580 0.1 3768.3125 0.0 6387.2421875 3729.12890625 4597.506429756635 452
4590 0.1 3767.9140625 0.0 6387.2421875 3729.12890625 4595.675979580572 453
4600 0.1 3768.22265625 0.0 6387.2421875 3729.12890625 4593.8527154460335 454
4610 0.1 3767.84765625 0.0 6387.2421875 3729.12890625 4592.038143887361 455
4620 0.1 3767.796875 0.0 6387.2421875 3729.12890625 4590.230708607454 456
4630 0.1 3767.64453125 0.0 6387.2421875 3729.12890625 4588.431072210064 457
4640 0.1 3767.01953125 0.0 6387.2421875 3729.12890625 4586.638961858623 458
4650 0.1 3767.2890625 0.0 6387.2421875 3729.12890625 4584.8532986111095 459
4660 0.1 3767.14453125 0.0 6387.2421875 3729.12890625 4583.075985054345 460
4670 0.1 3764.21875 0.0 6387.2421875 3729.12890625 4581.306068668653 461
4680 0.1 3767.25 0.0 6387.2421875 3729.12890625 4579.537481398807 462
4690 0.1 3767.3515625 0.0 6387.2421875 3729.12890625 4577.783080791035 463
4700 0.1 3766.4921875 0.0 6387.2421875 3729.12890625 4576.036461139545 464
4710 0.1 3767.02734375 0.0 6387.2421875 3729.12890625 4574.295505712364 465
4720 0.1 3766.99609375 0.0 6387.2421875 3729.12890625 4572.563170600856 466
4730 0.1 3766.546875 0.0 6387.2421875 3729.12890625 4570.838187566915 467
4740 0.1 3766.921875 0.0 6387.2421875 3729.12890625 4569.119616386216 468
4750 0.1 3767.43359375 0.0 6387.2421875 3729.12890625 4567.409173440829 469
4760 0.1 3767.17578125 0.0 6387.2421875 3729.12890625 4565.70709773936 470
4770 0.1 3767.37109375 0.0 6387.2421875 3729.12890625 4564.011702162949 471
4780 0.1 3767.625 0.0 6387.2421875 3729.12890625 4562.323904263769 472
4790 0.1 3767.28125 0.0 6387.2421875 3729.12890625 4560.643779730442 473
4800 0.1 3770.65625 0.0 6387.2421875 3729.12890625 4558.970019119196 474
4810 0.1 3772.734375 0.0 6387.2421875 3729.12890625 4557.3104111842085 475
4820 0.1 3773.875 0.0 6387.2421875 3729.12890625 4555.662142200628 476
4830 0.1 3775.25390625 0.0 6387.2421875 3729.12890625 4554.023175445491 477
4840 0.1 3775.59375 0.0 6387.2421875 3729.12890625 4552.393951032948 478
