10 0.1 0.78125 0 0.78125 0.78125 0 0
20 0.1 0.66015625 0.0 0.78125 0.66015625 0.78125 1
30 0.1 0.640625 0.0 0.78125 0.640625 0.720703125 2
40 0.1 0.69921875 0.0 0.78125 0.640625 0.6940104166666666 3
50 0.1 0.58984375 0.0 0.78125 0.58984375 0.6953125 4
60 0.1 0.5 0.0 0.78125 0.5 0.67421875 5
70 0.1 0.421875 0.0 0.78125 0.421875 0.6451822916666666 6
80 0.1 0.51171875 0.0 0.78125 0.421875 0.61328125 7
90 0.1 0.4296875 0.0 0.78125 0.421875 0.6005859375 8
100 0.1 0.51171875 0.0 0.78125 0.421875 0.5815972222222222 9
110 0.1 0.51171875 0.0 0.78125 0.421875 0.574609375 10
120 0.1 0.4296875 0.0 0.78125 0.421875 0.5688920454545454 11
130 0.1 0.44140625 0.0 0.78125 0.421875 0.5572916666666666 12
140 0.1 0.44921875 0.0 0.78125 0.421875 0.5483774038461539 13
150 0.1 0.69140625 0.0 0.78125 0.421875 0.5412946428571429 14
160 0.1 0.66015625 0.0 0.78125 0.421875 0.5513020833333333 15
170 0.1 0.7109375 0.0 0.78125 0.421875 0.55810546875 16
180 0.1 0.75 0.0 0.78125 0.421875 0.5670955882352942 17
190 0.1 0.7890625 0.0 0.7890625 0.421875 0.5772569444444444 18
200 0.1 0.73828125 0.0 0.7890625 0.421875 0.5884046052631579 19
210 0.1 0.78125 0.0 0.7890625 0.421875 0.5958984375 20
220 0.1 0.8984375 0.0 0.8984375 0.421875 0.6047247023809523 21
230 0.1 0.98828125 0.0 0.98828125 0.421875 0.6180752840909091 22
240 0.1 0.98828125 0.0 0.98828125 0.421875 0.634171195652174 23
250 0.1 0.83984375 0.0 0.98828125 0.421875 0.64892578125 24
260 0.1 1.01171875 0.0 1.01171875 0.421875 0.6565625 25
270 0.1 1.171875 0.0 1.171875 0.421875 0.6702223557692307 26
280 0.1 1.62890625 0.0 1.62890625 0.421875 0.6888020833333334 27
290 0.1 1.75 0.0 1.75 0.421875 0.7223772321428571 28
300 0.1 1.640625 0.0 1.75 0.421875 0.7578125 29
310 0.1 1.69140625 0.0 1.75 0.421875 0.7872395833333333 30
320 0.1 1.80078125 0.0 1.80078125 0.421875 0.81640625 31
330 0.1 1.6796875 0.0 1.80078125 0.421875 0.84716796875 32
340 0.1 1.5703125 0.0 1.80078125 0.421875 0.8723958333333334 33
350 0.1 1.55078125 0.0 1.80078125 0.421875 0.8929227941176471 34
360 0.1 1.37890625 0.0 1.80078125 0.421875 0.91171875 35
370 0.1 1.609375 0.0 1.80078125 0.421875 0.9246961805555556 36
380 0.1 1.66015625 0.0 1.80078125 0.421875 0.9432010135135135 37
390 0.1 1.78125 0.0 1.80078125 0.421875 0.9620682565789473 38
400 0.1 1.66015625 0.0 1.80078125 0.421875 0.9830729166666666 39
410 0.1 1.55859375 0.0 1.80078125 0.421875 1.0 40
420 0.1 2.1484375 0.0 2.1484375 0.421875 1.013624237804878 41
430 0.1 2.05859375 0.0 2.1484375 0.421875 1.0406436011904763 42
440 0.1 2.26171875 0.0 2.26171875 0.421875 1.0643168604651163 43
450 0.1 2.30078125 0.0 2.30078125 0.421875 1.0915305397727273 44
460 0.1 2.25 0.0 2.30078125 0.421875 1.1184027777777779 45
470 0.1 2.140625 0.0 2.30078125 0.421875 1.1430027173913044 46
480 0.1 2.05078125 0.0 2.30078125 0.421875 1.1642287234042554 47
490 0.1 2.109375 0.0 2.30078125 0.421875 1.1826985677083335 48
500 0.1 1.859375 0.0 2.30078125 0.421875 1.2016103316326532 49
510 0.1 2.12109375 0.0 2.30078125 0.421875 1.214765625 50
520 0.1 2.01953125 0.0 2.30078125 0.421875 1.2325367647058822 51
530 0.1 1.7890625 0.0 2.30078125 0.421875 1.2476712740384615 52
540 0.1 1.671875 0.0 2.30078125 0.421875 1.2578862028301887 53
550 0.1 1.71875 0.0 2.30078125 0.421875 1.265552662037037 54
560 0.1 1.6796875 0.0 2.30078125 0.421875 1.2737926136363635 55
570 0.1 1.890625 0.0 2.30078125 0.421875 1.2810407366071428 56
580 0.1 2.0 0.0 2.30078125 0.421875 1.291735197368421 57
590 0.1 2.30859375 0.0 2.30859375 0.421875 1.3039466594827587 58
600 0.1 2.41015625 0.0 2.41015625 0.421875 1.3209745762711864 59
610 0.1 2.671875 0.0 2.671875 0.421875 1.3391276041666667 60
620 0.1 3.1015625 0.0 3.1015625 0.421875 1.3609759221311475 61
630 0.1 3.078125 0.0 3.1015625 0.421875 1.3890498991935485 62
640 0.1 2.609375 0.0 3.1015625 0.421875 1.4158606150793651 63
650 0.1 2.58984375 0.0 3.1015625 0.421875 1.43450927734375 64
660 0.1 2.66015625 0.0 3.1015625 0.421875 1.4522836538461539 65
670 0.1 2.94921875 0.0 3.1015625 0.421875 1.470584753787879 66
680 0.1 3.109375 0.0 3.109375 0.421875 1.4926539179104477 67
690 0.1 3.1796875 0.0 3.1796875 0.421875 1.5164292279411764 68
700 0.1 3.37890625 0.0 3.37890625 0.421875 1.540534420289855 69
710 0.1 3.3984375 0.0 3.3984375 0.421875 1.566796875 70
720 0.1 3.1796875 0.0 3.3984375 0.421875 1.5925946302816902 71
730 0.1 3.30859375 0.0 3.3984375 0.421875 1.6146375868055556 72
740 0.1 3.69921875 0.0 3.69921875 0.421875 1.6378424657534247 73
750 0.1 3.359375 0.0 3.69921875 0.421875 1.665698902027027 74
760 0.1 3.0703125 0.0 3.69921875 0.421875 1.68828125 75
770 0.1 3.05859375 0.0 3.69921875 0.421875 1.7064658717105263 76
780 0.1 3.19140625 0.0 3.69921875 0.421875 1.724025974025974 77
790 0.1 3.41015625 0.0 3.69921875 0.421875 1.7428385416666667 78
800 0.1 3.421875 0.0 3.69921875 0.421875 1.763943829113924 79
810 0.1 3.3515625 0.0 3.69921875 0.421875 1.78466796875 80
820 0.1 3.44921875 0.0 3.69921875 0.421875 1.8040123456790123 81
830 0.1 3.53125 0.0 3.69921875 0.421875 1.824075838414634 82
840 0.1 3.78125 0.0 3.78125 0.421875 1.8446442018072289 83
850 0.1 3.4296875 0.0 3.78125 0.421875 1.8676990327380953 84
860 0.1 3.05859375 0.0 3.78125 0.421875 1.8860753676470587 85
870 0.1 3.0390625 0.0 3.78125 0.421875 1.8997093023255813 86
880 0.1 2.87109375 0.0 3.78125 0.421875 1.912805316091954 87
890 0.1 2.96875 0.0 3.78125 0.421875 1.9236949573863635 88
900 0.1 2.96875 0.0 3.78125 0.421875 1.9354371488764044 89
910 0.1 2.98046875 0.0 3.78125 0.421875 1.9469184027777777 90
920 0.1 2.921875 0.0 3.78125 0.421875 1.958276098901099 91
930 0.1 2.69140625 0.0 3.78125 0.421875 1.96875 92
940 0.1 2.828125 0.0 3.78125 0.421875 1.976520497311828 93
950 0.1 2.9296875 0.0 3.78125 0.421875 1.9855801196808511 94
960 0.1 3.01171875 0.0 3.78125 0.421875 1.995518092105263 95
970 0.1 2.87109375 0.0 3.78125 0.421875 2.006103515625 96
980 0.1 2.578125 0.0 3.78125 0.421875 2.0150209407216493 97
990 0.1 2.421875 0.0 3.78125 0.421875 2.020766900510204 98
1000 0.1 2.2109375 0.0 3.78125 0.421875 2.0248184974747474 99
1010 0.1 2.33984375 0.0 3.78125 0.421875 2.0266796875 100
1020 0.1 2.28125 0.0 3.78125 0.421875 2.0297803217821784 101
1030 0.1 2.48046875 0.0 3.78125 0.421875 2.032245710784314 102
1040 0.1 2.41015625 0.0 3.78125 0.421875 2.0365973907766994 103
1050 0.1 2.33984375 0.0 3.78125 0.421875 2.040189302884616 104
1060 0.1 2.19921875 0.0 3.78125 0.421875 2.0430431547619055 105
1070 0.1 2.62109375 0.0 3.78125 0.421875 2.0445165094339632 106
1080 0.1 3.53125 0.0 3.78125 0.421875 2.049905081775702 107
1090 0.1 3.53125 0.0 3.78125 0.421875 2.063621238425927 108
1100 0.1 3.51953125 0.0 3.78125 0.421875 2.077085722477065 109
1110 0.1 3.44921875 0.0 3.78125 0.421875 2.0901988636363646 110
1120 0.1 4.16015625 0.0 4.16015625 0.421875 2.102442286036037 111
1130 0.1 4.73828125 0.0 4.73828125 0.421875 2.120814732142858 112
1140 0.1 4.76953125 0.0 4.76953125 0.421875 2.1439781526548685 113
1150 0.1 4.359375 0.0 4.76953125 0.421875 2.1670093201754397 114
1160 0.1 4.41015625 0.0 4.76953125 0.421875 2.1860733695652184 115
1170 0.1 4.3515625 0.0 4.76953125 0.421875 2.2052464978448287 116
1180 0.1 4.19140625 0.0 4.76953125 0.421875 2.22359107905983 117
1190 0.1 3.921875 0.0 4.76953125 0.421875 2.24026747881356 118
1200 0.1 3.7109375 0.0 4.76953125 0.421875 2.2543986344537825 119
1210 0.1 4.41015625 0.0 4.76953125 0.421875 2.2665364583333343 120
1220 0.1 4.83984375 0.0 4.83984375 0.421875 2.2842523243801662 121
1230 0.1 4.71875 0.0 4.83984375 0.421875 2.3051997950819683 122
1240 0.1 4.62890625 0.0 4.83984375 0.421875 2.3248221544715455 123
1250 0.1 4.69140625 0.0 4.83984375 0.421875 2.3434034778225814 124
1260 0.1 4.578125 0.0 4.83984375 0.421875 2.362187500000001 125
1270 0.1 4.48828125 0.0 4.83984375 0.421875 2.3797743055555562 126
1280 0.1 4.48828125 0.0 4.83984375 0.421875 2.396376722440946 127
1290 0.1 4.859375 0.0 4.859375 0.421875 2.412719726562501 128
1300 0.1 4.51171875 0.0 4.859375 0.421875 2.431686046511629 129
1310 0.1 4.2109375 0.0 4.859375 0.421875 2.447686298076924 130
1320 0.1 4.171875 0.0 4.859375 0.421875 2.4611462309160315 131
1330 0.1 4.0703125 0.0 4.859375 0.421875 2.4741062973484858 132
1340 0.1 4.5 0.0 4.859375 0.421875 2.486107847744362 133
1350 0.1 4.0390625 0.0 4.859375 0.421875 2.5011368936567173 134
1360 0.1 3.73828125 0.0 4.859375 0.421875 2.512528935185186 135
1370 0.1 3.69140625 0.0 4.859375 0.421875 2.521541819852942 136
1380 0.1 3.5 0.0 4.859375 0.421875 2.530080976277373 137
1390 0.1 3.828125 0.0 4.859375 0.421875 2.537109375000001 138
1400 0.1 4.73828125 0.0 4.859375 0.421875 2.5463972571942453 139
1410 0.1 4.46875 0.0 4.859375 0.421875 2.562053571428572 140
1420 0.1 4.4609375 0.0 4.859375 0.421875 2.5755762411347525 141
1430 0.1 5.078125 0.0 5.078125 0.421875 2.5888534330985924 142
1440 0.1 4.76953125 0.0 5.078125 0.421875 2.6062609265734276 143
1450 0.1 4.8984375 0.0 5.078125 0.421875 2.6212836371527786 144
1460 0.1 5.21875 0.0 5.21875 0.421875 2.636988146551725 145
1470 0.1 5.12890625 0.0 5.21875 0.421875 2.654671446917809 146
1480 0.1 4.80859375 0.0 5.21875 0.421875 2.671502976190477 147
1490 0.1 5.05859375 0.0 5.21875 0.421875 2.6859427787162176 148
1500 0.1 4.75 0.0 5.21875 0.421875 2.7018666107382567 149
1510 0.1 4.46875 0.0 5.21875 0.421875 2.715520833333335 150
1520 0.1 4.08984375 0.0 5.21875 0.421875 2.727131622516558 151
1530 0.1 3.921875 0.0 5.21875 0.421875 2.7360968338815805 152
1540 0.1 4.08984375 0.0 5.21875 0.421875 2.7438470179738577 153
1550 0.1 4.578125 0.0 5.21875 0.421875 2.752587256493508 154
1560 0.1 4.5703125 0.0 5.21875 0.421875 2.7643649193548403 155
1570 0.1 5.2109375 0.0 5.21875 0.421875 2.7759415064102577 156
1580 0.1 5.1015625 0.0 5.21875 0.421875 2.7914510350318484 157
1590 0.1 4.83984375 0.0 5.21875 0.421875 2.8060719936708876 158
1600 0.1 4.859375 0.0 5.21875 0.421875 2.818863011006291 159
1610 0.1 4.91015625 0.0 5.21875 0.421875 2.8316162109375016 160
1620 0.1 4.76953125 0.0 5.21875 0.421875 2.8445263975155295 161
1630 0.1 4.19140625 0.0 5.21875 0.421875 2.85640914351852 162
1640 0.1 4.3203125 0.0 5.21875 0.421875 2.864599309815952 163
1650 0.1 4.359375 0.0 5.21875 0.421875 2.8734756097560985 164
1660 0.1 4.51953125 0.0 5.21875 0.421875 2.882481060606062 165
1670 0.1 4.58984375 0.0 5.21875 0.421875 2.892342808734941 166
1680 0.1 4.19921875 0.0 5.21875 0.421875 2.9025074850299415 167
1690 0.1 4.5 0.0 5.21875 0.421875 2.910226004464287 168
1700 0.1 4.5703125 0.0 5.21875 0.421875 2.9196329511834334 169
1710 0.1 5.0390625 0.0 5.21875 0.421875 2.929342830882354 170
1720 0.1 5.3515625 0.0 5.3515625 0.421875 2.941680372807019 171
1730 0.1 4.890625 0.0 5.3515625 0.421875 2.955691315406978 172
1740 0.1 5.19921875 0.0 5.3515625 0.421875 2.9668759031791923 173
1750 0.1 5.73828125 0.0 5.73828125 0.421875 2.9797054597701162 174
1760 0.1 5.37890625 0.0 5.73828125 0.421875 2.9954687500000015 175
1770 0.1 5.33984375 0.0 5.73828125 0.421875 3.0090110085227284 176
1780 0.1 5.58984375 0.0 5.73828125 0.421875 3.022179555084747 177
1790 0.1 5.359375 0.0 5.73828125 0.421875 3.036604634831462 178
1800 0.1 5.66015625 0.0 5.73828125 0.421875 3.0495810055865933 179
1810 0.1 5.55078125 0.0 5.73828125 0.421875 3.0640842013888903 180
1820 0.1 4.98828125 0.0 5.73828125 0.421875 3.0778228591160235 181
1830 0.1 4.98046875 0.0 5.73828125 0.421875 3.0883198832417595 182
1840 0.1 5.4609375 0.0 5.73828125 0.421875 3.0986594945355206 183
1850 0.1 5.640625 0.0 5.73828125 0.421875 3.111497961956523 184
1860 0.1 5.6484375 0.0 5.73828125 0.421875 3.12516891891892 185
1870 0.1 6.3203125 0.0 6.3203125 0.421875 3.1387348790322593 186
1880 0.1 6.30859375 0.0 6.3203125 0.421875 3.1557486631016056 187
1890 0.1 6.578125 0.0 6.578125 0.421875 3.1725191156914905 188
1900 0.1 6.30078125 0.0 6.578125 0.421875 3.1905381944444455 189
1910 0.1 6.109375 0.0 6.578125 0.421875 3.2069078947368435 190
1920 0.1 6.26953125 0.0 6.578125 0.421875 3.222104057591624 191
1930 0.1 5.51953125 0.0 6.578125 0.421875 3.2379760742187513 192
1940 0.1 6.33984375 0.0 6.578125 0.421875 3.249797603626944 193
1950 0.1 7.05078125 0.0 7.05078125 0.421875 3.265725676546393 194
1960 0.1 8.19921875 0.0 8.19921875 0.421875 3.285136217948719 195
1970 0.1 7.76171875 0.0 8.19921875 0.421875 3.310208067602042 196
1980 0.1 8.76953125 0.0 8.76953125 0.421875 3.3328045685279197 197
1990 0.1 10.03125 0.0 10.03125 0.421875 3.36026278409091 198
2000 0.1 8.890625 0.0 10.03125 0.421875 3.393785332914574 199
2010 0.1 9.37890625 0.0 10.03125 0.421875 3.421269531250001 200
2020 0.1 9.4609375 0.0 10.03125 0.421875 3.450909514925374 201
2030 0.1 9.30078125 0.0 10.03125 0.421875 3.4806621287128725 202
2040 0.1 8.640625 0.0 10.03125 0.421875 3.509332666256159 203
2050 0.1 7.76171875 0.0 10.03125 0.421875 3.5344860600490207 204
2060 0.1 7.9609375 0.0 10.03125 0.421875 3.555106707317074 205
2070 0.1 7.51953125 0.0 10.03125 0.421875 3.5764942354368943 206
2080 0.1 7.76953125 0.0 10.03125 0.421875 3.595542723429953 207
2090 0.1 7.19140625 0.0 10.03125 0.421875 3.6156099759615397 208
2100 0.1 6.7109375 0.0 10.03125 0.421875 3.632719049043063 209
2110 0.1 6.28125 0.0 10.03125 0.421875 3.6473772321428584 210
2120 0.1 6.12890625 0.0 10.03125 0.421875 3.6598600414691953 211
2130 0.1 5.73828125 0.0 10.03125 0.421875 3.671506485849058 212
2140 0.1 5.23828125 0.0 10.03125 0.421875 3.6812096537558694 213
2150 0.1 4.890625 0.0 10.03125 0.421875 3.6884856892523374 214
2160 0.1 4.890625 0.0 10.03125 0.421875 3.694077034883722 215
2170 0.1 7.390625 0.0 10.03125 0.421875 3.699616608796297 216
2180 0.1 8.75 0.0 10.03125 0.421875 3.7166258640553007 217
2190 0.1 8.0703125 0.0 10.03125 0.421875 3.739714736238533 218
2200 0.1 7.21875 0.0 10.03125 0.421875 3.7594891552511425 219
2210 0.1 6.5703125 0.0 10.03125 0.421875 3.7752130681818192 220
2220 0.1 6.94140625 0.0 10.03125 0.421875 3.787860576923078 221
2230 0.1 7.98828125 0.0 10.03125 0.421875 3.8020657376126135 222
2240 0.1 7.53125 0.0 10.03125 0.421875 3.820838004484306 223
2250 0.1 7.5 0.0 10.03125 0.421875 3.837402343750001 224
2260 0.1 6.87890625 0.0 10.03125 0.421875 3.8536805555555564 225
2270 0.1 6.94140625 0.0 10.03125 0.421875 3.867066509955753 226
2280 0.1 6.76953125 0.0 10.03125 0.421875 3.880609856828195 227
2290 0.1 6.80859375 0.0 10.03125 0.421875 3.8932805646929833 228
2300 0.1 7.5390625 0.0 10.03125 0.421875 3.906011189956333 229
2310 0.1 7.48828125 0.0 10.03125 0.421875 3.921807065217392 230
2320 0.1 8.171875 0.0 10.03125 0.421875 3.9372463474025983 231
2330 0.1 7.578125 0.0 10.03125 0.421875 3.95549905711207 232
2340 0.1 7.98046875 0.0 10.03125 0.421875 3.9710468079399153 233
2350 0.1 7.05859375 0.0 10.03125 0.421875 3.9881810897435908 234
2360 0.1 6.2890625 0.0 10.03125 0.421875 4.001246675531916 235
2370 0.1 5.87109375 0.0 10.03125 0.421875 4.010940810381357 236
2380 0.1 6.26171875 0.0 10.03125 0.421875 4.018789556962027 237
2390 0.1 6.140625 0.0 10.03125 0.421875 4.028213629201682 238
2400 0.1 7.03125 0.0 10.03125 0.421875 4.037052170502093 239
2410 0.1 7.5703125 0.0 10.03125 0.421875 4.049527994791668 240
2420 0.1 6.87109375 0.0 10.03125 0.421875 4.064137059128632 241
2430 0.1 7.98046875 0.0 10.03125 0.421875 4.07573605371901 242
2440 0.1 8.0 0.0 10.03125 0.421875 4.091804912551441 243
2450 0.1 9.46875 0.0 10.03125 0.421875 4.1078221055327875 244
2460 0.1 12.75 0.0 12.75 0.421875 4.129703443877552 245
2470 0.1 17.98828125 0.0 17.98828125 0.421875 4.164745299796749 246
2490 0.1 18.94140625 0.0 18.94140625 0.421875 4.220711032388665 247
2500 0.1 18.9296875 0.0 18.94140625 0.421875 4.280068674395162 248
2510 0.1 17.578125 0.0 18.94140625 0.421875 4.33890248493976 249
2520 0.1 15.55078125 0.0 18.94140625 0.421875 4.391859375000001 250
2530 0.1 15.30078125 0.0 18.94140625 0.421875 4.436317231075698 251
2540 0.1 15.21875 0.0 18.94140625 0.421875 4.479430183531747 252
2550 0.1 14.0390625 0.0 18.94140625 0.421875 4.521878087944665 253
2560 0.1 16.12109375 0.0 18.94140625 0.421875 4.559347317913387 254
2570 0.1 15.66015625 0.0 18.94140625 0.421875 4.604687500000001 255
2580 0.1 14.08984375 0.0 18.94140625 0.421875 4.647872924804688 256
2590 0.1 14.75 0.0 18.94140625 0.421875 4.684612110894943 257
2600 0.1 15.3515625 0.0 18.94140625 0.421875 4.723625242248063 258
2610 0.1 13.4609375 0.0 18.94140625 0.421875 4.76465974903475 259
2620 0.1 15.87890625 0.0 18.94140625 0.421875 4.798106971153847 260
2630 0.1 15.609375 0.0 18.94140625 0.421875 4.8405621408045985 261
2640 0.1 14.9296875 0.0 18.94140625 0.421875 4.881664479961833 262
2650 0.1 15.2109375 0.0 18.94140625 0.421875 4.919869890684412 263
2660 0.1 13.80859375 0.0 18.94140625 0.421875 4.958851207386364 264
2670 0.1 12.78125 0.0 18.94140625 0.421875 4.992246462264152 265
2680 0.1 13.98046875 0.0 18.94140625 0.421875 5.021528430451129 266
2690 0.1 15.0390625 0.0 18.94140625 0.421875 5.055082514044945 267
2700 0.1 15.9609375 0.0 18.94140625 0.421875 5.092336170708956 268
2710 0.1 17.578125 0.0 18.94140625 0.421875 5.132739893122677 269
2720 0.1 18.41015625 0.0 18.94140625 0.421875 5.178833912037038 270
2730 0.1 17.5390625 0.0 18.94140625 0.421875 5.227657979704798 271
2740 0.1 17.87109375 0.0 18.94140625 0.421875 5.27292049632353 272
2750 0.1 21.73046875 0.0 21.73046875 0.421875 5.319067651098902 273
2760 0.1 21.37109375 0.0 21.73046875 0.421875 5.378963275547446 274
2770 0.1 20.4609375 0.0 21.73046875 0.421875 5.4371164772727285 275
2780 0.1 20.01171875 0.0 21.73046875 0.421875 5.491550611413044 276
2790 0.1 19.46875 0.0 21.73046875 0.421875 5.54396999097473 277
2800 0.1 18.01171875 0.0 21.73046875 0.421875 5.594059127697842 278
2810 0.1 16.0703125 0.0 21.73046875 0.421875 5.638566868279571 279
2820 0.1 16.671875 0.0 21.73046875 0.421875 5.675823102678573 280
2830 0.1 19.03125 0.0 21.73046875 0.421875 5.714954959964413 281
2840 0.1 18.96875 0.0 21.73046875 0.421875 5.762175864361703 282
2850 0.1 20.1015625 0.0 21.73046875 0.421875 5.808842204063605 283
2860 0.1 22.140625 0.0 22.140625 0.421875 5.859168683978874 284
2870 0.1 19.26171875 0.0 22.140625 0.421875 5.916296600877194 285
2880 0.1 17.83984375 0.0 22.140625 0.421875 5.962958916083918 286
2890 0.1 17.828125 0.0 22.140625 0.421875 6.004341790069688 287
2900 0.1 17.640625 0.0 22.140625 0.421875 6.045396592881946 288
2910 0.1 20.0703125 0.0 22.140625 0.421875 6.08551849048443 289
2920 0.1 23.44921875 0.0 23.44921875 0.421875 6.13374191810345 290
2930 0.1 23.578125 0.0 23.578125 0.421875 6.193245274914091 291
2940 0.1 22.62109375 0.0 23.578125 0.421875 6.252782534246577 292
2950 0.1 20.21875 0.0 23.578125 0.421875 6.308647077645053 293
2960 0.1 20.91015625 0.0 23.578125 0.421875 6.355960352891158 294
2970 0.1 19.69140625 0.0 23.578125 0.421875 6.4052966101694935 295
2980 0.1 19.33984375 0.0 23.578125 0.421875 6.450182115709461 296
2990 0.1 17.0 0.0 23.578125 0.421875 6.493581649831652 297
3000 0.1 18.109375 0.0 23.578125 0.421875 6.5288380872483245 298
3010 0.1 22.5703125 0.0 23.578125 0.421875 6.567568979933113 299
3020 0.1 27.98046875 0.0 27.98046875 0.421875 6.620911458333335 300
3030 0.1 32.16015625 0.0 32.16015625 0.421875 6.6918734426910325 301
3040 0.1 34.171875 0.0 34.171875 0.421875 6.77620550496689 302
3050 0.1 35.16015625 0.0 35.16015625 0.421875 6.86662025577558 303
3060 0.1 35.16015625 0.0 35.16015625 0.421875 6.959691097861845 304
3070 0.1 37.578125 0.0 37.578125 0.421875 7.052151639344265 305
3080 0.1 38.19140625 0.0 38.19140625 0.421875 7.151909722222225 306
3090 0.1 40.078125 0.0 40.078125 0.421875 7.2530155741042375 307
3100 0.1 39.6796875 0.0 40.078125 0.421875 7.359590604707795 308
3110 0.1 40.30859375 0.0 40.30859375 0.421875 7.464186387540456 309
3120 0.1 41.51171875 0.0 41.51171875 0.421875 7.57013608870968 310
3130 0.1 42.58984375 0.0 42.58984375 0.421875 7.679273010450164 311
3140 0.1 43.30078125 0.0 43.30078125 0.421875 7.7911658653846185 312
3150 0.1 39.1484375 0.0 43.30078125 0.421875 7.9046151158147 313
3160 0.1 43.8984375 0.0 43.8984375 0.421875 8.004117734872615 314
3170 0.1 46.078125 0.0 46.078125 0.421875 8.118067956349211 315
3180 0.1 44.44921875 0.0 46.078125 0.421875 8.238194719145573 316
3190 0.1 46.12890625 0.0 46.12890625 0.421875 8.352425078864357 317
3200 0.1 44.30078125 0.0 46.12890625 0.421875 8.471219044811326 318
3210 0.1 44.140625 0.0 46.12890625 0.421875 8.5835374216301 319
3220 0.1 45.48046875 0.0 46.12890625 0.421875 8.694653320312506 320
3230 0.1 46.3203125 0.0 46.3203125 0.421875 8.80925087616823 321
3240 0.1 45.359375 0.0 46.3203125 0.421875 8.925744856366466 322
3260 0.1 46.16015625 0.0 46.3203125 0.421875 9.038542472910223 323
3270 0.1 46.69140625 0.0 46.69140625 0.421875 9.153115354938278 324
3280 0.1 45.2109375 0.0 46.69140625 0.421875 9.268617788461544 325
3290 0.1 46.328125 0.0 46.69140625 0.421875 9.378870302914116 326
3300 0.1 47.44140625 0.0 47.44140625 0.421875 9.491864965596335 327
3310 0.1 48.69140625 0.0 48.69140625 0.421875 9.60756478658537 328
3320 0.1 50.96875 0.0 50.96875 0.421875 9.726360657294835 329
3330 0.1 51.62109375 0.0 51.62109375 0.421875 9.851337594696972 330
3340 0.1 49.58984375 0.0 51.62109375 0.421875 9.977530211480364 331
3350 0.1 46.94921875 0.0 51.62109375 0.421875 10.096844408885543 332
3360 0.1 46.58984375 0.0 51.62109375 0.421875 10.207512199699702 333
3370 0.1 47.51953125 0.0 51.62109375 0.421875 10.316441336077846 334
3380 0.1 47.3515625 0.0 51.62109375 0.421875 10.427495335820897 335
3390 0.1 50.9296875 0.0 51.62109375 0.421875 10.537388392857144 336
3400 0.1 50.71875 0.0 51.62109375 0.421875 10.65724684718101 337
3410 0.1 51.51953125 0.0 51.62109375 0.421875 10.77577200443787 338
3420 0.1 49.75 0.0 51.62109375 0.421875 10.895960084808259 339
3430 0.1 47.62109375 0.0 51.62109375 0.421875 11.010236672794116 340
3440 0.1 46.2109375 0.0 51.62109375 0.421875 11.117599890029323 341
3450 0.1 48.12890625 0.0 51.62109375 0.421875 11.22021198830409 342
3460 0.1 49.6484375 0.0 51.62109375 0.421875 11.32781751093294 343
3470 0.1 49.69921875 0.0 51.62109375 0.421875 11.43921466206395 344
3480 0.1 50.359375 0.0 51.62109375 0.421875 11.550113224637677 345
3490 0.1 47.4296875 0.0 51.62109375 0.421875 11.662278721098263 346
3500 0.1 48.6484375 0.0 51.62109375 0.421875 11.765354827089332 347
3510 0.1 50.078125 0.0 51.62109375 0.421875 11.871340696839075 348
3520 0.1 49.8203125 0.0 51.62109375 0.421875 11.980815723495697 349
3530 0.1 51.5390625 0.0 51.62109375 0.421875 12.088928571428566 350
3540 0.1 51.48828125 0.0 51.62109375 0.421875 12.20132211538461 351
3550 0.1 52.1796875 0.0 52.1796875 0.421875 12.312932794744313 352
3560 0.1 50.21875 0.0 52.1796875 0.421875 12.425869776912176 353
3570 0.1 51.0703125 0.0 52.1796875 0.421875 12.532629325564967 354
3580 0.1 54.78125 0.0 54.78125 0.421875 12.64118617957746 355
3590 0.1 53.2109375 0.0 54.78125 0.421875 12.759557145365163 356
3600 0.1 52.01953125 0.0 54.78125 0.421875 12.872866334033608 357
3610 0.1 50.87109375 0.0 54.78125 0.421875 12.98221456005586 358
3630 0.1 49.41015625 0.0 54.78125 0.421875 13.087754613509745 359
3640 0.1 49.44140625 0.0 54.78125 0.421875 13.188650173611107 360
3650 0.1 50.37109375 0.0 54.78125 0.421875 13.289073320637113 361
3660 0.1 49.921875 0.0 54.78125 0.421875 13.391509841160216 362
3670 0.1 49.8515625 0.0 54.78125 0.421875 13.49214445592286 363
3680 0.1 53.01171875 0.0 54.78125 0.421875 13.592032967032962 364
3690 0.1 52.98828125 0.0 54.78125 0.421875 13.700032106164379 365
3700 0.1 50.94921875 0.0 54.78125 0.421875 13.807377049180323 366
3710 0.1 50.87109375 0.0 54.78125 0.421875 13.908580977520431 367
3720 0.1 48.48046875 0.0 54.78125 0.421875 14.009022588315213 368
3730 0.1 49.921875 0.0 54.78125 0.421875 14.102441141598911 369
3740 0.1 51.0390625 0.0 54.78125 0.421875 14.199250422297292 370
3750 0.1 51.921875 0.0 54.78125 0.421875 14.298549107142852 371
3760 0.1 47.37109375 0.0 54.78125 0.421875 14.399687079973113 372
3770 0.1 46.3515625 0.0 54.78125 0.421875 14.488082272117957 373
3780 0.1 46.5 0.0 54.78125 0.421875 14.573278743315504 374
3790 0.1 49.890625 0.0 54.78125 0.421875 14.658416666666662 375
3800 0.1 51.0390625 0.0 54.78125 0.421875 14.75211934840425 376
3811 0.1 51.58984375 0.0 54.78125 0.421875 14.848371187002648 377
3820 0.1 53.26171875 0.0 54.78125 0.421875 14.94557084986772 378
3830 0.1 52.5390625 0.0 54.78125 0.421875 15.046668865435352 379
3840 0.1 49.98828125 0.0 54.78125 0.421875 15.145333059210522 380
3850 0.1 49.26953125 0.0 54.78125 0.421875 15.236784366797895 381
3860 0.1 50.421875 0.0 54.78125 0.421875 15.325875327225127 382
3870 0.1 49.390625 0.0 54.78125 0.421875 15.417509791122711 383
3880 0.1 45.25 0.0 54.78125 0.421875 15.505981445312495 384
3890 0.1 45.98828125 0.0 54.78125 0.421875 15.583238636363632 385
3900 0.1 45.83984375 0.0 54.78125 0.421875 15.662008176813467 386
3910 0.1 44.96875 0.0 54.78125 0.421875 15.739987080103354 387
3920 0.1 44.94140625 0.0 54.78125 0.421875 15.815318943298964 388
3930 0.1 42.1015625 0.0 54.78125 0.421875 15.890193203727502 389
3940 0.1 40.5703125 0.0 54.78125 0.421875 15.957401842948713 390
3950 0.1 44.05078125 0.0 54.78125 0.421875 16.020350463554983 391
3960 0.1 44.9609375 0.0 54.78125 0.421875 16.091856664540813 392
3970 0.1 45.5703125 0.0 54.78125 0.421875 16.16531488549618 393
3980 0.1 45.4609375 0.0 54.78125 0.421875 16.239946859137053 394
3990 0.1 45.51953125 0.0 54.78125 0.421875 16.31392405063291 395
4000 0.1 44.578125 0.0 54.78125 0.421875 16.387675583964644 396
4010 0.1 45.109375 0.0 54.78125 0.421875 16.458684272670023 397
4020 0.1 43.55078125 0.0 54.78125 0.421875 16.530670932788944 398
4030 0.1 41.51953125 0.0 54.78125 0.421875 16.598390507518797 399
4050 0.1 39.859375 0.0 54.78125 0.421875 16.660693359375 400
4060 0.1 41.26953125 0.0 54.78125 0.421875 16.71854543329177 401
4070 0.1 41.94140625 0.0 54.78125 0.421875 16.77961753731343 402
4080 0.1 40.9296875 0.0 54.78125 0.421875 16.84205373759305 403
4090 0.1 42.0 0.0 54.78125 0.421875 16.901676593440595 404
4100 0.1 42.76171875 0.0 54.78125 0.421875 16.96364776234568 405
4110 0.1 44.8984375 0.0 54.78125 0.421875 17.0271898091133 406
4120 0.1 44.73046875 0.0 54.78125 0.421875 17.09566953316953 407
4130 0.1 44.171875 0.0 54.78125 0.421875 17.163401884191174 408
4140 0.1 44.33984375 0.0 54.78125 0.421875 17.229437270782395 409
4150 0.1 44.62890625 0.0 54.78125 0.421875 17.295560213414632 410
4160 0.1 48.3203125 0.0 54.78125 0.421875 17.362064704987834 411
4170 0.1 47.37109375 0.0 54.78125 0.421875 17.437206083131066 412
4180 0.1 48.140625 0.0 54.78125 0.421875 17.50968523002421 413
4190 0.1 48.58984375 0.0 54.78125 0.421875 17.583673007246375 414
4200 0.1 47.96875 0.0 54.78125 0.421875 17.658386671686745 415
4210 0.1 48.55078125 0.0 54.78125 0.421875 17.73124812199519 416
4220 0.1 49.28125 0.0 54.78125 0.421875 17.805155875299757 417
4230 0.1 49.44921875 0.0 54.78125 0.421875 17.880457535885164 418
4240 0.1 50.16015625 0.0 54.78125 0.421875 17.95580064140811 419
4250 0.1 50.671875 0.0 54.78125 0.421875 18.032477678571425 420
4260 0.1 51.03125 0.0 54.78125 0.421875 18.110005938242274 421
4270 0.1 51.80078125 0.0 54.78125 0.421875 18.188018364928904 422
4280 0.1 51.6484375 0.0 54.78125 0.421875 18.26748116134751 423
4290 0.1 51.16015625 0.0 54.78125 0.421875 18.34620983195754 424
4300 0.1 50.83984375 0.0 54.78125 0.421875 18.423419117647054 425
4310 0.1 50.87109375 0.0 54.78125 0.421875 18.49951401115023 426
4320 0.1 49.44921875 0.0 54.78125 0.421875 18.5753256733021 427
4330 0.1 45.23046875 0.0 54.78125 0.421875 18.647460937499993 428
4340 0.1 43.51953125 0.0 54.78125 0.421875 18.709425990675985 429
4350 0.1 43.58984375 0.0 54.78125 0.421875 18.767123909883715 430
4360 0.1 45.21875 0.0 54.78125 0.421875 18.824717227378184 431
4370 0.1 44.6484375 0.0 54.78125 0.421875 18.88581452546296 432
4380 0.1 46.23828125 0.0 54.78125 0.421875 18.945312499999996 433
4390 0.1 46.91015625 0.0 54.78125 0.421875 19.00819952476958 434
4400 0.1 47.7109375 0.0 54.78125 0.421875 19.072341954022985 435
4410 0.1 52.03125 0.0 54.78125 0.421875 19.138026806192656 436
4420 0.1 53.578125 0.0 54.78125 0.421875 19.21329733981693 437
4430 0.1 54.87109375 0.0 54.87109375 0.421875 19.291755850456617 438
4440 0.1 54.3515625 0.0 54.87109375 0.421875 19.37280217824601 439
4450 0.1 52.609375 0.0 54.87109375 0.421875 19.45229936079545 440
4460 0.1 51.1796875 0.0 54.87109375 0.421875 19.527485473356005 441
4470 0.1 50.19140625 0.0 54.87109375 0.421875 19.599096790158367 442
4480 0.1 49.0 0.0 54.87109375 0.421875 19.668153922121892 443
4490 0.1 49.9296875 0.0 54.87109375 0.421875 19.73421663851351 444
4500 0.1 49.3515625 0.0 54.87109375 0.421875 19.80207162921348 445
4520 0.1 50.6796875 0.0 54.87109375 0.421875 19.868326093049323 446
4530 0.1 50.58984375 0.0 54.87109375 0.421875 19.937255313199103 447
4540 0.1 48.78125 0.0 54.87109375 0.421875 20.005676269531246 448
4550 0.1 49.12109375 0.0 54.87109375 0.421875 20.069764407015587 449
4560 0.1 50.12890625 0.0 54.87109375 0.421875 20.13432291666666 450
4570 0.1 50.19140625 0.0 54.87109375 0.421875 20.200829753325937 451
4580 0.1 50.9296875 0.0 54.87109375 0.421875 20.26718058628318 452
4590 0.1 50.69921875 0.0 54.87109375 0.421875 20.334868239514346 453
4600 0.1 50.58984375 0.0 54.87109375 0.421875 20.401750068832595 454
4610 0.1 50.890625 0.0 54.87109375 0.421875 20.468097527472523 455
4620 0.1 50.671875 0.0 54.87109375 0.421875 20.534813596491222 456
4630 0.1 48.9609375 0.0 54.87109375 0.421875 20.600759026258203 457
4640 0.1 48.1015625 0.0 54.87109375 0.421875 20.662680813318772 458
4650 0.1 49.9296875 0.0 54.87109375 0.421875 20.722460511982568 459
4660 0.1 50.890625 0.0 54.87109375 0.421875 20.785954483695647 460
4670 0.1 49.12890625 0.0 54.87109375 0.421875 20.851257456616047 461
4680 0.1 48.05859375 0.0 54.87109375 0.421875 20.91246448863636 462
4690 0.1 47.69921875 0.0 54.87109375 0.421875 20.97109543736501 463
4700 0.1 48.2109375 0.0 54.87109375 0.421875 21.028699151400858 464
4710 0.1 45.16015625 0.0 54.87109375 0.421875 21.087155577956985 465
4720 0.1 47.30078125 0.0 54.87109375 0.421875 21.1388143776824 466
4730 0.1 47.0703125 0.0 54.87109375 0.421875 21.19483572002141 467
4740 0.1 47.96875 0.0 54.87109375 0.421875 21.250125200320507 468
4750 0.1 46.94140625 0.0 54.87109375 0.421875 21.307094549573556 469
4760 0.1 47.890625 0.0 54.87109375 0.421875 21.36163563829787 470
4770 0.1 48.76953125 0.0 54.87109375 0.421875 21.41796045647558 471
4780 0.1 49.26953125 0.0 54.87109375 0.421875 21.4759086996822 472
4790 0.1 49.609375 0.0 54.87109375 0.421875 21.53466900105708 473
4800 0.1 45.91015625 0.0 54.87109375 0.421875 21.59389833860759 474
4810 0.1 38.921875 0.0 54.87109375 0.421875 21.645090460526312 475
4820 0.1 33.01171875 0.0 54.87109375 0.421875 21.681386226365543 476
4830 0.1 27.9296875 0.0 54.87109375 0.421875 21.705139544025155 477
4840 0.1 23.640625 0.0 54.87109375 0.421875 21.718161610878656 478
