10 4 79.82526245117188 51.14643390548253 276.027099609375 40.048095703125 0 0
20 5.3 82.84563402859668 86.1051837318719 629.180908203125 39.3740234375 79.82526245117188 40
30 6 64.50027669270834 31.244597921894698 629.180908203125 37.72705078125 81.54654947916666 93
40 8.4 81.76742408389134 74.10775874470471 643.65185546875 37.139892578125 74.86173662173202 153
50 6.9 71.25701638926628 37.44964570953747 643.65185546875 37.139892578125 77.30932205135812 237
60 8 82.63146057128907 83.99800445460967 762.0830078125 37.139892578125 75.94458646088644 306
70 5.7 70.20395165158988 32.5870315895957 762.0830078125 37.139892578125 77.33046710552946 386
80 5.5 67.34141512784089 28.96103490554987 762.0830078125 37.139892578125 76.41351139249436 443
90 4.3 70.21241369912792 32.48943150380921 762.0830078125 37.139892578125 75.41157305001255 498
100 6.5 68.37060922475962 31.831476779389476 762.0830078125 37.139892578125 74.99833117923983 541
110 8.5 68.99880227481617 30.548185853607066 762.0830078125 37.139892578125 74.28743691019491 606
120 11.7 71.98644497863245 32.86563039535096 762.0830078125 37.139892578125 73.63688127487336 691
130 12.1 77.83030410640501 37.84490453305622 762.0830078125 37.139892578125 73.39789483098698 808
140 13.3 81.17141976033835 68.64431887599537 762.0830078125 37.139892578125 73.97520540399621 929
150 10.5 74.27244233630954 35.22380541306606 762.0830078125 37.139892578125 74.87642622263417 1062
160 13.4 81.97305343400188 69.61266830852476 772.9130859375 37.139892578125 74.822083199443 1167
170 11 74.71585582386354 35.96658854585672 772.9130859375 37.139892578125 75.55861664404783 1301
180 10.4 71.98020582932696 33.723686064361814 772.9130859375 37.139892578125 75.49291594226166 1411
190 9.4 73.28188632396943 34.625271945368205 772.9130859375 37.139892578125 75.25177940645624 1515
200 13.1 76.19001036199901 32.86281032758041 772.9130859375 37.139892578125 75.1366955346391 1609
210 12.9 74.62134735343992 33.63182945142795 772.9130859375 37.139892578125 75.21599682336563 1740
220 13.4 75.08046619927704 33.63998992180532 772.9130859375 37.139892578125 75.17495360152485 1869
230 12.1 77.4416201252583 37.88690692711277 772.9130859375 37.139892578125 75.16863242733552 2003
240 14.3 72.63752458479019 33.82442527463014 772.9130859375 37.139892578125 75.29811995626616 2124
250 17.8 77.31103789940306 34.954241531063836 772.9130859375 37.139892578125 75.13029236997544 2267
260 17.1 77.1393357661732 34.61765383393975 772.9130859375 37.139892578125 75.28905421219962 2445
270 17.8 75.4734284475948 33.94940959634779 772.9130859375 37.139892578125 75.41000151561303 2616
280 20.8 86.20131742037259 58.67031523501299 772.9130859375 37.139892578125 75.41404231514515 2794
290 15.2 76.56842522872121 36.580164476269246 772.9130859375 37.139892578125 76.1614617761336 3002
300 15.9 77.02001185387188 35.224387493756495 772.9130859375 37.139892578125 76.18107447264386 3154
310 17.7 73.25097104519773 33.49855673048879 772.9130859375 37.139892578125 76.22133738952138 3313
320 17.2 85.97121979469478 64.26856231788265 772.9130859375 37.139892578125 76.07069130271756 3490
330 18.6 78.06298434349799 35.023445930374585 772.9130859375 37.139892578125 76.53570793314358 3662
340 22.2 82.11685977970157 39.141937104192536 772.9130859375 37.139892578125 76.60953158499544 3848
350 17.4 75.88304260955464 34.16890839885994 772.9130859375 37.139892578125 76.90993130470667 4070
360 17.1 75.49296989217835 33.73068927487373 772.9130859375 37.139892578125 76.8678298360553 4244
370 21.1 79.26448529139518 34.70924584827927 772.9130859375 37.139892578125 76.81457931501272 4415
380 23.5 83.49539976728724 36.59667160965147 772.9130859375 37.139892578125 76.92632383749796 4626
390 22.7 80.29371300247797 36.00861954638439 772.9130859375 37.139892578125 77.2438989955931 4861
400 24.2 81.78377211389468 36.12507539282576 772.9130859375 37.139892578125 77.37996577616757 5088
410 23.1 87.61770854471047 57.56470255901833 772.9130859375 37.139892578125 77.57991345604185 5330
420 25.1 83.93690958820967 34.17989000379756 772.9130859375 37.139892578125 77.99687635219047 5561
430 24.3 92.78009962545012 59.446865374676655 772.9130859375 37.139892578125 78.25340566090361 5812
440 24.8 79.62125815114665 34.54885337751234 772.9130859375 37.139892578125 78.83639271844032 6055
450 23.2 84.00101760338093 35.86842955101276 772.9130859375 37.139892578125 78.86727430297327 6303
460 28.1 88.84114612294262 41.19319108815989 772.9130859375 37.139892578125 79.04952808196249 6535
470 23.9 80.6287172708552 36.31643404774581 772.9130859375 37.139892578125 79.45320247596416 6816
480 26.8 84.47377947906949 37.097802284275964 772.9130859375 37.139892578125 79.4930250182716 7055
490 24.5 85.1733607700893 35.99057517841707 772.9130859375 37.139892578125 79.67530580421914 7323
500 29.8 86.95972417024959 38.965097376999914 772.9130859375 37.139892578125 79.85329516291868 7568
510 30.7 80.92396808835507 35.97342505213019 772.9130859375 37.139892578125 80.12251914514404 7866
520 26.5 82.88379366892691 38.16912728857705 772.9130859375 37.139892578125 80.1526237365506 8173
530 28.8 80.08873155381941 34.8138170350149 772.9130859375 37.139892578125 80.23839762041878 8438
540 27.7 83.4477909239621 36.74582325276191 772.9130859375 37.139892578125 80.233457919848 8726
550 30 80.76312988281252 35.5624875248301 772.9130859375 37.139892578125 80.33235498106532 9003
560 30.9 85.37529549706713 37.93467529333229 772.9130859375 37.139892578125 80.34624646451412 9303
570 31.3 88.12739070612024 55.24401520954287 785.532958984375 37.139892578125 80.5079168922148 9612
580 32.8 86.69759610804105 38.289303635941764 785.532958984375 37.095947265625 80.74820861047701 9925
590 35 87.67376325334821 39.624902011214445 785.532958984375 37.095947265625 80.93853330561024 10253
600 43.7 89.4222828321653 40.283449111804394 785.532958984375 37.095947265625 81.16086005103213 10603
610 43.8 91.86268929259414 36.90620435447539 785.532958984375 37.095947265625 81.48787470278532 11040
620 44.5 89.3746461332514 41.20744300948164 785.532958984375 37.095947265625 81.88377719366667 11478
630 43.7 96.5760534360698 68.94915139536002 996.94091796875 37.095947265625 82.16335755751095 11923
640 41.5 86.83254365116713 37.536726053853826 996.94091796875 37.095947265625 82.67293264642116 12360
650 46.9 88.66025047058234 38.18707339153027 996.94091796875 37.095947265625 82.80805895303325 12775
660 44.5 87.52501426439613 38.740343702559485 996.94091796875 37.095947265625 83.01529829324244 13244
670 45.3 95.15396973734137 44.192473918290055 996.94091796875 37.095947265625 83.1618994771977 13689
680 37.9 89.75948476665572 53.612327460904716 996.94091796875 37.095947265625 83.54603240237412 14142
690 40.4 84.84822006980978 37.47002466804213 996.94091796875 37.095947265625 83.70820432208093 14521
700 43.6 91.22435235539712 40.3223685131294 996.94091796875 37.095947265625 83.7390630398084 14925
710 42.7 86.52867194361095 37.01016893518859 996.94091796875 37.095947265625 83.95152226392119 15361
720 42.6 85.73319613317929 38.09147547953691 996.94091796875 37.095947265625 84.02122348720644 15788
730 46.4 98.13242576862199 47.83446743198379 996.94091796875 37.095947265625 84.06620315583753 16214
740 48.9 91.6252191773709 38.42057251115163 996.94091796875 37.095947265625 84.4575406838584 16678
750 47 91.4571766954787 48.642637102829525 996.94091796875 37.095947265625 84.66171117278061 17167
760 47.7 88.48057981607049 37.24962606079444 996.94091796875 37.095947265625 84.84280029199977 17637
770 46.8 91.08585455478764 38.26157657936579 996.94091796875 37.095947265625 84.93859475114637 18114
780 46.9 89.57239212003604 37.60694410061632 996.94091796875 37.095947265625 85.09341756828684 18582
790 49.3 94.12803170163538 47.82140460844324 996.94091796875 37.095947265625 85.203681547331 19051
800 42.5 86.20534524356617 37.92426745813632 996.94091796875 37.095947265625 85.4287994672078 19544
810 47.2 88.6906215861692 38.79293694811189 996.94091796875 37.095947265625 85.44532668213856 19969
820 47.2 90.32546893620892 40.079670382638234 996.94091796875 37.095947265625 85.52026328967744 20441
830 41.9 86.93113369816527 35.917228508451544 996.94091796875 37.095947265625 85.6287153082861 20913
840 44.4 92.28275663358667 40.47570995392682 996.94091796875 37.095947265625 85.6542972183442 21332
850 45.1 90.62581470430288 43.11722514653942 996.94091796875 37.095947265625 85.78944765829496 21776
860 47.3 91.85227788880816 39.27716212504126 996.94091796875 37.095947265625 85.88758062890501 22227
870 42.7 88.49113603721457 38.04317066926769 996.94091796875 37.095947265625 86.01186705198582 22700
880 35.8 86.33311828954257 40.09303780378043 996.94091796875 37.095947265625 86.05764245980752 23127
890 43.5 87.64307987607765 37.443885818496405 996.94091796875 37.095947265625 86.06184175071853 23485
900 45.1 89.57547518102136 38.69333268583399 996.94091796875 37.095947265625 86.09059754438621 23920
910 41 89.1562142721037 38.86563948616875 996.94091796875 37.095947265625 86.15508729918177 24371
920 42.5 86.27748793658081 36.836757246673734 996.94091796875 37.095947265625 86.20474074572945 24781
930 50.9 90.68607784488574 38.91072102036907 996.94091796875 37.095947265625 86.20596734083028 25206
940 52.3 95.50988139340346 50.621203034466184 996.94091796875 37.095947265625 86.29464617600681 25715
950 51.4 91.09453039503285 38.80646080534217 996.94091796875 37.095947265625 86.47833273819518 26238
960 43.5 91.39853908494972 42.60215218213673 996.94091796875 37.095947265625 86.56702612917958 26752
970 42.1 88.10823258424874 37.26309849504649 996.94091796875 37.095947265625 86.64433175818462 27187
980 42.8 89.99833208601052 42.199317647894155 996.94091796875 37.095947265625 86.66665507924276 27608
990 48.5 89.38509987113403 38.5042566630206 996.94091796875 37.095947265625 86.71751674848575 28036
1000 45.7 90.1044398334929 39.95290362837146 996.94091796875 37.095947265625 86.76287903643093 28521
1010 45.7 87.6813430619188 37.425605239843385 996.94091796875 37.095947265625 86.81557740361491 28978
1020 47.6 88.22721542230174 36.48584685474682 996.94091796875 37.095947265625 86.82901905151179 29435
1030 48.3 96.69358582427536 45.17952124938994 996.94091796875 37.095947265625 86.8512697777495 29911
1040 47.2 96.00218743793033 49.827221330935934 996.94091796875 37.095947265625 87.00767691897711 30394
1050 49.7 88.42287219410211 37.73650273048004 996.94091796875 37.095947265625 87.14522013691743 30866
1060 49.1 91.6644632685209 41.00808877650852 996.94091796875 37.095947265625 87.16546670364959 31363
1070 51.1 90.16049928907785 36.92136598700894 996.94091796875 37.095947265625 87.23481458188628 31854
1080 48.4 91.89252869156766 39.02471009349387 996.94091796875 37.095947265625 87.2810072247219 32365
1090 42.8 88.72814313942027 38.726437706066356 996.94091796875 37.095947265625 87.34895377986676 32849
1100 40.8 88.41327801872696 41.546954315488215 996.94091796875 37.095947265625 87.36669254976455 33277
1110 43.3 88.91462295215072 37.484805827887634 996.94091796875 37.095947265625 87.37936901915262 33685
1120 41.9 89.51403371587861 38.53773390843607 996.94091796875 37.095947265625 87.39885330759239 34118
1130 40.8 87.46870571959256 38.82966298805884 996.94091796875 37.095947265625 87.42451449967832 34537
1140 47.6 85.36836922268911 37.63091772363251 996.94091796875 37.095947265625 87.42503045382698 34945
1150 48.5 92.07168975515467 40.77661967646152 996.94091796875 37.095947265625 87.39739230848886 35421
1160 50.4 88.89374457465274 39.09544518094033 996.94091796875 37.095947265625 87.46053034284616 35906
1170 43.6 87.19158655569095 38.53295849838467 996.94091796875 37.095947265625 87.48036939730456 36410
1180 43.1 87.66935995504637 38.02561222646238 996.94091796875 37.095947265625 87.47695221989198 36846
1190 52.6 89.45704703095295 39.385785481981195 996.94091796875 37.095947265625 87.47917685529322 37277
1200 50.2 88.96417114744156 40.81364617645087 996.94091796875 37.095947265625 87.50669741483603 37803
1210 58.7 159.69178223488086 189.65751374320428 1847.468017578125 37.095947265625 87.5257981017899 38305
1220 53.1 93.6414245490525 44.01828783388055 1847.468017578125 37.095947265625 88.61500494859963 38892
1230 53.6 95.33159079480532 45.0697621816131 1847.468017578125 37.095947265625 88.68270727485184 39423
1240 56.5 88.31068342090705 37.35073943128698 1847.468017578125 37.095947265625 88.77189373013587 39959
1250 58.8 90.22896819860759 38.893011476672626 1847.468017578125 37.095947265625 88.7654633722069 40524
1260 63.3 97.15807121963864 43.7644934945977 1847.468017578125 37.095947265625 88.78639499406727 41112
1270 53.8 101.79300777619657 51.46373347577825 1847.468017578125 37.095947265625 88.91333884484668 41745
1280 54.3 96.51257256776591 43.04031394481203 1847.468017578125 37.095947265625 89.07721704376979 42283
1290 62.5 97.10479765625003 41.931889822041754 1847.468017578125 37.095947265625 89.17149150436686 42826
1300 58.4 93.17776322038205 39.22141186673464 1847.468017578125 37.095947265625 89.28560432904125 43451
1310 53.3 89.58969442571531 38.46092652909873 1847.468017578125 37.095947265625 89.33722283233506 44035
1320 59.5 89.61242244944854 39.45004635350505 1847.468017578125 37.095947265625 89.34024220406526 44568
1330 64.8 113.55613275221836 63.00363550252584 1847.468017578125 37.095947265625 89.34382804304857 45163
1340 63.7 95.71639329559943 40.916205947352914 1847.468017578125 37.095947265625 89.68631289279082 45811
1350 54.6 94.22302424951353 44.545130924136146 1847.468017578125 37.095947265625 89.7690109899444 46448
1360 54.2 92.76009805264067 42.688986985902254 1847.468017578125 37.095947265625 89.82075996299895 46994
1370 57.4 92.8533773920678 41.983813663322664 1847.468017578125 37.095947265625 89.85427395754174 47536
1380 57.2 91.6779768083479 38.684816612431284 1847.468017578125 37.095947265625 89.8900562350603 48110
1390 66.2 125.0418029969553 99.15908101749872 1847.468017578125 37.095947265625 89.91106380598838 48682
1400 63.4 98.0953018717961 49.09145816645004 1847.468017578125 37.095947265625 90.38237844088664 49344
1410 60.9 94.78267194876334 42.503628704066834 1847.468017578125 37.095947265625 90.48022136087536 49978
1420 61.2 93.67415763505922 42.03271055418749 1847.468017578125 37.095947265625 90.53201712674453 50587
1430 57.5 93.85925059442934 42.21484657929769 1847.468017578125 37.095947265625 90.56957625858477 51199
1440 60.2 91.5716706843075 37.323880265039826 1847.468017578125 37.095947265625 90.60611125188471 51774
1450 61.7 111.69329012927983 67.56259950522461 1847.468017578125 37.095947265625 90.61720921236888 52376
1460 58.9 93.5418781999416 41.89967935793274 1847.468017578125 37.095947265625 90.86259901716826 52993
1470 54.7 93.0319101169733 42.42235861051002 1847.468017578125 37.095947265625 90.89205098683445 53582
1480 59.6 94.60567725264785 42.0297023991613 1847.468017578125 37.095947265625 90.91367530917896 54129
1490 61.1 96.58292709825085 43.02353782561631 1847.468017578125 37.095947265625 90.95388422938558 54725
1500 55.8 92.49114224560374 42.341385758243845 1847.468017578125 37.095947265625 91.01603807485465 55336
1510 50.8 93.38345360943649 42.76431559028512 1847.468017578125 37.095947265625 91.03076430892769 55894
1520 62.3 96.99169098929077 42.567286376460466 1847.468017578125 37.095947265625 91.05195444694866 56402
1530 64.5 96.58046912851259 41.440084441433676 1847.468017578125 37.095947265625 91.11684626397415 57025
1540 60.2 100.53645968516399 50.672133578342184 1847.468017578125 37.095947265625 91.17795319561326 57670
1550 65.1 94.56968771001337 39.46052078162041 1847.468017578125 37.095947265625 91.2746346362144 58272
1560 57.8 94.8495308107158 42.905816822627884 1847.468017578125 37.095947265625 91.31103942807908 58923
1570 63.7 110.9784956951531 70.75686976676265 1847.468017578125 37.095947265625 91.3454127666644 59501
1580 55.7 92.06701287589763 41.04249193460994 1847.468017578125 37.095947265625 91.5533723566981 60138
1590 58.5 90.53899113581733 39.09375968174749 1847.468017578125 37.095947265625 91.55808605254116 60695
1600 58.2 92.68779447889824 39.56876765647266 1847.468017578125 37.095947265625 91.54835742123757 61280
1610 60.3 91.35781581998857 39.43638873617645 1847.468017578125 37.095947265625 91.55907728751345 61862
1620 57.6 92.05217446221243 38.196766422741376 1847.468017578125 37.095947265625 91.55713442887394 62465
1630 55.5 109.72231797226912 65.74915503385324 1847.468017578125 37.095947265625 91.5616575655501 63041
1640 55.9 92.77158919387296 40.92892534240605 1847.468017578125 37.095947265625 91.72014499440931 63596
1650 57.8 92.6774788298822 44.131018379081056 1847.468017578125 37.095947265625 91.72930651428305 64155
1660 53.6 91.15664946143302 40.2579402912662 1847.468017578125 37.095947265625 91.73777273087144 64733
1670 58.9 97.35642002798707 45.740266245697946 1847.468017578125 37.095947265625 91.73300044889349 65269
1680 58.8 96.2721549313084 41.88666799159439 1847.468017578125 37.095947265625 91.78329341454817 65858
1690 58.3 127.71286759286556 107.53688409188848 1847.468017578125 37.095947265625 91.8230166570587 66446
1700 60.3 98.59870447566865 46.055864266948085 1847.468017578125 37.095947265625 92.13517681304455 67029
1710 60.4 97.56461359491405 43.736149500183565 1847.468017578125 37.095947265625 92.19280496511107 67632
1720 63 102.57386881510412 47.77649161753207 1847.468017578125 37.095947265625 92.24035424133477 68236
1730 56.5 94.24787705683079 39.161800015470966 1847.468017578125 37.095947265625 92.33488730818162 68866
1740 55 89.76383877840908 38.81291149936359 1847.468017578125 37.095947265625 92.35045440656687 69431
1750 64.7 104.1122012956434 50.423925393538894 1847.468017578125 37.095947265625 92.33012548020848 69981
1760 65.5 99.87013806059164 48.6647222758297 1847.468017578125 37.095947265625 92.43805722190564 70628
1770 60.7 94.11095567982906 40.60207183181194 1847.468017578125 37.095947265625 92.50634858098618 71283
1780 66.4 98.83469914815514 42.71065464411369 1847.468017578125 37.095947265625 92.51989700926548 71890
1790 72.2 108.30781060638853 57.2814567156658 1847.468017578125 37.095947265625 92.57768884183464 72554
1800 73.3 109.09787974025835 50.26567506859938 1847.468017578125 37.095947265625 92.73268021573617 73276
1810 73 108.73963405661382 49.45621576292524 1847.468017578125 37.095947265625 92.89476443862088 74009
1820 72 107.75886840820317 56.65486743982332 1847.468017578125 37.095947265625 93.04952640788906 74739
1830 69.3 111.81098125507305 62.82086297445629 1847.468017578125 37.095947265625 93.1898771445835 75459
1840 75.8 114.39058860436593 58.11158679349855 1847.468017578125 37.095947265625 93.35933330001697 76152
1850 73.6 111.53205407184103 53.771193386196785 1847.468017578125 37.095947265625 93.5666105269146 76910
1860 69.4 113.85514088391571 61.60709331578448 1847.468017578125 37.095947265625 93.7369034776019 77646
1870 75.1 143.08879079196507 98.69352346654237 1847.468017578125 37.095947265625 93.91512733208214 78340
1880 78.3 129.9372399574953 81.29751204618763 1847.468017578125 37.095947265625 94.3820505124487 79091
1890 74.9 123.84714971524531 71.75933097663096 1847.468017578125 37.095947265625 94.73059588810875 79874
1900 68.4 101.77247521472954 46.12557094130739 1847.468017578125 37.095947265625 95.00109312607466 80623
1910 77 112.09896414620536 54.31834879970088 1847.468017578125 37.095947265625 95.05805778285256 81307
1920 71.2 107.55748380168109 53.069877952114936 1847.468017578125 37.095947265625 95.21792592983383 82077
1930 76.8 126.67912737528484 74.18947672496849 1847.468017578125 37.095947265625 95.32404830363656 82789
1940 78.1 109.69593582446386 51.73513063664007 1847.468017578125 37.095947265625 95.61224319726637 83557
1950 80.5 123.52288583317159 64.04917230944584 1847.468017578125 37.095947265625 95.74266322076515 84338
1960 82 195.16345840081937 168.01564906681824 2106.594970703125 37.095947265625 96.0053163948721 85143
1970 81.7 137.3387793327341 77.1207357310617 2106.594970703125 37.095947265625 96.95118469221951 85963
1980 89.7 129.60440999076772 59.77868944500477 2106.594970703125 37.095947265625 97.33141821170902 86780
1990 71.4 178.08922758556528 191.70895683296123 2191.94482421875 37.095947265625 97.66159458208912 87677
2000 67.2 101.11908394949776 47.823415450740505 2191.94482421875 37.095947265625 98.31126853039248 88391
2010 68.1 107.97175425614904 56.87595930521315 2191.94482421875 37.095947265625 98.3324541176918 89063
2020 77.1 120.34664168895912 64.75724186232353 2191.94482421875 37.095947265625 98.40559954684906 89744
2030 79.6 115.1376707757538 55.70357662815454 2191.94482421875 37.095947265625 98.59249170275213 90515
2040 74.2 113.90564458389484 52.729773385665446 2191.94482421875 37.095947265625 98.73672364131495 91311
2050 67.9 106.46382439996786 52.02611079815388 2191.94482421875 37.095947265625 98.8589938480371 92053
2060 71.5 104.73867699683133 47.69448706715707 2191.94482421875 37.095947265625 98.91467775375207 92732
2070 69.1 98.12710187059061 43.372994152144024 2191.94482421875 37.095947265625 98.95923947813918 93447
2080 68.8 105.60342087856554 50.75584071746684 2191.94482421875 37.095947265625 98.95313134872474 94138
2090 70.1 103.73052377741607 47.276027175816495 2191.94482421875 37.095947265625 99.00138182007785 94826
2100 79.2 134.4625709610758 91.13057742159286 2191.94482421875 37.095947265625 99.0360853961568 95527
2110 63.9 110.58888629083529 60.18982222296797 2191.94482421875 37.095947265625 99.32738593465301 96319
2120 77.7 132.30731523236423 84.04842845173694 2191.94482421875 37.095947265625 99.40160465541459 96958
2130 77.3 129.98527797289367 71.2617305438893 2191.94482421875 37.095947265625 99.66320732711142 97735
2140 67.1 104.55824991558774 53.223184099747435 2191.94482421875 37.095947265625 99.90114699301866 98508
2150 71 99.46812658175614 44.47197858691559 2191.94482421875 37.095947265625 99.9326548329953 99179
2160 75.3 104.80256610277641 48.95741699861773 2191.94482421875 37.095947265625 99.92935301739618 99889
2170 74.8 231.70073418438744 253.72937434640596 3153.041015625 37.095947265625 99.96581423093816 100642
2180 79.7 134.9486618520625 117.29799768364839 3153.041015625 37.095947265625 100.93768246375382 101390
2190 77.4 121.47964832394622 71.79344575382667 3153.041015625 37.095947265625 101.20294859909865 102187
2200 73.6 109.20743925675102 50.7371117156827 3153.041015625 37.095947265625 101.35537685433152 102961
2210 73.9 122.3992125391153 76.11806677710783 3153.041015625 37.095947265625 101.41110766552356 103697
2220 79.7 133.13714392840362 77.92488618615958 3153.041015625 37.095947265625 101.55962167890577 104436
2230 75.6 143.81907274357243 92.99910259396788 3153.041015625 37.095947265625 101.79877940730702 105233
2240 76.6 118.20779395041204 66.07530500066778 3153.041015625 37.095947265625 102.09850241405506 105989
2250 80.2 151.35681913380617 112.27179822700403 3153.041015625 37.095947265625 102.21409154165423 106755
2260 73.7 115.38749622360501 66.7095412652695 3153.041015625 37.095947265625 102.5805248517029 107557
2270 75.1 122.09882656458069 68.10742236117619 3153.041015625 37.095947265625 102.66768330832186 108294
2280 73.2 106.63316670402158 51.42073453038361 3153.041015625 37.095947265625 102.8015068544308 109045
2290 68.2 124.52390537653505 79.4734599520275 3153.041015625 37.095947265625 102.82705660537954 109777
2300 75.2 114.07806851001496 57.946835705955166 3153.041015625 37.095947265625 102.96101808304934 110459
2310 73.9 108.95403218559707 56.83223264840982 3153.041015625 37.095947265625 103.03619070015627 111211
2320 75 118.49930631510416 69.41601093627631 3153.041015625 37.095947265625 103.07525532595118 111950
2330 73.4 115.17153739409486 57.385440553792805 3153.041015625 37.095947265625 103.17789985338565 112700
2340 76.1 104.45994297182983 47.083863592114774 3153.041015625 37.095947265625 103.25550736043715 113434
2350 71.8 140.31262785080082 107.39694872892588 3153.041015625 37.095947265625 103.26353376702474 114195
2360 73.1 109.19000686666382 52.92334330562311 3153.041015625 37.095947265625 103.49502410799705 114913
2370 75.3 114.36291649807023 64.91763700782717 3153.041015625 37.095947265625 103.53102279704781 115644
2380 76.1 122.01926721881158 65.81138057474926 3153.041015625 37.095947265625 103.60109690511649 116397
2390 78.9 130.7735058841295 75.03608696214626 3153.041015625 37.095947265625 103.72073216355997 117158
2400 82.8 123.9923027886285 70.50450182427215 3153.041015625 37.095947265625 103.90170021247626 117947
2410 83.3 161.14678244344603 111.17322623692819 3153.041015625 37.095947265625 104.04175509719992 118775
2420 81.1 135.8801103961156 78.15366268364305 3153.041015625 37.095947265625 104.4394583259089 119608
2430 81.6 132.77676122328813 75.09386195128678 3153.041015625 37.095947265625 104.65120538267684 120419
2440 85.5 138.78380648072 77.66262158556411 3153.041015625 37.095947265625 104.84051089318073 121235
2450 85.8 137.08351857289824 75.33264562644604 3153.041015625 37.095947265625 105.07821682918978 122090
2460 84.8 327.56174944031966 279.85302238553794 3720.862060546875 37.095947265625 105.30156774905917 122948
2470 85.4 896.9700887711322 620.5514808765481 6863.134033203125 37.095947265625 106.82404532567061 123796
2480 94.4 479.16754564188255 420.108100680377 6863.134033203125 37.095947265625 112.23748071357613 124650
2490 89.1 201.34958855043493 137.78652495690162 6863.134033203125 37.095947265625 114.99543078517448 125594
2500 89.2 183.2035506038923 147.03747483548526 6863.134033203125 37.095947265625 115.60373654924805 126485
2510 83.9 154.36064953627826 94.63778918008413 6863.134033203125 37.095947265625 116.07712683271166 127377
2520 77 126.95064015574252 68.65415588184104 6863.134033203125 37.095947265625 116.32764061841931 128216
2530 85.4 207.65478772916063 167.38118979653663 6863.134033203125 37.095947265625 116.39105610260937 128986
2540 90.3 175.03195808892244 104.82697297912368 6863.134033203125 37.095947265625 116.99132741198302 129840
2550 86.5 184.7628101856033 124.91389430318942 6863.134033203125 37.095947265625 117.39219544699274 130743
2560 88.7 173.73047920923753 108.78512955332664 6863.134033203125 37.095947265625 117.83499209878364 131608
2570 81.2 144.01130924318804 88.49234864828937 6863.134033203125 37.095947265625 118.20918959353419 132495
2580 81.5 141.9018809312695 83.44109940870982 6863.134033203125 37.095947265625 118.3663555424755 133307
2590 81.5 195.28343348590894 135.8657391478565 6863.134033203125 37.095947265625 118.50937050789405 134122
2600 74.4 112.780277703398 55.043641528880165 6863.134033203125 37.095947265625 118.97307476489607 134937
2610 93.8 221.98084433094016 171.37276419081982 6863.134033203125 37.095947265625 118.93911687091125 135681
2620 93.9 244.7214917070187 155.70260388873228 6863.134033203125 37.095947265625 119.64658172102367 136619
2630 95 356.50183182565803 297.1156957239875 6863.134033203125 37.095947265625 120.50036950855218 137558
2640 87.9 152.7311492329708 92.11603104768596 6863.134033203125 37.095947265625 122.11905860377593 138508
2650 85.9 199.03516221851353 168.94514403325522 6863.134033203125 37.095947265625 122.31210406470889 139387
2660 88.7 255.40096643355412 184.54876456465797 6863.134033203125 37.095947265625 122.78202910324202 140246
2670 88.7 216.03167112193492 169.75617128683663 6863.134033203125 37.095947265625 123.61551948048893 141133
2680 87.5 153.29122377232122 89.80653590525492 6863.134033203125 37.095947265625 124.1927137242994 142020
2690 88.8 203.12548828125 160.25498385615026 6863.134033203125 37.095947265625 124.37089488033718 142895
2700 88.3 233.89515445834527 208.1005631726404 6863.134033203125 37.095947265625 124.85728116341662 143783
2710 86 259.9372493300329 217.13691629223655 6863.134033203125 37.095947265625 125.52281724044524 144666
2720 89.6 193.86401040213445 131.1315637138944 6863.134033203125 37.095947265625 126.31715235305086 145526
2730 90.8 218.33618029623838 163.2670102402606 6863.134033203125 37.095947265625 126.73049177480426 146422
2740 92.6 266.14861757348444 171.11877418062005 6863.134033203125 37.095947265625 127.29506087259469 147330
2750 95.2 250.12968380711686 169.5254810284425 6863.134033203125 37.095947265625 128.1623336541686 148256
2760 94.9 251.35962402858237 152.83481378810833 6863.134033203125 37.095947265625 128.94052863932762 149208
2770 92.5 414.6208601668076 265.4850064656942 6863.134033203125 37.095947265625 129.7142236487138 150157
2780 92 205.62426253609033 156.65370780831805 6863.134033203125 37.095947265625 131.4585653888234 151082
2790 79 147.56995246983755 103.5456591243724 6863.134033203125 37.095947265625 131.90745712298138 152002
2800 85 143.36550752527572 85.98120408287932 6863.134033203125 37.095947265625 131.98843892388732 152792
2810 89.1 182.16465956220193 108.63758724093027 6863.134033203125 37.095947265625 132.0513807517155 153642
2820 94.6 254.1137047539807 207.19344927721295 6863.134033203125 37.095947265625 132.3403218285091 154533
2830 92.7 481.11568288792813 315.3285616628126 6863.134033203125 37.095947265625 133.08124259753575 155479
2840 96.1 335.07234031526446 211.58937867935705 6863.134033203125 37.095947265625 135.14400186603692 156406
2850 90.5 216.94635758373613 163.59392008600776 6863.134033203125 37.095947265625 136.36491306882854 157367
2860 93.5 276.89620315633357 197.11710612915923 6863.134033203125 37.095947265625 136.82567812699418 158272
2870 81.6 147.54326644598262 92.2013098640963 6863.134033203125 37.095947265625 137.64829233932423 159207
2880 84 143.58187313988086 95.27967129360086 6863.134033203125 37.095947265625 137.69874945405795 160023
2890 90.2 219.76266364459195 146.730799610732 6863.134033203125 37.095947265625 137.72947015363516 160863
2900 93.2 390.7749508051402 318.02106079875983 6863.134033203125 37.095947265625 138.1868864088748 161765
2910 88.5 348.21904848605226 269.6877120714097 6863.134033203125 37.095947265625 139.63382197632424 162697
2920 92.4 410.08448639576545 291.07686910107077 6863.134033203125 37.095947265625 140.7622953136175 163582
2930 93.2 207.90213235355748 123.84614079972759 6863.134033203125 37.095947265625 142.27502861550255 164506
2940 91.2 172.53573046232506 106.5724597411296 6863.134033203125 37.095947265625 142.64474089855642 165438
2950 84.1 189.72270560066147 169.83220151629212 6863.134033203125 37.095947265625 142.8086157556779 166350
2960 88.7 151.68774496635424 93.12694869061993 6863.134033203125 37.095947265625 143.04460184081185 167191
2970 78.7 112.81574703929083 54.002989367825904 6863.134033203125 37.095947265625 143.09021440136323 168078
2980 88.2 199.63106725437572 131.30837954376082 6863.134033203125 37.095947265625 142.94911940942322 168865
2990 92.4 230.69645816423161 155.02333223621184 6863.134033203125 37.095947265625 143.2436370032496 169747
3000 95.2 492.43731638163075 286.1773208451028 6863.134033203125 37.095947265625 143.71710002129453 170671
3010 92.2 1204.9133480841585 750.1464711658314 6863.134033203125 37.095947265625 145.65146572970798 171623
3020 90.1 1825.0395239555876 1443.9509884092604 9246.405029296875 37.095947265625 151.31166715849932 172545
3030 92.2 2405.5249672184327 2263.1822559506895 13510.190185546875 37.095947265625 160.0061818718636 173446
3040 90.3 2999.146003123269 2612.0822664901134 20876.591064453125 0.8330078125 171.8797384882699 174368
3050 101.1 3228.670812469089 2877.2824530755834 20876.591064453125 0.580810546875 186.4458757098605 175271
3060 107.1 3007.1344407880338 2580.9632075484974 20876.591064453125 0.580810546875 203.89342799009094 176282
3070 98.3 3219.929270002147 2780.4803594809746 20876.591064453125 0.580810546875 220.82165093927475 177353
3080 103 3108.5603911464655 2919.0103087716475 22245.052978515625 0.552978515625 237.35293340349287 178336
3090 108.5 2980.143531286004 2944.1368356992252 22245.052978515625 0.552978515625 253.84069407984882 179366
3100 105.7 3098.6580328963923 3016.828473405516 22245.052978515625 0.552978515625 270.2331694796453 180451
3110 102.2 3136.5707154992497 2717.423705620667 22245.052978515625 0.552978515625 286.7043172011314 181508
3120 105.8 3043.6966559657085 2847.2339837848585 22245.052978515625 0.552978515625 302.6609460241231 182530
3130 105 2950.687755533856 2805.75346082554 23580.875 0.552978515625 318.4572713891699 183588
3140 102.2 3120.062465122768 3038.082403683226 23580.875 0.552978515625 333.4262485680384 184638
3150 102.2 3138.9046585471197 2805.5992573510784 23580.875 0.552978515625 348.76580589497433 185660
3160 105.3 2952.2084068305594 2711.069079165657 23580.875 0.552978515625 364.0405614011854 186682
3170 113.3 2981.2863034739094 3014.897996558091 26392.14111328125 0.552978515625 378.55751743621954 187735
3180 106 2932.1413887455797 2721.021897267592 26392.14111328125 0.552978515625 394.17102377175917 188868
3190 101.9 3054.731000636345 2862.533341796982 27036.615966796875 0.552978515625 408.335594487358 189928
3200 101.2 3233.1318091592307 2917.0896094066566 27036.615966796875 0.552978515625 422.45824066072447 190947
3210 107.9 2930.1437205402144 2846.199983395736 27036.615966796875 0.552978515625 437.27599680302825 191959
3220 100.6 3207.07577387239 2975.013252019463 27036.615966796875 0.552978515625 451.2100630175167 193038
3230 112.2 2859.8256146164053 2694.920780418907 27036.615966796875 0.552978515625 465.49754887185907 194044
3240 107 3010.2129670615527 2961.7619731882132 27036.615966796875 0.552978515625 479.2624264108022 195166
3250 99 3164.4631091185274 2991.214616983919 27036.615966796875 0.552978515625 493.0627335842887 196236
3260 100.5 3189.732272961366 2922.892780770118 27036.615966796875 0.552978515625 506.4721541058168 197226
3270 101.3 3156.271517634037 2903.9396067695116 27036.615966796875 0.552978515625 520.0758609904606 198231
3280 97.3 3246.4804584624726 2862.674705889413 28683.260986328125 0.552978515625 533.4788553098878 199244
3290 100.5 3262.6968664975893 2891.506950611394 28683.260986328125 0.552978515625 546.6633029834992 200217
3300 98.8 3210.943799964812 2756.6022223829173 28683.260986328125 0.552978515625 560.2284883575222 201222
3310 105.6 2867.979063323053 2784.3895014674617 28683.260986328125 0.552978515625 573.1799088009623 202210
3320 101.7 3317.2142604051455 3040.168675450522 30972.740966796875 0.552978515625 585.1017644343457 203266
3330 101.7 3054.85221762268 2674.897453786637 30972.740966796875 0.552978515625 598.7032800200885 204283
3340 104.4 2886.7758992513013 2777.1901644617706 30972.740966796875 0.552978515625 610.8703694966683 205300
3350 117.2 2909.2555819045983 2901.559463340207 30972.740966796875 0.552978515625 622.3853414515778 206344
3360 108 2984.9161673086655 2833.697173851852 30972.740966796875 0.492919921875 635.3010295036362 207516
3370 106.3 3121.29605369532 3092.4081359672405 30972.740966796875 0.492919921875 647.466096661345 208596
3380 98.5 3059.828125991434 2761.8547217582473 30972.740966796875 0.492919921875 660.0087551893696 209659
3390 102 3257.442681525737 2960.4387089765773 30972.740966796875 0.492919921875 671.2306370385561 210644
3400 104.9 3029.5762570565707 2695.0080351833617 30972.740966796875 0.492919921875 683.6934851628329 211664
3410 103 3118.8928407539433 2852.806549163529 30972.740966796875 0.492919921875 695.262270463762 212713
3420 102.1 3042.229548141375 2787.2980238936216 30972.740966796875 0.492919921875 706.9414341668956 213743
3430 102.7 3077.1143445810785 2940.823756257018 30972.740966796875 0.492919921875 718.0435237366929 214764
3440 99.9 3311.464869899197 3148.3110664712303 30972.740966796875 0.492919921875 729.2708952814153 215791
3450 107.6 3074.99082997829 2975.6683418592006 30972.740966796875 0.492919921875 741.1700224581447 216790
3460 103.2 3131.8850386272106 2792.711890351613 30972.740966796875 0.492919921875 752.696333075183 217866
3470 95.5 3216.521668439137 2728.7903703330117 30972.740966796875 0.492919921875 763.9130766915234 218898
3480 95.7 3315.7313277066187 2746.8464104447135 30972.740966796875 0.492919921875 774.566746212153 219853
3490 100.3 3098.602251594825 2777.17429337706 30972.740966796875 0.492919921875 785.5802623775902 220810
3500 101 3328.3971989093434 3135.966587631314 30972.740966796875 0.492919921875 796.0393475312327 221813
3510 99.7 3256.132571297877 2893.3317757728614 30972.740966796875 0.492919921875 807.5178817484898 222823
3520 100.1 3124.3590976894197 2867.182896986982 30972.740966796875 0.492919921875 818.4251681638269 223820
3530 109 2919.937953564005 2959.7965117023386 30972.740966796875 0.492919921875 828.6921799796943 224821
3540 100.4 3208.544760411481 2785.860048473706 30972.740966796875 0.492919921875 838.7822503755887 225911
3550 98.9 3175.857983225639 2847.0858123178145 30972.740966796875 0.492919921875 849.26741689202 226915
3560 98.3 3256.711596903213 2923.8413806347407 30972.740966796875 0.492919921875 859.3637647845711 227904
3570 107.4 3041.0227362208298 2857.440013155738 30972.740966796875 0.492919921875 869.6596440567562 228887
3580 104.4 3004.7234232818487 2687.481499474942 30972.740966796875 0.492919921875 879.8006851940978 229961
3590 114.5 2832.919286256482 2834.6026378240335 30972.740966796875 0.492919921875 889.4040242498048 231005
3600 114.6 2803.3465273659076 2832.9847834661323 30972.740966796875 0.492919921875 898.9897445814768 232150
3610 119.7 2737.5394241218282 2933.476903908386 30972.740966796875 0.492919921875 908.3443536320862 233296
3620 114.8 2812.987412296521 2936.387684002173 30972.740966796875 0.492919921875 917.6817176445566 234493
3630 110.8 2857.460690054223 3180.325551709208 30972.740966796875 0.492919921875 926.9153015177385 235641
3640 121.3 2755.284879906158 2913.6847437010324 30972.740966796875 0.492919921875 935.9503736426404 236749
3650 125.6 2569.216493837396 2796.7760109114615 30972.740966796875 0.492919921875 945.2243449325845 237962
3660 105 3059.128795572916 2964.4411954890907 30972.740966796875 0.492919921875 953.7510199278793 239218
3670 116.8 2679.9853137290625 3044.077358430586 30972.740966796875 0.492919921875 962.9517735214802 240268
3680 112.4 3072.1098632812477 2929.3554153450623 30972.740966796875 0.492919921875 971.2583026843326 241436
3690 118.7 2621.3110902781436 2833.7296225637765 30972.740966796875 0.492919921875 980.9934492629562 242560
3700 121 2739.0080844847625 3078.9892687245438 33387.051025390625 0.492919921875 988.9814738945826 243747
3710 118.3 2721.1597051160984 2842.62653015733 33387.051025390625 0.492919921875 997.6259796601419 244957
3720 127.2 2611.689514927894 2893.5080383317795 33387.051025390625 0.492919921875 1005.9096409797746 246140
3730 117 2742.715252946379 2872.154573463693 33387.051025390625 0.492919921875 1014.1653116815272 247412
3740 120.3 2677.7287498214127 3002.8326794429067 35011.9111328125 0.492919921875 1022.3010714359739 248582
3750 125.4 2671.950609027678 3111.066298941703 35011.9111328125 0.492919921875 1030.2738460104988 249785
3760 122.8 2709.894628468865 2910.7916641394727 35011.9111328125 0.492919921875 1038.474415088704 251039
3770 120.9 2562.142885067721 2697.8928395774487 35011.9111328125 0.492919921875 1046.6106517824883 252267
3780 135.1 2414.430554551606 2861.062095100115 35011.9111328125 0.492919921875 1053.8392591064237 253476
3790 122.3 2659.2579364667467 2863.333578682192 35011.9111328125 0.492919921875 1061.05261891581 254827
3800 121.3 2665.3822046643113 2959.165016844344 35011.9111328125 0.492919921875 1068.686304146682 256050
3811 122 2699.052905273435 2999.2317684568075 35011.9111328125 0.492919921875 1076.2147560706971 257263
3820 109 3014.0642784188653 2919.4824678601653 35011.9111328125 0.492919921875 1083.8743025090598 258483
3830 122.4 2588.8420501908436 2842.1388904506234 35011.9111328125 0.492919921875 1091.9795641261837 259573
3840 121.2 2684.4505689765756 2855.489819494728 35011.9111328125 0.492919921875 1099.004797096437 260797
3850 120 2751.8166341145843 3004.888120312548 35011.9111328125 0.492919921875 1106.3387446918202 262009
3860 117.5 2765.8436282413586 2990.8734050975754 35011.9111328125 0.492919921875 1113.8406669942767 263209
3870 124.5 2663.7285858276837 3017.048744934273 35011.9111328125 0.492919921875 1121.1826524376672 264384
3880 111.6 2860.3556573245655 2733.0700208406784 35011.9111328125 0.492919921875 1128.4125470917545 265629
3890 119.9 2735.6588530806916 2812.9165814817184 35011.9111328125 0.492919921875 1135.658600479896 266745
3900 113.4 2981.1572302224586 3083.728092267698 35011.9111328125 0.492919921875 1142.818306623226 267944
3910 121.3 2532.4847779427346 2662.406352922707 35011.9111328125 0.492919921875 1150.5657863107572 269078
3920 110.2 2885.6504145516665 2973.2163514103977 35011.9111328125 0.492919921875 1156.7675012655636 270291
3930 118 2876.574146128506 2983.907409051937 35011.9111328125 0.492919921875 1163.7876859071766 271393
3940 112.2 2915.833114651224 2884.0791144489776 35011.9111328125 0.492919921875 1171.202536325454 272573
3950 117.9 2784.029095184611 2948.8377583981583 35011.9111328125 0.490966796875 1178.3545687297053 273695
3960 116.5 2771.7019640222625 2718.1171528970176 35011.9111328125 0.490966796875 1185.2416888890887 274874
3970 124.7 2568.7794640731468 2837.542995625222 35011.9111328125 0.490966796875 1191.9372145957102 276039
3980 121.4 2759.8693049272174 3126.456794606794 35011.9111328125 0.490966796875 1198.12909693055 277286
3990 113.4 2823.4018819496096 2935.3219137499955 35011.9111328125 0.490966796875 1204.9368262393757 278500
4000 117.7 2637.835869256781 2804.11559236079 35011.9111328125 0.490966796875 1211.5001889677114 279634
4010 113.6 2691.4948926039156 2857.7917440831434 35011.9111328125 0.490966796875 1217.478576907287 280811
4020 120.4 2891.4004222578383 3055.4986230885897 35011.9111328125 0.490966796875 1223.4175744303373 281947
4030 115 2719.386007557747 2718.209595280708 35011.9111328125 0.490966796875 1230.5100846061243 283151
4040 113.2 2938.6900026570797 3174.2481886417904 35011.9111328125 0.490966796875 1236.5326005712259 284301
4050 115.9 2826.6689912336847 2885.216712143184 35011.9111328125 0.490966796875 1243.283194157676 285433
4060 117.8 2826.7951668446276 3024.759221706778 35011.9111328125 0.490966796875 1249.6865276031704 286592
4070 122.6 2688.421494451275 2815.637677596185 35011.9111328125 0.490966796875 1256.142495831361 287770
4080 124.5 2567.310579230988 2816.125485487157 35011.9111328125 0.490966796875 1262.2186147129648 288996
4090 113.3 2781.794073739522 2938.301155047074 35011.9111328125 0.490966796875 1267.81685719361 290241
4100 110.1 3070.4266493794694 2899.8424975053344 35011.9111328125 0.490966796875 1273.7039170766006 291374
4110 112.2 2823.6355694177523 2754.8498534859095 35011.9111328125 0.490966796875 1280.4675438079983 292475
4120 122.8 2633.6603037681953 3114.5928158826605 35011.9111328125 0.490966796875 1286.364860622319 293597
4130 118.8 2790.272751933396 2737.3572801158534 35011.9111328125 0.490966796875 1291.9765923417563 294825
4140 125.4 2534.555379815838 2777.6770527062536 35011.9111328125 0.490966796875 1297.9897601336938 296013
4150 118.8 2750.8786873865592 2877.90313397853 35011.9111328125 0.490966796875 1303.2061255125668 297267
4160 117 2792.200165055756 2955.7868702217766 35011.9111328125 0.490966796875 1308.9685855266605 298455
4170 121.8 2675.217907534445 2804.6596756520416 35011.9111328125 0.490966796875 1314.7604284905287 299625
4180 120.6 2698.684729429029 2874.1820955868598 35011.9111328125 0.490966796875 1320.268408431812 300843
4190 122.1 2705.2175774851576 2834.1499872336244 35011.9111328125 0.490966796875 1325.7720521555875 302049
4200 130.3 2311.5487550514435 2906.9892071198824 37972.614013671875 0.490966796875 1331.3258589496238 303270
4210 137.9 2425.6684931477785 2867.463627114266 37972.614013671875 0.490966796875 1335.5193706319485 304573
4220 134.6 2445.343764147826 2814.4365347267244 37972.614013671875 0.490966796875 1340.4329375965356 305952
4230 137.2 2324.1662651039787 2758.0745779477356 37972.614013671875 0.490966796875 1345.2725719987707 307298
4240 128.5 2526.6138592078064 2936.2743420043284 37972.614013671875 0.490966796875 1349.623633478475 308670
4250 128.1 2710.853513909725 2997.5223690267744 37972.614013671875 0.490966796875 1354.503156119059 309955
4260 138.5 2307.1466939657657 2649.9878283346393 37972.614013671875 0.490966796875 1360.0856877295728 311236
4270 130.9 2445.9397778376265 2819.9884218446255 37972.614013671875 0.490966796875 1364.2814375148946 312621
4280 136.8 2404.259922674524 2841.272862460214 37972.614013671875 0.490966796875 1368.7916492419754 313930
4290 132.5 2470.4025866008274 2847.0594088629855 37972.614013671875 0.490966796875 1373.2842898488163 315298
4300 132.3 2532.1849991732797 2979.8084402302147 37972.614013671875 0.490966796875 1377.8754968779847 316623
4310 137.5 2330.855504083813 2832.625182713127 37972.614013671875 0.490966796875 1382.6786756301524 317946
4320 128.8 2607.9449385175044 2850.1073954142007 37972.614013671875 0.490966796875 1386.7615362598126 319321
4330 125.2 2598.6913397548274 2953.636302668712 37972.614013671875 0.490966796875 1391.6674628623343 320609
4340 133.9 2451.6289414398 2934.8433416575704 37972.614013671875 0.490966796875 1396.3626384004374 321861
4350 135.2 2396.934804882523 2857.8000327094874 37972.614013671875 0.490966796875 1400.7345492289328 323200
4360 137.1 2414.104196227085 3046.185080838719 37972.614013671875 0.490966796875 1404.8844627886817 324552
4370 134.7 2311.780472447449 2646.272612944536 37972.614013671875 0.490966796875 1409.129760771776 325923
4380 132.6 2466.2751755750387 2879.077834648146 37972.614013671875 0.490966796875 1412.8449516191718 327270
4390 137.4 2351.720627608426 2823.26284483549 37972.614013671875 0.490966796875 1417.095911694661 328596
4400 131.4 2498.679693817189 2995.446814452332 37972.614013671875 0.490966796875 1420.9877029473976 329970
4410 134.5 2465.6277864704302 3000.916885955793 37972.614013671875 0.490966796875 1425.262244657842 331284
4420 126 2553.5730838836207 2808.00661389981 37972.614013671875 0.490966796875 1429.4690085110778 332629
4430 130.5 2509.2034557590996 2979.842095611536 37972.614013671875 0.490966796875 1433.7110504321038 333889
4440 125.6 2608.37848891726 2918.193230345312 37972.614013671875 0.490966796875 1437.898230360598 335194
4450 125.5 2622.8870027701682 2952.636994488069 37972.614013671875 0.490966796875 1442.267745012841 336450
4460 125.7 2593.893866612597 2895.72406565608 37972.614013671875 0.490966796875 1446.6552345924606 337705
4470 128.5 2530.689768702879 3093.0266121878008 37972.614013671875 0.490966796875 1450.909631723848 338962
4480 139.7 2348.9995749821032 2913.9598330886456 37972.614013671875 0.490966796875 1454.9876029506863 340247
4490 129.3 2586.3116490009297 3018.5983079347343 37972.614013671875 0.490966796875 1458.643264179708 341644
4500 140.2 2392.01238447725 2803.8430488617123 37972.614013671875 0.490966796875 1462.894993277396 342937
4510 127.2 2503.866298075741 2798.843982495297 37972.614013671875 0.490966796875 1466.677958850457 344339
4520 129.1 2438.8349433502954 2814.4943301419216 37972.614013671875 0.490966796875 1470.495266654591 345611
4530 131.4 2577.0673421223964 3197.8033552956913 37972.614013671875 0.490966796875 1474.0989545048026 346902
4540 134.7 2480.446888811077 2870.6148625632445 37972.614013671875 0.490966796875 1478.2610276471323 348216
4550 124.6 2458.1814642794425 2839.4854004820922 37972.614013671875 0.490966796875 1482.1228332586754 349563
4560 132.5 2478.3487468676326 2953.0696511757956 37972.614013671875 0.490966796875 1485.589588827238 350809
4570 132.9 2384.903565187938 2719.9601089170706 37972.614013671875 0.490966796875 1489.32511531546 352134
4580 134.6 2540.2441415319176 3076.1674320825555 37972.614013671875 0.490966796875 1492.692437382778 353463
4590 134.3 2411.3502014569176 2814.4380496424574 37972.614013671875 0.490966796875 1496.6664194232133 354809
4600 139.8 2351.8307642684335 2776.9041284491564 37972.614013671875 0.490966796875 1500.1155656284045 356152
4610 134.7 2397.6144599036625 2745.56237928721 37972.614013671875 0.490966796875 1503.445723222304 357550
4620 128 2595.3283826828006 2790.752504354768 37972.614013671875 0.490966796875 1506.8016868784778 358897
4630 128.6 2503.7907236434467 2897.315426157887 37972.614013671875 0.490966796875 1510.6701020483233 360177
4640 134.8 2469.5089004471297 3067.117303777298 37972.614013671875 0.490966796875 1514.2033907096009 361463
4650 127.7 2577.657504351327 2908.637435903926 37972.614013671875 0.490966796875 1517.7527644251888 362811
4660 136.7 2444.979493259077 2740.995242092504 37972.614013671875 0.490966796875 1521.470267756487 364088
4670 130.5 2464.255938510237 2741.9843548926556 37972.614013671875 0.490966796875 1524.9246933663762 365455
4680 137.1 2335.8938900024477 2764.648762233241 37972.614013671875 0.490966796875 1528.2670078906228 366760
4690 136.6 2372.264512426505 2883.296656801284 37972.614013671875 0.490966796875 1531.2747862504332 368131
4700 130.5 2530.6379332794563 3063.673868452764 37972.614013671875 0.490966796875 1534.3838560560243 369497
4710 126 2594.848905242434 2932.0761281617824 37972.614013671875 0.490966796875 1537.890071154046 370802
4720 131.4 2448.3272253585164 2851.589472291407 37972.614013671875 0.490966796875 1541.469496440561 372062
4730 134.9 2517.048037427901 2792.9566581827917 37972.614013671875 0.490966796875 1544.6609470313815 373376
4740 118.8 2770.5594743413953 2930.2003447895863 37972.614013671875 0.490966796875 1548.1615146074569 374725
4750 119 2527.0633374638924 2839.003359843541 37972.614013671875 0.490966796875 1552.0246658583153 375913
4760 135.8 2402.9335284900253 2994.216149933661 37972.614013671875 0.490966796875 1555.101533502462 377103
4770 131.4 2470.8039104862323 2724.275579555944 37972.614013671875 0.490966796875 1558.1437382453366 378461
4780 125.4 2601.0048199277967 2778.373623229676 37972.614013671875 0.490966796875 1561.3014907733454 379775
4790 89.4 3588.4438348211165 3144.714619327613 37972.614013671875 0.490966796875 1564.7232460065684 381029
4800 48.8 1718.3531534163692 2626.91856755741 37972.614013671875 0.490966796875 1569.4603427679579 381923
4810 7.5 84.18973958333335 40.82918872713999 37972.614013671875 0.490966796875 1569.6503469561126 382411
4820 1.3 68.16836313100961 30.068562066256245 37972.614013671875 0.490966796875 1569.359069509218 382486
4830 0.5 71.523828125 40.70372643217891 37972.614013671875 0.490966796875 1569.308048515221 382499
4840 0.2 67.910888671875 2.56005859375 37972.614013671875 0.490966796875 1569.2884698412672 382504
4845 0 0 0 37972.614013671875 0.490966796875 1569.2806196241143 382506
