10 0.4 4
20 0.6 10
30 1.5 25
40 1.5 40
50 1.6 56
60 2.1 77
70 3.3 110
80 3.3 143
90 3.7 180
100 2.1 201
110 2.2 223
120 2.2 245
130 2.4 269
140 1.5 284
150 1.2 296
160 1.8 314
170 1.1 325
180 2.3 348
190 1.5 363
200 1.8 381
210 3.5 416
220 2.2 438
230 1.1 449
240 2.5 474
250 3 504
260 3.5 539
270 3.2 571
280 3.6 607
290 3.5 642
300 3.1 673
310 3.9 712
320 2.6 738
330 2.6 764
340 3.7 801
350 3.2 833
360 1.5 848
370 1.9 867
380 1.9 886
390 1.5 901
400 2.6 927
410 2.1 948
420 2.4 972
430 3 1002
440 1 1012
450 1.6 1028
460 2.6 1054
470 2.5 1079
480 2.8 1107
490 1.9 1126
500 3.2 1158
510 2.5 1183
520 2.1 1204
530 1.8 1222
540 1.6 1238
550 3.1 1269
560 2.4 1293
570 2.8 1321
580 2.7 1348
590 2.3 1371
600 2 1391
610 2.9 1420
620 3.8 1458
630 4.2 1500
640 2.4 1524
650 2.2 1546
660 3.2 1578
670 3.7 1615
680 3.5 1650
690 3.2 1682
700 2.4 1706
710 3 1736
720 3.4 1770
730 3.3 1803
740 2.1 1824
750 2.6 1850
760 2.4 1874
770 3.4 1908
780 2.7 1935
790 2 1955
800 3.2 1987
810 3.4 2021
820 3.1 2052
830 3.9 2091
840 3.2 2123
850 3.7 2160
860 2.9 2189
870 3.3 2222
880 2.2 2244
890 3.3 2277
900 4.4 2321
910 3.3 2354
920 4.2 2396
930 2.9 2425
940 3.4 2459
950 2.8 2487
960 1.7 2504
970 2.8 2532
980 2.3 2555
990 2 2575
1000 2.3 2598
1010 2.7 2625
1020 3.9 2664
1030 3.1 2695
1040 2.5 2720
1050 2.9 2749
1060 4.3 2792
1070 3.6 2828
1080 4.1 2869
1090 3.3 2902
1100 3.5 2937
1110 2.8 2965
1120 3.6 3001
1130 2.9 3030
1140 3.6 3066
1150 2.2 3088
1160 3.2 3120
1170 3.2 3152
1180 2.2 3174
1190 2.1 3195
1200 1.4 3209
1210 2.6 3235
1220 3.8 3273
1230 4.1 3314
1240 3.7 3351
1250 5.2 3403
1260 5.4 3457
1270 4.8 3505
1280 4.1 3546
1290 3.6 3582
1300 2.9 3611
1310 4.4 3655
1320 5.9 3714
1330 4 3754
1340 5 3804
1350 5.1 3855
1360 4.1 3896
1370 4.9 3945
1380 5.2 3997
1390 4.1 4038
1400 4.8 4086
1410 5.2 4138
1420 5.2 4190
1430 4 4230
1440 4.7 4277
1450 4.1 4318
1460 4.1 4359
1470 4.8 4407
1480 3.6 4443
1490 3.6 4479
1500 4.8 4527
1510 5.8 4585
1520 5.6 4641
1530 5.7 4698
1540 3.4 4732
1550 4.5 4777
1560 4.5 4822
1570 5.4 4876
1580 6.7 4943
1590 7.8 5021
1600 6.2 5083
1610 5.9 5142
1620 4 5182
1630 4.2 5224
1640 3.8 5262
1650 4.1 5303
1660 3.8 5341
1670 4.7 5388
1680 4.4 5432
1690 4.7 5479
1700 5.1 5530
1710 4.6 5576
1720 4.1 5617
1730 2.2 5639
1740 3.5 5674
1750 2.6 5700
1760 4.2 5742
1770 4.2 5784
1780 4.8 5832
1790 5.5 5887
1800 5.3 5940
1810 4.1 5981
1820 5 6031
1830 7.3 6104
1840 9.3 6197
1850 9 6287
1860 9.7 6384
1870 11.6 6500
1880 10.8 6608
1890 9.5 6703
1900 10.2 6805
1910 11.3 6918
1920 11.6 7034
1930 9.9 7133
1940 10 7233
1950 9.4 7327
1960 9.5 7422
1970 11.5 7537
1980 9.4 7631
1990 12.3 7754
2000 9.1 7845
2010 8.8 7933
2020 8.7 8020
2030 9.4 8114
2040 11 8224
2050 11.5 8339
2060 12.1 8460
2070 9.8 8558
2080 10.9 8667
2090 8.4 8751
2100 10 8851
2110 9.4 8945
2120 11.7 9062
2130 10 9162
2140 9.7 9259
2150 10 9359
2160 11.1 9470
2170 8.3 9553
2180 10.8 9661
2190 10.2 9763
2200 7.5 9838
2210 11.9 9957
2220 9.3 10050
2230 10.3 10153
2240 9.3 10246
2250 10 10346
2260 8.6 10432
2270 9.9 10531
2280 9.5 10626
2290 11 10736
2300 10.8 10844
2310 10.8 10952
2320 9.2 11044
2330 8.3 11127
2340 11.1 11238
2350 10.4 11342
2360 9.4 11436
2370 9.1 11527
2380 7.3 11600
2390 6 11660
2400 6.3 11723
2410 2.9 11752
2420 0.8 11760
2430 0.1 11761
2440 0.1 11762
2450 0 11762
2460 0 11762
2470 0 11762
2479 0 11762
