10 0.2 2
20 0 2
30 0 2
40 0.1 3
50 0.1 4
60 0 4
70 0.3 7
80 0.4 11
90 0.4 15
100 0.4 19
110 0.4 23
120 0.1 24
130 0.3 27
140 0.3 30
150 0.1 31
160 0.2 33
170 0.2 35
180 0 35
190 0.2 37
200 0.3 40
210 0.3 43
220 0.1 44
230 0 44
240 0.1 45
250 0.4 49
260 0.3 52
270 0.1 53
280 0.2 55
290 0.4 59
300 0.2 61
310 0.1 62
320 0.2 64
330 0.4 68
340 0 68
350 0.4 72
360 0 72
370 0.2 74
380 0.1 75
390 0.1 76
400 0.2 78
410 0.1 79
420 0.3 82
430 0.1 83
440 0.3 86
450 0.1 87
460 0.2 89
470 0.2 91
480 0.5 96
490 0.1 97
500 0.4 101
510 0.2 103
520 0.2 105
530 0.5 110
540 0.3 113
550 0.2 115
560 0.1 116
570 0.2 118
580 0.4 122
590 0.1 123
600 0.2 125
610 0.2 127
620 0 127
630 0.5 132
640 0.3 135
650 0 135
660 0.2 137
670 0.6 143
680 0 143
690 0.3 146
700 0.1 147
710 0.2 149
720 0.2 151
730 0.4 155
740 0.4 159
750 0.2 161
760 0.4 165
770 0.2 167
780 0.1 168
790 0 168
800 0.5 173
810 0.5 178
820 0.3 181
830 0 181
840 0.3 184
850 0.2 186
860 0.5 191
870 0.7 198
880 0.2 200
890 0.4 204
900 0.2 206
910 0.1 207
920 0.4 211
930 0.1 212
940 0.1 213
950 0.2 215
960 0.2 217
970 0.1 218
980 0 218
990 0.1 219
1000 0.2 221
1010 0.1 222
1020 0.3 225
1030 0.1 226
1040 0 226
1050 0.3 229
1060 0.4 233
1070 0.1 234
1080 0.5 239
1090 0.2 241
1100 0.2 243
1110 0 243
1120 0.1 244
1130 0.2 246
1140 0.2 248
1150 0.2 250
1160 0.1 251
1170 0.5 256
1180 0.3 259
1190 0.1 260
1200 0.1 261
1210 0.2 263
1220 0.1 264
1230 0.6 270
1240 0.1 271
1250 0.1 272
1260 0.5 277
1270 0.1 278
1280 0.2 280
1290 0.3 283
1300 0 283
1310 0.1 284
1320 0.4 288
1330 0.1 289
1340 0.1 290
1350 0.1 291
1360 0.3 294
1370 0.4 298
1380 0.1 299
1390 0.2 301
1400 0.5 306
1410 0.1 307
1420 0.6 313
1430 0.4 317
1440 0.3 320
1450 0.2 322
1460 0.3 325
1470 0.7 332
1480 0.4 336
1490 0.4 340
1500 0.4 344
1510 0.6 350
1520 0.4 354
1530 0.4 358
1540 0.4 362
1550 0.5 367
1560 0.5 372
1570 0.5 377
1580 0.3 380
1590 0.5 385
1600 0.5 390
1610 0.5 395
1620 0.7 402
1630 0.5 407
1640 0.6 413
1650 0.4 417
1660 0.5 422
1670 0.5 427
1680 0.2 429
1690 0.5 434
1700 0.3 437
1710 0.3 440
1720 0.4 444
1730 0.4 448
1740 0.2 450
1750 0.6 456
1760 0.2 458
1770 0.7 465
1780 0.3 468
1790 0.7 475
1800 0.5 480
1810 0.5 485
1820 0.6 491
1830 0.3 494
1840 0.6 500
1850 1.1 511
1860 0.8 519
1870 0.9 528
1880 0.8 536
1890 0.6 542
1900 0.7 549
1910 0.8 557
1920 0.6 563
1930 0.6 569
1940 0.6 575
1950 1 585
1960 1.1 596
1970 1 606
1980 0.6 612
1990 0.9 621
2000 1.4 635
2010 0.4 639
2020 0.7 646
2030 0.7 653
2040 1.2 665
2050 0.5 670
2060 1.1 681
2070 1 691
2080 0.9 700
2090 1 710
2100 0.6 716
2110 1.1 727
2120 1.4 741
2130 1 751
2140 1.3 764
2150 0.9 773
2160 0.8 781
2170 0.4 785
2180 0.8 793
2190 0.8 801
2200 0.4 805
2210 0.7 812
2220 0.8 820
2230 1 830
2240 0.8 838
2250 0.6 844
2260 0.7 851
2270 1.1 862
2280 0.9 871
2290 1.5 886
2300 1.2 898
2310 1.8 916
2320 0.8 924
2330 0.6 930
2340 0.4 934
2350 1.3 947
2360 2.3 970
2370 0.5 975
2380 0.7 982
2390 0.7 989
2400 0.8 997
2410 0.3 1000
2420 0.3 1003
2430 0.2 1005
2440 0 1005
2450 0 1005
2460 0.1 1006
2470 0 1006
2479 0 1006
