10 0.1 1.10302734375 0.0 1.10302734375 1.10302734375 0 0
20 0.5 1.149755859375 0.13247823500461867 1.385986328125 1.008056640625 1.10302734375 1
30 0.3 1.1636555989583333 0.08759769556410146 1.385986328125 1.008056640625 1.1419677734375 6
40 0.1 1.216064453125 0.0 1.385986328125 1.008056640625 1.1491970486111112 9
50 0.5 1.0998046875 0.13174072444338414 1.385986328125 0.97509765625 1.1558837890625 10
60 0.8 1.05902099609375 0.19333697680590411 1.385986328125 0.760986328125 1.1371907552083333 15
70 0.9 1.0972764756944444 0.17787863632065806 1.385986328125 0.760986328125 1.1100012737771738 23
80 0.6 1.0499267578125 0.08625926843315132 1.385986328125 0.760986328125 1.1064224243164063 32
90 0.6 0.9195149739583334 0.25543358651852666 1.406005859375 0.669921875 1.0975020559210527 38
100 0.1 1.159912109375 0.0 1.406005859375 0.669921875 1.0732310901988635 44
110 0.7 1.1492396763392858 0.19947711483262334 1.48876953125 0.669921875 1.0751573350694443 45
120 0.5 1.85517578125 1.891057987286296 5.634033203125 0.669921875 1.085129957932692 52
130 0.3 1.1509602864583333 0.03940197405874852 5.634033203125 0.669921875 1.1526778371710524 57
140 0.2 1.01806640625 0.088134765625 5.634033203125 0.669921875 1.1525919596354164 60
150 0.5 1.0015625 0.14502558120797834 5.634033203125 0.669921875 1.1482524256552418 62
160 0.4 1.070556640625 0.18523557549147543 5.634033203125 0.669921875 1.1373054162779848 67
170 0.3 6.483072916666667 7.72159671756293 17.401123046875 0.669921875 1.1335449218749998 71
180 0.3 0.9176432291666666 0.1291646711133809 17.401123046875 0.669921875 1.350417678420608 74
190 0.4 1.10455322265625 0.15356390730089178 17.401123046875 0.669921875 1.333556336241883 77
200 0.6 1.0323486328125 0.13398477760009778 17.401123046875 0.669921875 1.322247540509259 81
210 0.7 0.9532645089285714 0.23760091807103448 17.401123046875 0.592041015625 1.3022545123922413 87
220 0.3 1.0977376302083333 0.10635443647240204 17.401123046875 0.592041015625 1.276265895113032 94
230 0.4 0.9903564453125 0.14775657071511666 17.401123046875 0.592041015625 1.2707444023840206 97
240 0.7 0.8928920200892857 0.1252652973037405 17.401123046875 0.592041015625 1.2596399288366336 101
250 0.4 1.1177978515625 0.09687269577239312 17.401123046875 0.592041015625 1.2358692310474537 108
260 0.9 0.8625217013888888 0.1712880929733417 17.401123046875 0.592041015625 1.2316523960658483 112
270 0.5 4.928759765625 7.762197427181579 20.44677734375 0.592041015625 1.204196393982438 121
280 1.2 1.5246175130208333 2.2013797110915445 20.44677734375 0.592041015625 1.3519965277777777 126
290 0.7 1.0101143973214286 0.1023681758858941 20.44677734375 0.592041015625 1.3670070482336956 138
300 0.7 1.6608537946428572 1.5943797623881644 20.44677734375 0.592041015625 1.3497777478448276 145
310 0.3 1.023193359375 0.2127184623774973 20.44677734375 0.592041015625 1.3641036184210527 152
320 0.6 0.833984375 0.1498326772364989 20.44677734375 0.592041015625 1.3575053553427419 155
330 0.5 3.668798828125 2.5078909536669083 20.44677734375 0.592041015625 1.3379952566964286 161
340 0.8 2.08953857421875 1.940641977133028 20.44677734375 0.592041015625 1.4082001835466869 166
350 0.6 2.3623860677083335 3.2840404049293657 20.44677734375 0.592041015625 1.4395260865660922 174
360 0.2 0.91796875 0.009033203125 20.44677734375 0.592041015625 1.4702880859375 180
370 0.4 1.03955078125 0.21075226456499074 20.44677734375 0.592041015625 1.4642186426854396 182
380 0.3 0.9723307291666666 0.1600635953189887 20.44677734375 0.592041015625 1.4550860005040323 186
390 0.4 1.0400390625 0.0980973011454426 20.44677734375 0.592041015625 1.447423218419312 189
400 0.4 1.0784912109375 0.26631649552566233 20.44677734375 0.592041015625 1.4389800234779793 193
410 0.6 0.9597981770833334 0.1482992141573626 20.44677734375 0.592041015625 1.4316604536802031 197
420 0.6 0.8111979166666666 0.10919571366326307 20.44677734375 0.592041015625 1.417713785406404 203
430 0.5 1.03876953125 0.2419967589358362 20.44677734375 0.592041015625 1.4003018465909092 209
440 0.2 0.85498046875 0.070068359375 20.44677734375 0.592041015625 1.3918548298773366 214
450 0.6 0.9656982421875 0.16270385267932114 20.44677734375 0.592041015625 1.3868837709780093 216
460 0.6 0.89990234375 0.247007741531362 20.44677734375 0.592041015625 1.3755003783079955 222
470 0.5 0.953271484375 0.2197169919790708 20.44677734375 0.592041015625 1.3629846405564694 228
480 0.4 0.81903076171875 0.11606792658196975 20.44677734375 0.592041015625 1.3541925127414163 233
490 0.7 1.193603515625 0.07794648620073989 20.44677734375 0.592041015625 1.3451602469013713 237
500 0.7 0.8730817522321429 0.1591715258350374 20.44677734375 0.592041015625 1.3408123078893444 244
510 0.4 0.8590087890625 0.09624011360520865 20.44677734375 0.592041015625 1.3277680294447212 251
520 0.2 0.823486328125 0.031494140625 20.44677734375 0.592041015625 1.3204149433210783 255
530 0.5 0.898681640625 0.1960077956070133 20.44677734375 0.592041015625 1.3165477945646886 257
540 0.6 0.95654296875 0.1650365945906149 20.44677734375 0.592041015625 1.3085732496421756 262
550 0.6 0.9008382161458334 0.21867094049333174 20.44677734375 0.592041015625 1.3006919746968284 268
560 0.3 0.893310546875 0.05472708586343401 20.44677734375 0.592041015625 1.2919360529767336 274
570 0.8 1.74127197265625 2.4698198926071093 20.44677734375 0.592041015625 1.2876188092283394 277
580 0.4 0.83697509765625 0.1438421757230898 20.44677734375 0.592041015625 1.300352933114035 285
590 0.6 0.8765869140625 0.1649610797900436 20.44677734375 0.592041015625 1.293939399059256 289
600 0.3 0.9293619791666666 0.0763761818075167 20.44677734375 0.592041015625 1.285450873940678 295
610 0.9 0.8802625868055556 0.24001337545901522 20.44677734375 0.55712890625 1.281866086409396 298
620 0.8 0.852630615234375 0.10791753942165555 20.44677734375 0.55712890625 1.2700926939128665 307
630 0.8 0.848419189453125 0.09529700524595974 20.44677734375 0.55712890625 1.259490482390873 315
640 0.2 0.8955078125 0.0625 20.44677734375 0.55712890625 1.2493091500580495 323
650 0.6 0.8786214192708334 0.15652729965271578 20.44677734375 0.55712890625 1.2471319110576924 325
660 0.8 0.8673095703125 0.12066420387464782 20.44677734375 0.55712890625 1.2404519625660877 331
670 1 1.7204345703125 1.7726878542077122 20.44677734375 0.55712890625 1.2316462423949115 339
680 0.6 3.0955810546875 5.1232033653660025 20.44677734375 0.55712890625 1.2456516386103151 349
690 0.6 2.1252034505208335 1.9039150666036349 20.44677734375 0.55712890625 1.2769180512764085 355
700 0.5 1.0310546875 0.11052355840537098 20.44677734375 0.55712890625 1.2910169775796398 361
710 1.1 1.4634454900568181 1.2863993437872365 20.44677734375 0.55712890625 1.2874655801741803 366
720 0.8 1.554473876953125 2.082674851836025 20.44677734375 0.55712890625 1.2926002725049734 377
730 0.3 0.961669921875 0.1768431062553514 20.44677734375 0.55712890625 1.298041801948052 385
740 0.4 0.8577880859375 0.11374942454517394 20.44677734375 0.55712890625 1.2954409884423326 388
750 0.3 0.9524739583333334 0.057256861431472135 20.44677734375 0.55712890625 1.2909751424984057 392
760 0.6 0.7944742838541666 0.06223501883013669 20.44677734375 0.55712890625 1.2884042474287976 395
770 0.9 1.3025444878472223 1.252349726042184 20.44677734375 0.55712890625 1.281013774158354 401
780 0.3 1.0323893229166667 0.23851138260019306 20.44677734375 0.55712890625 1.2814863995807926 410
790 0.5 0.9166015625 0.08743051767453629 20.44677734375 0.55712890625 1.2796769777164043 413
800 0.8 3.921295166015625 5.800433107888204 20.44677734375 0.55712890625 1.2753339703573565 418
810 0.8 0.85076904296875 0.1410813741019353 20.44677734375 0.55712890625 1.3250233824823943 426
820 0.5 0.95263671875 0.17088392795548707 20.44677734375 0.55712890625 1.3162813670074884 434
830 0.9 1.5084635416666667 1.810044466863455 20.44677734375 0.55712890625 1.3121396284168565 439
840 0.8 0.799530029296875 0.0719356154282807 20.44677734375 0.55712890625 1.3160836356026786 448
850 0.5 0.87099609375 0.10976901337630497 20.44677734375 0.55712890625 1.3070212916324013 456
860 0.6 0.80322265625 0.12376870254833923 20.44677734375 0.55712890625 1.3022921680111172 461
870 0.7 1.5475376674107142 1.5125115750751825 20.44677734375 0.55712890625 1.2958801400227515 467
880 0.4 1.05804443359375 0.10641624333736326 20.44677734375 0.55712890625 1.2995966013976794 474
890 1 2.6576171875 5.699256512188018 20.44677734375 0.55712890625 1.2975752443449269 478
900 1.3 0.8374774639423077 0.16486554433525685 20.44677734375 0.55712890625 1.3254449562948258 488
910 0.2 0.9051513671875 0.1829833984375 20.44677734375 0.55712890625 1.312783125155938 501
920 0.9 0.8637966579861112 0.18356400357295594 20.44677734375 0.55712890625 1.3111623229373757 503
930 0.5 3.40693359375 3.721124430835694 20.44677734375 0.55712890625 1.3032984733581543 512
940 0.6 1.26416015625 0.8289078065580134 20.44677734375 0.55712890625 1.32364310701765 517
950 0.4 1.07232666015625 0.1257107762342868 20.44677734375 0.55712890625 1.3229607022287284 523
960 0.3 1.029296875 0.15327106178843597 20.44677734375 0.55712890625 1.3210583565583491 527
970 0.9 0.9246690538194444 0.26121188782424176 20.44677734375 0.55712890625 1.3194068764740565 530
980 0.4 0.98626708984375 0.19085742156207608 20.44677734375 0.55712890625 1.3128157068935529 539
990 0.3 0.9703776041666666 0.1241515825057145 20.44677734375 0.55712890625 1.310410192219153 543
1000 0.3 1.0083821614583333 0.10507795356695539 20.44677734375 0.55712890625 1.3085418812957876 546
1010 0.9 2.479248046875 2.9212145928837145 20.44677734375 0.55712890625 1.3069016642474955 549
1020 0.8 0.81427001953125 0.08833115694600785 20.44677734375 0.55712890625 1.3258104768705197 558
1030 0.5 1.0490234375 0.22263822783765133 20.44677734375 0.55712890625 1.318580223056537 566
1040 0.5 1.074658203125 0.2530349288622111 20.44677734375 0.55712890625 1.3162198308887916 571
1050 0.9 0.9060601128472222 0.17959882889804005 20.44677734375 0.55712890625 1.3141229417588975 576
1060 1.1 0.8406427556818182 0.14420178292483668 20.44677734375 0.55712890625 1.3078450520833333 585
1070 0.6 0.7965087890625 0.027934549259755068 20.44677734375 0.55712890625 1.2992221909081376 596
1080 1 0.908056640625 0.10924774396299741 20.44677734375 0.55712890625 1.294211758331603 602
1090 0.6 0.9135335286458334 0.13088908577818564 20.44677734375 0.55712890625 1.2879020341860703 612
1100 0.8 0.936370849609375 0.1376238664635397 20.44677734375 0.55712890625 1.2842673885012137 618
1110 0.4 1.22686767578125 0.41492959317911965 20.44677734375 0.55712890625 1.2798214263428516 626
1120 0.5 1.119775390625 0.4067805889423477 20.44677734375 0.55712890625 1.2794852120535716 630
1130 0.5 0.846630859375 0.10434119036729064 20.44677734375 0.55712890625 1.2782276544045277 635
1140 0.7 2.1493094308035716 3.280594649639848 20.44677734375 0.55712890625 1.2748558044433596 640
1150 0.8 0.87109375 0.09461157987562724 20.44677734375 0.55712890625 1.284316662842929 647
1160 0.5 1.98505859375 1.4970878577152937 20.44677734375 0.55712890625 1.2792696654341604 655
1170 0.7 0.9351632254464286 0.1998822298520035 20.44677734375 0.55712890625 1.284616551254735 660
1180 0.4 1.19873046875 0.18733756658866352 20.44677734375 0.55712890625 1.2809491250468517 667
1190 0.5 3.89599609375 5.8035054375386474 20.44677734375 0.55712890625 1.2804589989288375 671
1200 0.4 0.82470703125 0.16498695769927152 20.44677734375 0.55712890625 1.2998046875 676
1210 0.4 0.9439697265625 0.12458858735138302 20.44677734375 0.55712890625 1.2970099954044119 680
1220 1 4.3370361328125 7.024687594674204 20.44677734375 0.55712890625 1.2949454324287282 684
1230 1.3 4.6988055889423075 5.979013229846145 20.44677734375 0.55712890625 1.3387795923766213 694
1240 0.6 2.7235107421875 3.999880274207723 20.44677734375 0.55712890625 1.4005622486076734 707
1250 1 1.5017822265625 1.9596186212641593 20.44677734375 0.55712890625 1.4116950550052596 713
1260 0.9 1.1533474392361112 0.8515662598167769 20.44677734375 0.55712890625 1.4129410739756225 723
1270 0.8 0.8876953125 0.20153682900122882 20.44677734375 0.55712890625 1.4097493489583333 732
1280 1.1 1.2531072443181819 1.2310496230624741 20.44677734375 0.55712890625 1.404105521537162 740
1290 0.8 0.978729248046875 0.24402672017849444 20.44677734375 0.55712890625 1.4018938290612517 751
1300 0.7 0.889404296875 0.2041115748569472 20.44677734375 0.55712890625 1.3974335963232871 759
1310 0.9 1.4157986111111112 1.5112455108422893 20.44677734375 0.55712890625 1.3927910309236293 766
1320 1.1 1.947509765625 3.5742933179313074 20.44677734375 0.55712890625 1.3930582157258065 775
1330 1.3 1.0132587139423077 0.6291304798488331 20.44677734375 0.55712890625 1.4008177157880088 786
1340 0.4 1.02197265625 0.13817830968668 20.44677734375 0.55712890625 1.3945119998631101 799
1350 1.4 1.8278634207589286 2.4258201363705005 20.44677734375 0.55712890625 1.3926562621614258 803
1360 1 0.82001953125 0.09762864600100223 20.44677734375 0.55712890625 1.400113912369951 817
1370 1 1.9478515625 3.167472825374117 20.44677734375 0.55712890625 1.3930994700347643 827
1380 0.7 0.8187081473214286 0.07688606523090545 20.44677734375 0.55712890625 1.3997273325492832 837
1390 1.2 0.9054361979166666 0.16118491001685314 20.44677734375 0.55712890625 1.394908453050948 844
1400 1.3 1.0282076322115385 0.41572913740477374 20.44677734375 0.55712890625 1.3880466924649533 856
1410 0.8 2.064910888671875 3.294810207709928 20.44677734375 0.55712890625 1.38266359950374 869
1420 0.6 2.0880533854166665 2.9527058099224397 20.44677734375 0.55712890625 1.3888870639431299 877
1430 0.8 0.84930419921875 0.09730357383479699 20.44677734375 0.55712890625 1.3936379109746602 883
1440 1.4 0.8510916573660714 0.14601890985055468 20.44677734375 0.55712890625 1.3887505151339787 891
1450 0.7 2.334263392857143 3.637704667143477 20.44677734375 0.55712890625 1.380433140538674 905
1460 0.7 2.7887137276785716 3.0207524587000574 20.44677734375 0.55712890625 1.3877542060718202 912
1470 0.9 1.8321940104166667 1.8316288596298973 20.44677734375 0.55712890625 1.3984252796857999 919
1480 0.5 2.6857421875 2.732404970957976 20.44677734375 0.55712890625 1.4026320884967673 928
1490 1.2 1.50897216796875 2.056375115377275 20.44677734375 0.55712890625 1.4095083484056805 933
1500 1.8 1.5016140407986112 1.52859232295779 20.44677734375 0.55712890625 1.4107713810350528 945
1510 1 1.610107421875 2.031991025298492 20.44677734375 0.55712890625 1.4124693746754933 963
1520 0.9 2.497775607638889 3.6624460320596675 20.44677734375 0.55712890625 1.4145005981821686 973
1530 0.6 0.9104817708333334 0.12908858431041415 20.44677734375 0.55712890625 1.424428780549898 982
1540 1.1 2.2224786931818183 3.81617831134476 20.44677734375 0.55712890625 1.4213076448633604 988
1550 0.8 1.562774658203125 1.4420447211582368 20.44677734375 0.55712890625 1.430129348098098 999
1560 1.1 1.8089266690340908 2.735559602782325 20.44677734375 0.55712890625 1.4311831340770853 1007
1570 1.4 1.8911830357142858 2.807452626480377 20.44677734375 0.55712890625 1.4352648422151277 1018
1580 1.5 2.0991048177083336 2.61916208881557 20.44677734375 0.55712890625 1.4414497789486433 1032
1590 1.4 2.7798025948660716 3.5263706108279607 20.44677734375 0.55712890625 1.4508717709079513 1047
1600 1.5 1.1784830729166667 0.3616781044834613 20.44677734375 0.55712890625 1.4684071446453817 1061
1610 0.9 1.9366048177083333 1.654640623426656 20.44677734375 0.55712890625 1.464365452195632 1076
1620 0.8 1.12109375 0.2295277344789566 20.44677734375 0.55712890625 1.4682826450892856 1085
1630 0.6 0.9940999348958334 0.11692997221574591 20.44677734375 0.55712890625 1.4657414637894557 1093
1640 1 1.04716796875 0.1497474212806561 20.44677734375 0.55712890625 1.4631665327854868 1099
1650 0.8 1.04010009765625 0.17220594232938968 20.44677734375 0.55712890625 1.4594154185922001 1109
1660 1 2.761669921875 5.049154824642119 20.44677734375 0.55712890625 1.4564122649955238 1117
1670 0.8 1.80316162109375 0.9956504115671058 20.44677734375 0.55712890625 1.467993965588953 1127
1680 1.1 2.8085493607954546 3.111285168496584 20.44677734375 0.55712890625 1.4703563807819384 1135
1690 1.1 3.947176846590909 2.1356985774336583 20.44677734375 0.55712890625 1.4832011650578099 1146
1700 1 1.5584228515625 1.516052256856421 20.44677734375 0.55712890625 1.5066270358416163 1157
1710 0.7 1.1375906808035714 0.603857314667659 20.44677734375 0.55712890625 1.5070708731657028 1167
1720 0.5 0.8900390625 0.11378101471015134 20.44677734375 0.55712890625 1.5048678396507669 1174
1730 0.6 1.3224283854166667 0.9313443021654009 20.44677734375 0.55712890625 1.5022604232930452 1179
1740 0.9 3.5433213975694446 5.135909849438874 20.44677734375 0.55712890625 1.5013498813291142 1185
1750 0.7 2.33056640625 3.2587015494685647 20.44677734375 0.55712890625 1.516741626426403 1194
1760 1.1 1.6848588423295454 2.7780972766949583 20.44677734375 0.55712890625 1.5214849848433598 1201
1770 0.8 1.722625732421875 2.333691922424121 20.44677734375 0.55712890625 1.5229677508766504 1212
1780 1.3 0.7989220252403846 0.14408521888610187 20.44677734375 0.55712890625 1.5242769835425207 1220
1790 1.4 1.1571568080357142 1.304979252328548 20.44677734375 0.55712890625 1.5166292832522306 1233
1800 0.6 2.2582194010416665 2.738410306952701 20.44677734375 0.55712890625 1.5125935056635929 1247
1810 0.6 0.8145345052083334 0.14164327540544785 20.44677734375 0.55712890625 1.5161639409168 1253
1820 1.7 2.5428394990808822 4.235146300223378 20.44677734375 0.55712890625 1.5128201945988884 1259
1830 1.8 3.0407172309027777 4.826199660033566 20.44677734375 0.55712890625 1.5265430223231782 1276
1840 2.6 2.812565730168269 4.7844215418582925 20.44677734375 0.55712890625 1.547605723833559 1294
1850 2.1 3.5795433407738093 4.619706264919707 20.44677734375 0.55712890625 1.572521602746212 1320
1860 1.8 3.448581271701389 6.212911355438706 20.501953125 0.55712890625 1.603951473364094 1341
1870 2.8 3.7658429827008923 5.96348150710611 20.501953125 0.55712890625 1.6283836561235283 1359
1880 1.9 2.4908640008223686 3.4270683208344965 20.501953125 0.55712890625 1.6715335199621486 1387
1890 1.9 2.0012849506578947 2.4723887529576554 20.501953125 0.55712890625 1.6826055534872866 1406
1900 2.6 2.5615234375 3.3267438102097997 20.501953125 0.55712890625 1.686854612116228 1425
1910 2.1 2.813534691220238 4.574444958020667 20.501953125 0.55712890625 1.7025275200831322 1451
1920 2.8 3.2941371372767856 4.588445129346779 20.83203125 0.55712890625 1.7183774865191916 1472
1930 1.7 0.8042279411764706 0.10944658653028619 20.83203125 0.55712890625 1.7477916666666666 1500
1940 1.3 0.9862154447115384 0.5866184649077323 20.83203125 0.55712890625 1.7372177818061965 1517
1950 2.3 3.1074112601902173 4.027121767514373 20.83203125 0.55712890625 1.7308367161968954 1530
1960 2.9 3.444310681573276 5.033699413036662 20.83203125 0.55712890625 1.7512238472412267 1553
1970 1.9 1.7643015008223684 2.366374300789341 20.83203125 0.55712890625 1.7822602051398546 1582
1980 2.1 2.2699497767857144 3.70611896485649 20.83203125 0.55712890625 1.7820470787300906 1601
1990 2.1 2.327113560267857 3.452204412689909 20.83203125 0.55712890625 1.7883639447345099 1622
2000 1.4 3.5703125 5.6243287268747695 20.83203125 0.55712890625 1.7952499714698722 1643
2010 2.1 3.3536900111607144 5.599957444181163 20.83203125 0.55712890625 1.8102474822721786 1657
2020 2.3 2.314028532608696 4.023407832023759 20.83203125 0.55712890625 1.829563509153382 1678
2030 2.1 2.4670293898809526 4.335219524988992 20.83203125 0.55712890625 1.8361141826039828 1701
2040 1.8 2.7828504774305554 3.4040258869349187 20.83203125 0.55712890625 1.8438082704976044 1722
2050 2.8 2.9640415736607144 4.360014051609653 20.83203125 0.55712890625 1.853522500224497 1740
2060 2.5 2.337421875 3.7893290776624364 20.83203125 0.55712890625 1.8711099063648897 1768
2070 1.8 2.676052517361111 3.6561844131449472 20.83203125 0.55712890625 1.877611746418363 1793
2080 2.3 2.0881241508152173 2.5057982392772593 20.83203125 0.55712890625 1.8855476568970873 1811
2090 1.6 1.530792236328125 1.5925531565369953 20.83203125 0.55712890625 1.8880881472788305 1834
2100 1.6 1.952239990234375 2.831085052110278 20.83203125 0.55712890625 1.884998020481419 1850
2110 3 4.467537434895833 9.36841807645504 50.862060546875 0.55712890625 1.8855745861384647 1866
2120 2.5 3.40810546875 4.69051684331762 50.862060546875 0.55712890625 1.9264284286820939 1896
2130 1.8 2.2578938802083335 3.8798554594975396 50.862060546875 0.55712890625 1.945711055439875 1921
2140 2.1 1.4172828311011905 1.7554572735161318 50.862060546875 0.55712890625 1.9486090909457194 1939
2150 2.4 3.9754842122395835 5.847146971648726 50.862060546875 0.55712890625 1.9429163095902424 1960
2160 2.7 3.0206163194444446 4.340380681661796 50.862060546875 0.55712890625 1.9675038245416456 1984
2170 2.5 2.99765625 4.087832182472378 50.862060546875 0.55712890625 1.9816430773324838 2011
2180 2.7 3.724148220486111 4.0223450705830786 50.862060546875 0.55712890625 1.9941186811226057 2036
2190 1.3 2.2877666766826925 1.7871075133744665 50.862060546875 0.55712890625 2.016760851535991 2063
2200 2.2 2.7423095703125 3.0792208348395644 50.862060546875 0.55712890625 2.0184579015007826 2076
2210 1.9 3.4131501850328947 3.783177721800172 50.862060546875 0.55712890625 2.026048338447331 2098
2220 1.9 1.655016447368421 1.1894379425297936 50.862060546875 0.55712890625 2.038497528378897 2117
2230 2 2.1654541015625 2.9372216621382297 50.862060546875 0.55712890625 2.0350864138942533 2136
2240 1.1 1.13525390625 0.4062160531112492 50.862060546875 0.55712890625 2.036295761646278 2156
2250 1.9 1.3555201480263157 1.2657726803479659 50.862060546875 0.55712890625 2.0317219451214235 2167
2260 2.8 3.7496861049107144 6.127900699677494 50.862060546875 0.55712890625 2.025844619346123 2186
2270 2.1 1.4499395461309523 1.5183641076832373 50.862060546875 0.55712890625 2.0476456860108967 2214
2280 1.6 2.9410247802734375 3.394720073326073 50.862060546875 0.55712890625 2.0420296551663872 2235
2290 2.5 2.279873046875 2.411584869197973 50.862060546875 0.55712890625 2.0484196693830525 2251
2300 2.1 2.7255045572916665 3.357232979524925 50.862060546875 0.55712890625 2.050961995585732 2276
2310 2.5 3.5459765625 5.3619880532911 50.862060546875 0.55712890625 2.0571289062500004 2297
2320 2.4 1.9853413899739583 3.1030792836083276 50.862060546875 0.55712890625 2.0731587044439066 2322
2330 1.9 3.4434750205592106 4.989596357700983 50.862060546875 0.55712890625 2.072260317595109 2346
2340 3.6 2.2918904622395835 4.082368832642289 50.862060546875 0.55712890625 2.0832764188028543 2365
2350 1.9 4.143670333059211 5.372811514719041 50.862060546875 0.55712890625 2.086404326159673 2401
2360 2.1 2.040806361607143 2.3089062989288505 50.862060546875 0.55712890625 2.102556414643595 2420
2370 2.4 3.02691650390625 4.500756898914668 50.862060546875 0.55712890625 2.102025176989451 2441
2380 0 0 0 50.862060546875 0.55712890625 2.111030204107505 2465
2390 0 0 0 50.862060546875 0.55712890625 2.111030204107505 2465
2400 0 0 0 50.862060546875 0.55712890625 2.111030204107505 2465
2410 0 0 0 50.862060546875 0.55712890625 2.111030204107505 2465
2420 0 0 0 50.862060546875 0.55712890625 2.111030204107505 2465
2430 0 0 0 50.862060546875 0.55712890625 2.111030204107505 2465
2440 0 0 0 50.862060546875 0.55712890625 2.111030204107505 2465
2450 0 0 0 50.862060546875 0.55712890625 2.111030204107505 2465
2460 0 0 0 50.862060546875 0.55712890625 2.111030204107505 2465
2470 0 0 0 50.862060546875 0.55712890625 2.111030204107505 2465
2479 0 0 0 50.862060546875 0.55712890625 2.111030204107505 2465
