20 0.1 31 0 31 31 0 0
30 0.1 61.0 0.0 61 31 31.0 1
40 0.1 147.0 0.0 147 31 46.0 2
50 0.1 147.0 0.0 147 31 79.66666666666667 3
60 0.1 122.0 0.0 147 31 96.5 4
70 0.1 193.0 0.0 193 31 101.6 5
80 0.1 340.0 0.0 340 31 116.83333333333333 6
90 0.1 259.0 0.0 340 31 148.71428571428572 7
100 0.1 298.0 0.0 340 31 162.5 8
110 0.1 244.0 0.0 340 31 177.55555555555554 9
120 0.1 174.0 0.0 340 31 184.2 10
130 0.1 241.0 0.0 340 31 183.27272727272728 11
140 0.1 238.0 0.0 340 31 188.08333333333334 12
150 0.1 117.0 0.0 340 31 191.92307692307693 13
160 0.1 197.0 0.0 340 31 186.57142857142858 14
170 0.1 114.0 0.0 340 31 187.26666666666668 15
180 0.1 169.0 0.0 340 31 182.6875 16
190 0.1 286.0 0.0 340 31 181.88235294117646 17
200 0.1 160.0 0.0 340 31 187.66666666666666 18
210 0.1 151.0 0.0 340 31 186.21052631578948 19
220 0.1 392.0 0.0 392 31 184.45 20
230 0.1 307.0 0.0 392 31 194.33333333333334 21
240 0.1 123.0 0.0 392 31 199.45454545454547 22
250 0.1 230.0 0.0 392 31 196.1304347826087 23
260 0.1 342.0 0.0 392 31 197.54166666666666 24
270 0.1 430.0 0.0 430 31 203.32 25
280 0.1 292.0 0.0 430 31 212.03846153846155 26
290 0.1 426.0 0.0 430 31 215.0 27
300 0.1 388.0 0.0 430 31 222.53571428571428 28
310 0.1 478.0 0.0 478 31 228.24137931034483 29
320 0.1 377.0 0.0 478 31 236.56666666666666 30
330 0.1 340.0 0.0 478 31 241.09677419354838 31
340 0.1 309.0 0.0 478 31 244.1875 32
350 0.1 435.0 0.0 478 31 246.15151515151516 33
360 0.1 253.0 0.0 478 31 251.7058823529412 34
370 0.1 266.0 0.0 478 31 251.74285714285713 35
380 0.1 234.0 0.0 478 31 252.13888888888889 36
390 0.1 234.0 0.0 478 31 251.64864864864865 37
400 0.1 233.0 0.0 478 31 251.18421052631578 38
410 0.1 257.0 0.0 478 31 250.71794871794873 39
420 0.1 247.0 0.0 478 31 250.875 40
430 0.1 381.0 0.0 478 31 250.78048780487805 41
440 0.1 220.0 0.0 478 31 253.88095238095238 42
450 0.1 143.0 0.0 478 31 253.09302325581396 43
460 0.1 275.0 0.0 478 31 250.5909090909091 44
470 0.1 349.0 0.0 478 31 251.13333333333333 45
480 0.1 290.0 0.0 478 31 253.2608695652174 46
490 0.1 208.0 0.0 478 31 254.04255319148936 47
500 0.1 232.0 0.0 478 31 253.08333333333334 48
510 0.1 488.0 0.0 488 31 252.6530612244898 49
520 0.1 247.0 0.0 488 31 257.36 50
530 0.1 229.0 0.0 488 31 257.15686274509807 51
540 0.1 160.0 0.0 488 31 256.61538461538464 52
550 0.1 255.0 0.0 488 31 254.79245283018872 53
560 0.1 458.0 0.0 488 31 254.79629629629633 54
570 0.1 290.0 0.0 488 31 258.4909090909091 55
580 0.1 387.0 0.0 488 31 259.05357142857144 56
590 0.1 317.0 0.0 488 31 261.29824561403507 57
600 0.1 236.0 0.0 488 31 262.2586206896551 58
610 0.1 421.0 0.0 488 31 261.8135593220338 59
620 0.1 361.0 0.0 488 31 264.4666666666666 60
630 0.1 404.0 0.0 488 31 266.0491803278688 61
640 0.1 624.0 0.0 624 31 268.274193548387 62
650 0.1 274.0 0.0 624 31 273.9206349206349 63
660 0.1 403.0 0.0 624 31 273.92187499999994 64
670 0.1 440.0 0.0 624 31 275.90769230769223 65
680 0.1 462.0 0.0 624 31 278.3939393939393 66
690 0.1 374.0 0.0 624 31 281.1343283582089 67
700 0.1 488.0 0.0 624 31 282.49999999999994 68
710 0.1 314.0 0.0 624 31 285.4782608695652 69
720 0.1 273.0 0.0 624 31 285.88571428571424 70
730 0.1 615.0 0.0 624 31 285.70422535211264 71
740 0.1 332.0 0.0 624 31 290.2777777777777 72
750 0.1 284.0 0.0 624 31 290.8493150684931 73
760 0.1 347.0 0.0 624 31 290.7567567567568 74
770 0.1 353.0 0.0 624 31 291.50666666666666 75
780 0.1 533.0 0.0 624 31 292.3157894736842 76
790 0.1 225.0 0.0 624 31 295.4415584415584 77
800 0.1 394.0 0.0 624 31 294.5384615384615 78
810 0.1 385.0 0.0 624 31 295.79746835443035 79
820 0.1 441.0 0.0 624 31 296.91249999999997 80
830 0.1 628.0 0.0 628 31 298.69135802469134 81
840 0.1 324.0 0.0 628 31 302.7073170731707 82
850 0.1 493.0 0.0 628 31 302.96385542168673 83
860 0.1 542.0 0.0 628 31 305.2261904761905 84
870 0.1 322.0 0.0 628 31 308.01176470588234 85
880 0.1 459.0 0.0 628 31 308.1744186046512 86
890 0.1 248.0 0.0 628 31 309.9080459770115 87
900 0.1 490.0 0.0 628 31 309.20454545454544 88
910 0.1 664.0 0.0 664 31 311.23595505617976 89
920 0.1 646.0 0.0 664 31 315.15555555555557 90
930 0.1 532.0 0.0 664 31 318.7912087912088 91
940 0.1 440.0 0.0 664 31 321.10869565217394 92
950 0.1 527.0 0.0 664 31 322.3870967741936 93
960 0.1 342.0 0.0 664 31 324.56382978723406 94
970 0.1 318.0 0.0 664 31 324.7473684210526 95
980 0.1 334.0 0.0 664 31 324.6770833333333 96
990 0.1 338.0 0.0 664 31 324.77319587628864 97
1000 0.1 425.0 0.0 664 31 324.9081632653061 98
1010 0.1 259.0 0.0 664 31 325.91919191919186 99
1020 0.1 475.0 0.0 664 31 325.24999999999994 100
1030 0.1 772.0 0.0 772 31 326.7326732673267 101
1040 0.1 423.0 0.0 772 31 331.0980392156862 102
1050 0.1 282.0 0.0 772 31 331.9902912621358 103
1060 0.1 563.0 0.0 772 31 331.5096153846153 104
1070 0.1 545.0 0.0 772 31 333.71428571428567 105
1080 0.1 535.0 0.0 772 31 335.7075471698113 106
1090 0.1 538.0 0.0 772 31 337.57009345794387 107
1100 0.1 600.0 0.0 772 31 339.42592592592587 108
1110 0.1 453.0 0.0 772 31 341.81651376146783 109
1120 0.1 645.0 0.0 772 31 342.82727272727266 110
1130 0.1 464.0 0.0 772 31 345.5495495495495 111
1140 0.1 609.0 0.0 772 31 346.6071428571428 112
1150 0.1 309.0 0.0 772 31 348.92920353982294 113
1160 0.1 535.0 0.0 772 31 348.578947368421 114
1170 0.1 428.0 0.0 772 31 350.19999999999993 115
1180 0.1 293.0 0.0 772 31 350.8706896551723 116
1190 0.1 406.0 0.0 772 31 350.3760683760683 117
1200 0.1 330.0 0.0 772 31 350.84745762711856 118
1210 0.1 252.0 0.0 772 31 350.67226890756297 119
1220 0.1 611.0 0.0 772 31 349.84999999999997 120
1230 0.1 370.0 0.0 772 31 352.00826446280985 121
1240 0.1 700.0 0.0 772 31 352.15573770491795 122
1250 0.1 947.0 0.0 947 31 354.98373983739833 123
1260 0.1 769.0 0.0 947 31 359.75806451612897 124
1270 0.1 940.0 0.0 947 31 363.0319999999999 125
1280 0.1 579.0 0.0 947 31 367.61111111111103 126
1290 0.1 626.0 0.0 947 31 369.27559055118104 127
1300 0.1 471.0 0.0 947 31 371.28124999999994 128
1310 0.1 690.0 0.0 947 31 372.0542635658914 129
1320 0.1 870.0 0.0 947 31 374.49999999999994 130
1330 0.1 756.0 0.0 947 31 378.28244274809157 131
1340 0.1 770.0 0.0 947 31 381.1439393939393 132
1350 0.1 937.0 0.0 947 31 384.06766917293226 133
1360 0.1 668.0 0.0 947 31 388.19402985074623 134
1370 0.1 885.0 0.0 947 31 390.2666666666666 135
1380 0.1 658.0 0.0 947 31 393.90441176470586 136
1390 0.1 752.0 0.0 947 31 395.8321167883212 137
1400 0.1 768.0 0.0 947 31 398.4130434782609 138
1410 0.1 806.0 0.0 947 31 401.0719424460432 139
1420 0.1 958.0 0.0 958 31 403.9642857142857 140
1430 0.1 651.0 0.0 958 31 407.8936170212766 141
1440 0.1 619.0 0.0 958 31 409.6056338028169 142
1450 0.1 1020.0 0.0 1020 31 411.0699300699301 143
1460 0.1 617.0 0.0 1020 31 415.2986111111111 144
1470 0.1 655.0 0.0 1020 31 416.6896551724138 145
1480 0.1 738.0 0.0 1020 31 418.32191780821915 146
1490 0.1 512.0 0.0 1020 31 420.4965986394558 147
1500 0.1 623.0 0.0 1020 31 421.11486486486484 148
1510 0.1 875.0 0.0 1020 31 422.4697986577181 149
1520 0.1 983.0 0.0 1020 31 425.4866666666667 150
1530 0.1 1018.0 0.0 1020 31 429.1788079470199 151
1540 0.1 625.0 0.0 1020 31 433.05263157894734 152
1550 0.1 938.0 0.0 1020 31 434.3071895424837 153
1560 0.1 570.0 0.0 1020 31 437.5779220779221 154
1570 0.1 793.0 0.0 1020 31 438.43225806451613 155
1580 0.1 1341.0 0.0 1341 31 440.70512820512823 156
1590 0.1 1426.0 0.0 1426 31 446.43949044585986 157
1600 0.1 945.0 0.0 1426 31 452.6392405063291 158
1610 0.1 978.0 0.0 1426 31 455.7358490566038 159
1620 0.1 806.0 0.0 1426 31 459.0 160
1630 0.1 774.0 0.0 1426 31 461.1552795031056 161
1640 0.1 723.0 0.0 1426 31 463.08641975308643 162
1650 0.1 526.0 0.0 1426 31 464.680981595092 163
1660 0.1 641.0 0.0 1426 31 465.0548780487805 164
1670 0.1 1026.0 0.0 1426 31 466.1212121212121 165
1680 0.1 751.0 0.0 1426 31 469.49397590361446 166
1690 0.1 912.0 0.0 1426 31 471.1796407185629 167
1700 0.1 901.0 0.0 1426 31 473.80357142857144 168
1710 0.1 879.0 0.0 1426 31 476.3313609467456 169
1720 0.1 828.0 0.0 1426 31 478.7 170
1730 0.1 450.0 0.0 1426 31 480.7426900584795 171
1740 0.1 505.0 0.0 1426 31 480.5639534883721 172
1750 0.1 593.0 0.0 1426 31 480.70520231213874 173
1760 0.1 637.0 0.0 1426 31 481.35057471264366 174
1770 0.1 714.0 0.0 1426 31 482.24 175
1780 0.1 943.0 0.0 1426 31 483.5568181818182 176
1790 0.1 743.0 0.0 1426 31 486.1525423728813 177
1800 0.1 1141.0 0.0 1426 31 487.59550561797755 178
1810 0.1 1087.0 0.0 1426 31 491.24581005586595 179
1820 0.1 600.0 0.0 1426 31 494.55555555555554 180
1830 0.1 1372.0 0.0 1426 31 495.1381215469613 181
1840 0.1 1655.0 0.0 1655 31 499.95604395604397 182
1850 0.1 1753.0 0.0 1753 31 506.26775956284155 183
1860 0.1 1854.0 0.0 1854 31 513.0434782608696 184
1870 0.1 2152.0 0.0 2152 31 520.291891891892 185
1880 0.1 2508.0 0.0 2508 31 529.0645161290323 186
1890 0.1 2279.0 0.0 2508 31 539.6470588235295 187
1900 0.1 1817.0 0.0 2508 31 548.8989361702129 188
1910 0.1 2501.0 0.0 2508 31 555.6084656084657 189
1920 0.1 2516.0 0.0 2516 31 565.8473684210528 190
1930 0.1 2347.0 0.0 2516 31 576.0575916230368 191
1940 0.1 2283.0 0.0 2516 31 585.2812500000002 192
1950 0.1 1651.0 0.0 2516 31 594.0777202072541 193
1960 0.1 1615.0 0.0 2516 31 599.5257731958765 194
1970 0.1 2689.0 0.0 2689 31 604.7333333333335 195
1980 0.1 2409.0 0.0 2689 31 615.3673469387757 196
1990 0.1 2316.0 0.0 2689 31 624.4720812182743 197
2000 0.1 2109.0 0.0 2689 31 633.0151515151517 198
2020 0.1 2055.0 0.0 2689 31 640.4321608040203 199
2030 0.1 1742.0 0.0 2689 31 647.5050000000002 200
2040 0.1 2251.0 0.0 2689 31 652.9502487562191 201
2050 0.1 2677.0 0.0 2689 31 660.8613861386142 202
2060 0.1 2638.0 0.0 2689 31 670.7931034482762 203
2070 0.1 2577.0 0.0 2689 31 680.4362745098042 204
2080 0.1 2749.0 0.0 2749 31 689.6878048780491 205
2090 0.1 1836.0 0.0 2749 31 699.6844660194178 206
2100 0.1 2457.0 0.0 2749 31 705.1739130434786 207
2110 0.1 2201.0 0.0 2749 31 713.5961538461542 208
2120 0.1 2237.0 0.0 2749 31 720.7129186602874 209
2130 0.1 2360.0 0.0 2749 31 727.9333333333336 210
2140 0.1 2281.0 0.0 2749 31 735.6682464454979 211
2150 0.1 2270.0 0.0 2749 31 742.9575471698116 212
2160 0.1 2837.0 0.0 2837 31 750.1267605633806 213
2170 0.1 2464.0 0.0 2837 31 759.8785046728975 214
2180 0.1 2701.0 0.0 2837 31 767.804651162791 215
2190 0.1 2397.0 0.0 2837 31 776.7546296296299 216
2200 0.1 2518.0 0.0 2837 31 784.2211981566822 217
2210 0.1 2653.0 0.0 2837 31 792.1743119266058 218
2220 0.1 2397.0 0.0 2837 31 800.6712328767126 219
2230 0.1 2619.0 0.0 2837 31 807.927272727273 220
2240 0.1 2697.0 0.0 2837 31 816.1221719457017 221
2250 0.1 2675.0 0.0 2837 31 824.5945945945948 222
2260 0.1 2864.0 0.0 2864 31 832.8923766816146 223
2270 0.1 1909.0 0.0 2864 31 841.9598214285717 224
2280 0.1 2319.0 0.0 2864 31 846.7022222222225 225
2290 0.1 2931.0 0.0 2931 31 853.2168141592923 226
2300 0.1 2505.0 0.0 2931 31 862.3700440528637 227
2310 0.1 2612.0 0.0 2931 31 869.574561403509 228
2320 0.1 2861.0 0.0 2931 31 877.1834061135373 229
2330 0.1 2424.0 0.0 2931 31 885.8086956521742 230
2340 0.1 2532.0 0.0 2931 31 892.4675324675327 231
2350 0.1 2810.0 0.0 2931 31 899.5344827586209 232
2360 0.1 2426.0 0.0 2931 31 907.7339055793994 233
2370 0.1 2563.0 0.0 2931 31 914.2222222222225 234
2380 0.1 2729.0 0.0 2931 31 921.2382978723407 235
2390 0.1 2318.0 0.0 2931 31 928.898305084746 236
2400 0.1 2674.0 0.0 2931 31 934.7594936708863 237
2410 0.1 1479.0 0.0 2931 31 942.0672268907565 238
2420 0.1 347.0 0.0 2931 31 944.313807531381 239
2430 0.1 64.0 0.0 2931 31 941.8250000000003 240
2440 0.1 24.0 0.0 2931 24 938.1825726141082 241
2450 0.1 28.0 0.0 2931 24 934.4049586776862 242
2460 0.1 24.0 0.0 2931 24 930.6748971193418 243
2470 0.1 21.0 0.0 2931 21 926.9590163934429 244
2479 0.1 21.0 0.0 2931 21 923.2612244897962 245
