10 1.40078125 1.40078125
20 0.38671875 1.7875
30 2.30234375 4.08984375
40 3.81328125 7.903125
50 3.20859375 11.11171875
60 2.890625 14.00234375
70 6.59140625 20.59375
80 7.74140625 28.33515625
90 9.61484375 37.95
100 6.66640625 44.61640625
110 5.3453125 49.96171875
120 4.4546875 54.41640625
130 6.2296875 60.64609375
140 5.1421875 65.78828125
150 1.8734375 67.66171875
160 4.57109375 72.2328125
170 3.09921875 75.33203125
180 4.7640625 80.09609375
190 3.478125 83.57421875
200 4.15703125 87.73125
210 8.1453125 95.8765625
220 4.57890625 100.45546875
230 2.025 102.48046875
240 4.60078125 107.08125
250 7.746875 114.828125
260 7.69921875 122.52734375
270 6.9484375 129.47578125
280 6.45625 135.93203125
290 8.725 144.65703125
300 6.3984375 151.05546875
310 9.1140625 160.16953125
320 6.09921875 166.26875
330 7.16640625 173.43515625
340 6.92890625 180.3640625
350 7.871875 188.2359375
360 3.028125 191.2640625
370 4.73828125 196.00234375
380 4.35 200.35234375
390 3.46796875 203.8203125
400 5.884375 209.7046875
410 3.98046875 213.68515625
420 6.03125 219.71640625
430 5.9765625 225.69296875
440 3.17578125 228.86875
450 3.09296875 231.96171875
460 5.63984375 237.6015625
470 5.58203125 243.18359375
480 7.99453125 251.178125
490 3.225 254.403125
500 7.39453125 261.79765625
510 6.253125 268.05078125
520 4.853125 272.90390625
530 6.103125 279.00703125
540 4.096875 283.10390625
550 5.4625 288.56640625
560 5.91484375 294.48125
570 5.47578125 299.95703125
580 8.04296875 308
590 4.12578125 312.12578125
600 5.3546875 317.48046875
610 6.36171875 323.8421875
620 7.0078125 330.85
630 10.50390625 341.35390625
640 6.878125 348.23203125
650 4.4828125 352.71484375
660 6.41171875 359.1265625
670 8.4453125 367.571875
680 7.14453125 374.71640625
690 7.63828125 382.3546875
700 5.60546875 387.96015625
710 5.525 393.48515625
720 6.30234375 399.7875
730 8.79765625 408.58515625
740 6.07734375 414.6625
750 6.26640625 420.92890625
760 6.703125 427.63203125
770 6.97890625 434.6109375
780 5.803125 440.4140625
790 3.69453125 444.10859375
800 8.06484375 452.1734375
810 7.68984375 459.86328125
820 7.2796875 467.14296875
830 7.9765625 475.11953125
840 7.17265625 482.2921875
850 8.16171875 490.45390625
860 7.96484375 498.41875
870 9.93828125 508.35703125
880 4.99296875 513.35
890 6.9609375 520.3109375
900 8.659375 528.9703125
910 6.7703125 535.740625
920 10.7390625 546.4796875
930 6.25546875 552.73515625
940 7.7265625 560.46171875
950 5.8546875 566.31640625
960 4.8 571.11640625
970 5.2921875 576.40859375
980 4.32109375 580.7296875
990 4.08515625 584.81484375
1000 5.97890625 590.79375
1010 4.6359375 595.4296875
1020 9.0890625 604.51875
1030 6.30859375 610.82734375
1040 6.1765625 617.00390625
1050 5.85859375 622.8625
1060 9.05390625 631.91640625
1070 7.47265625 639.3890625
1080 9.40390625 648.79296875
1090 7.55859375 656.3515625
1100 7.56171875 663.91328125
1110 5.55078125 669.4640625
1120 8.2703125 677.734375
1130 6.45546875 684.18984375
1140 8.765625 692.95546875
1150 4.4984375 697.45390625
1160 6.8421875 704.29609375
1170 8.053125 712.34921875
1180 5.621875 717.97109375
1190 4.8484375 722.81953125
1200 3.053125 725.87265625
1210 6.2046875 732.07734375
1220 6.76328125 738.840625
1230 8.97421875 747.81484375
1240 8.08125 755.89609375
1250 10.2921875 766.18828125
1260 13.15546875 779.34375
1270 10.24609375 789.58984375
1280 8.3984375 797.98828125
1290 8.33359375 806.321875
1300 5.3875 811.709375
1310 9.01484375 820.72421875
1320 13.8640625 834.58828125
1330 6.88125 841.46953125
1340 11.5375 853.00703125
1350 9.7671875 862.77421875
1360 8.31484375 871.0890625
1370 11.62890625 882.71796875
1380 11.2703125 893.98828125
1390 7.71796875 901.70625
1400 10.9890625 912.6953125
1410 10.81875 923.5140625
1420 13.703125 937.2171875
1430 9.796875 947.0140625
1440 8.515625 955.5296875
1450 9.30390625 964.83359375
1460 10.25078125 975.084375
1470 12.36171875 987.44609375
1480 8.95703125 996.403125
1490 7.79296875 1004.19609375
1500 8.5375 1012.73359375
1510 12.80390625 1025.5375
1520 13.18203125 1038.71953125
1530 14.1875 1052.90703125
1540 8.359375 1061.26640625
1550 10.8140625 1072.08046875
1560 10.5953125 1082.67578125
1570 11.0109375 1093.68671875
1580 14.0328125 1107.71953125
1590 17.31015625 1125.0296875
1600 14.3640625 1139.39375
1610 12.7890625 1152.1828125
1620 12.1 1164.2828125
1630 10.8796875 1175.1625
1640 9.20390625 1184.36640625
1650 9.596875 1193.96328125
1660 9.15625 1203.11953125
1670 10.88515625 1214.0046875
1680 9.71171875 1223.71640625
1690 10.7484375 1234.46484375
1700 11.0453125 1245.51015625
1710 10.7921875 1256.30234375
1720 9.94609375 1266.2484375
1730 6.38984375 1272.63828125
1740 7.53125 1280.16953125
1750 6.565625 1286.73515625
1760 8.828125 1295.56328125
1770 10.9859375 1306.54921875
1780 10.66015625 1317.209375
1790 10.7078125 1327.9171875
1800 13.390625 1341.3078125
1810 10.58828125 1351.89609375
1820 11.8125 1363.70859375
1830 14.14765625 1377.85625
1840 18.51953125 1396.37578125
1850 21.15546875 1417.53125
1860 22.3203125 1439.8515625
1870 25.43125 1465.2828125
1880 25.36328125 1490.64609375
1890 21.47578125 1512.121875
1900 21.52421875 1533.64609375
1910 25.8203125 1559.46640625
1920 23.2234375 1582.68984375
1930 21.43828125 1604.128125
1940 23.53671875 1627.66484375
1950 23.44375 1651.10859375
1960 21.6265625 1672.73515625
1970 25.6 1698.33515625
1980 19.721875 1718.05703125
1990 27.409375 1745.46640625
2000 26.34375 1771.81015625
2010 18.27421875 1790.084375
2020 18.7015625 1808.7859375
2030 20.32734375 1829.11328125
2040 29.63828125 1858.7515625
2050 22.21796875 1880.96953125
2060 26.1453125 1907.11484375
2070 24.834375 1931.94921875
2080 22.60859375 1954.5578125
2090 24.01171875 1978.56953125
2100 22.24765625 2000.8171875
2110 19.67578125 2020.49296875
2120 27.1484375 2047.64140625
2130 22.384375 2070.02578125
2140 25.1984375 2095.22421875
2150 24.97265625 2120.196875
2160 23.190625 2143.3875
2170 21.31171875 2164.69921875
2180 23.80546875 2188.5046875
2190 18.7484375 2207.253125
2200 21.6984375 2228.9515625
2210 24.225 2253.1765625
2220 22.1 2275.2765625
2230 23.46171875 2298.73828125
2240 19.76796875 2318.50625
2250 18.75859375 2337.26484375
2260 21.55234375 2358.8171875
2270 22.31953125 2381.13671875
2280 24.20390625 2405.340625
2290 24.7078125 2430.0484375
2300 26.66796875 2456.71640625
2310 26.10390625 2482.8203125
2320 23.625 2506.4453125
2330 20.11484375 2526.56015625
2340 20.4890625 2547.04921875
2350 25.71015625 2572.759375
2360 26.75234375 2599.51171875
2370 22.69296875 2622.2046875
2380 16.6296875 2638.834375
2390 15.57734375 2654.41171875
2400 14.18203125 2668.59375
2410 10.840625 2679.434375
2420 3.978125 2683.4125
2430 1.3875 2684.8
2440 0.3671875 2685.1671875
2450 0 2685.1671875
2460 0.571875 2685.7390625
2470 0 2685.7390625
2479 0 2685.7390625
