10 0.6 6
20 0.3 9
30 0.1 10
40 0.6 16
50 0.7 23
60 1 33
70 0.5 38
80 0.6 44
90 0.1 45
100 0.7 52
110 0.5 57
120 0.3 60
130 0.2 62
140 0.5 67
150 0.3 70
160 0.3 73
170 0.3 76
180 0.4 80
190 0.6 86
200 0.7 93
210 0.3 96
220 0.4 100
230 0.7 107
240 0.5 112
250 0.8 120
260 0.6 126
270 1.1 137
280 0.7 144
290 0.8 152
300 0.2 154
310 0.7 161
320 0.4 165
330 0.8 173
340 0.6 179
350 0.2 181
360 0.4 185
370 0.3 188
380 0.4 192
390 0.4 196
400 0.6 202
410 0.6 208
420 0.5 213
430 0.2 215
440 0.5 220
450 0.6 226
460 0.5 231
470 0.4 235
480 0.7 242
490 0.7 249
500 0.4 253
510 0.2 255
520 0.5 260
530 0.6 266
540 0.6 272
550 0.4 276
560 0.7 283
570 0.4 287
580 0.6 293
590 0.2 295
600 0.8 303
610 0.8 311
620 0.8 319
630 0.2 321
640 0.6 327
650 0.8 335
660 1 345
670 0.6 351
680 0.7 358
690 0.4 362
700 1.1 373
710 0.8 381
720 0.3 384
730 0.4 388
740 0.3 391
750 0.7 398
760 0.8 406
770 0.3 409
780 0.5 414
790 0.8 422
800 0.8 430
810 0.6 436
820 0.9 445
830 0.7 452
840 0.6 458
850 0.6 464
860 0.6 470
870 0.4 474
880 1 484
890 1.3 497
900 0.2 499
910 0.9 508
920 0.5 513
930 0.6 519
940 0.4 523
950 0.3 526
960 0.9 535
970 0.4 539
980 0.3 542
990 0.3 545
1000 0.9 554
1010 0.8 562
1020 0.6 568
1030 0.5 573
1040 0.9 582
1050 1 592
1060 0.6 598
1070 1 608
1080 0.6 614
1090 0.8 622
1100 0.4 626
1110 0.5 631
1120 0.5 636
1130 0.8 644
1140 0.6 650
1150 0.5 655
1160 0.7 662
1170 0.4 666
1180 0.5 671
1190 0.4 675
1200 0.5 680
1210 0.9 689
1220 1.3 702
1230 0.6 708
1240 1 718
1250 0.9 727
1260 0.8 735
1270 1.2 747
1280 0.8 755
1290 0.7 762
1300 0.8 770
1310 1 780
1320 1.3 793
1330 0.4 797
1340 1.5 812
1350 0.9 821
1360 1 831
1370 0.7 838
1380 1.2 850
1390 1.3 863
1400 0.8 871
1410 0.6 877
1420 0.8 885
1430 1.4 899
1440 0.7 906
1450 0.7 913
1460 0.9 922
1470 0.5 927
1480 1.3 940
1490 1.7 957
1500 1 967
1510 0.9 976
1520 0.6 982
1530 1.2 994
1540 0.7 1001
1550 1.2 1013
1560 1.4 1027
1570 1.5 1042
1580 1.3 1055
1590 1.5 1070
1600 0.9 1079
1610 0.8 1087
1620 0.6 1093
1630 1 1103
1640 0.8 1111
1650 1 1121
1660 0.8 1129
1670 1.1 1140
1680 1.1 1151
1690 1 1161
1700 0.7 1168
1710 0.5 1173
1720 0.6 1179
1730 1 1189
1740 0.5 1194
1750 1.1 1205
1760 0.8 1213
1770 1.3 1226
1780 1.4 1240
1790 0.6 1246
1800 0.6 1252
1810 1.7 1269
1820 1.8 1287
1830 2.6 1313
1840 2.1 1334
1850 1.8 1352
1860 2.8 1380
1870 1.9 1399
1880 1.9 1418
1890 2.8 1446
1900 2 1466
1910 2.7 1493
1920 2 1513
1930 1 1523
1940 2.5 1548
1950 2.8 1576
1960 1.8 1594
1970 2.2 1616
1980 2.1 1637
1990 1.3 1650
2000 2.1 1671
2010 2.3 1694
2020 2.1 1715
2030 1.8 1733
2040 3 1763
2050 2.3 1786
2060 1.8 1804
2070 2.3 1827
2080 1.6 1843
2090 1.6 1859
2100 3 1889
2110 2.6 1915
2120 1.7 1932
2130 2.1 1953
2140 2.5 1978
2150 2.7 2005
2160 2.5 2030
2170 2.7 2057
2180 1.2 2069
2190 2.1 2090
2200 2 2110
2210 1.9 2129
2220 1.9 2148
2230 1.1 2159
2240 1.9 2178
2250 3.1 2209
2260 1.8 2227
2270 1.6 2243
2280 2.7 2270
2290 2 2290
2300 2.3 2313
2310 2.5 2338
2320 2 2358
2330 3.4 2392
2340 1.8 2410
2350 2 2430
2360 2.3 2453
2370 0 2453
2380 0 2453
2390 0 2453
2400 0 2453
2410 0 2453
2420 0 2453
2430 0 2453
2440 0 2453
2450 0 2453
2460 0 2453
2470 0 2453
2479 0 2453
