10 0.4 4
20 1.9 23
30 3.2 55
40 4.9 104
50 5.2 156
60 5 206
70 4.4 250
80 3.6 286
90 2.9 315
100 4.7 362
110 2.2 384
120 2.8 412
130 2.4 436
140 5 486
150 6.3 549
160 6.6 615
170 5.8 673
180 6.8 741
190 8.6 827
200 9.5 922
210 9.5 1017
220 11.1 1128
230 8.1 1209
240 7.2 1281
250 9.2 1373
260 9.1 1464
270 12 1584
280 10 1684
290 13.2 1816
300 13.1 1947
310 13.3 2080
320 10 2180
330 11.6 2296
340 12.3 2419
350 9.6 2515
360 11.6 2631
370 11.6 2747
380 13.8 2885
390 13.4 3019
400 16.4 3183
410 14.2 3325
420 15.4 3479
430 14.9 3628
440 14.5 3773
450 15.3 3926
460 14.9 4075
470 14.9 4224
480 13.9 4363
490 16.5 4528
500 15.9 4687
510 15.4 4841
520 16.3 5004
530 17.5 5179
540 16.1 5340
550 15.3 5493
560 15.3 5646
570 16.9 5815
580 17 5985
590 15.8 6143
600 16.4 6307
610 17.7 6484
620 19.2 6676
630 18.5 6861
640 16.4 7025
650 18.9 7214
660 16.5 7379
670 19 7569
680 19.6 7765
690 16.7 7932
700 17.9 8111
710 18.9 8300
720 16.5 8465
730 18.1 8646
740 17.5 8821
750 17.3 8994
760 15.2 9146
770 17 9316
780 17.4 9490
790 15.5 9645
800 17.6 9821
810 18.4 10005
820 18.3 10188
830 19.1 10379
840 16.1 10540
850 17.9 10719
860 17.5 10894
870 15.5 11049
880 18.5 11234
890 16.6 11400
900 17.7 11577
910 19.2 11769
920 17.2 11941
930 20.7 12148
940 17.8 12326
950 15.4 12480
960 17.1 12651
970 14.2 12793
980 18.1 12974
990 14.9 13123
1000 19.7 13320
1010 18.7 13507
1020 17.4 13681
1030 18 13861
1040 16 14021
1050 18.2 14203
1060 17.4 14377
1070 18.3 14560
1080 19.6 14756
1090 18.1 14937
1100 17.1 15108
1110 15.6 15264
1120 17.5 15439
1130 19.3 15632
1140 18.6 15818
1150 15.3 15971
1160 17.2 16143
1170 18.2 16325
1180 18.5 16510
1190 18 16690
1200 17.5 16865
1210 17.2 17037
1220 19 17227
1230 18.1 17408
1240 17 17578
1250 18 17758
1260 16.6 17924
1270 17.7 18101
1280 20.3 18304
1290 16.8 18472
1300 18 18652
1310 20.3 18855
1320 17 19025
1330 17.6 19201
1340 18.8 19389
1350 18.6 19575
1360 16.9 19744
1370 19.3 19937
1380 14.4 20081
1390 19.9 20280
1400 18.4 20464
1410 18.3 20647
1420 16.6 20813
1430 17.8 20991
1440 13.2 21123
1450 17.6 21299
1460 16.6 21465
1470 18.9 21654
1480 18.7 21841
1490 18.3 22024
1500 16.6 22190
1510 19.6 22386
1520 19.6 22582
1530 16.6 22748
1540 17.5 22923
1550 17.2 23095
1560 18.3 23278
1570 19 23468
1580 18 23648
1590 18.9 23837
1600 19 24027
1610 15.6 24183
1620 19.2 24375
1630 19.1 24566
1640 15.8 24724
1650 18.2 24906
1660 18.8 25094
1670 16.3 25257
1680 20.3 25460
1690 17.8 25638
1700 15.9 25797
1710 18.5 25982
1720 18.9 26171
1730 16.1 26332
1740 17.9 26511
1750 16.9 26680
1760 19.4 26874
1770 21.2 27086
1780 18.1 27267
1790 14.5 27412
1800 17.5 27587
1810 17.1 27758
1820 18.3 27941
1830 19 28131
1840 18 28311
1850 17.3 28484
1860 19.5 28679
1870 15.7 28836
1880 16.1 28997
1890 17.2 29169
1900 18.3 29352
1910 19.5 29547
1920 18.1 29728
1930 16 29888
1940 18.4 30072
1950 19.4 30266
1960 19.6 30462
1970 15 30612
1980 17.9 30791
1990 17.7 30968
2000 19.4 31162
2010 18.3 31345
2020 14.7 31492
2030 17.5 31667
2040 18 31847
2050 18.7 32034
2060 16.2 32196
2070 18.8 32384
2080 14.1 32525
2090 19.1 32716
2100 16.8 32884
2110 16.6 33050
2120 18.9 33239
2130 19.1 33430
2140 17.3 33603
2150 18.7 33790
2160 19 33980
2170 16.3 34143
2180 19.9 34342
2190 17.1 34513
2200 16 34673
2210 18.7 34860
2220 18.9 35049
2230 18.3 35232
2240 17.1 35403
2250 17.7 35580
2260 17.3 35753
2270 18 35933
2280 18.8 36121
2290 17.2 36293
2300 18.4 36477
2310 20.1 36678
2320 16.8 36846
2330 17.7 37023
2340 15.9 37182
2350 19.2 37374
2360 18.7 37561
2370 17.6 37737
2380 16.5 37902
2390 18.6 38088
2400 16.6 38254
2410 17.9 38433
2420 18.4 38617
2430 17.1 38788
2440 17.6 38964
2450 17.8 39142
2460 17.2 39314
2470 20.2 39516
2480 19.1 39707
2490 15.8 39865
2500 17.4 40039
2510 18.7 40226
2520 15.1 40377
2530 18.1 40558
2540 19.5 40753
2550 15.9 40912
2560 18.3 41095
2570 18.4 41279
2580 15.9 41438
2590 18.8 41626
2600 16.2 41788
2610 18.2 41970
2620 17.3 42143
2630 19.1 42334
2640 19.4 42528
2650 16.9 42697
2660 12.3 42820
2670 19.4 43014
2680 19.9 43213
2690 13.4 43347
2700 17.2 43519
2710 16.8 43687
2720 16.9 43856
2730 18.5 44041
2740 18.2 44223
2750 15.6 44379
2760 18.6 44565
2770 18.9 44754
2780 14.9 44903
2790 18.2 45085
2800 16.7 45252
2810 17.6 45428
2820 17.8 45606
2830 17.5 45781
2840 18.9 45970
2850 18.6 46156
2860 15.7 46313
2870 18.1 46494
2880 18.9 46683
2890 16.9 46852
2900 18.3 47035
2910 18.3 47218
2920 17.8 47396
2930 17.1 47567
2940 15.7 47724
2950 17.3 47897
2960 20 48097
2970 20.1 48298
2980 15.9 48457
2990 17.2 48629
3000 15.8 48787
3010 19.2 48979
3020 19.7 49176
3030 17.5 49351
3040 17.5 49526
3050 19.5 49721
3060 16.3 49884
3070 16.4 50048
3080 17.9 50227
3090 19.2 50419
3100 16.9 50588
3110 19.1 50779
3120 18.7 50966
3130 17.7 51143
3140 18.7 51330
3150 19.8 51528
3160 16.2 51690
3170 19.2 51882
3180 16.8 52050
3190 18.3 52233
3200 17.6 52409
3210 16.1 52570
3220 17.8 52748
3230 18.3 52931
3240 16 53091
3245 10.3 53194
