10 0 0
20 6 6
30 14 8
40 20 6
50 21 1
60 28 7
70 24 -4
80 17 -7
90 19 2
100 16 -3
110 13 -3
120 14 1
130 13 -1
140 23 10
150 34 11
160 24 -10
170 39 15
180 40 1
190 41 1
200 38 -3
210 47 9
220 50 3
230 33 -17
240 36 3
250 43 7
260 50 7
270 55 5
280 61 6
290 69 8
300 62 -7
310 52 -10
320 60 8
330 59 -1
340 60 1
350 50 -10
360 53 3
370 67 14
380 69 2
390 74 5
400 107 33
410 111 4
420 111 0
430 111 0
440 92 -19
450 90 -2
460 94 4
470 78 -16
480 82 4
490 105 23
500 112 7
510 114 2
520 134 20
530 171 37
540 178 7
550 177 -1
560 194 17
570 193 -1
580 205 12
590 233 28
600 258 25
610 285 27
620 319 34
630 342 23
640 380 38
650 411 31
660 441 30
670 468 27
680 508 40
690 551 43
700 580 29
710 604 24
720 623 19
730 662 39
740 677 15
750 717 40
760 735 18
770 712 -23
780 734 22
790 735 1
800 697 -38
810 731 34
820 749 18
830 726 -23
840 750 24
850 760 10
860 712 -48
870 747 35
880 757 10
890 735 -22
900 760 25
910 766 6
920 746 -20
930 766 20
940 780 14
950 775 -5
960 789 14
970 799 10
980 770 -29
990 774 4
1000 790 16
1010 766 -24
1020 785 19
1030 809 24
1040 796 -13
1050 807 11
1060 803 -4
1070 779 -24
1080 801 22
1090 814 13
1100 801 -13
1110 813 12
1120 826 13
1130 791 -35
1140 801 10
1150 809 8
1160 796 -13
1170 813 17
1180 803 -10
1190 793 -10
1200 807 14
1210 799 -8
1220 804 5
1230 802 -2
1240 772 -30
1250 786 14
1260 801 15
1270 771 -30
1280 783 12
1290 805 22
1300 786 -19
1310 807 21
1320 819 12
1330 786 -33
1340 801 15
1350 803 2
1360 792 -11
1370 810 18
1380 823 13
1390 788 -35
1400 810 22
1410 826 16
1420 798 -28
1430 804 6
1440 800 -4
1450 807 7
1460 815 8
1470 800 -15
1480 794 -6
1490 814 20
1500 810 -4
1510 805 -5
1520 813 8
1530 803 -10
1540 820 17
1550 827 7
1560 821 -6
1570 811 -10
1580 825 14
1590 811 -14
1600 826 15
1610 835 9
1620 820 -15
1630 825 5
1640 823 -2
1650 818 -5
1660 831 13
1670 819 -12
1680 802 -17
1690 819 17
1700 833 14
1710 823 -10
1720 809 -14
1730 821 12
1740 814 -7
1750 821 7
1760 822 1
1770 801 -21
1780 802 1
1790 817 15
1800 829 12
1810 834 5
1820 811 -23
1830 787 -24
1840 796 9
1850 817 21
1860 799 -18
1870 815 16
1880 807 -8
1890 815 8
1900 813 -2
1910 780 -33
1920 799 19
1930 814 15
1940 805 -9
1950 807 2
1960 804 -3
1970 795 -9
1980 807 12
1990 820 13
2000 798 -22
2010 789 -9
2020 819 30
2030 808 -11
2040 821 13
2050 810 -11
2060 795 -15
2070 799 4
2080 809 10
2090 793 -16
2100 817 24
2110 827 10
2120 819 -8
2130 830 11
2140 819 -11
2150 811 -8
2160 827 16
2170 808 -19
2180 804 -4
2190 830 26
2200 798 -32
2210 817 19
2220 811 -6
2230 794 -17
2240 809 15
2250 826 17
2260 809 -17
2270 807 -2
2280 800 -7
2290 800 0
2300 815 15
2310 811 -4
2320 800 -11
2330 804 4
2340 812 8
2350 786 -26
2360 807 21
2370 816 9
2380 797 -19
2390 807 10
2400 809 2
2410 791 -18
2420 794 3
2430 811 17
2440 790 -21
2450 811 21
2460 823 12
2470 801 -22
2480 803 2
2490 810 7
2500 802 -8
2510 807 5
2520 809 2
2530 791 -18
2540 815 24
2550 815 0
2560 788 -27
2570 806 18
2580 838 32
2590 813 -25
2600 808 -5
2610 824 16
2620 796 -28
2630 794 -2
2640 818 24
2650 804 -14
2660 827 23
2670 810 -17
2680 813 3
2690 825 12
2700 790 -35
2710 817 27
2720 823 6
2730 814 -9
2740 828 14
2750 823 -5
2760 812 -11
2770 824 12
2780 816 -8
2790 826 10
2800 827 1
2810 821 -6
2820 833 12
2830 825 -8
2840 794 -31
2850 815 21
2860 842 27
2870 824 -18
2880 816 -8
2890 838 22
2900 821 -17
2910 820 -1
2920 820 0
2930 821 1
2940 829 8
2950 827 -2
2960 806 -21
2970 796 -10
2980 808 12
2990 812 4
3000 821 9
3010 792 -29
3020 804 12
3030 816 12
3040 809 -7
3050 803 -6
3060 815 12
3070 796 -19
3080 809 13
3090 808 -1
3100 785 -23
3110 787 2
3120 807 20
3130 790 -17
3140 809 19
3150 820 11
3160 805 -15
3170 813 8
3180 815 2
3190 807 -8
3200 809 2
3210 811 2
3220 806 -5
3230 819 13
3240 818 -1
3245 792 -26
