940 0.8 8
950 0.9 17
960 1.5 32
970 1 42
980 1.1 53
990 1.1 64
1000 1.1 75
1010 2.8 103
1020 1.4 117
1030 1 127
1040 2 147
1050 1.8 165
1060 4.3 208
1070 5.5 263
1080 3 293
1090 4.6 339
1100 6.6 405
1110 5.3 458
1120 4.8 506
1130 4.7 553
1140 5 603
1150 6.8 671
1160 6.6 737
1170 5.1 788
1180 5 838
1190 5.9 897
1200 4.9 946
1210 4.3 989
1220 4.6 1035
1230 3.8 1073
1240 4.6 1119
1250 5.8 1177
1260 4.9 1226
1270 5.1 1277
1280 4.9 1326
1290 5.9 1385
1300 6.6 1451
1310 5.6 1507
1320 7.9 1586
1330 7.3 1659
1340 6.6 1725
1350 6.9 1794
1360 9.4 1888
1370 10.2 1990
1380 9.9 2089
1390 10.9 2198
1400 9.9 2297
1410 11.5 2412
1420 9.2 2504
1430 9.8 2602
1440 9.5 2697
1450 9.1 2788
1460 7.2 2860
1470 9.4 2954
1480 8.5 3039
1490 8.5 3124
1500 10.8 3232
1510 9 3322
1520 9.1 3413
1530 12.7 3540
1540 9.4 3634
1550 11.6 3750
1560 9.4 3844
1570 10.2 3946
1580 11.6 4062
1590 11 4172
1600 11.5 4287
1610 10.5 4392
1620 11.7 4509
1630 12.6 4635
1640 10.3 4738
1650 12.3 4861
1660 13.2 4993
1670 12.6 5119
1680 13.7 5256
1690 11.5 5371
1700 11.7 5488
1710 13.2 5620
1720 11.2 5732
1730 11.3 5845
1740 12.8 5973
1750 11.8 6091
1760 11.6 6207
1770 9.3 6300
1780 10.2 6402
1790 12.1 6523
1800 11.3 6636
1810 11.7 6753
1820 11.1 6864
1830 12.2 6986
1840 9.5 7081
1850 9.2 7173
1860 12.6 7299
1870 9.3 7392
1880 10.2 7494
1890 13.7 7631
1900 10 7731
1910 10.3 7834
1920 13.4 7968
1930 12.8 8096
1940 12.3 8219
1950 13.1 8350
1960 12.2 8472
1970 11.3 8585
1980 10.4 8689
1990 12.7 8816
2000 9.2 8908
2010 10.2 9010
2020 8.8 9098
2030 9.9 9197
2040 10.1 9298
2050 10 9398
2060 9.6 9494
2070 9.4 9588
2080 11.9 9707
2090 10.7 9814
2100 8.7 9901
2110 11.2 10013
2120 9 10103
2130 9.3 10196
2140 9.2 10288
2150 10.1 10389
2160 9.8 10487
2170 10.1 10588
2180 8.4 10672
2190 8.8 10760
2200 11 10870
2210 9.8 10968
2220 13.2 11100
2230 11.4 11214
2240 11.4 11328
2250 11.3 11441
2260 13.9 11580
2270 12.6 11706
2280 10.6 11812
2290 10.3 11915
2300 11.5 12030
2310 10.8 12138
2320 11.9 12257
2330 10.7 12364
2340 10.3 12467
2350 12.7 12594
2360 11.4 12708
2370 12.3 12831
2380 10.8 12939
2390 9.3 13032
2400 11.5 13147
2410 11 13257
2420 11.8 13375
2430 12.2 13497
2440 11.5 13612
2450 8.8 13700
2460 13 13830
2470 9 13920
2480 10 14020
2490 10.6 14126
2500 9 14216
2510 10.1 14317
2520 9.7 14414
2530 10 14514
2540 8.9 14603
2550 10.2 14705
2560 10.1 14806
2570 10 14906
2580 12.2 15028
2590 12.2 15150
2600 11.5 15265
2610 11.3 15378
2620 11 15488
2630 12.1 15609
2640 9.7 15706
2650 9.6 15802
2660 11.2 15914
2670 11.6 16030
2680 10.3 16133
2690 10.2 16235
2700 9.2 16327
2710 10.9 16436
2720 10.6 16542
2730 10.3 16645
2740 9.6 16741
2750 6.9 16810
2760 9.4 16904
2770 11.7 17021
2780 10.9 17130
2790 9.9 17229
2800 10.4 17333
2810 12.6 17459
2820 11.3 17572
2830 12.1 17693
2840 11.8 17811
2850 8.2 17893
2860 11.9 18012
2870 12.3 18135
2880 9.1 18226
2890 7.9 18305
2900 11.3 18418
2910 10.4 18522
2920 8.7 18609
2930 10.9 18718
2940 11.5 18833
2950 11.8 18951
2960 11.1 19062
2970 10.9 19171
2980 10.3 19274
2990 10.3 19377
3000 9.6 19473
3010 11.3 19586
3020 11.3 19699
3030 14.6 19845
3040 11.3 19958
3050 12.9 20087
3060 11.7 20204
3070 11.5 20319
3080 7.8 20397
3090 11 20507
3100 10.8 20615
3110 10.5 20720
3120 9.5 20815
3130 9 20905
3140 11 21015
3150 7.8 21093
3160 10.8 21201
3170 9.8 21299
3180 8.8 21387
3190 8.5 21472
3200 10.3 21575
3210 11.1 21686
3220 11.3 21799
3230 12.6 21925
3240 11.6 22041
3245 6.1 22102
