10 0.6 262.5308430989583 209.90664051063058 685.803955078125 82.93408203125 0 0
20 1.9 201.20126182154604 135.8852528034227 685.803955078125 60.510009765625 262.5308430989583 6
30 3.3 139.5641128077651 103.49831864726633 685.803955078125 29.006103515625 215.920361328125 25
40 5.2 137.73747840294467 94.21834566951175 685.803955078125 29.006103515625 172.47628889412712 58
50 5.8 122.62598919046336 76.79396719526355 685.803955078125 8.18408203125 156.0543057528409 110
60 5.6 99.94791957310268 55.65563234757172 685.803955078125 3.1689453125 144.5135774158296 168
70 5.2 113.45219069260817 57.4494367857537 685.803955078125 3.1689453125 133.37216295514787 224
80 4.2 109.95368303571429 70.01422919561548 685.803955078125 3.1689453125 129.6191247027853 276
90 3.2 111.88432312011719 64.58430112746815 685.803955078125 3.1689453125 127.02180221845519 318
100 5.2 99.35259070763222 65.59142891857155 685.803955078125 3.044921875 125.63780412946429 350
110 2.6 108.73568021334134 84.21792992733714 685.803955078125 3.044921875 122.23772677141636 402
120 3.2 101.2600326538086 61.69321792683539 685.803955078125 3.044921875 121.41750898985106 428
130 2.7 85.85777452256944 51.62786843861018 685.803955078125 3.044921875 120.01524976647418 460
140 5.2 108.35309776893028 73.27429538750648 685.803955078125 3.044921875 118.12150883919405 487
150 7.1 139.48736658230635 100.30341158123915 685.803955078125 3.044921875 117.17910183427064 539
160 6.9 181.20625283061597 133.02469136594584 685.803955078125 3.044921875 119.77563756723873 610
170 6.7 119.15049994169773 105.25269707385935 685.803955078125 3.044921875 126.01821849974687 679
180 7.7 112.93870167918017 93.2651404363819 685.803955078125 2.782958984375 125.40141267750921 746
190 9.9 274.9071328519571 181.94536522112278 794.822998046875 2.347900390625 124.23539961934235 823
200 11 174.8453391335227 110.45185776675163 794.822998046875 2.347900390625 140.41381782978578 922
210 10.2 152.1558646407782 108.05868251405464 794.822998046875 2.347900390625 144.08384432533916 1032
220 12 214.85773518880208 135.30856656614006 794.822998046875 2.347900390625 144.80989906270668 1134
230 9.1 392.76776592548055 300.26284840201595 1010.22998046875 2.347900390625 151.51304127573016 1254
240 7.7 114.18308010349025 88.82818140481058 1010.22998046875 2.347900390625 167.83585164236754 1345
250 10.3 142.3365490367112 104.05761859247687 1010.22998046875 0.841064453125 164.93060311318783 1422
260 9.8 134.4086764588648 103.92692812321181 1010.22998046875 0.841064453125 163.40457847720285 1525
270 13.2 187.01845296223954 117.21837736725361 1010.22998046875 0.841064453125 161.6537476714129 1623
280 11.2 204.3203342982701 146.77291816989617 1010.22998046875 0.841064453125 163.5615203770477 1755
290 14.8 412.9927236196155 346.0967318476119 1381.345947265625 0.841064453125 166.00661258871185 1867
300 15.2 737.5022727564759 451.76808128351985 1708.240966796875 0.841064453125 184.14752793986509 2015
310 15.3 318.96791066687086 264.9422344880896 1708.240966796875 0.841064453125 222.9615201928069 2167
320 12.2 177.73374663806342 130.83224389681672 1708.240966796875 0.841064453125 229.29297611631196 2320
330 13.6 179.3557685403263 121.12381343969763 1708.240966796875 0.841064453125 226.71712599495802 2442
340 14.1 215.9249293550532 132.98935606133725 1708.240966796875 0.841064453125 224.21862148998133 2578
350 11.7 142.04543519631412 99.94817949994838 1708.240966796875 0.841064453125 223.78853300486736 2719
360 13 242.06350285456736 135.59163349224093 1708.240966796875 0.841064453125 220.41619786960618 2836
370 12.8 226.2472534179687 186.65964078476782 1708.240966796875 0.841064453125 221.36500085276361 2966
380 15.8 437.2611717513844 355.9196667554264 1708.240966796875 0.841064453125 221.56698156651484 3094
390 15.2 434.97803698087984 284.9471274176152 1708.240966796875 0.841064453125 232.04658859271697 3252
400 18.2 1205.8124423184229 365.2479100521669 2746.8740234375 0.841064453125 241.10815738090758 3404
410 15.9 2756.755963787343 683.9302052025084 3914.975830078125 0.841064453125 290.0697245472845 3586
420 17.5 2742.0229910714297 143.49539337093123 3914.975830078125 0.841064453125 394.796857268024 3745
430 16.4 2524.937904916158 130.35543922507517 3914.975830078125 0.841064453125 499.5837382413903 3920
440 16.6 2299.618993552333 221.06899989197728 3914.975830078125 0.841064453125 580.9152963546768 4084
450 17.4 1307.5377028892776 433.1730659905157 3914.975830078125 0.841064453125 648.0458407628677 4250
460 17.6 1578.3845131613991 404.519946155267 3914.975830078125 0.841064453125 673.9842639116008 4424
470 17.3 1313.0576990381148 234.24766846687046 3914.975830078125 0.841064453125 708.5874038828974 4600
480 16 833.6490524291988 306.4078378414001 3914.975830078125 0.841064453125 730.4967609040272 4773
490 18.5 633.757761032517 345.29651248227503 3914.975830078125 0.841064453125 733.8424666903696 4933
500 17.8 1616.081988731127 332.5011075343689 3914.975830078125 0.841064453125 730.224711601135 5118
510 17.7 2539.2552828169137 450.0373053007795 3914.975830078125 0.841064453125 759.9986155530116 5296
520 18.3 3032.4793561091187 259.4988849097497 3914.975830078125 0.841064453125 817.5408099812431 5473
530 19.5 3044.664882562099 363.9208969267637 5703.81005859375 0.841064453125 889.205193634249 5656
540 17.6 4183.822150490501 707.2719571678078 5703.81005859375 0.841064453125 961.0415702093526 5851
550 17.2 6023.704584166064 195.89143908579618 6487.5869140625 0.841064453125 1055.1529659500995 6027
560 17.1 7130.664206700018 310.3100922182617 7558.5068359375 0.841064453125 1193.0124397899358 6199
570 18.9 6709.2285918382095 794.7404293367077 12101.899169921875 0.841064453125 1352.4062313349318 6370
580 19 6706.939717824835 692.1636795728986 12101.899169921875 0.841064453125 1506.765040015389 6559
590 17.4 7398.111044697378 350.84283368823776 12101.899169921875 0.841064453125 1653.1620156834576 6749
600 18.7 8128.191716974432 492.9131355569866 12101.899169921875 0.841064453125 1797.5533389607106 6923
610 19.3 9402.936046541046 425.9680568676697 13439.31201171875 0.841064453125 1964.0553609984836 7110
620 21.2 8919.143659483716 460.27620077209656 13439.31201171875 0.841064453125 2160.64634721096 7303
630 20.5 9857.166519388342 787.4374215472045 13439.31201171875 0.841064453125 2351.305220158641 7515
640 18.6 12206.155471637685 1196.3833441108718 17470.73583984375 0.841064453125 2550.6188945552844 7720
650 20.5 13684.511168540397 518.7441375121998 17470.73583984375 0.841064453125 2777.7792541982553 7906
660 19.2 14844.88931020101 1472.083330846191 17470.73583984375 0.841064453125 3053.4394739541594 8111
670 21.6 16925.89147610135 893.1482726137044 17832.23583984375 0.841064453125 3326.1069879321667 8303
680 22.3 16530.72431049433 1216.9131937141249 17832.23583984375 0.841064453125 3670.9307289163835 8519
690 19.9 17429.75162310577 1865.7820097775311 22902.12890625 0.841064453125 3998.9716770623318 8742
700 21.5 19220.64058071402 2193.5750188277825 22902.12890625 0.841064453125 4297.900791172906 8941
710 21.7 20903.1119356639 1396.508705367534 24829.2861328125 0.841064453125 4648.314624151428 9156
720 20.5 20807.36764005336 3562.702008885394 24829.2861328125 0.841064453125 5024.639281848879 9373
730 21.6 23257.305723967376 2852.327980501081 24890.113037109375 0.841064453125 5362.440421275891 9578
740 21.9 23263.912085964253 3531.6673143915896 25468.555908203125 0.841064453125 5757.099488600923 9794
750 19.9 24859.012038954537 2672.469502382316 29761.321044921875 0.841064453125 6140.000912631939 10013
760 19.9 25935.683323845802 5003.860375967422 31950.219970703125 0.841064453125 6504.776002148018 10212
770 22.5 27865.86328016493 5123.732606838292 36609.523193359375 0.841064453125 6876.186102716441 10411
780 20.3 30267.280887998382 6975.4002359566975 40153.863037109375 0.841064453125 7320.213684977246 10636
790 19.5 28929.31982046274 6981.2892214686335 43158.4111328125 0.841064453125 7749.981619492726 10839
800 21.8 31126.59054369445 9705.987074254697 45497.998046875 0.841064453125 8124.276612168923 11034
810 20.7 33307.569999952844 9995.741434944777 50107.328125 0.841064453125 8569.931112441991 11252
820 22.4 30864.808238438196 10765.445351968954 55056.201904296875 0.841064453125 9016.801803576884 11459
830 22.2 30224.13436312289 10703.901414786387 55056.201904296875 0.841064453125 9435.697073747982 11683
840 18.4 29870.308096180786 9443.487958230375 55056.201904296875 0.841064453125 9823.352099219735 11905
850 22.3 32059.165894102076 9970.268850260492 55056.201904296875 0.841064453125 10128.475757375152 12089
860 22.5 27887.048016493056 9096.632820749377 55056.201904296875 0.841064453125 10525.693423106968 12312
870 18.3 30991.04788224686 10576.788747571985 56762.532958984375 0.841064453125 10837.275522772907 12537
880 23 32427.557220193627 12522.09181045341 56762.532958984375 0.841064453125 11127.223662850245 12720
890 21.7 29501.44888685376 10923.504217320457 56762.532958984375 0.841064453125 11505.53074533588 12950
900 19.9 31054.730325210036 10414.09839834272 56762.532958984375 0.841064453125 11802.114191580991 13167
910 23.1 32168.957222546334 11738.974033239136 56762.532958984375 0.841064453125 12088.757211975439 13366
920 22.1 27513.58751391933 8729.940085812821 56762.532958984375 0.841064453125 12429.900567306899 13597
930 23.8 30637.01196083902 10472.667282142509 56762.532958984375 0.841064453125 12671.143497919242 13818
940 21 30800.57431640626 17204.788259072197 137861.5009765625 0.841064453125 12975.346449980632 14056
950 18.7 29049.7999274106 9397.38744521031 137861.5009765625 0.841064453125 13237.739401890725 14266
960 21.2 32294.177823048714 10335.812394761295 137861.5009765625 0.841064453125 13442.32359328851 14453
970 19.2 30376.280980428055 12418.921878452998 137861.5009765625 0.841064453125 13714.849546013309 14665
980 21 36909.09700753344 11832.716440056814 137861.5009765625 0.841064453125 13930.168576464117 14857
990 19.5 31688.671365434697 21079.390385892857 219536.4130859375 0.841064453125 14250.44301533878 15067
1000 22.3 36162.8129828072 18864.300222211667 221250.77319335938 0.841064453125 14473.248317937961 15262
1010 21.7 34587.09981526317 24956.927177564976 221250.77319335938 0.841064453125 14785.600460028103 15485
1020 21.7 33429.35248843424 22095.951784738703 225339.01000976563 0.841064453125 15059.255112944038 15702
1030 21.8 33354.88761019927 21157.78824534368 225339.01000976563 0.841064453125 15309.667270144955 15919
1040 18.7 33189.45321900066 26276.8391247096 225339.01000976563 0.841064453125 15553.446041548055 16137
1050 21.9 33698.675922829265 16829.60797692912 225339.01000976563 0.841064453125 15755.475773365235 16324
1060 22.8 31534.6130328262 21076.467633383974 225339.01000976563 0.841064453125 15993.011941698223 16543
1070 20.8 32342.04165884166 21833.127409913006 225339.01000976563 0.841064453125 16204.298391449409 16771
1080 23.1 30720.924082834485 13593.414003996226 225339.01000976563 0.841064453125 16401.992637259973 16979
1090 21 34078.66138509116 25059.46730358622 225339.01000976563 0.841064453125 16594.187475373146 17210
1100 19.9 31703.711334995285 16560.54490752209 225339.01000976563 0.841064453125 16804.96471538697 17420
1110 20 35058.41781860353 28631.941150422568 225339.01000976563 0.841064453125 16973.240473222377 17619
1120 21.5 30872.39031386265 10266.52293998921 225339.01000976563 0.841064453125 17176.228040935282 17819
1130 22.6 37223.44606112587 27738.090565596376 225519.76293945313 0.841064453125 17339.512663796508 18034
1140 22 37638.717427201664 27596.97893958909 225519.76293945313 0.841064453125 17585.61172994089 18260
1150 19.3 31345.535048726928 25072.574697137825 225519.76293945313 0.841064453125 17824.339178717804 18480
1160 20 36539.56673828125 29094.49552967563 227259.72802734375 0.841064453125 17964.09127012849 18673
1170 22.8 38566.769529108424 30559.952324271617 227366.830078125 0.841064453125 18160.93835822421 18873
1180 21.9 31714.78043285352 17297.651072835204 227366.830078125 0.841064453125 18404.51353789866 19101
1190 20.6 32578.624585197944 25640.91783945615 227366.830078125 0.841064453125 18555.39078686321 19320
1200 19.7 33878.77903910214 17557.68291510737 227366.830078125 0.841064453125 18703.336406163475 19526
1210 21.5 36901.61752021257 30247.166346184844 227366.830078125 0.841064453125 18854.913863887396 19723
1220 22.7 34847.26635634635 28200.819553432168 227366.830078125 0.841064453125 19049.519204749566 19938
1230 21.1 34251.71102196574 23122.68461391433 229310.837890625 0.841064453125 19227.356477420653 20165
1240 20.2 36695.54297237584 30418.61324341492 229535.60693359375 0.841064453125 19382.93847628692 20376
1250 22.1 37156.295762558344 30728.934276023276 229535.60693359375 0.841064453125 19552.88434606095 20578
1260 20.2 33013.667972375864 23113.14252859839 229535.60693359375 0.841064453125 19739.929584920796 20799
1270 21.8 34802.44758815941 31908.884823801003 229535.60693359375 0.841064453125 19867.604226807656 21001
1280 23.9 37198.15049175435 27747.813175095285 230447.705078125 0.841064453125 20021.041987907363 21219
1290 20 33938.60265747069 29346.136966389444 230447.705078125 0.841064453125 20212.36125962045 21458
1300 21.5 33315.50334415879 28585.6647157249 230447.705078125 0.841064453125 20339.115728157252 21658
1310 23.1 34037.792544938806 21558.91380620713 230447.705078125 0.841064453125 20466.66674253298 21873
1320 20.5 33553.1035787443 28627.952261857994 230447.705078125 0.841064453125 20608.493111532065 22104
1330 22.3 32187.056775285488 25519.741154211337 230447.705078125 0.841064453125 20727.442645163268 22309
1340 21.5 33313.063157476376 13251.017411624975 230447.705078125 0.841064453125 20840.858851048997 22532
1350 23 33507.618263841716 24370.69135819576 230447.705078125 0.841064453125 20958.743579843205 22747
1360 19.1 32794.54695041515 21835.19148510752 230447.705078125 0.841064453125 21084.357941044393 22977
1370 22.5 34500.03744900169 22284.07147399303 230447.705078125 0.841064453125 21180.898259621303 23168
1380 18.2 33035.22012765068 26944.935493948116 230447.705078125 0.841064453125 21309.005228270496 23393
1390 23.1 35114.712586241876 24468.342892045355 230447.705078125 0.841064453125 21399.53210469413 23575
1400 22.2 37288.814006633555 28665.344694640167 230447.705078125 0.841064453125 21532.616482213984 23806
1410 21.9 33589.16563993828 21266.04821023265 230447.705078125 0.841064453125 21678.191471826984 24028
1420 19.2 33011.017002105735 26344.580625161572 230447.705078125 0.841064453125 21785.771928906885 24247
1430 21.5 36399.64260310685 26061.869623853654 230447.705078125 0.841064453125 21873.960768632496 24439
1440 16 39052.33907318113 31439.082488155134 230447.705078125 0.841064453125 22000.634801017182 24654
1450 20.5 38890.67437237994 25647.282945930012 230447.705078125 0.841064453125 22110.5837283786 24814
1460 20.3 34959.239794200286 25330.10165526825 230447.705078125 0.841064453125 22248.07597755004 25019
1470 22.7 38373.794058241 32106.8758112389 230447.705078125 0.841064453125 22350.382148939305 25222
1480 21.6 36110.88233665183 23150.07900967895 230447.705078125 0.841064453125 22493.30778465825 25449
1490 21.3 33792.376891230204 21452.94462626935 230447.705078125 0.841064453125 22607.9150748679 25665
1500 19.1 32405.503605867576 26487.529126738995 230447.705078125 0.841064453125 22699.973594339463 25878
1510 22.5 39113.952162543406 34876.68942017485 230447.705078125 0.841064453125 22771.083197017044 26069
1520 23.2 35648.22445468245 24213.773340032352 230447.705078125 0.841064453125 22910.930520255937 26294
1530 19.6 33379.25932716835 31861.100080669992 230447.705078125 0.841064453125 23022.332623580485 26526
1540 20.3 36265.41009972487 23145.525916240098 230447.705078125 0.841064453125 23098.29840585364 26722
1550 21.3 31853.909664530172 22433.388786634994 230447.705078125 0.841064453125 23197.571337101766 26925
1560 21.1 37600.770414090286 30413.33276873746 230639.84912109375 0.841064453125 23265.512971110988 27138
1570 23.1 32764.863157594344 20722.416110885806 230639.84912109375 0.841064453125 23376.11077433848 27349
1580 21.9 32539.19249094784 22048.025856455293 230639.84912109375 0.841064453125 23454.74753287844 27580
1590 21.2 35556.392943184335 31847.29755414153 230639.84912109375 0.841064453125 23526.314619673547 27799
1600 22 34900.50614790483 27838.691373742273 230639.84912109375 0.841064453125 23617.363729115703 28011
1610 19 35691.60099712173 32860.780526939714 230639.84912109375 0.841064453125 23705.29158615703 28231
1620 23.1 35878.51458185374 24059.820217882374 230639.84912109375 0.841064453125 23785.422432646712 28421
1630 22.9 38367.98097728745 34516.87596283969 230639.84912109375 0.841064453125 23882.920139140737 28652
1640 19.6 32550.32356978434 28672.194465113877 230639.84912109375 0.841064453125 23997.77346596237 28881
1650 21.2 38365.60674703349 25517.77941489295 230639.84912109375 0.841064453125 24055.42383637022 29077
1660 22.6 32183.638768018875 16801.898745570736 230639.84912109375 0.841064453125 24159.00397830271 29289
1670 19.9 36067.60965349209 34641.06665934511 230639.84912109375 0.841064453125 24220.449597902094 29515
1680 22.5 36846.11820638014 24543.07672109868 230639.84912109375 0.841064453125 24299.792158683624 29714
1690 20.4 34812.788738175936 22235.04718906113 230639.84912109375 0.841064453125 24394.0813253469 29939
1700 19.8 32876.80486382378 28575.773535394397 230639.84912109375 0.841064453125 24464.592432808568 30143
1710 21.7 37307.159574587786 30064.08801143361 230639.84912109375 0.841064453125 24519.489043379777 30341
1720 23.4 35687.790541950475 27515.114058371753 230639.84912109375 0.841064453125 24610.2974897857 30558
1730 19.1 34525.35384285013 29972.47770918147 230639.84912109375 0.841064453125 24694.479529737844 30792
1740 20.4 37144.84052112056 28744.66195121485 230639.84912109375 0.841064453125 24755.083635015075 30983
1750 21.9 36590.990396020614 33138.28628097064 230639.84912109375 0.841064453125 24836.12735210122 31187
1760 22.7 32917.320724420075 24335.34839857638 230639.84912109375 0.841064453125 24918.09624360661 31406
1770 23.8 37050.23388364136 29370.85476860616 230639.84912109375 0.841064453125 24975.499081059417 31633
1780 20.6 33629.24276703771 25655.543146146112 230639.84912109375 0.841064453125 25065.668416286255 31871
1790 19.1 33892.636381299126 32389.203673323856 230639.84912109375 0.841064453125 25120.664092822553 32077
1800 21.2 37816.149667416 26506.87892546628 230639.84912109375 0.841064453125 25172.58694850307 32268
1810 21.2 35322.844116210945 26120.287869244657 230639.84912109375 0.841064453125 25255.11266575706 32480
1820 22.3 34713.313821424825 28174.0605208357 230639.84912109375 0.841064453125 25320.399557580633 32692
1830 21.2 38944.697500552764 24782.100804241512 230639.84912109375 0.841064453125 25384.03680141588 32915
1840 21.4 34001.6872615636 28088.32458868828 230639.84912109375 0.841064453125 25470.819790162735 33127
1850 20.6 32610.395256560987 26436.575111746883 230639.84912109375 0.841064453125 25525.575365546792 33341
1860 21.8 37403.178578787956 28607.1975563368 230639.84912109375 0.841064453125 25569.08068338591 33547
1870 19.1 37360.91578810126 33621.28541830867 230639.84912109375 0.841064453125 25645.48623177026 33765
1880 21 35473.964890252995 28977.2800627833 230639.84912109375 0.841064453125 25711.384660479747 33956
1890 20.5 38015.68698432735 27086.63667547758 230639.84912109375 0.841064453125 25771.389982971472 34166
1900 22.2 38753.408849767715 33177.11852077031 230639.84912109375 0.841064453125 25844.419015739735 34371
1910 22.5 32917.50906792535 21509.02534119367 230639.84912109375 0.841064453125 25927.26224249527 34593
1920 20.5 36244.50216630143 29125.370164906966 230639.84912109375 0.841064453125 25972.43443893739 34818
1930 19.9 31942.93267730252 26781.37964057391 230639.84912109375 0.841064453125 26032.559896040144 35023
1940 22.2 30053.190875079174 16558.784727912407 230639.84912109375 0.841064453125 26065.95278069948 35222
1950 22 38379.14255925959 27437.296247871993 230639.84912109375 0.841064453125 26090.926453449516 35444
1960 22.6 36421.59869438779 24045.461528075404 230639.84912109375 0.841064453125 26166.72859407531 35664
1970 19 30633.016628546462 25268.19430784472 230639.84912109375 0.841064453125 26231.303702536457 35890
1980 21 36982.7562267485 26635.604207085296 230639.84912109375 0.841064453125 26254.48345464128 36080
1990 20.5 35134.70058355562 26103.31448357302 230639.84912109375 0.841064453125 26316.564944918005 36290
2000 21.9 36609.60677975167 30627.359401186888 230639.84912109375 0.841064453125 26366.098245532357 36495
2010 21.1 38015.00425568348 29138.597339569635 230639.84912109375 0.841064453125 26427.201050157135 36714
2020 17.8 34021.704924508434 30316.876272841015 230639.84912109375 0.841064453125 26493.41706847443 36925
2030 20.9 36852.90277712884 25732.092058201604 230639.84912109375 0.841064453125 26529.533696196555 37103
2040 21.3 37712.32749917474 28390.50093695889 230639.84912109375 0.841064453125 26587.359171590928 37312
2050 21.9 37945.43382897225 30766.072626246307 230639.84912109375 0.841064453125 26650.506893210524 37525
2060 19.5 33939.92011843952 22188.80727411917 230639.84912109375 0.841064453125 26716.042845916436 37744
2070 22 34589.13227317117 24854.04093333539 230639.84912109375 0.841064453125 26753.17234506354 37939
2080 16.8 36069.6177019392 31799.15074906465 230639.84912109375 0.841064453125 26798.349398555078 38159
2090 22.1 38919.41404482463 27933.014204827785 230639.84912109375 0.841064453125 26838.988453919927 38327
2100 20.1 34707.03864952582 22561.88597032163 230639.84912109375 0.841064453125 26908.24688640903 38548
2110 20.9 35522.864595404084 28539.406758119745 230639.84912109375 0.841064453125 26948.70101798369 38749
2120 21.8 37334.991775372735 25558.475633792834 230639.84912109375 0.841064453125 26994.69927733173 38958
2130 22.3 35311.88560862173 21858.85108431235 230639.84912109375 0.841064453125 27052.23919372373 39176
2140 19.9 31548.97826044284 25181.26376533173 230639.84912109375 0.841064453125 27098.98914043614 39399
2150 21.5 37374.46905432413 30491.847683627002 230639.84912109375 0.841064453125 27121.352588965896 39598
2160 22.7 34941.55806997693 27759.187490903434 230639.84912109375 0.841064453125 27176.721941691187 39813
2170 19.4 33387.49660216652 29203.94990245652 230639.84912109375 0.841064453125 27220.743365295606 40040
2180 23 38813.585482124676 31390.590070645267 230639.84912109375 0.841064453125 27250.478169887567 40234
2190 20.8 35246.78786057692 21943.85507376834 230639.84912109375 0.841064453125 27316.203621692 40464
2200 20.2 31882.991859964804 28752.871924255913 230639.84912109375 0.841064453125 27356.761290891645 40672
2210 21 38325.655725678946 28262.59279405604 230639.84912109375 0.841064453125 27379.12999899344 40874
2220 22.5 37403.07379340279 32971.335099719035 230639.84912109375 0.841064453125 27435.082934506147 41084
2230 21 33862.43948335195 28107.958686155373 230639.84912109375 0.841064453125 27489.376138003005 41309
2240 20 37585.99769897459 29544.353473699288 230639.84912109375 0.841064453125 27521.610616254486 41519
2250 22.1 36100.507815814126 27649.70048072172 230639.84912109375 0.841064453125 27569.859074188378 41719
2260 20.6 33181.87200749963 24621.442900627466 230639.84912109375 0.841064453125 27614.810752106816 41940
2270 21.1 36147.68625268439 29552.869172637063 230639.84912109375 0.841064453125 27642.021273119746 42146
2280 23.6 35256.101232496345 25968.27028607027 230639.84912109375 0.841064453125 27684.39196298655 42357
2290 20.2 34903.951855952204 32388.50615824031 230639.84912109375 0.841064453125 27726.345415140757 42593
2300 21.5 36040.249784247855 29036.349656435767 230639.84912109375 0.841064453125 27760.224992218547 42795
2310 23.1 37366.549132508124 27320.631711560436 230639.84912109375 0.841064453125 27801.61549048142 43010
2320 20 31451.98123779297 25313.42354625911 230639.84912109375 0.841064453125 27852.712821054447 43241
2330 21 37552.848846726185 32952.89900478266 230639.84912109375 0.841064453125 27869.28365697783 43441
2340 19.7 32611.262746123513 25584.65931128395 230639.84912109375 0.841064453125 27915.87018855436 43651
2350 21.8 37963.29574053001 26004.336906404802 230639.84912109375 0.841064453125 27936.965616711655 43848
2360 21.8 35572.20126594754 23642.996193232037 230639.84912109375 0.841064453125 27986.567122793273 44066
2370 22 37388.2032137784 34025.44681054336 230639.84912109375 0.841064453125 28023.909464117623 44284
2380 18.4 34735.45561019234 27069.478882876072 230639.84912109375 0.841064453125 28070.200687938526 44504
2390 21.8 34917.63224582498 21159.190212142013 230639.84912109375 0.841064453125 28097.64445149238 44688
2400 20.9 32957.20534913276 22368.82917729854 230639.84912109375 0.841064453125 28130.75266284865 44906
2410 20.7 34403.775049771684 18573.202219723633 230639.84912109375 0.841064453125 28153.111714415383 45115
2420 21.6 37213.00106133359 30110.621827256018 230639.84912109375 0.841064453125 28181.660483455118 45322
2430 20.4 33221.556274414084 21728.74408854476 230639.84912109375 0.841064453125 28224.49876280032 45538
2440 20.8 35978.18108778732 28641.469682808063 230639.84912109375 0.841064453125 28246.784621144274 45742
2450 21 38502.277094959085 31598.238524989087 230639.84912109375 0.841064453125 28281.782019731036 45950
2460 21 32652.459590076283 25234.36648308665 230639.84912109375 0.841064453125 28328.279072716257 46160
2470 22.9 36253.14945244268 27775.382531807296 230639.84912109375 0.841064453125 28347.86237891953 46370
2480 22.2 33772.61004143788 21872.082701214284 230639.84912109375 0.841064453125 28386.711082536276 46599
2490 18.3 32516.775147818476 22550.861729682212 230639.84912109375 0.841064453125 28412.24811867126 46821
2500 20.4 38204.34762154374 28926.374160992058 230639.84912109375 0.841064453125 28428.228214968043 47004
2510 23.4 36096.41636618591 25072.053147615577 230639.84912109375 0.841064453125 28470.473774172868 47208
2520 18.1 31044.94155192507 23452.42580287026 230639.84912109375 0.841064453125 28508.08750391721 47442
2530 20.8 40347.13822937013 29412.06566791156 230639.84912109375 0.841064453125 28517.729285885784 47623
2540 23.2 34664.17142565499 20993.47330736689 230639.84912109375 0.841064453125 28569.171176296706 47831
2550 19.5 33999.292256360175 29320.516330280443 230639.84912109375 0.841064453125 28598.59172969227 48063
2560 21 34913.86986607138 25703.020364027456 230639.84912109375 0.841064453125 28620.414776704172 48258
2570 21.6 39674.655784324365 34142.90061998637 230639.84912109375 0.841064453125 28647.682779691033 48468
2580 19.2 33257.59460830688 22657.323927675694 230639.84912109375 0.841064453125 28696.60698824006 48684
2590 21.4 37048.40200491931 31133.587633677053 230639.84912109375 0.841064453125 28714.5239540935 48876
2600 19.5 34608.361239232785 24044.23534950254 230639.84912109375 0.841064453125 28750.854161933727 49090
2610 21.8 36986.41056165786 25800.515844808342 230639.84912109375 0.841064453125 28774.029851901734 49285
2620 21.4 36885.74714788988 31747.851568702743 230639.84912109375 0.841064453125 28810.195316514524 49503
2630 22 33611.11948242187 22023.185699200585 230639.84912109375 0.841064453125 28844.955420541603 49717
2640 24.1 36018.096285618194 27546.992940229513 230639.84912109375 0.841064453125 28865.95299936319 49937
2650 19.1 32992.35294425927 29201.92904037156 230639.84912109375 0.841064453125 28900.304040297215 50178
2660 15.2 31002.4318494295 18677.928287373783 230639.84912109375 0.841064453125 28915.821150834585 50369
2670 21.9 43113.97365399365 33641.2822928783 230639.84912109375 0.841064453125 28922.099031838254 50521
2680 25.1 35995.225759073095 23325.904655222446 230639.84912109375 0.841064453125 28983.352885646927 50740
2690 15.3 31432.560470281864 17740.279765499537 230639.84912109375 0.841064453125 29017.868390171843 50991
2700 19.6 38614.72790278221 29195.32151463061 230639.84912109375 0.841064453125 29025.092070139322 51144
2710 21.9 35996.47739748323 22420.109681182483 230639.84912109375 0.841064453125 29061.702288744662 51340
2720 20.1 36502.23214979789 25627.237340807438 230639.84912109375 0.841064453125 29091.158169363247 51559
2730 22.2 37508.80861464496 25500.550896491248 230639.84912109375 0.841064453125 29119.937649078613 51760
2740 22.1 38909.201591664336 32950.91352894309 230639.84912109375 0.841064453125 29155.76407657959 51982
2750 18.9 31461.173503895916 22270.948611701777 230639.84912109375 0.841064453125 29197.05499263487 52203
2760 21.8 40311.27987474914 36881.1610328791 230639.84912109375 0.841064453125 29205.22262125428 52392
2770 22.7 35085.75856428103 24715.25045707265 230639.84912109375 0.841064453125 29251.242778662796 52610
2780 17.1 30779.31165907118 10416.857388478742 230639.84912109375 0.841064453125 29276.30921096091 52837
2790 21.5 35761.306648573736 25806.256586617175 230639.84912109375 0.841064453125 29281.157788885503 53008
2800 21.4 36671.74292562608 31784.499680415007 230639.84912109375 0.841064453125 29307.335043170922 53223
2810 19.8 38849.84956868491 28784.268293472505 230639.84912109375 0.841064453125 29336.827404022868 53437
2820 21.2 38324.51011801666 28294.75768490537 230639.84912109375 0.841064453125 29371.945860042317 53635
2830 22.1 32686.049060113804 25240.02086065529 230639.84912109375 0.841064453125 29407.192830582746 53847
2840 21.4 37196.43195777961 28132.08519312748 230639.84912109375 0.841064453125 29420.59497652353 54068
2850 22.3 36736.96538129733 26160.809495556303 230639.84912109375 0.841064453125 29451.250241878322 54282
2860 19.3 33758.43288662766 28767.573340973508 230639.84912109375 0.841064453125 29481.058781940526 54505
2870 20.7 34272.591965532534 22364.65050651566 230639.84912109375 0.841064453125 29496.151348436644 54698
2880 21.9 39741.8639133401 32498.028283983316 230639.84912109375 0.841064453125 29514.1592385694 54905
2890 20.2 35061.61850126667 26582.935845426196 230639.84912109375 0.841064453125 29554.7924894905 55124
2900 21.4 36636.28317916724 30886.089986845844 230639.84912109375 0.841064453125 29574.898386435496 55326
2910 22.3 36015.803141640994 28464.09318576911 230639.84912109375 0.841064453125 29602.10645891739 55540
2920 21.1 32806.64543723154 25638.430611698946 230639.84912109375 0.841064453125 29627.755264760825 55763
2930 19.6 36703.757305534535 26168.108050309886 230639.84912109375 0.841064453125 29639.73843241708 55974
2940 19.1 34790.89073237079 26366.442035500764 230639.84912109375 0.841064453125 29664.387670429027 56170
2950 21.5 39988.51902593567 35888.887780151934 230639.84912109375 0.841064453125 29681.760713576434 56361
2960 22.3 38224.074022780616 23944.44662349077 230639.84912109375 0.841064453125 29720.928435528447 56576
2970 22.4 37746.21059635706 30409.66134369419 230639.84912109375 0.841064453125 29754.312851908267 56799
2980 19.4 33285.11559806904 29664.814897617838 230639.84912109375 0.841064453125 29785.706940166627 57023
2990 20.3 36483.941629945366 26160.51255794426 230639.84912109375 0.841064453125 29797.572037596292 57217
3000 19.6 37304.659686653016 37902.537748279465 230639.84912109375 0.841064453125 29821.21071797328 57420
3010 23.4 35864.01878735138 25921.513271159074 230639.84912109375 0.841064453125 29846.66816031328 57616
3020 21.9 36448.85192592393 22264.193600875555 230639.84912109375 0.841064453125 29871.008005546242 57850
3030 20 36354.24275390624 29457.21741572331 230639.84912109375 0.841064453125 29895.815524507525 58069
3040 21.2 34329.62225572118 30815.271890040687 230639.84912109375 0.841064453125 29917.983151305303 58269
3050 21.2 37892.34684091245 28042.43625904422 230639.84912109375 0.841064453125 29933.975823970548 58481
3060 19.9 34756.98372845677 26755.769543004008 230639.84912109375 0.841064453125 29962.72157994812 58693
3070 19.5 39625.79271709735 36004.61854523173 230639.84912109375 0.841064453125 29978.921711843 58892
3080 22.2 36302.70239037865 22636.69486618866 230639.84912109375 0.841064453125 30010.758492285815 59087
3090 23 36321.086798361066 27594.03004214213 230639.84912109375 0.841064453125 30034.30991863555 59309
3100 18.9 33820.256485873426 23738.45167706901 230639.84912109375 0.841064453125 30058.595826735065 59539
3110 22 35723.92427645596 22166.6852414836 230639.84912109375 0.841064453125 30070.499018949387 59728
3120 22.8 35044.565240157244 28752.88484392682 230639.84912109375 0.841064453125 30091.24622580619 59948
3130 20.4 32528.58110375497 25784.975269775357 230639.84912109375 0.841064453125 30110.01378654921 60176
3140 21.2 35799.38079718826 29094.22455869941 230639.84912109375 0.841064453125 30118.18516337448 60380
3150 23.3 33953.512998130725 22747.769405416606 230639.84912109375 0.841064453125 30138.062597266227 60592
3160 19.7 36629.37579190792 37831.95250300208 230639.84912109375 0.841064453125 30152.67829711664 60825
3170 22.4 34617.51304408481 25260.813604212675 230639.84912109375 0.841064453125 30173.58730381052 61022
3180 20.9 31838.55078475442 21389.78505392908 230639.84912109375 0.841064453125 30189.840436518312 61246
3190 20.7 34337.83629486525 25183.822646079883 230639.84912109375 0.841064453125 30195.447473582528 61455
3200 21.2 36069.59115082357 25389.938390991294 230639.84912109375 0.841064453125 30209.35351759676 61662
3210 20.8 36006.737845787604 36477.59841939511 230639.84912109375 0.841064453125 30229.4325552902 61874
3220 20.4 35307.98554543888 14858.036215932822 230639.84912109375 0.841064453125 30248.788882412773 62082
3230 21.8 35101.00499480362 18041.907717580863 230639.84912109375 0.841064453125 30265.358835841427 62286
3240 19.9 33753.684013328384 28523.788547166616 230639.84912109375 0.841064453125 30282.224490242006 62504
3245 11.5 41540.09320227581 32718.699524494346 230639.84912109375 0.841064453125 30293.241833034124 62703
