10 0.2 2
20 0 2
30 0.3 5
40 0.5 10
50 0.6 16
60 0.2 18
70 0.2 20
80 0 20
90 0.2 22
100 0.5 27
110 0.4 31
120 0.4 35
130 1 45
140 0.3 48
150 0.9 57
160 0.5 62
170 0.6 68
180 0.7 75
190 1 85
200 0.7 92
210 0.6 98
220 0.9 107
230 0.3 110
240 1.1 121
250 0.9 130
260 1.2 142
270 1.4 156
280 1 166
290 1.1 177
300 1.6 193
310 1.2 205
320 1.6 221
330 0.7 228
340 1 238
350 1.5 253
360 0.9 262
370 1.3 275
380 1.2 287
390 2 307
400 1.8 325
410 1.1 336
420 0.8 344
430 1.3 357
440 1.3 370
450 1.6 386
460 1.5 401
470 2.2 423
480 2.4 447
490 1.6 463
500 1.7 480
510 1.9 499
520 1.7 516
530 3.2 548
540 1.8 566
550 2.3 589
560 2.1 610
570 1.1 621
580 1.2 633
590 1.9 652
600 2.8 680
610 2.1 701
620 2.9 730
630 2.3 753
640 2.7 780
650 3.9 819
660 3.1 850
670 2.7 877
680 2.8 905
690 3.8 943
700 2.8 971
710 2.8 999
720 2.6 1025
730 2.8 1053
740 1.9 1072
750 2.9 1101
760 2.8 1129
770 2.5 1154
780 2.5 1179
790 2.2 1201
800 2.7 1228
810 2.4 1252
820 3.4 1286
830 3.3 1319
840 2.5 1344
850 2.3 1367
860 4.2 1409
870 3.3 1442
880 3.1 1473
890 2.5 1498
900 3.6 1534
910 3.4 1568
920 3.9 1607
930 4 1647
940 3.3 1680
950 3 1710
960 2.6 1736
970 3.1 1767
980 3.8 1805
990 3.6 1841
1000 3.6 1877
1010 3.6 1913
1020 4.8 1961
1030 4.1 2002
1040 3.1 2033
1050 3.6 2069
1060 4.2 2111
1070 2.7 2138
1080 4.1 2179
1090 4.2 2221
1100 3.5 2256
1110 3.4 2290
1120 3.8 2328
1130 3 2358
1140 3.4 2392
1150 3.8 2430
1160 3.7 2467
1170 4.5 2512
1180 2.2 2534
1190 4.1 2575
1200 3.8 2613
1210 6 2673
1220 5.2 2725
1230 8 2805
1240 8 2885
1250 6.6 2951
1260 7.2 3023
1270 7.8 3101
1280 9.6 3197
1290 6.8 3265
1300 7.3 3338
1310 6.2 3400
1320 6.3 3463
1330 6.3 3526
1340 7.5 3601
1350 8.7 3688
1360 6.5 3753
1370 6.3 3816
1380 4.9 3865
1390 6.8 3933
1400 5.9 3992
1410 6.5 4057
1420 7.1 4128
1430 6.1 4189
1440 8.4 4273
1450 7.4 4347
1460 6.1 4408
1470 6.7 4475
1480 5.7 4532
1490 6.6 4598
1500 6 4658
1510 5.8 4716
1520 4.8 4764
1530 6.7 4831
1540 7.1 4902
1550 7.3 4975
1560 5.9 5034
1570 4.5 5079
1580 6 5139
1590 6.5 5204
1600 6.5 5269
1610 6 5329
1620 6.5 5394
1630 5.2 5446
1640 5.4 5500
1650 5.7 5557
1660 5.2 5609
1670 6.2 5671
1680 4.8 5719
1690 5.9 5778
1700 6.3 5841
1710 6.5 5906
1720 7 5976
1730 5.8 6034
1740 6.6 6100
1750 5.2 6152
1760 6.3 6215
1770 5.7 6272
1780 6 6332
1790 3.5 6367
1800 5.9 6426
1810 5.5 6481
1820 5.2 6533
1830 3.4 6567
1840 4.5 6612
1850 3.5 6647
1860 4 6687
1870 6.3 6750
1880 5.2 6802
1890 5.5 6857
1900 3.6 6893
1910 5.6 6949
1920 5.7 7006
1930 5.2 7058
1940 5.9 7117
1950 4.4 7161
1960 5.3 7214
1970 6.3 7277
1980 4.5 7322
1990 4.1 7363
2000 4.5 7408
2010 4.6 7454
2020 3.2 7486
2030 3.7 7523
2040 3.4 7557
2050 4.5 7602
2060 3.1 7633
2070 4.5 7678
2080 4.5 7723
2090 3.8 7761
2100 5.6 7817
2110 5 7867
2120 6.1 7928
2130 5.3 7981
2140 6.4 8045
2150 5.2 8097
2160 5.1 8148
2170 3.9 8187
2180 5.2 8239
2190 5.5 8294
2200 5.3 8347
2210 4.7 8394
2220 6.1 8455
2230 4 8495
2240 5.8 8553
2250 5.1 8604
2260 4.4 8648
2270 3.9 8687
2280 5.4 8741
2290 4.4 8785
2300 3.9 8824
2310 6.3 8887
2320 4.9 8936
2330 3.9 8975
2340 4.3 9018
2350 3.7 9055
2360 6 9115
2370 4 9155
2380 3.4 9189
2390 4 9229
2400 5 9279
2410 4.8 9327
2420 5.8 9385
2430 4.1 9426
2440 4.3 9469
2450 3 9499
2460 4 9539
2470 3.8 9577
2480 4.2 9619
2490 4.5 9664
2500 4 9704
2510 4.7 9751
2520 3.7 9788
2530 4.9 9837
2540 4.2 9879
2550 4.1 9920
2560 4.4 9964
2570 3.8 10002
2580 3.2 10034
2590 4.2 10076
2600 5.9 10135
2610 4.5 10180
2620 4 10220
2630 4.2 10262
2640 3.8 10300
2650 3.4 10334
2660 3.9 10373
2670 4.3 10416
2680 3.6 10452
2690 5.6 10508
2700 4.7 10555
2710 3.4 10589
2720 3.5 10624
2730 4.5 10669
2740 3.5 10704
2750 3.8 10742
2760 2.6 10768
2770 5.4 10822
2780 3 10852
2790 3.2 10884
2800 3 10914
2810 4.7 10961
2820 4.5 11006
2830 5.1 11057
2840 3.3 11090
2850 5.5 11145
2860 6.4 11209
2870 3.1 11240
2880 3.8 11278
2890 3.5 11313
2900 4.9 11362
2910 3.9 11401
2920 4.4 11445
2930 2.9 11474
2940 4.3 11517
2950 4.7 11564
2960 3.9 11603
2970 4.7 11650
2980 4.1 11691
2990 2.2 11713
3000 3.3 11746
3010 3.2 11778
3020 3.9 11817
3030 3.2 11849
3040 5.3 11902
3050 3.1 11933
3060 2.9 11962
3070 4.3 12005
3080 5.2 12057
3090 3.9 12096
3100 2.6 12122
3110 3.9 12161
3120 3.6 12197
3130 3.3 12230
3140 3.6 12266
3150 3.7 12303
3160 3.4 12337
3170 4.3 12380
3180 4.8 12428
3190 4.2 12470
3200 2.8 12498
3210 3.2 12530
3220 3.5 12565
3230 4 12605
3240 3 12635
3250 3 12665
3260 3.7 12702
3270 3.5 12737
3280 3.7 12774
3290 5 12824
3300 3.4 12858
3310 4.2 12900
3320 3.5 12935
3330 3.9 12974
3340 4.4 13018
3350 2.4 13042
3360 2.4 13066
3370 3.9 13105
3380 3.7 13142
3390 2.7 13169
3400 3.4 13203
3410 3.5 13238
3420 3.4 13272
3430 4.6 13318
3440 3.1 13349
3450 3.8 13387
3460 3.4 13421
3470 3.8 13459
3480 3.6 13495
3490 2.7 13522
3500 3.3 13555
3510 4 13595
3520 3.1 13626
3530 3.3 13659
3540 4.6 13705
3550 3.3 13738
3560 2.8 13766
3570 4.4 13810
3580 4.4 13854
3590 3.2 13886
3600 2 13906
3610 3.6 13942
3620 3.8 13980
3630 2.4 14004
3640 2.9 14033
3650 3.8 14071
3660 3.8 14109
3670 4.5 14154
3680 2.6 14180
3690 3.8 14218
3700 2.5 14243
3710 3.1 14274
3720 2.9 14303
3730 3.3 14336
3740 3.2 14368
3750 4.2 14410
3760 3.4 14444
3770 3.4 14478
3780 4.4 14522
3790 2.6 14548
3800 3.5 14583
3810 1.8 14601
3820 3 14631
3830 3.1 14662
3840 3 14692
3850 3.6 14728
3860 3.1 14759
3870 3.4 14793
3880 4 14833
3890 4.7 14880
3900 2.9 14909
3910 3.9 14948
3920 1.8 14966
3930 3.5 15001
3940 3.9 15040
3950 1.8 15058
3960 2.4 15082
3970 3.1 15113
3980 2.9 15142
3990 2.6 15168
4000 2.5 15193
4010 3.1 15224
4020 2.8 15252
4030 3.3 15285
4040 2.6 15311
4050 2.6 15337
4060 4 15377
4070 2.2 15399
4080 3.1 15430
4090 3.9 15469
4100 3.1 15500
4110 3.9 15539
4120 2.2 15561
4130 3.4 15595
4140 4.1 15636
4150 3.7 15673
4160 2.7 15700
4170 3.6 15736
4180 2.9 15765
4190 4.3 15808
4200 3.4 15842
4210 3.6 15878
4220 2.2 15900
4230 3.3 15933
4240 2.4 15957
4250 2.3 15980
4260 3.8 16018
4270 3.4 16052
4280 2.8 16080
4290 3.5 16115
4300 2.4 16139
4310 5.1 16190
4320 4.1 16231
4330 2.1 16252
4340 3.2 16284
4350 2.2 16306
4360 4 16346
4370 2.8 16374
4380 3.5 16409
4390 2.8 16437
4400 2.5 16462
4410 4.5 16507
4420 2.4 16531
4430 2.7 16558
4440 2.7 16585
4450 4.1 16626
4460 3.9 16665
4470 4.2 16707
4480 4 16747
4490 2.8 16775
4500 3.4 16809
4510 3 16839
4520 2.8 16867
4530 4 16907
4540 4.3 16950
4550 4 16990
4560 3 17020
4570 3.4 17054
4580 2.3 17077
4590 2.4 17101
4600 3.3 17134
4610 3.4 17168
4620 3 17198
4630 3.2 17230
4640 3.2 17262
4650 3.5 17297
4660 3.2 17329
4670 2.6 17355
4680 3.4 17389
4690 2.5 17414
4700 4.6 17460
4710 2.2 17482
4720 3.9 17521
4730 3.8 17559
4740 2.3 17582
4750 3.9 17621
4760 3 17651
4770 1.7 17668
4780 4.6 17714
4790 3.5 17749
4800 4.7 17796
4810 5.1 17847
4820 2.5 17872
4830 1.5 17887
4840 0.9 17896
4850 0.3 17899
4860 0.3 17902
4870 0.3 17905
4880 0 17905
4886 0 17905
