1320 4.6 46
1330 8.7 133
1340 3.5 168
1350 1.9 187
1360 9.8 285
1370 3.3 318
1380 3.6 354
1390 0 354
1400 5.4 408
1410 4.1 449
1420 7.1 520
1430 1.1 531
1440 0 531
1450 2.4 555
1460 8.1 636
1470 4.4 680
1480 10.6 786
1490 6.5 851
1500 9.2 943
1510 15.3 1096
1520 9 1186
1530 15.8 1344
1540 10 1444
1550 11.9 1563
1560 16.9 1732
1570 17.9 1911
1580 10.5 2016
1590 11.8 2134
1600 16.8 2302
1610 14.9 2451
1620 13.7 2588
1630 19.7 2785
1640 15.8 2943
1650 14 3083
1660 12.1 3204
1670 9.3 3297
1680 16.5 3462
1690 27.1 3733
1700 15 3883
1710 18.6 4069
1720 13.1 4200
1730 12.6 4326
1740 16.8 4494
1750 16.8 4662
1760 6.5 4727
1770 17.7 4904
1780 14.6 5050
1790 18.7 5237
1800 16.3 5400
1810 16.7 5567
1820 18.9 5756
1830 12.2 5878
1840 21.8 6096
1850 27.9 6375
1860 28.4 6659
1870 24.1 6900
1880 18.8 7088
1890 23.4 7322
1900 24 7562
1910 26.2 7824
1920 16.6 7990
1930 13.8 8128
1940 19 8318
1950 15.9 8477
1960 25.6 8733
1970 23.1 8964
1980 21.8 9182
1990 21.7 9399
2000 22.3 9622
2010 12.9 9751
2020 19.4 9945
2030 19.5 10140
2040 26 10400
2050 26.1 10661
2060 22.5 10886
2070 12.8 11014
2080 25.1 11265
2090 27.3 11538
2100 24.3 11781
2110 9.3 11874
2120 17.4 12048
2130 23.2 12280
2140 17.1 12451
2150 35.2 12803
2160 23.4 13037
2170 17.3 13210
2180 21.5 13425
2190 24.6 13671
2200 24 13911
2210 30 14211
2220 29.2 14503
2230 24.3 14746
2240 20.5 14951
2250 17.6 15127
2260 22.2 15349
2270 27.6 15625
2280 23.7 15862
2290 29.7 16159
2300 19.6 16355
2310 12.5 16480
2320 16.7 16647
2330 26.4 16911
2340 26 17171
2350 27.3 17444
2360 21.9 17663
2370 22.4 17887
2380 33.7 18224
2390 27.5 18499
2400 36.3 18862
2410 29.4 19156
2420 11.3 19269
2430 30.1 19570
2440 38.4 19954
2450 26.8 20222
2460 29.8 20520
2470 35.6 20876
2480 31.5 21191
2490 28.4 21475
2500 33.3 21808
2510 34.1 22149
2520 28.3 22432
2530 29 22722
2540 15.4 22876
2550 26.5 23141
2560 36 23501
2570 34.9 23850
2580 37 24220
2590 33.4 24554
2600 26.6 24820
2610 24 25060
2620 29.6 25356
2630 21.4 25570
2640 35.1 25921
2650 33 26251
2660 33.1 26582
2670 35.6 26938
2680 24.5 27183
2690 15.7 27340
2700 20.9 27549
2710 28.8 27837
2720 30.3 28140
2730 26.1 28401
2740 30.5 28706
2750 25.7 28963
2760 29.6 29259
2770 22.3 29482
2780 26.2 29744
2790 33.6 30080
2800 34.3 30423
2810 25.7 30680
2820 22.6 30906
2830 21.4 31120
2840 35.3 31473
2850 15.8 31631
2860 30 31931
2870 31.7 32248
2880 35.3 32601
2890 38.6 32987
2900 25.9 33246
2910 22.2 33468
2920 27.3 33741
2930 31.8 34059
2940 34.9 34408
2950 33.8 34746
2960 38.6 35132
2970 26.8 35400
2980 39.6 35796
2990 50.6 36302
3000 32.8 36630
3010 32 36950
3020 19.9 37149
3030 21 37359
3040 19.3 37552
3050 33.6 37888
3060 34.4 38232
3070 25.3 38485
3080 27.9 38764
3090 34.9 39113
3100 43.9 39552
3110 35.7 39909
3120 21.3 40122
3130 33.8 40460
3140 40 40860
3150 41.9 41279
3160 30.7 41586
3170 31 41896
3180 31.1 42207
3190 24.2 42449
3200 47.5 42924
3210 47.5 43399
3220 37.3 43772
3230 29 44062
3240 32.5 44387
3250 33.8 44725
3260 35.9 45084
3270 41.7 45501
3280 32.9 45830
3290 35.4 46184
3300 35.6 46540
3310 29.7 46837
3320 36.3 47200
3330 38 47580
3340 32.4 47904
3350 28 48184
3360 37 48554
3370 26.6 48820
3380 30.2 49122
3390 26.4 49386
3400 30.6 49692
3410 37 50062
3420 32.2 50384
3430 32 50704
3440 31.1 51015
3450 26 51275
3460 37.1 51646
3470 40 52046
3480 33 52376
3490 37.6 52752
3500 31.7 53069
3510 21.4 53283
3520 25.7 53540
3530 32.8 53868
3540 36.1 54229
3550 40 54629
3560 37.6 55005
3570 34.1 55346
3580 25.6 55602
3590 30.5 55907
3600 38.9 56296
3610 28.2 56578
3620 37.5 56953
3630 35.8 57311
3640 26.8 57579
3650 39.2 57971
3660 34.8 58319
3670 22.9 58548
3680 38.7 58935
3690 34.3 59278
3700 44.3 59721
3710 41.6 60137
3720 35.3 60490
3730 26.7 60757
3740 34.9 61106
3750 32.6 61432
3760 31.4 61746
3770 23.7 61983
3780 29.2 62275
3790 38.9 62664
3800 34.6 63010
3810 38.3 63393
3820 24.7 63640
3830 45.6 64096
3840 37.3 64469
3850 32.5 64794
3860 46.9 65263
3870 41.9 65682
3880 36.7 66049
3890 32 66369
3900 31.1 66680
3910 47.6 67156
3920 52.7 67683
3930 40.7 68090
3940 33 68420
3950 35.7 68777
3960 52.4 69301
3970 37.2 69673
3980 40.8 70081
3990 37.5 70456
4000 36.6 70822
4010 35.1 71173
4020 43.3 71606
4030 34.8 71954
4040 42.7 72381
4050 46.7 72848
4060 37 73218
4070 36 73578
4080 36.1 73939
4090 28.2 74221
4100 31.1 74532
4110 28.8 74820
4120 34.1 75161
4130 27.2 75433
4140 28.6 75719
4150 38.9 76108
4160 39.3 76501
4170 37.8 76879
4180 39.6 77275
4190 35.8 77633
4200 43 78063
4210 33 78393
4220 34.2 78735
4230 43 79165
4240 49.4 79659
4250 38.9 80048
4260 32.8 80376
4270 34 80716
4280 43.4 81150
4290 29 81440
4300 43 81870
4310 15.8 82028
4320 33.5 82363
4330 34.6 82709
4340 39.2 83101
4350 52.7 83628
4360 44.2 84070
4370 43.2 84502
4380 40.2 84904
4390 49.9 85403
4400 31.7 85720
4410 31.9 86039
4420 44.8 86487
4430 44.4 86931
4440 36.4 87295
4450 45.1 87746
4460 33.7 88083
4470 36 88443
4480 37 88813
4490 40.1 89214
4500 43.2 89646
4510 30.4 89950
4520 37.6 90326
4530 38.6 90712
4540 35.7 91069
4550 39 91459
4560 32.9 91788
4570 36.4 92152
4580 42.8 92580
4590 40.8 92988
4600 41.2 93400
4610 32.1 93721
4620 33.3 94054
4630 39.7 94451
4640 41.9 94870
4650 29.1 95161
4660 37.3 95534
4670 43.9 95973
4680 38.8 96361
4690 40.1 96762
4700 36 97122
4710 47.9 97601
4720 35 97951
4730 36.8 98319
4740 40.2 98721
4750 36.4 99085
4760 46.1 99546
4770 49.6 100042
4780 28.2 100324
4790 16 100484
4800 0 100484
4810 0 100484
4820 0 100484
4830 0 100484
4840 0 100484
4850 0 100484
4860 0 100484
4870 0 100484
4880 0 100484
4886 0 100484
