10 0 0
20 11 11
30 16 5
40 20 4
50 17 -3
60 14 -3
70 9 -5
80 16 7
90 20 4
100 23 3
110 24 1
120 25 1
130 30 5
140 37 7
150 35 -2
160 34 -1
170 42 8
180 49 7
190 38 -11
200 28 -10
210 39 11
220 34 -5
230 42 8
240 41 -1
250 41 0
260 49 8
270 48 -1
280 47 -1
290 51 4
300 55 4
310 53 -2
320 54 1
330 65 11
340 55 -10
350 61 6
360 58 -3
370 65 7
380 73 8
390 78 5
400 87 9
410 75 -12
420 71 -4
430 73 2
440 97 24
450 91 -6
460 98 7
470 92 -6
480 102 10
490 109 7
500 96 -13
510 110 14
520 110 0
530 101 -9
540 99 -2
550 86 -13
560 81 -5
570 99 18
580 104 5
590 104 0
600 116 12
610 131 15
620 119 -12
630 142 23
640 137 -5
650 136 -1
660 145 9
670 131 -14
680 124 -7
690 133 9
700 146 13
710 135 -11
720 138 3
730 131 -7
740 136 5
750 137 1
760 138 1
770 135 -3
780 123 -12
790 129 6
800 131 2
810 145 14
820 138 -7
830 126 -12
840 120 -6
850 154 34
860 141 -13
870 154 13
880 151 -3
890 139 -12
900 179 40
910 165 -14
920 164 -1
930 193 29
940 196 3
950 180 -16
960 202 22
970 192 -10
980 180 -12
990 200 20
1000 200 0
1010 218 18
1020 200 -18
1030 193 -7
1040 189 -4
1050 195 6
1060 196 1
1070 191 -5
1080 198 7
1090 228 30
1100 207 -21
1110 200 -7
1120 188 -12
1130 194 6
1140 188 -6
1150 195 7
1160 190 -5
1170 201 11
1180 201 0
1190 232 31
1200 319 87
1210 354 35
1220 415 61
1230 403 -12
1240 387 -16
1250 417 30
1260 418 1
1270 415 -3
1280 428 13
1290 455 27
1300 532 77
1310 532 0
1320 542 10
1330 549 7
1340 559 10
1350 552 -7
1360 536 -16
1370 553 17
1380 515 -38
1390 534 19
1400 561 27
1410 549 -12
1420 515 -34
1430 525 10
1440 527 2
1450 532 5
1460 563 31
1470 538 -25
1480 559 21
1490 576 17
1500 568 -8
1510 576 8
1520 597 21
1530 598 1
1540 606 8
1550 594 -12
1560 579 -15
1570 600 21
1580 574 -26
1590 614 40
1600 601 -13
1610 566 -35
1620 595 29
1630 569 -26
1640 574 5
1650 558 -16
1660 567 9
1670 590 23
1680 627 37
1690 616 -11
1700 608 -8
1710 590 -18
1720 593 3
1730 586 -7
1740 551 -35
1750 540 -11
1760 573 33
1770 580 7
1780 583 3
1790 580 -3
1800 548 -32
1810 566 18
1820 562 -4
1830 562 0
1840 595 33
1850 596 1
1860 565 -31
1870 577 12
1880 592 15
1890 598 6
1900 614 16
1910 612 -2
1920 584 -28
1930 587 3
1940 582 -5
1950 594 12
1960 607 13
1970 610 3
1980 597 -13
1990 565 -32
2000 546 -19
2010 514 -32
2020 544 30
2030 550 6
2040 569 19
2050 554 -15
2060 529 -25
2070 556 27
2080 589 33
2090 575 -14
2100 553 -22
2110 573 20
2120 580 7
2130 601 21
2140 628 27
2150 631 3
2160 595 -36
2170 579 -16
2180 607 28
2190 585 -22
2200 588 3
2210 579 -9
2220 583 4
2230 556 -27
2240 573 17
2250 592 19
2260 578 -14
2270 576 -2
2280 588 12
2290 566 -22
2300 513 -53
2310 520 7
2320 528 8
2330 560 32
2340 577 17
2350 586 9
2360 593 7
2370 586 -7
2380 579 -7
2390 585 6
2400 612 27
2410 598 -14
2420 598 0
2430 598 0
2440 601 3
2450 603 2
2460 611 8
2470 604 -7
2480 591 -13
2490 604 13
2500 620 16
2510 611 -9
2520 553 -58
2530 546 -7
2540 568 22
2550 596 28
2560 596 0
2570 584 -12
2580 603 19
2590 600 -3
2600 583 -17
2610 578 -5
2620 581 3
2630 572 -9
2640 581 9
2650 600 19
2660 587 -13
2670 558 -29
2680 555 -3
2690 561 6
2700 544 -17
2710 547 3
2720 545 -2
2730 565 20
2740 557 -8
2750 536 -21
2760 536 0
2770 534 -2
2780 570 36
2790 591 21
2800 570 -21
2810 570 0
2820 575 5
2830 577 2
2840 569 -8
2850 555 -14
2860 585 30
2870 594 9
2880 572 -22
2890 585 13
2900 563 -22
2910 547 -16
2920 570 23
2930 594 24
2940 607 13
2950 587 -20
2960 588 1
2970 605 17
2980 607 2
2990 606 -1
3000 585 -21
3010 547 -38
3020 530 -17
3030 530 0
3040 533 3
3050 552 19
3060 577 25
3070 568 -9
3080 567 -1
3090 570 3
3100 585 15
3110 571 -14
3120 566 -5
3130 597 31
3140 596 -1
3150 577 -19
3160 583 6
3170 578 -5
3180 570 -8
3190 593 23
3200 650 57
3210 608 -42
3220 588 -20
3230 556 -32
3240 575 19
3250 571 -4
3260 564 -7
3270 599 35
3280 596 -3
3290 588 -8
3300 584 -4
3310 586 2
3320 613 27
3330 582 -31
3340 562 -20
3350 562 0
3360 554 -8
3370 546 -8
3380 554 8
3390 577 23
3400 556 -21
3410 570 14
3420 593 23
3430 592 -1
3440 580 -12
3450 546 -34
3460 563 17
3470 605 42
3480 574 -31
3490 564 -10
3500 538 -26
3510 526 -12
3520 544 18
3530 570 26
3540 567 -3
3550 590 23
3560 585 -5
3570 575 -10
3580 553 -22
3590 572 19
3600 562 -10
3610 551 -11
3620 570 19
3630 558 -12
3640 567 9
3650 568 1
3660 551 -17
3670 568 17
3680 562 -6
3690 600 38
3700 595 -5
3710 574 -21
3720 559 -15
3730 587 28
3740 576 -11
3750 573 -3
3760 537 -36
3770 551 14
3780 546 -5
3790 564 18
3800 539 -25
3810 553 14
3820 538 -15
3830 565 27
3840 567 2
3850 558 -9
3860 572 14
3870 583 11
3880 571 -12
3890 570 -1
3900 608 38
3910 587 -21
3920 589 2
3930 557 -32
3940 569 12
3950 585 16
3960 603 18
3970 566 -37
3980 594 28
3990 573 -21
4000 552 -21
4010 558 6
4020 563 5
4030 571 8
4040 580 9
4050 583 3
4060 579 -4
4070 592 13
4080 575 -17
4090 539 -36
4100 550 11
4110 551 1
4120 558 7
4130 562 4
4140 590 28
4150 576 -14
4160 580 4
4170 600 20
4180 600 0
4190 589 -11
4200 577 -12
4210 568 -9
4220 570 2
4230 584 14
4240 575 -9
4250 568 -7
4260 546 -22
4270 575 29
4280 552 -23
4290 574 22
4300 543 -31
4310 525 -18
4320 582 57
4330 585 3
4340 606 21
4350 625 19
4360 580 -45
4370 591 11
4380 612 21
4390 582 -30
4400 577 -5
4410 576 -1
4420 577 1
4430 586 9
4440 588 2
4450 593 5
4460 572 -21
4470 608 36
4480 600 -8
4490 613 13
4500 566 -47
4510 564 -2
4520 584 20
4530 603 19
4540 589 -14
4550 571 -18
4560 553 -18
4570 563 10
4580 583 20
4590 580 -3
4600 570 -10
4610 574 4
4620 587 13
4630 567 -20
4640 566 -1
4650 581 15
4660 601 20
4670 577 -24
4680 586 9
4690 586 0
4700 574 -12
4710 584 10
4720 573 -11
4730 566 -7
4740 588 22
4750 591 3
4760 595 4
4770 564 -31
4780 528 -36
4790 435 -93
4800 291 -144
4810 128 -163
4820 57 -71
4830 29 -28
4840 15 -14
4850 5 -10
4860 2 -3
4870 0 -2
4880 0 0
4886 0 0
