0 0 0
10 11 11
20 18 18
30 28 28
40 31 32
50 26 33
60 18 33
70 19 33
80 25 33
90 32 33
100 33 34
110 37 38
120 42 44
130 51 51
140 58 59
150 51 63
160 58 63
170 68 68
180 69 72
190 46 72
200 54 72
210 58 72
220 60 72
230 66 72
240 63 72
250 68 72
260 73 74
270 74 75
280 73 82
290 86 91
300 83 91
310 81 91
320 83 91
330 92 92
340 96 97
350 84 100
360 97 100
370 98 108
380 118 118
390 121 125
400 126 131
410 119 131
420 113 131
430 129 131
440 146 148
450 142 148
460 139 148
470 142 149
480 160 161
490 160 163
500 157 168
510 159 169
520 151 169
530 151 169
540 149 169
550 130 169
560 140 169
570 153 169
580 141 169
590 171 171
600 189 190
610 191 193
620 207 209
630 209 219
640 203 219
650 201 219
660 200 219
670 197 219
680 201 219
690 209 219
700 208 219
710 207 219
720 205 219
730 203 219
740 196 219
750 216 219
760 200 219
770 198 219
780 191 219
790 190 219
800 212 219
810 206 219
820 201 219
830 191 219
840 209 219
850 227 231
860 222 231
870 231 236
880 227 240
890 243 246
900 267 269
910 257 277
920 273 277
930 296 301
940 282 302
950 284 302
960 303 304
970 287 309
980 280 309
990 307 309
1000 309 316
1010 319 327
1020 301 327
1030 281 327
1040 297 327
1050 297 327
1060 284 327
1070 299 327
1080 309 327
1090 328 328
1100 303 329
1110 308 329
1120 282 329
1130 275 329
1140 293 329
1150 299 329
1160 293 329
1170 308 329
1180 336 339
1190 437 437
1200 506 507
1210 567 571
1220 606 607
1230 604 613
1240 590 613
1250 610 618
1260 601 618
1270 617 618
1280 637 653
1290 677 692
1300 734 734
1310 733 745
1320 735 759
1330 764 778
1340 746 778
1350 748 778
1360 735 778
1370 725 778
1380 722 778
1390 729 778
1400 743 778
1410 725 778
1420 718 778
1430 704 778
1440 714 778
1450 745 778
1460 739 778
1470 745 778
1480 761 778
1490 764 778
1500 775 778
1510 785 803
1520 796 807
1530 813 819
1540 805 819
1550 807 819
1560 802 825
1570 786 825
1580 803 825
1590 805 825
1600 801 825
1610 777 825
1620 796 825
1630 782 825
1640 762 825
1650 774 825
1660 771 825
1670 831 832
1680 842 844
1690 831 852
1700 810 852
1710 785 852
1720 792 852
1730 767 852
1740 765 852
1750 754 852
1760 775 852
1770 778 852
1780 791 852
1790 766 852
1800 761 852
1810 755 852
1820 772 852
1830 787 852
1840 794 852
1850 819 852
1860 772 852
1870 797 852
1880 821 852
1890 819 852
1900 809 852
1910 811 852
1920 784 852
1930 795 852
1940 793 852
1950 815 852
1960 800 852
1970 815 852
1980 790 852
1990 751 852
2000 732 852
2010 720 852
2020 762 852
2030 758 852
2040 764 852
2050 743 852
2060 728 852
2070 792 852
2080 783 852
2090 777 852
2100 751 852
2110 766 852
2120 807 852
2130 829 852
2140 848 852
2150 809 857
2160 806 857
2170 801 857
2180 791 857
2190 788 857
2200 792 857
2210 785 857
2220 756 857
2230 769 857
2240 786 857
2250 764 857
2260 769 857
2270 786 857
2280 779 857
2290 725 857
2300 710 857
2310 713 857
2320 755 857
2330 758 857
2340 786 857
2350 795 857
2360 785 857
2370 790 857
2380 789 857
2390 820 857
2400 796 857
2410 786 857
2420 819 857
2430 807 857
2440 804 857
2450 826 857
2460 819 857
2470 812 857
2480 811 857
2490 834 857
2500 825 857
2510 782 857
2520 749 857
2530 744 857
2540 777 857
2550 802 857
2560 798 857
2570 812 857
2580 822 857
2590 790 857
2600 794 857
2610 778 857
2620 782 857
2630 787 857
2640 794 857
2650 800 857
2660 789 857
2670 757 857
2680 761 857
2690 718 857
2700 746 857
2710 732 857
2720 741 857
2730 762 857
2740 745 857
2750 709 857
2760 717 857
2770 748 857
2780 776 857
2790 798 857
2800 766 857
2810 766 857
2820 758 857
2830 767 857
2840 763 857
2850 776 857
2860 804 857
2870 793 857
2880 779 857
2890 768 857
2900 753 857
2910 758 857
2920 786 857
2930 812 857
2940 788 857
2950 795 857
2960 808 857
2970 831 857
2980 807 857
2990 800 857
3000 761 857
3010 706 857
3020 729 857
3030 722 857
3040 724 857
3050 757 857
3060 761 857
3070 764 857
3080 783 857
3090 784 857
3100 784 857
3110 760 857
3120 790 857
3130 811 857
3140 802 857
3150 784 857
3160 788 857
3170 785 857
3180 779 857
3190 849 857
3200 845 857
3210 796 857
3220 784 857
3230 777 857
3240 763 857
3250 767 857
3260 792 857
3270 800 857
3280 802 857
3290 798 857
3300 792 857
3310 803 857
3320 794 857
3330 774 857
3340 759 857
3350 747 857
3360 749 857
3370 734 857
3380 754 857
3390 772 857
3400 768 857
3410 777 857
3420 802 857
3430 784 857
3440 751 857
3450 759 857
3460 783 857
3470 797 857
3480 763 857
3490 742 857
3500 719 857
3510 709 857
3520 750 857
3530 775 857
3540 780 857
3550 785 857
3560 787 857
3570 743 857
3580 760 857
3590 761 857
3600 749 857
3610 774 857
3620 765 857
3630 757 857
3640 767 857
3650 777 857
3660 758 857
3670 753 857
3680 779 857
3690 820 857
3700 794 857
3710 769 857
3720 766 857
3730 772 857
3740 766 857
3750 745 857
3760 729 857
3770 737 857
3780 753 857
3790 751 857
3800 738 857
3810 736 857
3820 754 857
3830 763 857
3840 759 857
3850 779 857
3860 780 857
3870 790 857
3880 785 857
3890 784 857
3900 830 857
3910 802 857
3920 771 857
3930 778 857
3940 773 857
3950 796 857
3960 798 857
3970 774 857
3980 777 857
3990 777 857
4000 768 857
4010 754 857
4020 772 857
4030 793 857
4040 785 857
4050 783 857
4060 784 857
4070 778 857
4080 745 857
4090 735 857
4100 737 857
4110 750 857
4120 744 857
4130 749 857
4140 794 857
4150 792 857
4160 803 857
4170 816 857
4180 798 857
4190 789 857
4200 759 857
4210 770 857
4220 786 857
4230 793 857
4240 770 857
4250 755 857
4260 748 857
4270 777 857
4280 743 857
4290 744 857
4300 725 857
4310 729 857
4320 788 857
4330 798 857
4340 834 857
4350 814 857
4360 809 857
4370 807 857
4380 816 857
4390 778 857
4400 769 857
4410 783 857
4420 793 857
4430 807 857
4440 794 857
4450 780 857
4460 801 857
4470 817 857
4480 822 857
4490 779 857
4500 768 857
4510 771 857
4520 798 857
4530 793 857
4540 771 857
4550 771 857
4560 757 857
4570 775 857
4580 794 857
4590 768 857
4600 774 857
4610 775 857
4620 784 857
4630 768 857
4640 759 857
4650 781 857
4660 793 857
4670 805 857
4680 775 857
4690 778 857
4700 791 857
4710 766 857
4720 773 857
4730 762 857
4740 815 857
4750 800 857
4760 796 857
4770 715 857
4780 599 857
4790 432 857
4800 290 857
4810 127 857
4820 58 857
4830 30 857
4840 15 857
4850 7 857
4860 4 857
4870 0 857
4880 0 857
4886 0 857
