10 0.4 4
20 2.2 26
30 5.6 82
40 7 152
50 6.3 215
60 8.7 302
70 7.1 373
80 6.4 437
90 7.7 514
100 7 584
110 6.4 648
120 8.8 736
130 7.2 808
140 11.8 926
150 13.1 1057
160 14.5 1202
170 15.5 1357
180 13.5 1492
190 14.5 1637
200 15 1787
210 13.4 1921
220 10.9 2030
230 15.2 2182
240 15.2 2334
250 12.6 2460
260 16.8 2628
270 15.8 2786
280 17.5 2961
290 17.3 3134
300 15.9 3293
310 16.6 3459
320 18.4 3643
330 17.7 3820
340 17 3990
350 18.2 4172
360 14.8 4320
370 17.1 4491
380 17.1 4662
390 18.5 4847
400 19.4 5041
410 19.1 5232
420 18.4 5416
430 17.3 5589
440 15.9 5748
450 18.7 5935
460 16.7 6102
470 16.9 6271
480 17.8 6449
490 15.8 6607
500 15.9 6766
510 17.3 6939
520 17.2 7111
530 19.2 7303
540 18.1 7484
550 20.7 7691
560 15.4 7845
570 17.7 8022
580 16.4 8186
590 18.7 8373
600 16.3 8536
610 17.8 8714
620 15.9 8873
630 16.5 9038
640 17.4 9212
650 19.9 9411
660 18 9591
670 16.8 9759
680 18.4 9943
690 20.1 10144
700 16.1 10305
710 18.6 10491
720 16.8 10659
730 19.2 10851
740 18.9 11040
750 16.6 11206
760 18.2 11388
770 17.4 11562
780 16.4 11726
790 19 11916
800 18.4 12100
810 18.6 12286
820 16.7 12453
830 18.9 12642
840 16.4 12806
850 18.5 12991
860 17.7 13168
870 16.6 13334
880 19.2 13526
890 19.4 13720
900 16.4 13884
910 18.8 14072
920 18 14252
930 17.4 14426
940 16.6 14592
950 20.7 14799
960 17.4 14973
970 19 15163
980 18.7 15350
990 19 15540
1000 16.2 15702
1010 17.7 15879
1020 16.1 16040
1030 20.4 16244
1040 17.4 16418
1050 15.9 16577
1060 18.8 16765
1070 18.8 16953
1080 18.8 17141
1090 17.6 17317
1100 17.4 17491
1110 18.3 17674
1120 18.6 17860
1130 19.2 18052
1140 15.6 18208
1150 17.2 18380
1160 19.1 18571
1170 17.8 18749
1180 18.6 18935
1190 18.4 19119
1200 17.4 19293
1210 19.4 19487
1220 18.2 19669
1230 15.7 19826
1240 18.6 20012
1250 17.6 20188
1260 17.4 20362
1270 18.6 20548
1280 16.4 20712
1290 18.5 20897
1300 18.7 21084
1310 19.1 21275
1320 16.7 21442
1330 19.1 21633
1340 19.5 21828
1350 16.7 21995
1360 19.5 22190
1370 17.2 22362
1380 16.2 22524
1390 19.5 22719
1400 15.5 22874
1410 18.6 23060
1420 19.4 23254
1430 19.7 23451
1440 16.8 23619
1450 19.1 23810
1460 17 23980
1470 18.3 24163
1480 18.6 24349
1490 17.6 24525
1500 18.4 24709
1510 18.7 24896
1520 17.7 25073
1530 17 25243
1540 19.5 25438
1550 17.3 25611
1560 18.4 25795
1570 18 25975
1580 16.4 26139
1590 18.8 26327
1600 18.3 26510
1610 17.7 26687
1620 19.2 26879
1630 17.9 27058
1640 16.8 27226
1650 19.1 27417
1660 17.8 27595
1670 16.9 27764
1680 19 27954
1690 19.6 28150
1700 18 28330
1710 19.1 28521
1720 18.7 28708
1730 17.4 28882
1740 19.1 29073
1750 20.1 29274
1760 15 29424
1770 19.1 29615
1780 17.6 29791
1790 18.9 29980
1800 19.4 30174
1810 18.3 30357
1820 17 30527
1830 19.1 30718
1840 17.6 30894
1850 17.6 31070
1860 19.2 31262
1870 17.8 31440
1880 18.1 31621
1890 19.6 31817
1900 19 32007
1910 17.7 32184
1920 17.9 32363
1930 15.7 32520
1940 18.8 32708
1950 18.7 32895
1960 17.1 33066
1970 17.9 33245
1980 20.1 33446
1990 18.6 33632
2000 17.6 33808
2010 19.2 34000
2020 18 34180
2030 17.6 34356
2040 20.1 34557
2050 19.9 34756
2060 15.4 34910
2070 19 35100
2080 16.8 35268
2090 19.4 35462
2100 19.2 35654
2110 20.1 35855
2120 18.4 36039
2130 19.2 36231
2140 16.8 36399
2150 16.7 36566
2160 16.5 36731
2170 19.7 36928
2180 18.6 37114
2190 20 37314
2200 17.6 37490
2210 18.2 37672
2220 20.2 37874
2230 17.9 38053
2240 18.5 38238
2250 16.7 38405
2260 18.2 38587
2270 18.2 38769
2280 17.2 38941
2290 18.7 39128
2300 17.8 39306
2310 17.4 39480
2320 19.1 39671
2330 21 39881
2340 18.4 40065
2350 16.1 40226
2360 19 40416
2370 18.6 40602
2380 18 40782
2390 19.7 40979
2400 16.5 41144
2410 19.1 41335
2420 19 41525
2430 16.8 41693
2440 18.6 41879
2450 18.6 42065
2460 18.3 42248
2470 19.1 42439
2480 17.3 42612
2490 17.2 42784
2500 18.7 42971
2510 19.6 43167
2520 17 43337
2530 17.8 43515
2540 18.1 43696
2550 17.1 43867
2560 18.9 44056
2570 19.9 44255
2580 17 44425
2590 17.9 44604
2600 18.7 44791
2605 10.1 44892
