10 0.1 1
20 0 1
30 0.8 9
40 1.9 28
50 1.2 40
60 1.8 58
70 2.2 80
80 1.9 99
90 1.6 115
100 1.9 134
110 1.4 148
120 2 168
130 1.7 185
140 2.2 207
150 2.6 233
160 3.7 270
170 3.9 309
180 3.7 346
190 4.2 388
200 3.3 421
210 2.8 449
220 3.5 484
230 3.2 516
240 3.5 551
250 3.8 589
260 2.6 615
270 2.7 642
280 3.2 674
290 2.7 701
300 3.1 732
310 4.3 775
320 4.2 817
330 2.8 845
340 2.9 874
350 3.8 912
360 2.6 938
370 3.4 972
380 4.6 1018
390 3.7 1055
400 4 1095
410 3.8 1133
420 3.1 1164
430 2.8 1192
440 2.4 1216
450 3.2 1248
460 4.7 1295
470 4.8 1343
480 3.5 1378
490 3.7 1415
500 5.3 1468
510 4.8 1516
520 6.1 1577
530 6.1 1638
540 4.6 1684
550 5.2 1736
560 4.2 1778
570 3.3 1811
580 4.1 1852
590 4.4 1896
600 4.7 1943
610 6.3 2006
620 6 2066
630 6.4 2130
640 8.4 2214
650 9.2 2306
660 7.8 2384
670 11.1 2495
680 6.5 2560
690 8.6 2646
700 8.3 2729
710 9.1 2820
720 7.2 2892
730 9.1 2983
740 10.9 3092
750 12.5 3217
760 14.2 3359
770 14.3 3502
780 15.2 3654
790 15.2 3806
800 14.7 3953
810 15.7 4110
820 15.3 4263
830 15 4413
840 12.8 4541
850 13.9 4680
860 15.8 4838
870 13.3 4971
880 15.1 5122
890 16.1 5283
900 13.7 5420
910 15.1 5571
920 14.6 5717
930 14.8 5865
940 15.4 6019
950 15.4 6173
960 14.8 6321
970 15.8 6479
980 15.5 6634
990 14.2 6776
1000 13.9 6915
1010 17.4 7089
1020 16.3 7252
1030 15 7402
1040 13.3 7535
1050 15.2 7687
1060 13.7 7824
1070 15.3 7977
1080 15.9 8136
1090 14.8 8284
1100 13.8 8422
1110 11.1 8533
1120 14 8673
1130 14.9 8822
1140 14.3 8965
1150 12 9085
1160 13.6 9221
1170 15.5 9376
1180 15.9 9535
1190 13.6 9671
1200 14.3 9814
1210 12.9 9943
1220 14.6 10089
1230 14.4 10233
1240 13.9 10372
1250 13.8 10510
1260 15.4 10664
1270 13 10794
1280 14.2 10936
1290 15.1 11087
1300 14.2 11229
1310 14.4 11373
1320 15 11523
1330 12.7 11650
1340 14.3 11793
1350 17.6 11969
1360 17.5 12144
1370 17.5 12319
1380 20.9 12528
1390 19.8 12726
1400 21.5 12941
1410 20.7 13148
1420 19.5 13343
1430 19.7 13540
1440 19.9 13739
1450 16.1 13900
1460 18 14080
1470 18.9 14269
1480 20.4 14473
1490 19.4 14667
1500 17.8 14845
1510 21.2 15057
1520 20.9 15266
1530 19.1 15457
1540 20.6 15663
1550 21.4 15877
1560 19.5 16072
1570 20.4 16276
1580 20.9 16485
1590 18.7 16672
1600 20.8 16880
1610 16.4 17044
1620 19.9 17243
1630 19.7 17440
1640 21.2 17652
1650 18.8 17840
1660 22.5 18065
1670 22 18285
1680 16.9 18454
1690 20.2 18656
1700 20.1 18857
1710 18.4 19041
1720 20.4 19245
1730 21.9 19464
1740 21.8 19682
1750 19.7 19879
1760 21.3 20092
1770 19.6 20288
1780 20.5 20493
1790 20.2 20695
1800 20.7 20902
1810 18 21082
1820 19.6 21278
1830 17.1 21449
1840 18.9 21638
1850 21.4 21852
1860 19 22042
1870 17.4 22216
1880 18.7 22403
1890 19.2 22595
1900 19.7 22792
1910 21.5 23007
1920 22.2 23229
1930 21.4 23443
1940 20.6 23649
1950 21 23859
1960 22 24079
1970 21.5 24294
1980 24.1 24535
1990 24.2 24777
2000 23.3 25010
2010 25.6 25266
2020 24.8 25514
2030 24.9 25763
2040 25 26013
2050 21.9 26232
2060 25.9 26491
2070 26 26751
2080 22.1 26972
2090 24 27212
2100 27.7 27489
2110 22.3 27712
2120 26 27972
2130 25.7 28229
2140 25.2 28481
2150 21.8 28699
2160 22.9 28928
2170 24.2 29170
2180 23.2 29402
2190 22.5 29627
2200 22.6 29853
2210 21.8 30071
2220 22.5 30296
2230 22.4 30520
2240 23.8 30758
2250 24.7 31005
2260 26.6 31271
2270 23.8 31509
2280 27.8 31787
2290 27.4 32061
2300 21.4 32275
2310 22.4 32499
2320 24.9 32748
2330 27.6 33024
2340 25.2 33276
2350 21.9 33495
2360 26.1 33756
2370 22.1 33977
2380 23.2 34209
2390 25.5 34464
2400 25 34714
2410 25.2 34966
2420 27.6 35242
2430 23.7 35479
2440 24.4 35723
2450 26.1 35984
2460 25.2 36236
2470 22.2 36458
2480 22.8 36686
2490 27.1 36957
2500 23.6 37193
2510 23.4 37427
2520 27 37697
2530 23.2 37929
2540 22.9 38158
2550 25.7 38415
2560 25.3 38668
2570 27.9 38947
2580 26.3 39210
2590 27.8 39488
2600 28.7 39775
2605 16.4 39939
