10 0.6 0.9551188151041666 0.1891421051506704 1.350830078125 0.7939453125 0 0
20 0.9 3.5295410156249996 5.81305212272155 19.56689453125 0.7939453125 0.9551188151041666 6
30 1.4 1.3592180524553572 1.057079302119361 19.56689453125 0.68896484375 2.499772135416667 15
40 1.7 2.0431267233455883 4.503428073549561 20.052001953125 0.68896484375 1.9491598195043103 29
50 2 2.24683837890625 4.678776972763901 22.35595703125 0.68896484375 1.98388671875 46
60 2.7 1.125027126736111 1.1461068459513264 22.35595703125 0.68896484375 2.0635690400094697 66
70 2.9 1.7024262526939653 2.4276887600956334 22.35595703125 0.68896484375 1.791089129704301 93
80 2.1 1.6992303757440477 3.1958412947805623 22.35595703125 0.68896484375 1.7700135277920082 122
90 3.5 2.9369838169642857 7.672905091511731 46.286865234375 0.68896484375 1.7596187991695804 143
100 2.1 0.8939034598214286 0.13740164660492402 46.286865234375 0.68896484375 1.9911231566011236 178
110 3.1 1.7246487525201613 3.4386089706907534 46.286865234375 0.68896484375 1.8753361534233668 199
120 2.8 1.9256853376116072 2.9795275098757035 46.286865234375 0.68896484375 1.8550261124320653 230
130 2.9 1.103549299568965 0.8474412047900228 46.286865234375 0.68896484375 1.8626945554748062 258
140 2.5 1.665966796875 2.2588380336441896 46.286865234375 0.673095703125 1.7859864982578397 287
150 2.5 1.56416015625 2.987906015012118 46.286865234375 0.673095703125 1.7763695350060096 312
160 1.9 1.6361662212171053 1.8059932791026707 46.286865234375 0.673095703125 1.7606269994899852 337
170 3.4 1.6383200252757353 2.7031732359633365 46.286865234375 0.673095703125 1.7539844298630618 356
180 3.3 3.38601592092803 5.665961242721968 46.286865234375 0.673095703125 1.7439008663862179 390
190 2.7 1.9307002314814814 3.2925878070912855 46.286865234375 0.673095703125 1.8720091330526005 423
200 3.1 1.8939327116935483 3.9778950190833586 46.286865234375 0.673095703125 1.8755305989583333 450
210 3.3 3.9221783262310606 7.229097363343329 46.286865234375 0.673095703125 1.876716597908004 481
220 3.9 3.0418106470352564 5.9767073912034325 46.286865234375 0.673095703125 2.0080400162633754 514
230 2.4 1.8463134765625 3.2027654740688254 46.286865234375 0.673095703125 2.080946082448011 553
240 1.8 0.8891737196180556 0.13080785625335722 46.286865234375 0.673095703125 2.071186667298527 577
250 3.2 1.8596038818359377 4.919865716148589 46.286865234375 0.656005859375 2.0354282924107148 595
260 2.3 1.531950577445652 2.892703402938393 46.286865234375 0.656005859375 2.0264547977721294 627
270 2.5 1.584326171875 2.5313986831136592 46.286865234375 0.656005859375 2.008956956129808 650
280 2.3 2.252027428668478 5.5069414400724614 46.286865234375 0.656005859375 1.9932298900462966 675
290 3.5 1.2982840401785714 2.012495163829407 46.286865234375 0.656005859375 2.001757602636999 698
300 2.3 2.4094132133152173 4.315794922435285 46.286865234375 0.656005859375 1.9681674598183836 733
310 3.6 1.3903876410590277 1.9010543792213435 46.286865234375 0.656005859375 1.9815916031125995 756
320 2.6 1.2972224308894231 1.1976768067581351 46.286865234375 0.656005859375 1.9547186957465281 792
330 1.8 1.048095703125 0.5877657532748986 46.286865234375 0.656005859375 1.9338202814601164 818
340 0.6 1.0791829427083333 0.15649691252122414 46.286865234375 0.656005859375 1.9147496565677335 836
350 1.7 1.0648696001838236 0.6039188577590163 46.286865234375 0.656005859375 1.908795499461847 842
360 2.2 1.6697221235795454 3.5174794106537752 46.286865234375 0.656005859375 1.8920938227590225 859
370 2.6 1.0043381911057692 0.6794870261645225 46.286865234375 0.656005859375 1.886540840486663 881
380 2.2 0.9326615767045454 0.2518798166219749 46.286865234375 0.656005859375 1.8612516796444325 907
390 1.4 0.9673200334821429 0.1585399629667304 46.286865234375 0.656005859375 1.8392613865715826 929
400 1 1.0041748046875 0.11987436204487935 46.286865234375 0.656005859375 1.8263163399721636 943
410 1 4.3797607421875 6.673214383773143 46.286865234375 0.656005859375 1.8176894613227967 953
420 1.5 0.9916178385416666 0.177119105596703 46.286865234375 0.656005859375 1.8442945628894083 963
430 1.4 3.1688232421875 5.009819090177338 46.286865234375 0.656005859375 1.8312166990190442 978
440 2.4 3.976654052734375 8.281705050535503 46.286865234375 0.656005859375 1.8500942107169862 992
450 2.3 2.3873025645380435 3.7850167888899318 46.286865234375 0.656005859375 1.900327907772515 1016
460 1.8 0.9306098090277778 0.1252599385875785 46.286865234375 0.656005859375 1.9111079049867663 1039
470 2.5 1.69248046875 2.469784494296026 46.286865234375 0.656005859375 1.8944106810253076 1057
480 2.7 1.2228190104166667 1.6155386925124355 46.286865234375 0.656005859375 1.8897450106862295 1082
490 3.4 1.7042236328125 2.324812705063588 46.286865234375 0.656005859375 1.8735078582901263 1109
500 2.1 2.122012183779762 5.498986957454505 46.286865234375 0.656005859375 1.8684722820291995 1143
510 2.6 3.526508037860578 6.007089470879161 46.286865234375 0.656005859375 1.87304645551439 1164
520 1.9 1.715113589638158 3.311720693808174 46.286865234375 0.656005859375 1.9091725068933822 1190
530 2.8 1.9043404715401786 5.075383246454512 46.286865234375 0.656005859375 1.906122780319479 1209
540 2.9 2.9234913793103443 6.098979782939677 46.286865234375 0.656005859375 1.9060824370326395 1237
550 3.3 2.4343705610795445 3.553263420567229 46.286865234375 0.656005859375 1.9293880131195695 1266
560 4.7 1.7339282746010638 4.168562641293827 46.286865234375 0.656005859375 1.9422166690723635 1299
570 4.2 2.4646461123511907 6.347017927273505 46.286865234375 0.656005859375 1.9349435973486255 1346
580 2.9 2.5695464035560347 5.346694143221056 46.286865234375 0.656005859375 1.9509720596181557 1388
590 3 0.9454915364583333 0.29943737634075773 46.286865234375 0.656005859375 1.9636316615759528 1417
600 3.6 1.6749538845486112 2.70841768835073 46.286865234375 0.656005859375 1.9425230204194022 1447
610 2.7 1.3522587528935186 1.2977049336023452 46.286865234375 0.656005859375 1.9360277480718981 1483
620 2.9 3.02001953125 5.644973890096737 46.286865234375 0.656005859375 1.9255894945157286 1510
630 2.4 2.6732686360677085 5.810752021087028 46.286865234375 0.656005859375 1.9462122827322936 1539
640 2.5 1.21986328125 1.3030375738662203 46.286865234375 0.656005859375 1.9573762958353327 1563
650 2.8 1.9027448381696428 3.278039372392409 46.286865234375 0.656005859375 1.9457655745729692 1588
660 4.3 1.5560217569040697 3.3032195997588776 46.286865234375 0.656005859375 1.9450201657739017 1616
670 2.9 2.3426134832974137 4.601197299777807 46.286865234375 0.656005859375 1.934937627147378 1659
680 2.7 2.7375397858796298 4.605588492276557 46.286865234375 0.656005859375 1.9419415369982969 1688
690 4.7 2.036875623337766 2.66233417496315 46.286865234375 0.656005859375 1.9544669904792273 1715
700 3.3 2.2907418915719706 3.7536094719540003 46.286865234375 0.656005859375 1.956665177621311 1762
710 5.1 2.440812653186275 4.393729114537335 46.286865234375 0.656005859375 1.9628069779334958 1795
720 3.7 1.9265532622466217 3.7247225397014447 46.286865234375 0.656005859375 1.9760129852129604 1846
730 5.8 2.184343009159483 3.6659310078281395 46.286865234375 0.656005859375 1.9750411266097982 1883
740 3.7 2.1092430320945947 4.258117288262381 46.286865234375 0.656005859375 1.9812953817297785 1941
750 4.1 1.44653915777439 2.4756732763887137 46.286865234375 0.656005859375 1.9836887402047523 1978
760 3.4 1.4283375459558825 1.623171398052172 46.286865234375 0.656005859375 1.9727807992044328 2019
770 3.7 2.03857421875 2.687701021153553 46.286865234375 0.656005859375 1.9637642036805893 2053
780 3.1 2.603121849798387 4.629244548139216 46.286865234375 0.656005859375 1.965088591507177 2090
790 3.5 4.686795479910714 8.29114666618228 46.286865234375 0.656005859375 1.974413924372348 2121
800 2.9 0.8980670797413793 0.16458900569847573 46.286865234375 0.656005859375 2.018446092481737 2156
810 3.5 2.070814732142857 3.3061348865149056 46.286865234375 0.656005859375 2.003576073548341 2185
820 2.3 1.1627993376358694 1.3706049613645963 46.286865234375 0.656005859375 2.0046361424901464 2220
830 2.4 0.97381591796875 0.3317018651565643 46.286865234375 0.656005859375 1.9960038435549488 2243
840 2.9 1.5523302801724137 2.1666650083270294 46.286865234375 0.656005859375 1.9851822686921041 2267
850 2.2 1.5011985085227273 2.178660827347824 46.286865234375 0.656005859375 1.9797150615200347 2296
860 2.6 0.8860238882211539 0.28013310569438854 46.286865234375 0.656005859375 1.9751734894035806 2318
870 2.7 1.1414116753472219 1.3612891375964653 46.286865234375 0.656005859375 1.9630924784689634 2344
880 2.7 1.6874547887731481 2.4192756239761035 46.286865234375 0.656005859375 1.9537355060167123 2371
890 2.8 2.1806727818080356 3.718792999519368 46.286865234375 0.656005859375 1.950737349483945 2398
900 2 2.398974609375 3.772301024213282 46.286865234375 0.656005859375 1.9533911797003813 2426
910 2.8 2.9786202566964284 4.556684395318351 46.286865234375 0.656005859375 1.9570345438023815 2446
920 2.4 2.0280761718749996 3.6508453491404746 46.286865234375 0.656005859375 1.9685965486370756 2474
930 4.7 0.9588908743351062 0.37360713380399424 46.286865234375 0.656005859375 1.9691680101894016 2498
940 3.6 86.27661810980902 493.1190357157417 3003.421142578125 0.656005859375 1.9505106328278488 2545
950 3.7 1.110496727195946 0.8699305970516178 3003.421142578125 0.656005859375 3.126698106354126 2581
960 3.7 1.3278742609797296 1.5069026314386413 3003.421142578125 0.656005859375 3.098203281667781 2618
970 3.3 2.617794152462121 3.535258121512007 3003.421142578125 0.656005859375 3.073532029778719 2655
980 3.9 1.6707481971153846 2.4632322044647865 3003.421142578125 0.656005859375 3.06793703351702 2688
990 2.8 1.2756086077008928 1.2725836281407834 3003.421142578125 0.656005859375 3.0479552349766226 2727
1000 2.6 1.9289644681490379 2.495039260550776 3003.421142578125 0.656005859375 3.02994227469941 2755
1010 2.7 0.9260615596064815 0.2702472221962201 3003.421142578125 0.656005859375 3.019649062556185 2781
1020 2.7 1.5212764033564814 3.3628852403378517 3003.421142578125 0.656005859375 2.9995184134893607 2808
1030 3.2 1.3864822387695313 1.8302830227051174 3003.421142578125 0.656005859375 2.985439918154762 2835
1040 3 1.7120768229166667 2.379735900604884 3003.421142578125 0.656005859375 2.967593163449381 2867
1050 3.8 1.3444053248355263 2.4889797386775965 3003.421142578125 0.656005859375 2.954591613495642 2897
1060 2.9 1.0676353717672413 0.6394951467697 3003.421142578125 0.656005859375 2.9337442271347958 2935
1070 4.6 1.372001316236413 1.9965508807736463 3003.421142578125 0.656005859375 2.91548607706541 2964
1080 4.7 2.3951441988031923 3.6644122253989355 3003.421142578125 0.656005859375 2.891897937863372 3010
1090 3.8 1.88818359375 3.2609035085065194 3003.421142578125 0.656005859375 2.8842605725588815 3057
1100 2.1 0.9470679873511905 0.17079614383540656 3003.421142578125 0.656005859375 2.872030871365105 3095
1110 3.3 1.5828228574810606 2.5792674193307104 3003.421142578125 0.656005859375 2.8590577582186696 3116
1120 4.9 1.4146554129464286 1.6214776084823646 3003.421142578125 0.656005859375 2.8456834324884883 3149
1130 3.9 1.0761969150641029 0.7466950485233192 3003.421142578125 0.656005859375 2.823757111988938 3198
1140 3.8 2.8199141652960527 3.8657686941255953 3003.421142578125 0.656005859375 2.802702169857314 3237
1150 4.2 1.526093982514881 2.031611171655208 3003.421142578125 0.656005859375 2.8029018815601145 3275
1160 2.6 1.7380558894230769 3.4509959602953066 3003.421142578125 0.656005859375 2.78673488374284 3317
1170 3.1 2.9915889616935485 4.869621771399284 3003.421142578125 0.656005859375 2.77857884011367 3343
1180 3.1 1.6662440146169355 3.1846091022821175 3003.421142578125 0.656005859375 2.7805359574133077 3374
1190 2.7 1.8376012731481481 3.2894054055468422 3003.421142578125 0.656005859375 2.770391155584618 3405
1200 4.9 1.8519461495535716 2.421716708748154 3003.421142578125 0.656005859375 2.7630527736423733 3432
1210 5.7 1.8689307497258776 3.2408309409257114 3003.421142578125 0.656005859375 2.7502276588534187 3481
1220 5.5 2.3876731178977284 4.3993360536374055 3003.421142578125 0.656005859375 2.736029263200431 3538
1230 4.6 2.1082073709239135 3.2111006823770456 3003.421142578125 0.656005859375 2.730696786720707 3593
1240 4.6 3.545962126358696 13.360076613270587 3003.421142578125 0.656005859375 2.7228280004809013 3639
1250 5 1.5573388671875 2.6523043227084178 3003.421142578125 0.656005859375 2.7331032161635007 3685
1260 4.4 2.498662775213069 4.280392609818859 3003.421142578125 0.656005859375 2.7173633989081325 3735
1270 3.2 0.8346405029296875 0.2430954452393444 3003.421142578125 0.656005859375 2.714817003712953 3779
1280 4.5 1.835080295138889 3.335152274643328 3003.421142578125 0.656005859375 2.699029638710312 3811
1290 4.6 1.1677882982336953 1.1134298502532654 3003.421142578125 0.656005859375 2.6889472423252725 3856
1300 6.4 1.9306144714355478 3.2717291609949952 3003.421142578125 0.656005859375 2.6710145638454637 3902
1310 5.2 2.215238131009616 3.477868375484528 3003.421142578125 0.656005859375 2.6590666047142903 3966
1320 5.4 1.3857964409722223 2.1597431576399995 3003.421142578125 0.656005859375 2.6533226822074103 4018
1330 5 1.74333984375 2.468455327490344 3003.421142578125 0.656005859375 2.6365136406979066 4072
1340 5.8 1.595038052262931 2.529789940699565 3003.421142578125 0.64892578125 2.6256794122050886 4122
1350 5.5 1.7595880681818181 2.7407456172486575 3003.421142578125 0.64892578125 2.6113786469235944 4180
1360 6.1 1.8617963947233607 2.572951809292765 3003.421142578125 0.64892578125 2.60031643161526 4235
1370 5.4 1.7290672019675926 3.095617604781149 3003.421142578125 0.6279296875 2.5898299971994296 4296
1380 4.6 1.3709876019021743 1.9636812576476224 3003.421142578125 0.6279296875 2.579144665948276 4350
1390 4.7 2.3020331200132977 4.080175555988276 3003.421142578125 0.6279296875 2.566502440073362 4396
1400 4.2 2.197091238839285 2.8910287770376395 3003.421142578125 0.6279296875 2.5637047677702283 4443
1410 3.5 1.2755161830357142 1.6099319831408363 3003.421142578125 0.6279296875 2.5602715975996375 4485
1420 5.4 2.2923629195601856 3.7319524808329336 3003.421142578125 0.6279296875 2.5503232702744745 4520
1430 4.9 1.9957898198341837 3.1180421959901765 3003.421142578125 0.6279296875 2.5472778266936764 4574
1440 4.9 1.5394212372448983 2.4746907722714018 3003.421142578125 0.6279296875 2.5414325071314625 4623
1450 4.7 2.273780335771276 3.53343661218795 3003.421142578125 0.6279296875 2.5309233992067104 4672
1460 5.6 1.7585928780691964 3.2963124030922186 3003.421142578125 0.6279296875 2.5283623218637428 4719
1470 5.2 2.144254244290865 3.457681888601482 3003.421142578125 0.6279296875 2.519334659276833 4775
1480 5 2.4508740234374997 4.199490462426316 3003.421142578125 0.6279296875 2.5152940167288174 4827
1490 5.4 1.56116626880787 2.058875744138239 3003.421142578125 0.6279296875 2.514633569801492 4877
1500 5.5 1.7070623224431816 2.37675098004654 3003.421142578125 0.6279296875 2.5041920296973235 4931
1510 4.6 1.738716457201087 3.0690920341114905 3003.421142578125 0.6279296875 2.4953989823850535 4986
1520 4.7 2.172597032912235 3.4714209985183033 3003.421142578125 0.6279296875 2.4884817732915594 5032
1530 5.5 2.7457563920454544 4.117858298131859 3003.421142578125 0.6279296875 2.48555864220319 5079
1540 6.9 2.500364441802536 3.6190355589181333 3003.421142578125 0.6279296875 2.48834611322799 5134
1550 6 2.059334309895833 2.926002472336264 3003.421142578125 0.6279296875 2.4885054952521384 5203
1560 4.9 2.8498684630102042 5.03928798089787 3003.421142578125 0.6279296875 2.483612796958128 5263
1570 6 1.7088541666666666 2.7971110482180346 3003.421142578125 0.6279296875 2.486991284841515 5312
1580 5.7 1.7694413034539476 2.4221971115780003 3003.421142578125 0.6279296875 2.4783002522483484 5372
1590 5.9 2.4153080309851696 3.8280686142937257 3003.421142578125 0.6279296875 2.4708578208463807 5429
1600 7.2 2.8090515136718754 3.695035989504258 3003.421142578125 0.6279296875 2.470260620117188 5488
1610 3.9 2.3280123197115383 4.542165064104136 3003.421142578125 0.6279296875 2.4746478403214933 5560
1620 6.2 1.9661117061491935 3.3735036577455024 3003.421142578125 0.6279296875 2.4736264462683075 5599
1630 6.8 1.6833316578584558 2.2044154834229204 3003.421142578125 0.6279296875 2.46806807956854 5661
1640 4.8 2.0821329752604174 2.7273304338918405 3003.421142578125 0.6279296875 2.4587537006758384 5729
1650 4.4 1.0565352006392048 1.0364478458514008 3003.421142578125 0.6279296875 2.4556244303244554 5777
1660 4.8 2.8546651204427085 5.809286568349404 3003.421142578125 0.6279296875 2.445048940527831 5821
1670 4.9 3.124735929528061 4.9967356759316655 3003.421142578125 0.6279296875 2.44839901322095 5869
1680 6.8 1.7182042738970584 2.9375975736798403 3003.421142578125 0.622802734375 2.4539989640318742 5918
1690 4.8 1.1169840494791667 1.1055722961337777 3003.421142578125 0.622802734375 2.4456404543544323 5986
1700 6.2 1.3180955456149193 1.5194107377978727 3003.421142578125 0.622802734375 2.435071096145282 6034
1710 6.4 2.767902374267579 3.1251315143015868 3003.421142578125 0.622802734375 2.4237107805066858 6096
1720 7.5 2.266012369791666 3.4794188502302594 3003.421142578125 0.622802734375 2.4272867970652405 6160
1730 5.6 2.60064697265625 3.904024959986717 3003.421142578125 0.622802734375 2.425346848060346 6235
1740 4.9 1.8974260602678574 3.0662692423323934 3003.421142578125 0.622802734375 2.426907300608013 6291
1750 5.3 1.8584030439268868 3.206989128932759 3003.421142578125 0.622802734375 2.422815095438192 6340
1760 4.1 1.335252715320122 1.8279193750758598 3003.421142578125 0.622802734375 2.4181359403106932 6393
1770 5 2.0886523437499993 3.8030182877977814 3003.421142578125 0.622802734375 2.4112353788831813 6434
1780 4.3 2.028871048328489 3.5312379918452765 3003.421142578125 0.622802734375 2.408747847767102 6484
1790 5.2 2.981421837439903 4.128967501868326 3003.421142578125 0.622802734375 2.4062452121954974 6527
1800 5.1 1.604377297794118 2.822659245674478 3003.421142578125 0.622802734375 2.410791371872152 6579
1810 2.7 2.2002043547453707 4.539507448137574 3003.421142578125 0.622802734375 2.4045881866869365 6630
1820 3.6 1.4803941514756944 1.9103670745593921 3003.421142578125 0.622802734375 2.403759230180639 6657
1830 5.5 2.424529474431819 3.0052541881445234 3003.421142578125 0.622802734375 2.3987926766421093 6693
1840 7.8 1.9971986428285264 2.5720930438671576 3003.421142578125 0.622802734375 2.3990024460372537 6748
1850 8.8 1.4548256613991484 1.8257915182128974 3003.421142578125 0.622802734375 2.394411075300324 6826
1860 7.4 1.587699271537162 1.907860894690052 3003.421142578125 0.622802734375 2.3824522213195167 6914
1870 11.1 2.5881831538569813 4.065747668398859 3003.421142578125 0.622802734375 2.3740361196761435 6988
1880 10 2.6927465820312495 3.4011160087435406 3003.421142578125 0.622802734375 2.377384523788564 7099
1890 7.8 3.0952774439102555 4.768807452734803 3003.421142578125 0.622802734375 2.3817651607970745 7199
1900 8.4 2.7900971912202386 3.5583932512370304 3003.421142578125 0.622802734375 2.3894130868768917 7277
1910 7.6 2.1395199424342106 3.075377997982033 3003.421142578125 0.622802734375 2.3939854907302864 7361
1920 8.8 4.935582941228693 15.954289957108553 3003.421142578125 0.622802734375 2.3913850629138955 7437
1930 8.6 3.9947254269622094 6.181024876017713 3003.421142578125 0.622802734375 2.421137808866281 7525
1940 8.5 3.9097541360294112 5.850176237690241 3003.421142578125 0.622802734375 2.4389184599182125 7611
1950 7.5 3.181526692708333 4.447405210834234 3003.421142578125 0.622802734375 2.4551633965696484 7696
1960 9 3.1019287109375 4.344333971114553 3003.421142578125 0.622802734375 2.4621737230669334 7771
1970 9.6 2.486320495605468 3.215236269520633 3003.421142578125 0.622802734375 2.469498229988235 7861
1980 8.4 2.5346098400297628 4.015551396169308 3003.421142578125 0.622802734375 2.46970118807536 7957
1990 7.3 1.7601903627996567 2.28835463643134 3003.421142578125 0.622802734375 2.470379253833869 8041
2000 7.4 490.11340661950993 1107.8537218042604 3013.838134765625 0.622802734375 2.46398982949994 8114
2010 7.1 1061.3443689480632 2086.74575956897 9034.243896484375 0.622802734375 6.87117801250687 8188
2020 6.4 2822.812393188476 3138.141618012147 9043.31689453125 0.622802734375 15.936149141750667 8259
2030 7.3 1238.8182590432366 2270.7608935119883 9043.31689453125 0.622802734375 37.519722326778954 8323
2040 7.6 1629.061568410773 2817.186114987689 9043.31689453125 0.622802734375 47.96455238636702 8396
2050 8.4 1472.4926234654015 2602.2327860230894 9043.31689453125 0.622802734375 62.148142237388605 8472
2060 5.5 3172.3430308948873 3363.4394020083023 9043.31689453125 0.622802734375 75.99444149208158 8556
2070 5.5 2518.4280095880686 3178.711412629464 9043.31689453125 0.622802734375 95.77137476547077 8611
2080 7.6 1940.8675954718342 3033.2343677104354 9043.31689453125 0.622802734375 111.14710923526569 8666
2090 7.3 2062.5989204302227 2942.578383059201 9079.5048828125 0.622802734375 127.05408211950032 8742
2100 8.7 2213.9071171201513 3039.409240189824 9079.5048828125 0.622802734375 143.08298435395102 8815
2110 6.5 2501.3610351562506 3232.8069930052593 9079.5048828125 0.622802734375 163.3213240024187 8902
2120 7.3 2515.572456255351 3301.289825564416 9079.5048828125 0.622802734375 180.26930897230818 8967
2130 6.2 2815.359441941784 3452.251949027561 9079.5048828125 0.622802734375 199.12739854660708 9040
2140 6 2911.011295572917 3199.4128215987207 9079.5048828125 0.622802734375 216.94835951018663 9102
2150 7.4 2806.258706582559 3291.292663868712 9079.5048828125 0.622802734375 234.59120781446123 9162
2160 5.3 2442.040706994398 3093.9043496748072 9079.5048828125 0.622802734375 255.19573303196222 9236
2170 7 2664.9030273437497 3196.1473280528116 9079.5048828125 0.622802734375 267.67315617977243 9289
2180 5.3 1931.351806640625 3040.729441229576 9079.5048828125 0.622802734375 285.60307294240505 9359
2190 8.5 3153.157887178309 3600.2551479069284 9079.5048828125 0.622802734375 294.8704638142713 9412
2200 5.4 2841.8410870587386 3083.7177011785225 9079.5048828125 0.622802734375 320.4526930430745 9497
2210 6.5 3887.4074744591353 3864.980437867809 9079.5048828125 0.622802734375 334.7082655775573 9551
2220 6.2 3254.586654170867 3511.946420404065 9079.5048828125 0.622802734375 358.7229752881753 9616
2230 5.1 2598.5713417202815 3094.1230130519466 9079.5048828125 0.622802734375 377.2746954876718 9678
2240 6 4466.0633260091145 4018.426877470223 9176.56591796875 0.622802734375 388.91886538775026 9729
2250 6.1 2122.5264112128584 2999.1836881545687 9176.56591796875 0.622802734375 413.9090245089355 9789
2260 7 3223.545598493303 3422.4997103315563 9176.56591796875 0.622802734375 424.4903098479141 9850
2270 6.5 3058.4167104867793 3519.606669738619 9176.56591796875 0.622802734375 444.2417080540811 9920
2280 6.6 3283.6686271898675 3499.75186311243 9176.56591796875 0.622802734375 461.25937206591135 9985
2290 4.5 3676.297976345486 3465.871799531945 9176.56591796875 0.622802734375 479.7927529074377 10051
2300 6.8 3852.0745813706344 3784.7770782399684 9176.56591796875 0.622802734375 494.0402504366287 10096
2310 7.8 3626.968427609175 3710.3791519753863 9176.56591796875 0.622802734375 516.50643840431 10164
2320 5.3 4143.499378132369 3971.568793969427 9176.56591796875 0.622802734375 540.1947839577155 10242
2330 7.4 3740.7922231313346 3855.29898029916 9176.56591796875 0.622802734375 558.7450650156326 10295
2340 7.1 2755.0139091384244 3375.9323946219183 9176.56591796875 0.622802734375 581.454245235573 10369
2350 6.2 2962.757068264869 3264.437287613674 9176.56591796875 0.622802734375 596.2361165130732 10440
2360 4.9 4359.628632214604 3748.4593044824483 9176.56591796875 0.622802734375 610.2071981173972 10502
2370 5.5 3664.7242808948863 3788.6621710589197 9176.56591796875 0.622802734375 627.6199220554848 10551
2380 7.2 4098.397488064236 3797.207328127003 9176.56591796875 0.622802734375 643.3695675142975 10606
2390 7 2709.174448939732 3414.5534844551867 9176.56591796875 0.622802734375 666.6662532494161 10678
2400 6.2 4027.5967545047874 3779.0977499649716 9176.56591796875 0.622802734375 679.9687815056798 10748
2410 6.5 3241.4842097355763 3664.2411927300677 9176.56591796875 0.622802734375 699.168867937312 10810
2420 6.7 2516.9981561916975 3311.112846347889 9176.56591796875 0.622802734375 714.3643159572557 10875
2430 7.8 2777.908184344952 3530.414549456927 9176.56591796875 0.622802734375 725.4021945256809 10942
2440 6.2 2234.226727885584 3237.1722665503726 9176.56591796875 0.622802734375 739.9299138728591 11020
2450 6 2358.879256184896 3387.428948357736 9176.56591796875 0.622802734375 748.2899935036828 11082
2460 6.4 2304.912307739257 3308.4463396105325 9176.56591796875 0.622802734375 756.963064385111 11142
2470 4.5 2877.5524848090276 3526.2924867582587 9176.56591796875 0.622802734375 765.8037525499035 11206
2480 3.9 2392.386981670673 2903.258293612629 9176.56591796875 0.622802734375 774.2499967016821 11251
2490 4.4 2600.7664628462358 3115.6832490345655 9176.56591796875 0.622802734375 779.8396638773943 11290
2500 4.5 3743.4159125434016 3758.3245832891134 9176.56591796875 0.622802734375 786.9087285637036 11334
2510 5.6 2794.063694545201 3495.748734475929 9176.56591796875 0.622802734375 798.6006894811028 11379
2520 5 1626.7678173828128 3137.446955522232 9176.56591796875 0.622802734375 808.3729613030171 11435
2530 4.9 2948.23095703125 3516.2334794990143 9176.56591796875 0.622802734375 811.9358470499905 11485
2540 4.8 2194.8166859944663 3114.639305888083 9176.56591796875 0.622802734375 821.0114895321374 11534
2550 3.6 3095.1748928493926 3433.7380612784095 9176.56591796875 0.622802734375 826.7050355026253 11582
2560 5.1 2714.2011910232854 3824.6936923803137 9176.56591796875 0.622802734375 833.7342070351166 11618
2570 3.6 169.62650553385416 689.6721295804022 9176.56591796875 0.622802734375 841.9528903998776 11669
2580 3.9 2.1856971153846154 2.905993657033199 9176.56591796875 0.622802734375 839.8850775117805 11705
2590 4.3 4.617295376090116 6.8348307281093845 9176.56591796875 0.622802734375 837.1032079753824 11744
2600 4.6 4.498200789741849 17.568141311316896 9176.56591796875 0.622802734375 834.0662270436975 11787
2610 4 13.058172607421875 36.38567768284557 9176.56591796875 0.622802734375 830.8413365503584 11833
2620 2.1 1.7506161644345237 2.3055676786098114 9176.56591796875 0.622802734375 828.0862345072591 11873
2630 1.1 1.4984241832386365 1.5106193925712663 9176.56591796875 0.622802734375 826.6272595631528 11894
2640 0.5 1.20078125 0.22125971196297675 9176.56591796875 0.622802734375 825.8648557673378 11905
2650 0.5 1.100341796875 0.13184805355204857 9176.56591796875 0.622802734375 825.5186491869358 11910
2660 0 0 0 9176.56591796875 0.622802734375 825.172691021854 11915
2670 0 0 0 9176.56591796875 0.622802734375 825.172691021854 11915
2680 0.1 1.14599609375 0.0 9176.56591796875 0.622802734375 825.172691021854 11915
2690 0 0 0 9176.56591796875 0.622802734375 825.1035380598762 11916
2700 0 0 0 9176.56591796875 0.622802734375 825.1035380598762 11916
2703 0 0 0 9176.56591796875 0.622802734375 825.1035380598762 11916
