10 0.1 1
20 0 1
30 0.2 3
40 0.3 6
50 0.2 8
60 0.5 13
70 0.5 18
80 0.4 22
90 0.7 29
100 0.3 32
110 0.5 37
120 0.5 42
130 0.4 46
140 0.6 52
150 0.8 60
160 0.3 63
170 0.4 67
180 0.7 74
190 0.7 81
200 0.4 85
210 0.5 90
220 0.9 99
230 0.8 107
240 0.4 111
250 0.4 115
260 0.4 119
270 0.7 126
280 0.3 129
290 0.7 136
300 0.5 141
310 0.4 145
320 0.7 152
330 0.7 159
340 0.2 161
350 0 161
360 0.3 164
370 0.4 168
380 0.5 173
390 0.3 176
400 0.3 179
410 0.2 181
420 0.1 182
430 0.5 187
440 0.2 189
450 0.2 191
460 0.6 197
470 0.3 200
480 0.4 204
490 0.9 213
500 0.7 220
510 0.4 224
520 0.3 227
530 0.4 231
540 0.6 237
550 0.2 239
560 1 249
570 0.5 254
580 0.8 262
590 0.8 270
600 0.5 275
610 0.7 282
620 0.4 286
630 0.5 291
640 0.7 298
650 0.4 302
660 0.7 309
670 0.5 314
680 0.7 321
690 0.9 330
700 0.4 334
710 1.1 345
720 0.5 350
730 0.6 356
740 1.1 367
750 1 377
760 0.5 382
770 0.8 390
780 0.6 396
790 0.8 404
800 0.7 411
810 0.9 420
820 0.5 425
830 0.2 427
840 0.7 434
850 0.6 440
860 0.5 445
870 0.4 449
880 0.7 456
890 0.6 462
900 0.4 466
910 0.4 470
920 0.3 473
930 0.9 482
940 0.4 486
950 0.8 494
960 0.6 500
970 0.8 508
980 0.8 516
990 0.7 523
1000 0.6 529
1010 0.5 534
1020 0.5 539
1030 0.6 545
1040 0.6 551
1050 0.5 556
1060 0.4 560
1070 0.7 567
1080 0.9 576
1090 1.1 587
1100 0.4 591
1110 0.4 595
1120 1.2 607
1130 0.5 612
1140 0.4 616
1150 1.1 627
1160 0.4 631
1170 0.8 639
1180 0.7 646
1190 0.7 653
1200 0.7 660
1210 0.6 666
1220 1.1 677
1230 1.3 690
1240 1 700
1250 0.6 706
1260 1.3 719
1270 0.5 724
1280 0.3 727
1290 1.1 738
1300 1.1 749
1310 1.1 760
1320 1.2 772
1330 0.4 776
1340 1.4 790
1350 0.8 798
1360 0.9 807
1370 1.7 824
1380 0.8 832
1390 0.9 841
1400 1.1 852
1410 0.5 857
1420 0.9 866
1430 1 876
1440 1 886
1450 1 896
1460 1 906
1470 1.1 917
1480 0.9 926
1490 0.9 935
1500 1.1 946
1510 0.7 953
1520 0.7 960
1530 1.1 971
1540 1.9 990
1550 1.4 1004
1560 0.5 1009
1570 1.1 1020
1580 1.2 1032
1590 1 1042
1600 1 1052
1610 1.2 1064
1620 1.3 1077
1630 1.3 1090
1640 1.1 1101
1650 0.9 1110
1660 0.8 1118
1670 0.6 1124
1680 1.6 1140
1690 0.9 1149
1700 1.1 1160
1710 0.8 1168
1720 1.2 1180
1730 1.6 1196
1740 1.6 1212
1750 0.7 1219
1760 0.6 1225
1770 1 1235
1780 1 1245
1790 0.8 1253
1800 1 1263
1810 0.8 1271
1820 1 1281
1830 0.6 1287
1840 0.7 1294
1850 0.7 1301
1860 0.9 1310
1870 1.8 1328
1880 0.9 1337
1890 1.1 1348
1900 1.2 1360
1910 0.9 1369
1920 1.5 1384
1930 0.8 1392
1940 1.3 1405
1950 1.5 1420
1960 1.5 1435
1970 1.3 1448
1980 1.4 1462
1990 1.1 1473
2000 0.9 1482
2010 0.6 1488
2020 1.2 1500
2030 0.7 1507
2040 1.6 1523
2050 1.3 1536
2060 0.6 1542
2070 0.8 1550
2080 1.2 1562
2090 1 1572
2100 1.3 1585
2110 0.7 1592
2120 0.8 1600
2130 0.7 1607
2140 0.9 1616
2150 0.8 1624
2160 0.6 1630
2170 0.9 1639
2180 0.8 1647
2190 1.4 1661
2200 0.8 1669
2210 0.5 1674
2220 1.3 1687
2230 1.9 1706
2240 1.4 1720
2250 2 1740
2260 0.8 1748
2270 1.4 1762
2280 2.1 1783
2290 1.4 1797
2300 2.7 1824
2310 2 1844
2320 1.4 1858
2330 1.6 1874
2340 2.3 1897
2350 1.6 1913
2360 1.1 1924
2370 2.3 1947
2380 1.8 1965
2390 1.5 1980
2400 2.3 2003
2410 1.7 2020
2420 2.5 2045
2430 2.1 2066
2440 2.4 2090
2450 1.6 2106
2460 1.4 2120
2470 0.9 2129
2480 2.2 2151
2490 1.8 2169
2500 1.9 2188
2510 1.8 2206
2520 1.3 2219
2530 1.3 2232
2540 2.1 2253
2550 1.5 2268
2560 1.6 2284
2570 2.8 2312
2580 1 2322
2590 2.3 2345
2600 3.6 2381
2610 4.2 2423
2620 2.9 2452
2630 1.1 2463
2640 0.5 2468
2650 0.5 2473
2660 0 2473
2670 0 2473
2680 0.1 2474
2690 0 2474
2700 0 2474
2703 0 2474
