10 22.5703125 22.5703125
20 28.515625 51.0859375
30 78.09296875 129.17890625
40 82.7484375 211.92734375
50 144.69765625 356.625
60 154.684375 511.309375
70 196.95 708.259375
80 152.79453125 861.05390625
90 241.2984375 1102.35234375
100 112.340625 1214.69296875
110 180.90546875 1395.5984375
120 213.9234375 1609.521875
130 172.9859375 1782.5078125
140 213.68828125 1996.19609375
150 119.79453125 2115.990625
160 123.321875 2239.3125
170 285.30703125 2524.61953125
180 224.09765625 2748.7171875
190 331.7 3080.4171875
200 200.9296875 3281.346875
210 266.2390625 3547.5859375
220 356.0421875 3903.628125
230 213.22578125 4116.85390625
240 173.22109375 4290.075
250 199.35078125 4489.42578125
260 177.68984375 4667.115625
270 196.0796875 4863.1953125
280 133.55 4996.7453125
290 322.56640625 5319.31171875
300 165.51875 5484.83046875
310 296.153125 5780.98359375
320 266.3375 6047.32109375
330 224.203125 6271.52421875
340 50.3890625 6321.91328125
350 90.09609375 6412.009375
360 159.1875 6571.196875
370 200.57890625 6771.77578125
380 248.28359375 7020.059375
390 111.2609375 7131.3203125
400 33.809375 7165.1296875
410 50.96171875 7216.09140625
420 128.78671875 7344.878125
430 110.671875 7455.55
440 155.41171875 7610.96171875
450 232.31484375 7843.2765625
460 139.6640625 7982.940625
470 156.859375 8139.8
480 230.08828125 8369.88828125
490 370.121875 8740.01015625
500 277.4046875 9017.41484375
510 266.53671875 9283.9515625
520 103.68203125 9387.63359375
530 290.659375 9678.29296875
540 249.11640625 9927.409375
550 306.7234375 10234.1328125
560 401.1328125 10635.265625
570 435.81328125 11071.07890625
580 246.4515625 11317.53046875
590 243.64765625 11561.178125
600 333.4015625 11894.5796875
610 191.42890625 12086.00859375
620 378.84921875 12464.8578125
630 295.97265625 12760.83046875
640 165.684375 12926.51484375
650 236.45 13162.96484375
660 383.4859375 13546.45078125
670 421.06015625 13967.5109375
680 250.67890625 14218.18984375
690 503.2125 14721.40234375
700 299.24765625 15020.65
710 529.5796875 15550.2296875
720 215.1328125 15765.3625
730 642.4859375 16407.8484375
740 489.1640625 16897.0125
750 507.70234375 17404.71484375
760 453.8125 17858.52734375
770 390.5734375 18249.10078125
780 379.009375 18628.11015625
790 396.803125 19024.91328125
800 207.12265625 19232.0359375
810 506.85078125 19738.88671875
820 294.67890625 20033.565625
830 264.8765625 20298.4421875
840 452.534375 20750.9765625
850 296.33203125 21047.30859375
860 299.96484375 21347.2734375
870 474.70546875 21821.97890625
880 309.93515625 22131.9140625
890 417.509375 22549.4234375
900 229.6484375 22779.071875
910 443.57890625 23222.65078125
920 240.03203125 23462.6828125
930 592.25859375 24054.94140625
940 500.55546875 24555.496875
950 352.265625 24907.7625
960 628.89765625 25536.66015625
970 447.4703125 25984.13046875
980 404.60546875 26388.7359375
990 327.7515625 26716.4875
1000 195.33359375 26911.82109375
1010 255.16640625 27166.9875
1020 403.45 27570.4375
1030 445.6296875 28016.0671875
1040 273.5078125 28289.575
1050 440.11328125 28729.68828125
1060 255.27421875 28984.9625
1070 506.28671875 29491.24921875
1080 625.934375 30117.18359375
1090 575.571875 30692.75546875
1100 126.68828125 30819.44375
1110 497.3734375 31316.8171875
1120 518.76796875 31835.58515625
1130 422.66015625 32258.2453125
1140 674.03671875 32932.28203125
1150 456.7703125 33389.05234375
1160 296.93125 33685.98359375
1170 419.88515625 34105.86875
1180 413.68125 34519.55
1190 439.775 34959.325
1200 572.8375 35532.1625
1210 974.06875 36506.23125
1220 865.61171875 37371.84296875
1230 621.1515625 37992.99453125
1240 556.14140625 38549.1359375
1250 797.53984375 39346.67578125
1260 626.71171875 39973.3875
1270 426.6765625 40400.0640625
1280 415.0421875 40815.10625
1290 694.40625 41509.5125
1300 700.08359375 42209.59609375
1310 869.78359375 43079.3796875
1320 564.37578125 43643.75546875
1330 956.47578125 44600.23125
1340 863.96953125 45464.20078125
1350 797.15546875 46261.35625
1360 971.5 47232.85625
1370 708.55390625 47941.41015625
1380 513.53984375 48454.95
1390 522.7203125 48977.6703125
1400 707.5875 49685.2578125
1410 273.7453125 49959.003125
1420 675.8953125 50634.8984375
1430 777.8109375 51412.709375
1440 737.8328125 52150.5421875
1450 817.04375 52967.5859375
1460 793.790625 53761.3765625
1470 941.5 54702.8765625
1480 854.08984375 55556.96640625
1490 774.9015625 56331.86796875
1500 806.72578125 57138.59375
1510 623.2734375 57761.8671875
1520 641.8234375 58403.690625
1530 1040.509375 59444.2
1540 928.39453125 60372.59453125
1550 861.54765625 61234.1421875
1560 1022.9140625 62257.05625
1570 865.353125 63122.409375
1580 1119.465625 64241.875
1590 805.51875 65047.39375
1600 1160.45546875 66207.84921875
1610 991.9046875 67199.75390625
1620 818.128125 68017.88203125
1630 1190.21484375 69208.096875
1640 975.646875 70183.74375
1650 613.91875 70797.6625
1660 844.6734375 71642.3359375
1670 987.7640625 72630.1
1680 1208.99140625 73839.09140625
1690 757.8078125 74596.89921875
1700 476.284375 75073.18359375
1710 1356.21015625 76429.39375
1720 1282.98046875 77712.37421875
1730 1314.24609375 79026.6203125
1740 838.22734375 79864.84765625
1750 765.79765625 80630.6453125
1760 784.409375 81415.0546875
1770 897.00859375 82312.06328125
1780 667.26171875 82979.325
1790 922.3015625 83901.6265625
1800 741.39375 84643.0203125
1810 668.73125 85311.7515625
1820 556.859375 85868.6109375
1830 575.88203125 86444.49296875
1840 1239.559375 87684.05234375
1850 1288.009375 88972.06171875
1860 1316.16796875 90288.2296875
1870 1270.0453125 91558.275
1880 1382.05078125 92940.32578125
1890 1070.48984375 94010.815625
1900 1467.4 95478.215625
1910 1339.33203125 96817.54765625
1920 1214.66875 98032.21640625
1930 1376.53203125 99408.7484375
1940 1325.81015625 100734.55859375
1950 1320.165625 102054.72421875
1960 1484.09921875 103538.8234375
1970 1208.1609375 104746.984375
1980 1223.01328125 105969.99765625
1990 1186.35546875 107156.353125
2000 1488.5953125 108644.9484375
2010 1237.53203125 109882.48046875
2020 1339.56171875 111222.0421875
2030 1481.615625 112703.6578125
2040 1189.00703125 113892.66484375
2050 1327.71015625 115220.375
2060 1365.1765625 116585.5515625
2070 1404.09296875 117989.64453125
2080 1112.83359375 119102.478125
2090 1345.575 120448.053125
2100 1244.59609375 121692.64921875
2110 1619.9546875 123312.60390625
2120 1046.95703125 124359.5609375
2130 1482.7640625 125842.325
2140 1361.28984375 127203.61484375
2150 1208.89296875 128412.5078125
2160 1261.4578125 129673.965625
2170 1303.35078125 130977.31640625
2180 1563.71796875 132541.034375
2190 1320.115625 133861.15
2200 1285.38125 135146.53125
2210 1277.0671875 136423.5984375
2220 1521.4703125 137945.06875
2230 1181.275 139126.34375
2240 1425.51328125 140551.85703125
2250 1394.109375 141945.96640625
2260 1315.91484375 143261.88125
2270 1245.875 144507.75625
2280 1458.45 145966.20625
2290 1060.828125 147027.034375
2300 1394.21015625 148421.24453125
2310 1498.91796875 149920.1625
2320 1415.28125 151335.44375
2330 1341.475 152676.91875
2340 1363.49609375 154040.41484375
2350 1241.80234375 155282.2171875
2360 1306.29453125 156588.51171875
2370 1346.4890625 157935.00078125
2380 1455.81640625 159390.8171875
2390 1562.41015625 160953.22734375
2400 1130.90625 162084.13359375
2410 1157.60546875 163241.7390625
2420 1398.3734375 164640.1125
2430 1401.4203125 166041.5328125
2440 1352.25546875 167393.78828125
2450 1490.0578125 168883.84609375
2460 1371.7984375 170255.64453125
2470 1288.34765625 171543.9921875
2480 1303.028125 172847.0203125
2490 1476.3171875 174323.3375
2500 1417.68359375 175741.02109375
2510 1483.75703125 177224.778125
2520 1245.70625 178470.484375
2530 1516.775 179987.259375
2540 1288.940625 181276.2
2550 1300.7 182576.9
2560 1381.3359375 183958.2359375
2570 1184.5578125 185142.79375
2580 1488.50546875 186631.29921875
2590 1375.84296875 188007.1421875
2600 1764.86953125 189772.01171875
2610 1110.8125 190882.82421875
2620 660.8765625 191543.70078125
2630 17.453125 191561.15390625
2640 2.75234375 191563.90625
2650 2.7515625 191566.6578125
2660 0 191566.6578125
2670 0 191566.6578125
2680 0.55078125 191567.20859375
2690 0 191567.20859375
2700 0 191567.20859375
2703 0 191567.20859375
