10 1.39921875 1.39921875
20 1.01015625 2.409375
30 2.2359375 4.6453125
40 3.70078125 8.34609375
50 3.89921875 12.2453125
60 5.4421875 17.6875
70 6.034375 23.721875
80 4.2203125 27.9421875
90 7.059375 35.0015625
100 3.796875 38.7984375
110 6.43359375 45.23203125
120 5.584375 50.81640625
130 5.6078125 56.42421875
140 6.11875 62.54296875
150 6.65390625 69.196875
160 4.0921875 73.2890625
170 6.21796875 79.50703125
180 6.68203125 86.1890625
190 6.225 92.4140625
200 5.23828125 97.65234375
210 6.50703125 104.159375
220 8.3890625 112.5484375
230 5.89921875 118.44765625
240 3.63984375 122.0875
250 6.0109375 128.0984375
260 4.9453125 133.04375
270 5.5875 138.63125
280 4.95234375 143.58359375
290 7.665625 151.24921875
300 5.446875 156.69609375
310 6.04375 162.73984375
320 6.26328125 169.003125
330 5.29453125 174.29765625
340 1.52265625 175.8203125
350 2.284375 178.1046875
360 4.24140625 182.34609375
370 5.1984375 187.54453125
380 5.29921875 192.84375
390 3.0734375 195.9171875
400 2.57734375 198.49453125
410 2.946875 201.44140625
420 2.3859375 203.82734375
430 3.87890625 207.70625
440 4.221875 211.928125
450 4.53671875 216.46484375
460 4.58359375 221.0484375
470 4.76875 225.8171875
480 5.57109375 231.38828125
490 7.728125 239.11640625
500 5.04453125 244.1609375
510 5.1078125 249.26875
520 3.86875 253.1375
530 5.05703125 258.19453125
540 5.65859375 263.853125
550 6.075 269.928125
560 9.81640625 279.74453125
570 9.17421875 288.91875
580 7.10703125 296.02578125
590 7.12109375 303.146875
600 7.91484375 311.06171875
610 5.8328125 316.89453125
620 5.803125 322.69765625
630 5.36015625 328.0578125
640 5.571875 333.6296875
650 6.175 339.8046875
660 8.740625 348.5453125
670 6.30546875 354.85078125
680 5.515625 360.36640625
690 9.625 369.99140625
700 6.390625 376.38203125
710 11.05703125 387.4390625
720 7.471875 394.9109375
730 10.62109375 405.53203125
740 8.771875 414.30390625
750 9.6390625 423.94296875
760 6.42734375 430.3703125
770 7.81640625 438.18671875
780 6.7703125 444.95703125
790 7.96796875 452.925
800 6.1640625 459.0890625
810 8.61953125 467.70859375
820 4.54453125 472.253125
830 3.9859375 476.2390625
840 6.6515625 482.890625
850 5.15 488.040625
860 4.67578125 492.71640625
870 5.43359375 498.15
880 5.490625 503.640625
890 6.0671875 509.7078125
900 3.51640625 513.22421875
910 5.40703125 518.63125
920 3.740625 522.371875
930 9.8375 532.209375
940 7.07421875 539.28359375
950 6.87421875 546.1578125
960 7.96171875 554.11953125
970 6.965625 561.08515625
980 8.5671875 569.65234375
990 6.53984375 576.1921875
1000 5.6875 581.8796875
1010 6.0984375 587.978125
1020 5.8734375 593.8515625
1030 6.53984375 600.39140625
1040 5.59609375 605.9875
1050 7.08203125 613.06953125
1060 5.6703125 618.73984375
1070 10.0515625 628.79140625
1080 10.284375 639.07578125
1090 8.98515625 648.0609375
1100 4.4140625 652.475
1110 5.98828125 658.46328125
1120 11.54765625 670.0109375
1130 7.046875 677.0578125
1140 7.34609375 684.40390625
1150 9.621875 694.02578125
1160 5.5390625 699.56484375
1170 7.190625 706.75546875
1180 6.59296875 713.3484375
1190 5.98515625 719.33359375
1200 7.72578125 727.059375
1210 10.4890625 737.5484375
1220 11.6703125 749.21875
1230 10.60234375 759.82109375
1240 9.340625 769.16171875
1250 10.02890625 779.190625
1260 10.596875 789.7875
1270 6.45078125 796.23828125
1280 7.203125 803.44140625
1290 11.29921875 814.740625
1300 12.671875 827.4125
1310 11.184375 838.596875
1320 11.28671875 849.88359375
1330 9.27890625 859.1625
1340 12.06953125 871.23203125
1350 10.86875 882.10078125
1360 12.671875 894.77265625
1370 13.11953125 907.8921875
1380 9.75390625 917.64609375
1390 10.73125 928.37734375
1400 10.09453125 938.471875
1410 7.24140625 945.71328125
1420 10.325 956.03828125
1430 10.6140625 966.65234375
1440 10.35078125 977.003125
1450 10.053125 987.05625
1460 11.440625 998.496875
1470 10.87578125 1009.37265625
1480 10.01875 1019.39140625
1490 10.98984375 1030.38125
1500 11.078125 1041.459375
1510 9.7984375 1051.2578125
1520 9.41796875 1060.67578125
1530 12.27890625 1072.9546875
1540 15.63203125 1088.58671875
1550 12.71484375 1101.3015625
1560 9.82578125 1111.12734375
1570 11.8828125 1123.01015625
1580 12.1375 1135.14765625
1590 11.34765625 1146.4953125
1600 14.81015625 1161.30546875
1610 8.9765625 1170.28203125
1620 12.409375 1182.69140625
1630 14.84609375 1197.5375
1640 10.47890625 1208.01640625
1650 8.51015625 1216.5265625
1660 9.67265625 1226.19921875
1670 9.4484375 1235.64765625
1680 14.6453125 1250.29296875
1690 10.51875 1260.81171875
1700 12.28828125 1273.1
1710 12.6 1285.7
1720 15.6546875 1301.3546875
1730 13.05 1314.4046875
1740 11.62890625 1326.03359375
1750 9.85703125 1335.890625
1760 9.009375 1344.9
1770 10.6515625 1355.5515625
1780 9.853125 1365.4046875
1790 10.1015625 1375.50625
1800 11.61640625 1387.12265625
1810 6.77109375 1393.89375
1820 8.08046875 1401.97421875
1830 8.7375 1410.71171875
1840 13.79765625 1424.509375
1850 15.6359375 1440.1453125
1860 15.06015625 1455.20546875
1870 20.73046875 1475.9359375
1880 19.74375 1495.6796875
1890 15.02109375 1510.70078125
1900 17.1921875 1527.89296875
1910 15.0390625 1542.93203125
1920 18.52734375 1561.459375
1930 16.4203125 1577.8796875
1940 18.9796875 1596.859375
1950 13.12265625 1609.98203125
1960 18.346875 1628.32890625
1970 19.92734375 1648.25625
1980 15.3265625 1663.5828125
1990 13.03125 1676.6140625
2000 15.15859375 1691.77265625
2010 13.28671875 1705.059375
2020 13.07421875 1718.13359375
2030 13.56875 1731.70234375
2040 13.81796875 1745.5203125
2050 15.7625 1761.2828125
2060 9.9046875 1771.1875
2070 10.8046875 1781.9921875
2080 12.66328125 1794.65546875
2090 14.33359375 1808.9890625
2100 15.24609375 1824.23515625
2110 11.7671875 1836.00234375
2120 15.38984375 1851.3921875
2130 10.18828125 1861.58046875
2140 11.1375 1872.71796875
2150 13.83671875 1886.5546875
2160 9.83828125 1896.39296875
2170 12.7421875 1909.13515625
2180 9.06171875 1918.196875
2190 13.64140625 1931.83828125
2200 11.32578125 1943.1640625
2210 12.59375 1955.7578125
2220 10.7140625 1966.471875
2230 9.38046875 1975.85234375
2240 11.0765625 1986.92890625
2250 9.56328125 1996.4921875
2260 12.94140625 2009.43359375
2270 13.20703125 2022.640625
2280 10.7015625 2033.3421875
2290 7.21640625 2040.55859375
2300 13.8546875 2054.41328125
2310 11.846875 2066.26015625
2320 11.50625 2077.76640625
2330 12.040625 2089.80703125
2340 13.334375 2103.14140625
2350 10.56171875 2113.703125
2360 7.5671875 2121.2703125
2370 10.36484375 2131.63515625
2380 13.11953125 2144.7546875
2390 12.609375 2157.3640625
2400 11.2984375 2168.6625
2410 9.7828125 2178.4453125
2420 10.51328125 2188.95859375
2430 14.93515625 2203.89375
2440 11.20859375 2215.10234375
2450 10.628125 2225.73046875
2460 14.9296875 2240.66015625
2470 9.959375 2250.61953125
2480 8.56640625 2259.1859375
2490 10.76171875 2269.94765625
2500 10.67734375 2280.625
2510 15.3828125 2296.0078125
2520 12.39140625 2308.39921875
2530 13.02265625 2321.421875
2540 14.3828125 2335.8046875
2550 9.09375 2344.8984375
2560 13.68671875 2358.58515625
2570 9.41015625 2367.9953125
2580 11.35078125 2379.34609375
2590 12.83515625 2392.18125
2600 13.91796875 2406.09921875
2610 14.903125 2421.00234375
2620 7.909375 2428.91171875
2630 5.68125 2434.59296875
2640 2.859375 2437.45234375
2650 2.859375 2440.31171875
2660 0 2440.31171875
2670 0 2440.31171875
2680 0.5734375 2440.88515625
2690 0 2440.88515625
2700 0 2440.88515625
2703 0 2440.88515625
