10 0.1 1.169921875 0.0 1.169921875 1.169921875 0 0
20 1.1 0.9935191761363636 0.15356483645375577 1.291015625 0.723876953125 1.169921875 1
30 0.5 3.8599609375 3.7880328058586574 10.4609375 0.723876953125 1.0082194010416667 12
40 0.2 1.005615234375 4.8828125e-4 10.4609375 0.723876953125 1.8469669117647058 17
50 0.6 2.9048258463541665 4.245971620416248 12.39794921875 0.723876953125 1.7584035773026316 19
60 0.9 1.5638563368055556 1.4681427970306227 12.39794921875 0.723876953125 2.033544921875 25
70 0.5 1.023583984375 0.03275766786688498 12.39794921875 0.723876953125 1.9092155905330883 34
80 0.2 1.166015625 0.251953125 12.39794921875 0.723876953125 1.7956730769230769 39
90 0.7 1.1233258928571428 0.16746457641249052 12.39794921875 0.723876953125 1.7649580792682926 41
100 0.6 2.1142578125 2.2130146625947797 12.39794921875 0.723876953125 1.67138671875 48
110 1.2 1.2945149739583335 0.6834389599132987 12.39794921875 0.723876953125 1.7205946180555556 54
120 0.5 1.17978515625 0.11030819200959767 12.39794921875 0.723876953125 1.6431255918560606 66
130 0.7 2.5638253348214284 3.4120163507863337 12.39794921875 0.723876953125 1.6104959837147887 71
140 0.5 3.2845703125 4.457102612953014 12.39794921875 0.723876953125 1.6960511818910255 78
150 0.1 0.954833984375 0.0 12.39794921875 0.723876953125 1.7917451054216869 83
160 0.2 1.2449951171875 0.0130615234375 12.39794921875 0.723876953125 1.7817818777901786 84
170 0.5 2.683837890625 3.290350557133083 12.39794921875 0.723876953125 1.769298464752907 86
180 0.4 754.5877685546875 1304.9854793787185 3014.888916015625 0.723876953125 1.8195478837568682 91
190 0.7 1.1574358258928572 0.1571207269344537 3014.888916015625 0.723876953125 33.51505191200658 95
200 0.3 1.1856282552083333 0.1392217250800553 3014.888916015625 0.723876953125 31.29443120021446 102
210 0.6 1.193359375 0.17894813902317963 3014.888916015625 0.723876953125 30.4341796875 105
220 0.9 1.2047254774305556 0.4774250238271509 3014.888916015625 0.723876953125 28.853594805743242 111
230 0.5 1.053759765625 0.21011437207995368 3014.888916015625 0.723876953125 26.77992960611979 120
240 0.5 1.001953125 0.1509897164638845 3014.888916015625 0.723876953125 25.7508828125 125
250 0.4 1.29473876953125 0.2616715673361819 3014.888916015625 0.723876953125 24.79900090144231 130
260 0.6 1.0723470052083333 0.09803785575596682 3014.888916015625 0.723876953125 24.097381136310634 134
270 0.3 1.0641276041666667 0.06457087488910959 3014.888916015625 0.723876953125 23.110593959263394 140
280 0.4 2.66650390625 3.0137405288797456 3014.888916015625 0.723876953125 22.64808067908654 143
290 0.4 0.88653564453125 0.2078518977141908 3014.888916015625 0.696044921875 22.104364304315478 147
300 0.5 3.260400390625 2.8993073080112137 3014.888916015625 0.696044921875 21.54230261796358 151
310 0.6 2.6563313802083335 2.658434749779373 3014.888916015625 0.696044921875 20.956344213241188 156
320 0.4 1.083984375 0.06396740624340005 3014.888916015625 0.696044921875 20.2785659601659 162
330 0.7 2.2054617745535716 3.0462391475804815 3014.888916015625 0.696044921875 19.816045921969128 166
340 0.4 0.95220947265625 0.06401290252944852 3014.888916015625 0.696044921875 19.103478933345375 173
350 0.7 1.1055036272321428 0.1660468283977775 3014.888916015625 0.696044921875 18.693280753442796 177
360 0.4 3.05047607421875 3.301301269085294 3014.888916015625 0.696044921875 18.02418053668478 184
370 0.7 2.4747140066964284 3.347447282404781 3014.888916015625 0.696044921875 17.70559108003657 188
380 0.3 1.1246744791666667 0.0543786668576345 3014.888916015625 0.696044921875 17.158841646634617 195
390 0.5 4.498681640625 6.6733494375211135 3014.888916015625 0.696044921875 16.9158997198548 198
400 0.6 1.0169677734375 0.15627178993876528 3014.888916015625 0.696044921875 16.610056910021555 203
410 0.4 1.08477783203125 0.1267800398325267 3014.888916015625 0.696044921875 16.162408418062206 209
420 0.1 1.307861328125 0.0 3014.888916015625 0.696044921875 15.879260425836272 213
430 0.6 1.0244954427083333 0.22361676095126204 3014.888916015625 0.696044921875 15.811169775846967 214
440 0.4 1.07952880859375 0.1374311551142606 3014.888916015625 0.696044921875 15.407896839488641 220
450 0.3 1.0133463541666667 0.10337163799722605 3014.888916015625 0.696044921875 15.152033124651231 224
460 1 1.013818359375 0.13912739471814878 3014.888916015625 0.696044921875 14.965178233411347 227
470 0.5 1.160595703125 0.14408669225168994 3014.888916015625 0.696044921875 14.376513259823316 237
480 0.6 3.7186279296875 4.157920453312645 3014.888916015625 0.696044921875 14.103457111957649 242
490 0.7 1.5274135044642858 1.2291785690099053 3014.888916015625 0.696044921875 13.85221124464466 248
500 0.5 0.983837890625 0.1251291942522265 3014.888916015625 0.696044921875 13.51388346354167 255
510 0.8 1.027618408203125 0.1619461081926617 3014.888916015625 0.696044921875 13.272921048677889 260
520 0.3 0.9136555989583334 0.015297747574881755 3014.888916015625 0.696044921875 12.907389626574163 268
530 0.7 1.5183803013392858 1.4418104816054769 3014.888916015625 0.696044921875 12.774617663168822 271
540 0.3 1.02734375 0.0633647226882582 3014.888916015625 0.696044921875 12.491187226000452 278
550 0.4 1.40167236328125 0.8580717673846331 3014.888916015625 0.68994140625 12.368797438000447 281
560 0.7 0.9498465401785714 0.09665289676522276 3014.888916015625 0.68994140625 12.214872875548249 285
570 0.8 1.552642822265625 1.2523931419635725 3014.888916015625 0.68994140625 11.94482087435788 292
580 0.7 0.9103655133928571 0.09616081109265334 3014.888916015625 0.68994140625 11.667696126302086 300
590 0.9 0.9080132378472222 0.10507239304611704 3014.888916015625 0.68994140625 11.42241497226181 307
600 0.7 0.9298270089285714 0.14820228567475985 3014.888916015625 0.68994140625 11.122954163370256 316
610 0.7 2.0383998325892856 2.514330559569014 3014.888916015625 0.68994140625 10.902050478908672 323
620 0.9 0.9015299479166666 0.13042147675277682 3014.888916015625 0.660888671875 10.714033647017049 330
630 0.5 4.20146484375 6.351213843804497 3014.888916015625 0.660888671875 10.453524699253322 339
640 0.7 0.9628208705357143 0.08103774235735903 3014.888916015625 0.660888671875 10.362651736237284 344
650 0.7 2.1089913504464284 2.7473278403865957 3014.888916015625 0.660888671875 10.175190721821584 351
660 0.8 2.660797119140625 4.215830322312946 3014.888916015625 0.660888671875 10.017471739699724 358
670 0.4 1.2347412109375 0.4430624517945791 3014.888916015625 0.660888671875 9.856670108649253 366
680 0.7 2.5181710379464284 3.9435742961069553 3014.888916015625 0.660888671875 9.763460066511827 370
690 1.2 1.701416015625 2.47293579184687 3014.888916015625 0.660888671875 9.628932153514592 377
700 0.4 1.18292236328125 0.2119223157971906 3014.888916015625 0.660888671875 9.384381527152959 389
710 0.7 1.0349469866071428 0.11270773860987417 3014.888916015625 0.660888671875 9.300906115815842 393
720 0.8 1.056427001953125 0.26238960253636073 3014.888916015625 0.660888671875 9.15625183105469 400
730 1 2.9360595703125 4.978891870671531 3014.888916015625 0.660888671875 8.997431736366424 408
740 0.3 6.156575520833333 4.144489209418001 3014.888916015625 0.660888671875 8.852422832872312 418
750 0.8 1.094757080078125 0.24680514486609262 3014.888916015625 0.660888671875 8.83321251948486 421
760 0.6 0.9988199869791666 0.06874620494579088 3014.888916015625 0.660888671875 8.688905658143941 429
770 0.6 0.9771728515625 0.07565861771817889 3014.888916015625 0.660888671875 8.582835510955462 435
780 1.5 2.3189290364583335 3.867920224082204 3014.888916015625 0.660888671875 8.479357107426306 441
790 0.9 0.9771321614583334 0.12418561129516864 3014.888916015625 0.660888671875 8.276711447197096 456
800 0.5 4.374951171875 7.041347908126229 3014.888916015625 0.660888671875 8.13542926747312 465
810 0.6 1.03662109375 0.22557444357386422 3014.888916015625 0.660888671875 8.095424181349735 470
820 0.9 1.6963161892361112 1.4190745480770626 3014.888916015625 0.660888671875 8.006447671842176 476
830 0.5 0.8517578125 0.14975788922297711 3014.888916015625 0.660888671875 7.88935244845361 485
840 0.7 0.93701171875 0.09524810545402787 3014.888916015625 0.660888671875 7.817540258290818 490
850 0.8 6.19439697265625 9.849980511463016 3014.888916015625 0.660888671875 7.720631405621229 497
860 0.4 0.9744873046875 0.08062584736105219 3014.888916015625 0.660888671875 7.696453434405942 505
870 0.7 1.4257463727678572 1.269124465519285 3014.888916015625 0.660888671875 7.643628553229373 509
880 0.5 0.96640625 0.14994103544327766 3014.888916015625 0.660888671875 7.559277438378151 516
890 0.9 0.9915364583333334 0.5073265946183406 3014.888916015625 0.660888671875 7.496006121791028 521
900 1.3 1.6155536358173077 2.6227798022410886 3014.888916015625 0.660888671875 7.385552863354954 530
910 1 1.7045166015625 2.2132061565518044 3014.888916015625 0.660888671875 7.247412918680941 543
920 0.9 2.2450086805555554 3.889793693779211 3014.888916015625 0.660888671875 7.147179712223103 553
930 0.8 0.864654541015625 0.1008226839915088 3014.888916015625 0.660888671875 7.068675193922377 562
940 0.7 0.9574497767857143 0.13456459701050932 3014.888916015625 0.660888671875 6.981601219846492 570
950 0.7 0.9128069196428571 0.05061942144996758 3014.888916015625 0.660888671875 6.90851792677643 577
960 0.3 5.202555338541667 6.268313009147487 3014.888916015625 0.660888671875 6.836651527718322 584
970 0.7 1.1000279017857142 0.11338160644603205 3014.888916015625 0.660888671875 6.828300099153535 587
980 0.4 0.83197021484375 0.14294140403079753 3014.888916015625 0.660888671875 6.760795207938763 594
990 0.6 0.9446614583333334 0.09708856674954454 3014.888916015625 0.660888671875 6.721137515677258 598
1000 0.3 0.88134765625 0.016566819881188685 3014.888916015625 0.660888671875 6.663755303187087 604
1010 1 1.0169677734375 0.21467889876814064 3014.888916015625 0.660888671875 6.635176682197282 607
1020 0.7 0.9195382254464286 0.10048861147675604 3014.888916015625 0.660888671875 6.544119811714952 617
1030 0.7 1.9035295758928572 2.0472104721323205 3014.888916015625 0.660888671875 6.481023543920273 624
1040 0.3 0.943359375 0.026103645321530585 3014.888916015625 0.660888671875 6.430243103704437 631
1050 0.6 1.0362955729166667 0.07474208388980334 3014.888916015625 0.660888671875 6.404279931486593 634
1060 0.9 0.9445529513888888 0.1717865242024718 3014.888916015625 0.660888671875 6.353955078124999 640
1070 0.4 2.1937255859375 2.180007258242371 3014.888916015625 0.660888671875 6.2789402566448365 649
1080 0.3 1.0234375 0.0925839278794045 3014.888916015625 0.660888671875 6.253915970759952 653
1090 0.6 0.8636474609375 0.08974581370069597 3014.888916015625 0.660888671875 6.229996099704647 656
1100 0.6 0.9976399739583334 0.04511620693416454 3014.888916015625 0.660888671875 6.181358498749054 662
1110 0.8 2.6087646484375 4.587889549934063 3014.888916015625 0.660888671875 6.134798152717999 668
1120 0.8 0.873931884765625 0.13380325896408787 3014.888916015625 0.660888671875 6.09306994556675 676
1130 0.5 3.380029296875 2.8843083689092857 3014.888916015625 0.660888671875 6.032027395148024 684
1140 0.3 0.9356282552083334 0.08475708652352289 3014.888916015625 0.660888671875 6.012782125929787 689
1150 0.2 0.8240966796875 0.1109619140625 3014.888916015625 0.660888671875 5.990771343253249 692
1160 0.8 1.28424072265625 0.6897064451433859 3014.888916015625 0.660888671875 5.975881790908679 694
1170 1.4 0.8863002232142857 0.10785358146085681 3014.888916015625 0.660888671875 5.922415795828879 702
1180 0.7 1.97216796875 2.5223486945876483 3014.888916015625 0.660888671875 5.823944262286136 716
1190 1 2.5445556640625 4.153906617981595 3014.888916015625 0.660888671875 5.78665182237638 723
1200 1.2 1.406982421875 1.0938055796352633 3014.888916015625 0.660888671875 5.742421315441676 733
1210 0.7 0.9990931919642857 0.20204755960164367 3014.888916015625 0.660888671875 5.672588742659394 745
1220 0.9 1.9956325954861112 3.1305677584072096 3014.888916015625 0.660888671875 5.62908545960771 752
1230 1 2.189990234375 3.0547225653545556 3014.888916015625 0.660888671875 5.586114269361857 761
1240 1.2 2.0905965169270835 2.954483369826567 3014.888916015625 0.660888671875 5.54206596800016 771
1250 0.8 2.303863525390625 2.468143795943288 3014.888916015625 0.660888671875 5.48916988445881 783
1260 1.2 1.6468302408854167 1.6659924547890588 3014.888916015625 0.660888671875 5.456954396630055 791
1270 1.4 1.3877127511160714 1.6902916928092795 3014.888916015625 0.66015625 5.400016053082189 803
1280 1.9 1.7442177220394732 2.5428443229392674 3014.888916015625 0.651123046875 5.3312617737339325 817
1290 1.1 0.8658558238636364 0.1059046699205473 3014.888916015625 0.651123046875 5.249738045286332 836
1300 0.7 1.5876813616071428 1.765214225684056 3014.888916015625 0.651123046875 5.19280450994318 847
1310 1.2 0.8347371419270834 0.12830689158608566 3014.888916015625 0.63818359375 5.163254320202721 854
1320 1.1 0.8655894886363636 0.09689463327735877 3014.888916015625 0.63818359375 5.103274867385968 866
1330 0.8 1.003875732421875 0.10089703477304598 3014.888916015625 0.63818359375 5.050122599237455 877
1340 1.2 2.8071695963541665 3.526103920013734 3014.888916015625 0.63818359375 5.013546356373586 885
1350 0.7 0.9175851004464286 0.09807751781010764 3014.888916015625 0.63818359375 4.984029610420149 897
1360 0.7 0.8944963727678571 0.14744138581589933 3014.888916015625 0.63818359375 4.952541655143803 904
1370 1 0.897216796875 0.08009561487260129 3014.888916015625 0.63818359375 4.9213601875514525 911
1380 0.6 1.051513671875 0.33163602157051775 3014.888916015625 0.63818359375 4.877666991127169 921
1390 1.2 0.9454345703125 0.15441502099962437 3014.888916015625 0.63818359375 4.852902244724243 927
1400 0.5 2.189404296875 2.6402419423010266 3014.888916015625 0.63818359375 4.802966555594381 939
1410 0.8 1.0302734375 0.14178486502572535 3014.888916015625 0.63818359375 4.789123535156248 944
1420 1.2 0.8750406901041666 0.1369666924254021 3014.888916015625 0.63818359375 4.7575365595456915 952
1430 1 2.896630859375 3.8557463420585174 3014.888916015625 0.63818359375 4.709206735444759 964
1440 0.8 0.828948974609375 0.12376267887799336 3014.888916015625 0.63818359375 4.690597126860881 974
1450 1 2.5874755859375 3.331131491512352 3014.888916015625 0.63818359375 4.65913767144539 982
1460 1.1 1.90869140625 2.1262327815517645 3014.888916015625 0.63818359375 4.638253981067287 992
1470 0.8 1.3934326171875 1.0847876725447794 3014.888916015625 0.63818359375 4.6083185988908255 1003
1480 0.9 1.2605251736111112 0.975042032251754 3014.888916015625 0.63818359375 4.582879342853609 1011
1490 0.9 1.1854383680555556 0.7178948157931329 3014.888916015625 0.63818359375 4.553564453124999 1020
1500 1.4 1.4215611049107142 1.8828174756714662 3014.888916015625 0.63818359375 4.524105624392613 1029
1510 1.1 3.4768732244318183 5.569859736509644 3014.888916015625 0.63818359375 4.482460731513661 1043
1520 0.8 0.841827392578125 0.1137967343204461 3014.888916015625 0.63818359375 4.471965985234818 1054
1530 1.4 2.0958949497767856 4.313147981090535 3014.888916015625 0.63818359375 4.444620308453977 1062
1540 1.3 1.6355543870192308 1.8767345332113712 3014.888916015625 0.63818359375 4.4140606848280655 1076
1550 1 2.5460693359375 2.532838998593577 3014.888916015625 0.63818359375 4.380892106433653 1089
1560 0.5 0.88759765625 0.09681837826756513 3014.888916015625 0.63818359375 4.3641967218067546 1099
1570 0.4 0.98046875 0.08038290685558612 3014.888916015625 0.63818359375 4.348451255024342 1104
1580 0.8 0.9066162109375 0.15246244843711898 3014.888916015625 0.63818359375 4.336292473417756 1108
1590 1.1 2.075173117897727 3.7313217378300485 3014.888916015625 0.63818359375 4.3117069804967505 1116
1600 1.5 1.2440592447916667 1.3504818741151137 3014.888916015625 0.63818359375 4.289877457436777 1127
1610 1.2 2.325174967447917 2.678639077000606 3014.888916015625 0.63818359375 4.249871088619197 1142
1620 0.4 1.01171875 0.09994584643810918 3014.888916015625 0.63818359375 4.229856917515163 1154
1630 0.8 1.524688720703125 1.2165937694294453 3014.888916015625 0.63818359375 4.218740723499566 1158
1640 1.3 1.3825120192307692 1.3684921919381252 3014.888916015625 0.63818359375 4.200256661730809 1166
1650 1.1 1.4082475142045454 0.8694119728658987 3014.888916015625 0.63818359375 4.169187382381784 1179
1660 0.5 0.9517578125 0.10607381686796684 3014.888916015625 0.63818359375 4.143666089482666 1190
1670 1.6 2.1890411376953125 2.690591880933929 3014.888916015625 0.63818359375 4.1303108247254166 1195
1680 1.7 1.7208180147058822 2.513898949499654 3014.888916015625 0.63818359375 4.1046623400082565 1211
1690 0.8 3.32952880859375 3.3677617748332667 3014.888916015625 0.63818359375 4.0716612377850145 1228
1700 1 2.9093994140625 5.086207324310936 3014.888916015625 0.63818359375 4.066857791641382 1236
1710 0.9 3.887451171875 5.981112688499875 3014.888916015625 0.63818359375 4.0575683985629 1246
1720 0.9 2.290011935763889 3.0510027048540045 3014.888916015625 0.63818359375 4.0563484343874485 1255
1730 1 1.55263671875 1.6400009574247683 3014.888916015625 0.63818359375 4.0437716713434515 1264
1740 0.7 2.82861328125 2.867626763859488 3014.888916015625 0.63818359375 4.024218021794052 1274
1750 1.6 3.62640380859375 5.135843246243259 3014.888916015625 0.63818359375 4.017684662556106 1281
1760 0.3 1.3216145833333333 0.14682446595694257 3014.888916015625 0.63818359375 4.012857759191882 1297
1770 1.6 1.811492919921875 3.0724288073465 3014.888916015625 0.63818359375 4.006647198016824 1300
1780 1.7 3.298397288602941 5.077783752664378 3014.888916015625 0.63818359375 3.9799583922041197 1316
1790 1.6 3.20404052734375 5.907183014312976 3014.888916015625 0.63818359375 3.971266315113932 1333
1800 1.4 4.732247488839286 7.415368398498956 3014.888916015625 0.63818359375 3.9621665281574288 1349
1810 1.5 1.0186686197916666 0.24647156899931702 3014.888916015625 0.63818359375 3.970076383953134 1363
1820 2.1 2.2613467261904763 3.665581799138282 3014.888916015625 0.63818359375 3.9379493037917244 1378
1830 2.1 2.446870349702381 4.524298448152566 3014.888916015625 0.63818359375 3.912782288688346 1399
1840 2.4 1.8697611490885413 2.645977561046362 3014.888916015625 0.63818359375 3.8911033093089764 1420
1850 1.9 2.2950375205592106 4.545568653764162 3014.888916015625 0.63818359375 3.8575075947346753 1444
1860 1.2 3.8077596028645835 5.730444594064131 3014.888916015625 0.63818359375 3.8372157755895397 1463
1870 2 1.28890380859375 0.6458368488313506 3014.888916015625 0.63818359375 3.836976132150421 1475
1880 2.3 3.509829313858696 4.311690593601849 3014.888916015625 0.63818359375 3.8028882080894624 1495
1890 2.4 2.5271504720052085 3.7385484585845807 3014.888916015625 0.63818359375 3.7984479218132385 1518
1900 1.9 2.6895430715460527 3.657994126067741 3014.888916015625 0.63818359375 3.7786611910769268 1542
1910 1.5 1.08671875 0.20574117762275096 3014.888916015625 0.63818359375 3.765404788597051 1561
1920 1.3 1.1886080228365385 0.6487219992646782 3014.888916015625 0.63818359375 3.7399096803616727 1576
1930 1.1 1.9392755681818181 2.352132108042771 3014.888916015625 0.63818359375 3.7190368537110583 1589
1940 2.2 1.5969793146306819 2.6918256296065595 3014.888916015625 0.63818359375 3.7068009948730447 1600
1950 1.8 2.5254584418402777 5.030378701146166 3014.888916015625 0.63818359375 3.6781844246108175 1622
1960 1.3 0.9191331129807693 0.17686887958733805 3014.888916015625 0.63818359375 3.665532554068214 1640
1970 1.7 2.670654296875 4.997614978908601 3014.888916015625 0.63818359375 3.64393352640086 1653
1980 1.7 0.9389935661764706 0.13546125601684833 3014.888916015625 0.63818359375 3.634025893525447 1670
1990 2.4 3.786285400390625 4.873328131526782 3014.888916015625 0.63818359375 3.6068678914122683 1687
2000 1.7 2.493795955882353 3.958693176928726 3014.888916015625 0.63818359375 3.6093845601530514 1711
2010 1.7 3.8177992876838234 5.118802819026905 3014.888916015625 0.63818359375 3.598409440782333 1728
2020 1.8 1.9297146267361112 2.3220895453436894 3014.888916015625 0.63818359375 3.600546763073064 1745
2030 1.8 0.9374593098958334 0.16154055911466614 3014.888916015625 0.63818359375 3.5834877849368953 1763
2040 2.4 2.98370361328125 4.1939816452215135 3014.888916015625 0.63818359375 3.5567452175305285 1781
2050 1.8 3.603298611111111 4.818643756739816 3014.888916015625 0.63818359375 3.5491258277787376 1805
2060 2.1 1.0804850260416667 0.8233963118670037 3014.888916015625 0.63818359375 3.549660720867044 1823
2070 2 2.2889892578125 2.9884862493870723 3014.888916015625 0.63818359375 3.52154104104528 1844
2080 1.9 2.140650699013158 3.6418693927545007 3014.888916015625 0.63818359375 3.5083162365041556 1864
2090 1.8 4.1273193359375 6.299582076575823 3014.888916015625 0.63818359375 3.4945161062798706 1883
2100 2.3 2.8774095618206523 5.179199018755025 3014.888916015625 0.63818359375 3.5005079306532725 1901
2110 1.8 2.352701822916666 2.7333341379474603 3014.888916015625 0.63818359375 3.493059249528974 1924
2120 2.1 3.9272228422619047 5.216129630020681 3014.888916015625 0.63818359375 3.4824895102503843 1942
2130 1.5 1.4232259114583334 1.955452078176136 3014.888916015625 0.63818359375 3.4872472280151534 1963
2140 2.3 1.3885763417119565 1.6642303424808813 3014.888916015625 0.63818359375 3.471594892449758 1978
2150 2.6 1.4542236328125 2.185778293746798 3014.888916015625 0.63818359375 3.4476521504872544 2001
2160 1.4 2.761073521205357 4.182712549754761 3014.888916015625 0.63818359375 3.4220827664420925 2027
2170 3 1.0072753906249998 0.3927894107220617 3014.888916015625 0.63818359375 3.4175486510901503 2041
2180 1.7 3.07861328125 3.753676861464466 3014.888916015625 0.63818359375 3.3826340215324704 2071
2190 2.3 1.613610309103261 1.7904937514968082 3014.888916015625 0.63818359375 3.380158756884577 2088
2200 2.5 2.190791015625 2.877217424605211 3014.888916015625 0.63818359375 3.3609116634222507 2111
2210 1.4 1.2373221261160714 0.5934134401701668 3014.888916015625 0.63818359375 3.347216431121253 2136
2220 2.8 1.4728742327008928 2.186750477564006 3014.888916015625 0.635009765625 3.33347758448401 2150
2230 1.7 2.767779181985294 3.8396040388532047 3014.888916015625 0.635009765625 3.309557982165402 2178
2240 1.9 2.054905941611842 2.8219088295548236 3014.888916015625 0.635009765625 3.3053619732346227 2195
2250 3 1.9867919921874995 2.21698097694647 3014.888916015625 0.635009765625 3.2946308690788713 2214
2260 2.5 2.200849609375 3.1120682901241974 3014.888916015625 0.635009765625 3.277146392115083 2244
2270 1.8 2.030978732638889 3.6742879689291468 3014.888916015625 0.635009765625 3.2652876792157874 2269
2280 1.7 2.2792825137867645 2.831808773032594 3014.888916015625 0.635009765625 3.2555729607906083 2287
2290 2.6 4.59636981670673 5.486066525010846 3014.888916015625 0.635009765625 3.2483694288465697 2304
2300 2.2 2.6767245205965913 4.07192402423067 3014.888916015625 0.635009765625 3.2634114932604597 2330
2310 1.6 1.035003662109375 0.4292750882824044 3014.888916015625 0.635009765625 3.2579237749787398 2352
2320 2 3.79310302734375 4.774486208327896 3014.888916015625 0.635009765625 3.242904044486379 2368
2330 2.3 3.0092561141304346 4.2577842853970385 3014.888916015625 0.635009765625 3.2475120761686016 2388
2340 1.8 2.989230685763889 4.482030162360022 3014.888916015625 0.635009765625 3.2452392071819247 2411
2350 1.4 4.023123604910714 5.368388000200508 3014.888916015625 0.635009765625 3.2433420670479087 2429
2360 1.4 4.333583286830357 4.710576836533084 3014.888916015625 0.635009765625 3.247810729156005 2443
2370 0.5 0.92978515625 0.09539878566616868 3014.888916015625 0.635009765625 3.253997467376372 2457
2380 0 0 0 3014.888916015625 0.635009765625 3.249277296151501 2462
2390 0 0 0 3014.888916015625 0.635009765625 3.249277296151501 2462
2400 0 0 0 3014.888916015625 0.635009765625 3.249277296151501 2462
2410 0 0 0 3014.888916015625 0.635009765625 3.249277296151501 2462
2410 0 0 0 3014.888916015625 0.635009765625 3.249277296151501 2462
