10 0.1 1650.6572265625 0 1650.6572265625 1650.6572265625 0 0
20 0 0 0 1650.6572265625 1650.6572265625 1650.6572265625 1
30 0.6 22561.736246744793 1880.4740542782497 25485.47119140625 1650.6572265625 1650.6572265625 1
40 0.2 31076.5400390625 2703.35400390625 33779.89404296875 1650.6572265625 19574.43924386161 7
50 0.7 31340.627859933036 6265.018560917854 38564.705810546875 1650.6572265625 22130.46164279514 9
60 0.3 28284.848307291668 8113.045439487748 38852.596923828125 1650.6572265625 26159.90936279297 16
70 0.6 33235.812174479164 7682.4061514787945 45586.947998046875 1650.6572265625 26495.42603824013 19
80 0.3 33538.88330078125 5780.469536458929 45586.947998046875 1650.6572265625 28113.1187109375 25
90 0.7 34199.45068359375 7896.749137774961 45586.947998046875 1650.6572265625 28694.4506312779 28
100 0.6 40871.16149902344 14356.879660796581 56476.704833984375 1650.6572265625 29795.45064174107 35
110 0.3 33883.757649739586 11441.656869585848 56476.704833984375 1650.6572265625 31416.286376953125 41
120 0.7 27190.99626813616 7831.486890261285 56476.704833984375 1650.6572265625 31584.523054643112 44
130 0.5 36580.908447265625 5835.5323524090145 56476.704833984375 1650.6572265625 30981.48996629902 51
140 0.9 42467.958306206594 13616.782510918332 62781.9541015625 1650.6572265625 31481.43804495675 56
150 0.6 40760.188232421875 12771.022415270765 62781.9541015625 1650.6572265625 33002.64854266827 65
160 1 36979.808911132815 13867.826090706494 65457.8291015625 1650.6572265625 33658.215277013645 71
170 0.1 50133.049072265625 0.0 65457.8291015625 1650.6572265625 34068.2885651765 81
180 0.3 46505.988037109375 20007.3599297487 65457.8291015625 1650.6572265625 34264.20027867759 82
190 0.4 40992.393310546875 14733.395103596169 65457.8291015625 1650.6572265625 34696.26337603401 85
200 0.5 30318.501220703125 4237.207003999146 65457.8291015625 1650.6572265625 34979.23550792223 89
210 0.4 28069.954528808594 11393.076945363602 65457.8291015625 1650.6572265625 34731.3241096659 94
220 0.8 28561.280029296875 10372.771500971829 65457.8291015625 1650.6572265625 34459.43147371254 98
230 0.6 34732.92419433594 11680.9050467385 65457.8291015625 1650.6572265625 34014.28796847362 106
240 0.5 34867.29936523437 12358.943076844162 65457.8291015625 1650.6572265625 34052.78633771624 112
250 0.5 28965.281201171874 8476.948943738009 65457.8291015625 1650.6572265625 34087.59458675548 117
260 0.7 37566.13811383928 13203.358498588052 65457.8291015625 1650.6572265625 33877.66371029713 122
270 0.2 47791.97985839844 7230.3489990234375 65457.8291015625 1650.6572265625 34077.813484132756 129
280 0.6 29656.287434895832 7616.066248206278 65457.8291015625 1650.6572265625 34287.1900699994 131
290 0.4 27862.333557128906 9019.313239794692 65457.8291015625 1650.6572265625 34084.37681590728 137
300 0.5 39534.22265625 15670.698075287279 67357.92114257813 1650.6572265625 33907.86495041002 141
310 0.5 34983.61918945312 15126.762417208318 67357.92114257813 1650.6572265625 34100.54843348673 146
320 0.4 30811.309692382813 13307.201404965905 67357.92114257813 1650.6572265625 34129.78918699555 151
330 0.3 39190.043701171875 755.5912769333742 67357.92114257813 1650.6572265625 34044.15100648942 155
340 0.9 32753.553331163195 14981.083586281482 67357.92114257813 1650.6572265625 34141.85782980617 158
350 0.3 34255.98299153646 10997.138365629582 67357.92114257813 1650.6572265625 34067.039024490085 167
360 0.5 25871.259375 6475.162342574229 67357.92114257813 1650.6572265625 34070.3733297909 170
370 0.5 41712.40561523438 15245.512827744635 67357.92114257813 1650.6572265625 33836.11293108259 175
380 0.5 41627.848828125 12215.043303288234 67357.92114257813 1650.6572265625 34054.8988389757 180
390 0.6 29749.405151367188 11440.022536691731 67357.92114257813 1650.6572265625 34259.57316300676 185
400 0.4 42864.443298339844 10499.047700307397 67357.92114257813 1650.6572265625 34117.892492484054 191
410 0.8 34836.20755004883 10374.189806469736 67357.92114257813 1650.6572265625 34297.308919270836 195
420 0.5 36421.52861328125 16164.105140412563 67357.92114257813 1650.6572265625 34318.546303735 203
430 0.4 32509.042541503906 6319.977584944016 67357.92114257813 1650.6572265625 34369.09876309909 208
440 0.2 34570.740966796875 8165.632080078125 67357.92114257813 1650.6572265625 34334.003362691634 212
450 0.4 27314.357788085938 7377.576135756997 67357.92114257813 1650.6572265625 34336.215863664576 214
460 0.5 26818.37822265625 7315.633315116712 67357.92114257813 1650.6572265625 34207.374431085154 218
470 0.5 39474.415625 21692.600564139142 82211.83715820313 1650.6572265625 34041.70187035805 223
480 0.7 33096.42909458705 14062.42454463822 82211.83715820313 1650.6572265625 34160.84032988967 228
490 0.8 33982.03649902344 7998.903690388106 82211.83715820313 1650.6572265625 34129.13446330618 235
500 0.6 26777.125651041668 8084.391662288947 82211.83715820313 1650.6572265625 34124.291731971774 243
510 0.5 28994.668798828126 7792.373789274584 82211.83715820313 1650.6572265625 33947.25158544334 249
520 0.4 39156.58905029297 12444.957519730318 82211.83715820313 1650.6572265625 33849.75979830524 254
530 0.2 35228.86901855469 5414.1910400390625 82211.83715820313 1650.6572265625 33932.03622081668 258
540 0.7 34585.0166015625 14154.031976731252 82211.83715820313 1650.6572265625 33942.011857722355 260
550 0.8 37212.08627319336 11920.430736832534 82211.83715820313 1650.6572265625 33958.86965999532 267
560 0.4 34556.135498046875 13021.130401273458 82211.83715820313 1650.6572265625 34053.5086887429 275
570 0.5 30307.14423828125 11042.154100576814 82211.83715820313 1650.6572265625 34060.714807872704 279
580 0.5 32266.644921875 11600.908121856046 82211.83715820313 1650.6572265625 33994.63081897145 284
590 0.9 34892.51597764757 21481.948236503158 91223.56298828125 1650.6572265625 33964.73486919469 289
600 0.8 30708.210205078125 6769.690452402138 91223.56298828125 1650.6572265625 33992.75510401374 298
610 1 32215.02541503906 11436.220632527764 91223.56298828125 1650.6572265625 33906.8846491396 306
620 0.4 35815.83270263672 10213.297479983816 91223.56298828125 1650.6572265625 33853.34479995921 316
630 1 31124.05520019531 13567.239439715455 91223.56298828125 1650.6572265625 33877.875898742685 320
640 0.6 34777.94836425781 10377.929913650447 91223.56298828125 1650.6572265625 33794.42678666549 330
650 0.8 33272.337646484375 9812.562782912077 91223.56298828125 1650.6572265625 33811.989671979645 336
660 0.7 28634.062848772322 9742.919460071584 91223.56298828125 1650.6572265625 33799.4396248751 344
670 0.6 32393.4697265625 9680.977274461107 91223.56298828125 1650.6572265625 33696.42641281607 351
680 0.7 34342.15373883928 9956.122022743662 91223.56298828125 1650.6572265625 33674.527981114334 357
690 0.5 28572.4732421875 8660.778584699425 91223.56298828125 1650.6572265625 33687.366937993655 364
700 0.7 32010.839425223214 12686.75122006389 91223.56298828125 1650.6572265625 33618.05943534045 369
710 0.8 31262.955017089844 10016.134395322706 91223.56298828125 1650.6572265625 33588.13778621593 376
720 0.6 35363.03080240885 7117.270168326321 91223.56298828125 1650.6572265625 33539.6964785258 384
730 0.7 36431.57697405134 11520.986863280634 91223.56298828125 1650.6572265625 33567.74777581631 390
740 1.1 30645.06591796875 12056.167378210657 91223.56298828125 1650.6572265625 33618.24350475244 397
750 0.6 38642.989095052086 12250.354977120565 91223.56298828125 1650.6572265625 33538.084305108765 408
760 0.8 29239.126861572266 10764.847229279936 91223.56298828125 1650.6572265625 33612.06843249925 414
770 0.8 38081.34292602539 14128.120993255852 91223.56298828125 1650.6572265625 33529.169066225746 422
780 0.5 24429.908203125 4547.471935848571 91223.56298828125 1650.6572265625 33613.8606729197 430
790 0.9 26189.011962890625 6873.754407579168 91223.56298828125 1650.6572265625 33508.298000853094 435
800 1.4 31770.029802594865 10129.412064812317 91223.56298828125 1650.6572265625 33359.93409467818 444
810 0.6 33125.57743326823 9724.905528700241 91223.56298828125 1650.6572265625 33311.334400160355 458
820 0.5 29626.7388671875 9111.52720911514 91223.56298828125 1650.6572265625 33308.93237041606 464
830 0.6 30197.77978515625 6664.92957084999 91223.56298828125 1650.6572265625 33269.676576138576 469
840 0.3 48376.78035481771 16771.661981631816 91223.56298828125 1650.6572265625 33230.87366930512 475
850 0.8 31676.99591064453 9086.23601125643 91223.56298828125 1650.6572265625 33325.9316610552 478
860 0.8 36404.9035949707 9881.913934864933 91223.56298828125 1650.6572265625 33298.7886857398 486
870 0.8 34211.81753540039 15740.427362904382 91223.56298828125 1650.6572265625 33349.09014175973 494
880 0.7 36897.00728934152 15071.076055179585 91223.56298828125 1650.6572265625 33362.83878548308 502
890 0.5 39721.95444335938 16249.94252787893 91223.56298828125 1650.6572265625 33411.44228160687 509
900 1 24220.50986328125 7938.218612247058 91223.56298828125 1650.6572265625 33472.828586682284 514
910 0.9 32301.278889973957 8357.132163091868 91223.56298828125 1650.6572265625 33296.25761867845 524
920 0.7 31388.10857282366 6692.934652663901 91223.56298828125 1650.6572265625 33279.456852152485 533
930 0.9 29529.62868923611 5911.984306495163 91223.56298828125 1650.6572265625 33254.93937445748 540
940 1 27419.315380859374 8914.634461829348 91223.56298828125 1650.6572265625 33193.86870748664 549
950 0.6 35816.94197591146 12981.149426162 91223.56298828125 1650.6572265625 33090.5672168493 559
960 1 37446.51110839844 12553.248079998792 91223.56298828125 1650.6572265625 33119.51986915792 565
970 0.6 42681.4482421875 19546.460573262393 91223.56298828125 1650.6572265625 33194.77189070993 575
980 0.4 41178.66638183594 21287.104547135124 91223.56298828125 1650.6572265625 33292.741009658064 581
990 0.6 30410.499837239582 11827.272437732046 91223.56298828125 1650.6572265625 33346.66186690373 585
1000 0.6 43118.9696858724 9523.836864948098 91223.56298828125 1650.6572265625 33316.85311533353 591
1010 0.4 27469.15234375 3417.5254685515547 91223.56298828125 1650.6572265625 33415.36684971081 597
1020 0.7 32836.72942243303 11723.997014569064 91223.56298828125 1650.6572265625 33375.79137878927 601
1030 0.8 29403.269744873047 11697.558834345808 91223.56298828125 1650.6572265625 33369.5850733707 608
1040 0.7 28248.92609514509 7137.561321806201 91223.56298828125 1650.6572265625 33318.07448468891 616
1050 0.7 40111.994838169645 8439.200844589841 91223.56298828125 1650.6572265625 33261.11776121089 623
1060 0.2 26963.087036132813 3157.7091064453125 91223.56298828125 1650.6572265625 33337.23861762154 630
1070 0.9 30139.618326822918 7397.077892926472 91223.56298828125 1650.6572265625 33317.067251857334 632
1080 0.5 33145.9494140625 9715.117710089868 91223.56298828125 1650.6572265625 33272.45408442315 641
1090 0.3 23823.640950520832 9834.645760799942 91223.56298828125 1650.6572265625 33271.47494610767 646
1100 0.5 41218.2087890625 9850.605071618258 91223.56298828125 1650.6572265625 33227.80236985688 649
1110 0.8 33592.82775878906 13130.907805795141 91223.56298828125 1650.6572265625 33288.89110394866 654
1120 0.4 30756.42950439453 9712.01203602037 91223.56298828125 1650.6572265625 33292.56405446033 662
1130 0.5 34194.41459960937 8784.739054913523 91223.56298828125 1650.6572265625 33277.33201512059 666
1140 0.9 35737.831787109375 7164.928456031219 91223.56298828125 1650.6572265625 33284.1657154521 671
1150 0.7 35382.14156668527 7651.011486591033 91223.56298828125 1650.6572265625 33316.640707576975 680
1160 0.4 45131.93737792969 22675.98198641661 91223.56298828125 1650.6572265625 33337.68656785901 687
1170 0.4 24618.566040039063 6380.309507623081 91223.56298828125 1650.6572265625 33405.96008919083 691
1180 0.3 27726.082356770832 4076.7046438556713 91223.56298828125 1650.6572265625 33355.38515941154 695
1190 1.1 34223.133744673294 9653.849492882058 91223.56298828125 1650.6572265625 33331.1904482254 698
1200 0.7 34117.36028180803 8113.60162428677 91223.56298828125 1650.6572265625 33345.02877863574 709
1210 1.6 33298.249740600586 10798.266741753014 91223.56298828125 1650.6572265625 33352.57950562206 716
1220 1.4 33355.87353515625 12665.71091275182 91223.56298828125 1650.6572265625 33351.391969774595 732
1230 0.5 31190.362841796876 9651.391242548027 91223.56298828125 1650.6572265625 33351.47607421876 746
1240 0.9 29862.57533094618 8030.988028138173 91223.56298828125 1650.6572265625 33337.087836985585 751
1250 1.1 30711.602805397728 11962.806204210623 91223.56298828125 1650.6572265625 33295.94229415091 760
1260 0.9 25668.36878797743 7801.1116782855615 91223.56298828125 1650.6572265625 33259.071043338605 771
1270 1 30642.17399902344 11677.726861555579 91223.56298828125 1650.6572265625 33171.486017315205 780
1280 1.1 35942.3847434304 13866.915142089978 91223.56298828125 1650.6572265625 33139.46940948872 790
1290 1.1 28837.180908203125 9471.04435576141 91223.56298828125 1650.6572265625 33177.961380366825 801
1300 1.8 33301.94727918837 12369.366236614329 91223.56298828125 1650.6572265625 33119.15770401978 812
1310 1.1 38682.49045632102 14560.0195319967 91223.56298828125 1650.6572265625 33123.1218152885 830
1320 1.5 33325.02444661458 12183.231717471153 91223.56298828125 1650.6572265625 33195.836506193795 841
1330 1.1 32487.72283380682 12289.054264284496 91223.56298828125 1650.6572265625 33198.10031356098 856
1340 0.7 34586.30419921875 8132.319098480673 91223.56298828125 1650.6572265625 33189.08745049605 867
1350 0.8 28146.76251220703 12282.172386963854 91223.56298828125 1650.6572265625 33200.27797365516 874
1360 0.7 35498.22712053572 7697.594474079951 91223.56298828125 1650.6572265625 33154.44109872139 882
1370 1.2 34131.25398763021 12519.48429656545 91223.56298828125 1650.6572265625 33172.89610676718 889
1380 0.7 37409.59615652902 11804.610758993846 91223.56298828125 1650.6572265625 33185.66002970875 901
1390 1 29889.441845703124 5077.868758275532 91223.56298828125 1650.6572265625 33218.22341394635 908
1400 1 27011.427954101564 7543.128758731444 91223.56298828125 1650.6572265625 33181.962176819514 918
1410 0.4 35926.94354248047 11801.87446957144 91223.56298828125 1650.6572265625 33115.46935114367 928
1420 1 42114.6599609375 18127.04707242851 91223.56298828125 1650.6572265625 33127.53576398203 932
1430 1 37394.681811523435 22757.117299261663 101504.45190429688 1650.6572265625 33222.94047944865 942
1440 0.9 29416.94810655382 7378.143874233914 101504.45190429688 1650.6572265625 33266.761291760355 952
1450 0.9 27504.59703233507 9472.312141029546 101504.45190429688 1650.6572265625 33230.70684985936 961
1460 0.7 37883.60299246652 6118.552149944523 101504.45190429688 1650.6572265625 33177.577995882326 970
1470 1.4 32172.033342633928 12405.453930042639 101504.45190429688 1650.6572265625 33211.29567753646 977
1480 1.1 37993.67125355114 16916.164430265915 101504.45190429688 1650.6572265625 33196.6138685671 991
1490 0.7 27118.28048270089 3615.848975743003 101504.45190429688 1650.6572265625 33249.27617518869 1002
1500 1.3 33465.337928185094 12076.964810662148 101504.45190429688 1650.6572265625 33206.742012802744 1009
1510 0.7 27891.390590122766 12818.453128043384 101504.45190429688 1650.6572265625 33210.03139333109 1022
1520 1 30852.901953125 8345.679462663202 101504.45190429688 1650.6572265625 33173.85016337729 1029
1530 0.9 29995.449788411457 9431.287863799595 101504.45190429688 1650.6572265625 33151.51187453944 1039
1540 1.4 26786.104527064734 7116.548112197884 101504.45190429688 1650.6572265625 33124.408287921935 1048
1550 1.7 39208.44498219209 15658.234572621002 101504.45190429688 1650.6572265625 33040.85249446431 1062
1560 0.7 29933.790562220984 6323.595070940946 101504.45190429688 1650.6572265625 33138.02494329783 1079
1570 0.9 28812.945855034723 7604.8193932373 101504.45190429688 1650.6572265625 33117.37149885258 1086
1580 0.7 34372.388671875 10442.456887530752 101504.45190429688 1650.6572265625 33081.992657944495 1095
1590 0.8 31121.82940673828 10597.640608455153 101504.45190429688 1650.6572265625 33090.18936583697 1102
1600 0.4 22913.859497070313 6360.8636996519945 101504.45190429688 1650.6572265625 33076.00298775338 1110
1610 1 26305.61457519531 4671.624628150016 101504.45190429688 1650.6572265625 33039.5141421854 1114
1620 1.2 38489.70497639974 21005.361753159505 101504.45190429688 1650.6572265625 32979.60400368904 1124
1630 0.8 41702.37435913086 9879.770725112665 101504.45190429688 1650.6572265625 33037.8092956543 1136
1640 1 37984.18020019531 14388.801479489592 101504.45190429688 1650.6572265625 33098.40065973455 1144
1650 1.3 30734.85907451923 12626.78120779863 101504.45190429688 1650.6572265625 33140.73843738153 1154
1660 1 32000.29899902344 12458.744084313603 101504.45190429688 1650.6572265625 33113.937724684685 1167
1670 0.8 29973.86083984375 6667.885628985877 101504.45190429688 1650.6572265625 33104.47605326871 1177
1680 1.4 32981.52908761161 19314.993071138608 101504.45190429688 1650.6572265625 33083.34109824136 1185
1690 0.9 30104.875189887152 10246.58494950203 101504.45190429688 1650.6572265625 33082.15230078614 1199
1700 1.4 32573.24975585938 9203.865841933923 101504.45190429688 1650.6572265625 33059.97060045659 1208
1710 1.5 32951.62150065104 10155.16005853822 101504.45190429688 1650.6572265625 33054.39442056759 1222
1720 0.9 37425.515923394094 19329.71716803573 101504.45190429688 1650.6572265625 33053.14818467531 1237
1730 0.9 35567.77525499132 13451.65859025288 101504.45190429688 1650.6572265625 33084.730295147594 1246
1740 1.1 27120.605069247158 10190.754038901967 101504.45190429688 1650.6572265625 33102.536992070774 1255
1750 0.8 30717.302612304688 10437.011086206303 101504.45190429688 1650.6572265625 33050.56128026109 1266
1760 0.4 28748.18145751953 5112.143537032019 101504.45190429688 1650.6572265625 33035.909734465444 1274
1770 1.1 33500.14759410511 8068.901845609713 101504.45190429688 1650.6572265625 33022.489614662794 1278
1780 0.8 30518.113708496094 11092.816076245983 101504.45190429688 1650.6572265625 33026.56582705524 1289
1790 1.4 34060.20298549107 8056.048486899675 101504.45190429688 1650.6572265625 33011.09349324763 1297
1800 1.3 33392.26797250601 17427.41589455141 101504.45190429688 1650.6572265625 33022.296798275405 1311
1810 1.8 33559.03343370226 8676.12146341436 101504.45190429688 1650.6572265625 33025.92944575652 1324
1820 1.3 29049.184739332934 9305.320193435708 101504.45190429688 1650.6572265625 33033.079871824346 1342
1830 1.9 31916.90894839638 21381.797603650208 114843.50903320313 1650.6572265625 32994.8579997045 1355
1840 1.6 36400.51078796387 14915.805428741023 114843.50903320313 1650.6572265625 32979.95186289602 1374
1850 2.5 39672.64889648438 19257.52854896718 114843.50903320313 1650.6572265625 33019.32520304069 1390
1860 1.5 31807.859977213542 8728.335540228289 114843.50903320313 1650.6572265625 33136.87509161743 1415
1870 1.8 34507.081665039055 10760.571354862164 114843.50903320313 1650.6572265625 33122.934373634176 1430
1880 1.5 34038.500781250004 10600.853091361345 114843.50903320313 1650.6572265625 33140.14062449418 1448
1890 2.4 37760.42961629232 14285.72713409766 114843.50903320313 1650.6572265625 33149.351425827976 1463
1900 2.4 30183.660064697266 9324.405826897044 114843.50903320313 1650.6572265625 33223.77366965524 1487
1910 2.2 36426.04138183594 13183.548854390705 114843.50903320313 1650.6572265625 33175.48596183327 1511
1920 1.8 37444.25668674045 13438.466188777431 114843.50903320313 1650.6572265625 33222.134506673494 1533
1930 1.8 29774.910047743055 7619.481605606595 114843.50903320313 1650.6572265625 33271.13399038801 1551
1940 1.4 30675.143223353796 12670.169897519498 114843.50903320313 1650.6572265625 33231.024346686536 1569
1950 1 44152.14099121094 14306.544125540448 114843.50903320313 1650.6572265625 33208.42021798997 1583
1960 1.6 27696.69856262207 7640.620495092572 114843.50903320313 1650.6572265625 33277.119030125694 1593
1970 1.2 35686.72381591797 17893.321598124963 114843.50903320313 1650.6572265625 33221.626968298435 1609
1980 2.1 43438.80718703497 12166.078720373816 114843.50903320313 1650.6572265625 33239.875680310426 1621
1990 2 37051.181909179686 18029.35955310693 114843.50903320313 1650.6572265625 33370.31268496403 1642
2000 1.7 34208.828311695775 11057.377314907711 114843.50903320313 1650.6572265625 33414.60714012908 1662
2010 2.3 35704.33681852921 14124.290701835338 114843.50903320313 1650.6572265625 33422.64868862023 1679
2020 2.3 32189.818147078804 7792.499036287481 114843.50903320313 1650.6572265625 33453.48231199738 1702
2030 1.4 35304.21871512277 15129.240278662743 114843.50903320313 1650.6572265625 33436.63345646513 1725
2040 1.6 30984.169860839844 14280.85808614294 114843.50903320313 1650.6572265625 33451.668645436504 1739
2050 1.9 30611.80142372533 9490.221159451523 114843.50903320313 1650.6572265625 33429.17293002138 1755
2060 2.4 32596.235290527344 9166.872312587217 114843.50903320313 1650.6572265625 33398.99815064165 1774
2070 1.7 27141.240306181066 9133.105850145696 114843.50903320313 1650.6572265625 33388.282739828115 1798
2080 1.9 32138.11654502467 10014.326419822013 114843.50903320313 1650.6572265625 33329.77049664795 1815
2090 1.9 32281.763800370067 12231.667446596577 114843.50903320313 1650.6572265625 33317.42511765076 1834
2100 1.9 45721.43392783717 22155.001456428028 114843.50903320313 1650.6572265625 33306.80581650217 1853
2110 1.7 35599.68860581342 9726.786295056569 114843.50903320313 1650.6572265625 33432.80898643559 1872
2120 2.2 32043.99479536577 7669.164853143264 114843.50903320313 1650.6572265625 33452.30975590591 1889
2130 1.6 36110.770126342766 8498.933429679564 114843.50903320313 1650.6572265625 33436.09681549153 1911
2140 2.5 34631.815185546875 12305.02392361159 114843.50903320313 1650.6572265625 33458.30479316336 1927
2150 1.8 32719.842434353297 12056.39954166228 114843.50903320313 1650.6572265625 33473.334383229754 1952
2160 2.2 31990.358453924015 12203.418713900484 114843.50903320313 1650.6572265625 33466.44968521972 1970
2170 2.2 31813.59060946378 9631.799265322243 114843.50903320313 1650.6572265625 33450.14747282589 1992
2180 1.7 31928.707131778494 9691.437356040344 114843.50903320313 1650.6572265625 33432.270486235044 2014
2190 2.3 33427.997951341706 12243.592323574121 114843.50903320313 1650.6572265625 33419.685268595575 2031
2200 2.6 35609.92004394532 20832.913028960582 123357.32690429688 1650.6572265625 33419.77835121639 2054
2210 1.8 37043.67076280382 16553.881661950818 123357.32690429688 1650.6572265625 33447.1551223755 2080
2220 2.3 41993.30476180369 19394.08856838612 123357.32690429688 1650.6572265625 33478.01178659272 2098
2230 1.9 35635.30171926398 9792.097618408916 123357.32690429688 1650.6572265625 33570.35112578642 2121
2240 2.1 33896.38712565104 9546.105541124556 123357.32690429688 1650.6572265625 33588.684799279916 2140
2250 2.4 33016.01530965168 9621.71610649096 123357.32690429688 1650.6572265625 33591.67496533905 2161
2260 1.9 29578.935726768093 8171.337509825143 123357.32690429688 1650.6572265625 33585.351930219374 2185
2270 2.1 35039.76271856399 10176.547439276696 123357.32690429688 1650.6572265625 33550.81385949996 2204
2280 2.6 35890.76857346755 10561.683845333646 123357.32690429688 1650.6572265625 33564.86685996754 2225
2290 1.8 39513.05558268229 18727.43768678406 123357.32690429688 1650.6572265625 33591.73200636958 2251
2300 2.4 36890.854248046875 10124.108179954532 123357.32690429688 1650.6572265625 33638.7059263227 2269
2310 2.1 35070.83754185268 13210.916642910473 123357.32690429688 1650.6572265625 33672.744984203804 2293
2320 1.7 42871.7398035386 25030.79549979382 123357.32690429688 1650.6572265625 33685.43294604937 2314
2330 1.9 35906.511654502465 11178.011683104467 123357.32690429688 1650.6572265625 33752.42874895684 2331
2340 2.6 35585.07895132212 11886.052746060608 123357.32690429688 1650.6572265625 33769.84473840593 2350
2350 1.9 32504.280967310857 13844.756498851553 123357.32690429688 1650.6572265625 33789.708412452994 2376
2360 1.4 33758.67429896763 10074.16910656767 123357.32690429688 1650.6572265625 33779.51086695917 2395
2370 1.9 43391.13841488487 14636.869953501206 123357.32690429688 1650.6572265625 33779.38977440962 2409
2380 1.3 34704.79721304087 10554.996555916287 123357.32690429688 1650.6572265625 33854.60527036062 2428
2390 1 47912.65834960937 13973.69995769819 123357.32690429688 1650.6572265625 33859.13312585215 2441
2400 0.6 55413.09745279948 19468.212613401352 123357.32690429688 1650.6572265625 33916.47105006169 2451
2410 0 0 0 123357.32690429688 1650.6572265625 33968.965864232 2457
2410 0 0 0 123357.32690429688 1650.6572265625 33968.965864232 2457
