2680 0.1 1
2690 0 1
2700 0.1 2
2710 0 2
2720 0 2
2730 0.2 4
2740 0.3 7
2750 0.2 9
2760 0.1 10
2770 0 10
2780 0.8 18
2790 0.2 20
2800 0.3 23
2810 0.4 27
2820 0.2 29
2830 0.1 30
2840 0.3 33
2850 0.1 34
2860 0.2 36
2870 0.2 38
2880 0 38
2890 0 38
2900 0.2 40
2910 0 40
2920 0.1 41
2930 0.2 43
2940 0.2 45
2950 0 45
2960 0.2 47
2970 0.3 50
2980 0.4 54
2990 0.2 56
3000 0.2 58
3010 0.2 60
3020 0.3 63
3030 0.2 65
3040 0.2 67
3050 0 67
3060 0.3 70
3070 0.1 71
3080 0.2 73
3090 0.1 74
3100 0 74
3110 0.4 78
3120 0.1 79
3130 0 79
3140 0.3 82
3150 0.4 86
3160 0.3 89
3170 0.2 91
3180 0.3 94
3190 0.1 95
3200 0.2 97
3210 0.2 99
3220 0.4 103
3230 0.4 107
3240 0.1 108
3250 0.2 110
3260 0.2 112
3270 0 112
3280 0 112
3290 0.1 113
3300 0.1 114
3310 0.1 115
3320 0.2 117
3330 0.3 120
3340 0.6 126
3350 0.2 128
3360 0.1 129
3370 0.3 132
3380 0.3 135
3390 0.3 138
3400 0.1 139
3410 0.5 144
3420 0.4 148
3430 0 148
3440 0 148
3450 0.1 149
3460 0.4 153
3470 0.3 156
3480 0.1 157
3490 0.2 159
3500 0.1 160
3510 0.2 162
3520 0.1 163
3530 0.5 168
3540 0.4 172
3550 0.6 178
3560 0.2 180
3570 0 180
3580 0 180
3590 0 180
3600 0.2 182
3610 0 182
3620 0.4 186
3630 0.1 187
3640 0.6 193
3650 0.2 195
3660 0.2 197
3670 0.3 200
3680 0.2 202
3690 0.2 204
3700 0.3 207
3710 0.4 211
3720 0.4 215
3730 0.1 216
3740 0.2 218
3750 0.1 219
3760 0.2 221
3770 0.6 227
3780 0 227
3790 0.4 231
3800 0.1 232
3810 0.3 235
3820 0.4 239
3830 0.1 240
3840 0.2 242
3850 0.3 245
3860 0.1 246
3870 0.1 247
3880 0.1 248
3890 0.2 250
3900 0.2 252
3910 0.1 253
3920 0.1 254
3930 0.5 259
3940 0.2 261
3950 0.2 263
3960 0.2 265
3970 0.1 266
3980 0.1 267
3990 0.4 271
4000 0.1 272
4010 0.2 274
4020 0.1 275
4030 0.1 276
4040 0 276
4050 0 276
4060 0.1 277
4070 0.1 278
4080 0.3 281
4090 0.4 285
4100 0.2 287
4110 0.1 288
4120 0.2 290
4130 0.2 292
4140 0.1 293
4150 0.2 295
4160 0.2 297
4170 0.2 299
4180 0.1 300
4190 0 300
4200 0 300
4210 0.1 301
4220 0.2 303
4230 0.2 305
4240 0.3 308
4250 0.1 309
4260 0.1 310
4270 0.5 315
4280 0.1 316
4290 0.2 318
4300 0.1 319
4310 0.1 320
4320 0.3 323
4330 0.3 326
4340 0 326
4350 0.3 329
4360 0.8 337
4370 0.3 340
4380 0.1 341
4390 0.2 343
4400 0.2 345
4410 0.7 352
4420 0.1 353
4430 0 353
4440 0.1 354
4450 0.1 355
4460 0.6 361
4470 0.2 363
4480 0 363
4490 0.5 368
4500 0.1 369
4510 0.1 370
4520 0.2 372
4530 0.1 373
4540 0.3 376
4550 0.2 378
4560 0.1 379
4570 0.3 382
4580 0.4 386
4590 0.2 388
4600 0.2 390
4610 0.8 398
4620 0.2 400
4630 0.2 402
4640 0.2 404
4650 0.2 406
4660 0.1 407
4670 0.4 411
4680 0.3 414
4690 0.1 415
4700 0.4 419
4710 0 419
4720 0.2 421
4730 0.1 422
4740 0.2 424
4750 0.8 432
4760 0.6 438
4770 0 438
4780 0.4 442
4790 0.1 443
4800 0.6 449
4810 0.4 453
4820 0.1 454
4830 0.2 456
4840 0 456
4850 0 456
4860 0.3 459
4870 0.2 461
4880 0.1 462
4890 0 462
4900 0.1 463
4910 0.3 466
4920 0.5 471
4930 0.4 475
4940 0.1 476
4950 0.6 482
4960 0.7 489
4970 0.6 495
4980 0.2 497
4990 0.2 499
5000 0.5 504
5010 0 504
5020 0.3 507
5030 0.1 508
5040 0.1 509
5050 0 509
5060 0.2 511
5070 0.4 515
5080 0.2 517
5090 0.2 519
5100 0 519
5110 0.5 524
5120 0.1 525
5130 0.2 527
5140 0.3 530
5150 0.2 532
5160 0.1 533
5170 0.3 536
5180 0.5 541
5190 0.1 542
5200 0.5 547
5210 0.1 548
5220 0.2 550
5230 0.5 555
5240 0 555
5250 0.2 557
5260 0.4 561
5270 0.2 563
5280 0.3 566
5290 0 566
5300 0.1 567
5310 0.5 572
5320 0.3 575
5330 0.3 578
5340 0.3 581
5350 0.2 583
5360 0.2 585
5370 0.2 587
5380 0.2 589
5390 0.3 592
5400 0.4 596
5410 0.3 599
5420 0.1 600
5430 0.3 603
5440 0.3 606
5450 0.5 611
5460 0.3 614
5470 0 614
5480 0.3 617
5490 0.3 620
5500 0.1 621
5510 0.2 623
5520 0.2 625
5530 0.3 628
5540 0 628
5550 0.2 630
5560 0.1 631
5570 0 631
5580 0.5 636
5590 0.7 643
5600 0.1 644
5610 0.4 648
5620 0.5 653
5630 0.9 662
5640 0.1 663
5650 0.3 666
5660 0 666
5670 0.1 667
5680 0.5 672
5690 0.3 675
5700 0.4 679
5710 0.6 685
5720 0 685
5730 0.3 688
5740 0.1 689
5750 0.5 694
5760 0.5 699
5770 0.1 700
5780 0.2 702
5790 0.6 708
5800 0.4 712
5810 0.1 713
5820 0.4 717
5830 0.5 722
5840 0.2 724
5850 0.6 730
5860 0.2 732
5870 0.5 737
5880 0.3 740
5890 0.2 742
5900 0.2 744
5910 0.4 748
5920 0.2 750
5930 0.2 752
5940 0.2 754
5950 0.3 757
5960 0.2 759
5970 0.2 761
5980 0 761
5990 0 761
6000 0.3 764
6010 0.3 767
6020 0.2 769
6030 0 769
6040 0.2 771
6050 0.5 776
6060 0.5 781
6070 0.6 787
6080 0.3 790
6090 0.7 797
6100 0.2 799
6110 0.2 801
6120 0.4 805
6130 0.2 807
6140 0.2 809
6150 0.1 810
6160 0.1 811
6170 0.2 813
6180 0.2 815
6190 0.1 816
6200 0.1 817
6210 0.5 822
6220 0.2 824
6230 0.1 825
6240 0.4 829
6250 0.2 831
6260 0.1 832
6270 0.3 835
6280 0.4 839
6290 0.2 841
6300 0.3 844
6310 0.3 847
6320 1 857
6330 0.1 858
6340 0.6 864
6350 0.3 867
6360 0.1 868
6370 0.8 876
6380 0.1 877
6390 0.1 878
6400 0.4 882
6410 0.2 884
6420 0.6 890
6430 0.2 892
6440 0.1 893
6450 0 893
6460 0 893
6470 0.2 895
6480 0.2 897
6490 0.1 898
6500 0.3 901
6510 0.3 904
6520 0 904
6530 0.5 909
6540 0.5 914
6550 0.5 919
6560 0.4 923
6570 0 923
6580 0.1 924
6590 0.1 925
6600 0.3 928
6610 0.4 932
6620 0.2 934
6630 0 934
6640 0 934
6650 0.3 937
6660 0.3 940
6670 0 940
6680 0.1 941
6690 0 941
6700 0.1 942
6710 0.2 944
6720 0.2 946
6730 0.2 948
6740 0.3 951
6750 0.4 955
6760 0.2 957
6770 0 957
6780 0.4 961
6790 0.4 965
6800 0.4 969
6810 0.2 971
6820 0 971
6830 0.4 975
6840 0.2 977
6850 0.5 982
6860 0.3 985
6870 0.5 990
6880 0.4 994
6890 0.4 998
6900 0.2 1000
6910 0.4 1004
6920 0.2 1006
6930 0.3 1009
6940 0.1 1010
6950 0.5 1015
6960 0.1 1016
6970 0 1016
6980 0.1 1017
6990 0.1 1018
7000 0.1 1019
7010 0.3 1022
7020 0.2 1024
7030 0.2 1026
7040 0.3 1029
7050 0.3 1032
7060 0.4 1036
7070 0.1 1037
7080 0.5 1042
7090 0 1042
7100 0.2 1044
7110 0.8 1052
7120 0.2 1054
7130 0.2 1056
7140 0.3 1059
7150 0.1 1060
7160 0.3 1063
7170 0.3 1066
7180 0.7 1073
7190 0.6 1079
7200 0.2 1081
7210 0.3 1084
7220 0.6 1090
7230 0.3 1093
7240 0.3 1096
7250 0.2 1098
7260 0.1 1099
7270 0.4 1103
7280 0.3 1106
7290 0.1 1107
7300 0.1 1108
7310 0.3 1111
7320 0.5 1116
7330 0.2 1118
7340 0 1118
7350 0.4 1122
7360 0.2 1124
7370 0 1124
7380 0.2 1126
7390 0.3 1129
7400 0.1 1130
7410 0.3 1133
7420 0.1 1134
7430 0.2 1136
7440 0.2 1138
7450 0.3 1141
7460 0.3 1144
7470 0.7 1151
7480 0.2 1153
7490 0 1153
7500 0.4 1157
7510 0.2 1159
7520 0.4 1163
7530 0.2 1165
7540 0 1165
7550 0.2 1167
7560 0 1167
7570 0.1 1168
7580 0.7 1175
7590 0.2 1177
7600 0 1177
7610 0.3 1180
7620 0 1180
7630 0.2 1182
7640 0.3 1185
7650 0.1 1186
7660 0.3 1189
7670 0.2 1191
7680 0.1 1192
7690 0 1192
7700 0.5 1197
7710 0.3 1200
7720 0.2 1202
7730 0.3 1205
7740 0.1 1206
7750 0.2 1208
7760 0.1 1209
7770 0.2 1211
7780 0.3 1214
7790 0.3 1217
7800 0.4 1221
7810 0.5 1226
7820 0.3 1229
7830 0.2 1231
7840 0.4 1235
7850 0.3 1238
7860 0.5 1243
7870 0.7 1250
7880 0.4 1254
7890 0.3 1257
7900 0.3 1260
7910 0.1 1261
7920 0.4 1265
7930 0.1 1266
7940 0.4 1270
7950 0.2 1272
7960 0.2 1274
7970 0.5 1279
7980 0.4 1283
7990 0.3 1286
8000 0 1286
8010 0 1286
8020 0.1 1287
8030 0.1 1288
8040 0.5 1293
8050 0.4 1297
8060 0.1 1298
8070 0.4 1302
8080 0.6 1308
8090 0.3 1311
8100 0.2 1313
8110 0.2 1315
8120 0.7 1322
8130 0.1 1323
8140 0.4 1327
8150 0.3 1330
8160 0.7 1337
8170 0.5 1342
8180 0.2 1344
8190 0.3 1347
8200 0.3 1350
8210 0.3 1353
8220 0.1 1354
8230 0.3 1357
8240 0.4 1361
8250 0.2 1363
8260 0.5 1368
8270 0.3 1371
8280 0 1371
8290 0 1371
8300 0.3 1374
8310 0.3 1377
8320 0.1 1378
8330 0.2 1380
8340 0.2 1382
8350 0.2 1384
8360 0.2 1386
8370 0 1386
8380 0.1 1387
8390 0.2 1389
8400 0 1389
8410 0.1 1390
8420 0.2 1392
8430 0.2 1394
8440 0.4 1398
8450 0.1 1399
8460 0 1399
8470 0.4 1403
8480 0.4 1407
8490 0.2 1409
8500 0.2 1411
8510 0.3 1414
8520 0.5 1419
8530 0.2 1421
8540 0 1421
8550 0.1 1422
8560 0.2 1424
8570 0.2 1426
8580 0 1426
8590 0.3 1429
8600 0.2 1431
8610 0.1 1432
8620 0.2 1434
8630 0.3 1437
8640 1 1447
8650 0.1 1448
8660 0.5 1453
8670 0.4 1457
8680 0.1 1458
8690 0.7 1465
8700 0.2 1467
8710 0 1467
8720 0.4 1471
8730 0.2 1473
8740 0.3 1476
8750 0.2 1478
8760 0.1 1479
8770 0.5 1484
8780 0.4 1488
8790 0.3 1491
8800 0.1 1492
8810 0.8 1500
8820 0.2 1502
8830 0.4 1506
8840 0.2 1508
8850 0.3 1511
8860 0.2 1513
8870 0 1513
8880 0 1513
8890 0.4 1517
8900 0.2 1519
8910 0.3 1522
8920 0.1 1523
8930 0.3 1526
8940 0.1 1527
8950 0.2 1529
8960 0.4 1533
8970 0.4 1537
8980 0 1537
8990 0.3 1540
9000 0.3 1543
9010 0.7 1550
9020 0.6 1556
9030 0.2 1558
9040 0.3 1561
9050 0.2 1563
9060 0.2 1565
9070 0.3 1568
9080 0.2 1570
9090 0.1 1571
9100 0.3 1574
9110 0.3 1577
9120 0.1 1578
9130 0.3 1581
9140 0.2 1583
9150 0.1 1584
9160 0.4 1588
9170 0.2 1590
9180 0.2 1592
9190 0.1 1593
9200 0.2 1595
9210 0.2 1597
9220 0.3 1600
9230 0.4 1604
9240 0.2 1606
9250 0.2 1608
9260 0.4 1612
9270 0.1 1613
9280 0.2 1615
9290 0.1 1616
9300 0.3 1619
9310 0.4 1623
9320 0.3 1626
9330 0.3 1629
9340 0.7 1636
9350 0.1 1637
9360 0.7 1644
9370 0.3 1647
9380 0.3 1650
9390 0.3 1653
9400 0.2 1655
9410 0.2 1657
9420 0 1657
9430 0.2 1659
9440 0.3 1662
9450 0 1662
9460 0.2 1664
9470 0.3 1667
9480 0.1 1668
9490 0.3 1671
9500 0.1 1672
9510 0.3 1675
9520 0.1 1676
9530 0.3 1679
9540 0.3 1682
9550 0.3 1685
9560 0 1685
9570 0.1 1686
9580 0.6 1692
9590 0.3 1695
9600 0.2 1697
9610 0.2 1699
9620 0.2 1701
9630 0.3 1704
9640 0.4 1708
9650 0.2 1710
9660 0.4 1714
9670 0.6 1720
9680 0.1 1721
9690 0.1 1722
9700 0.1 1723
9710 0.2 1725
9720 0.2 1727
9730 0.1 1728
9740 0.6 1734
9750 0.1 1735
9760 0.3 1738
9770 0 1738
9780 0.2 1740
9790 0.4 1744
9800 0.5 1749
9810 0.1 1750
9820 0.6 1756
9830 0.4 1760
9840 0.4 1764
9850 0.4 1768
9860 0.1 1769
9870 0.5 1774
9880 0.1 1775
9890 0.3 1778
9900 0.3 1781
9910 0.3 1784
9920 0.2 1786
9930 0.5 1791
9940 0 1791
9950 0.1 1792
9960 0.2 1794
9970 0.3 1797
9980 0.3 1800
9990 0.1 1801
10000 0.2 1803
10010 0.9 1812
10020 0.5 1817
10030 0.1 1818
10040 0.3 1821
10050 0 1821
10060 0.1 1822
10070 0.1 1823
10080 0 1823
10090 0.1 1824
10100 0.5 1829
10110 0.2 1831
10120 0.6 1837
10130 0.1 1838
10140 0.3 1841
10150 0.2 1843
10160 0.6 1849
10170 0.1 1850
10180 0.3 1853
10190 0.1 1854
10200 0.3 1857
10210 0 1857
10220 0.3 1860
10230 0.3 1863
10240 0.5 1868
10250 0.2 1870
10260 0.1 1871
10270 0.2 1873
10280 0.3 1876
10290 0.3 1879
10300 0.1 1880
10310 0.3 1883
10320 0.3 1886
10330 0.2 1888
10340 0.5 1893
10350 0.2 1895
10360 0 1895
10370 0.3 1898
10380 0.1 1899
10390 0.4 1903
10400 0.3 1906
10410 0.3 1909
10420 0.1 1910
10430 0.2 1912
10440 0.4 1916
10450 0.6 1922
10460 0.2 1924
10470 0.3 1927
10480 0.2 1929
10490 0.1 1930
10500 0 1930
10510 0.1 1931
10520 0.4 1935
10530 0.2 1937
10540 0.2 1939
10550 0.6 1945
10560 0.1 1946
10570 0.3 1949
10580 0.3 1952
10590 0 1952
10600 0.1 1953
10610 0.3 1956
10620 0.2 1958
10630 0.5 1963
10640 0.5 1968
10650 0.5 1973
10660 0.2 1975
10670 0.3 1978
10680 0 1978
10690 0.5 1983
10700 0.5 1988
10710 0.6 1994
10720 0.6 2000
10730 0.2 2002
10740 0.1 2003
10750 0.3 2006
10760 0 2006
10770 0 2006
10780 0.2 2008
10790 0.5 2013
10800 0.2 2015
10810 0.2 2017
10820 0.1 2018
10830 0.1 2019
10840 0.1 2020
10850 0.1 2021
10860 0.3 2024
10870 0.1 2025
10880 0.2 2027
10890 0 2027
10900 0.5 2032
10910 0.3 2035
10920 0.4 2039
10930 0.2 2041
10940 0.8 2049
10950 0.1 2050
10960 0 2050
10970 0.2 2052
10980 0.5 2057
10990 0.7 2064
11000 0.4 2068
11010 0.6 2074
11020 0.1 2075
11030 0.2 2077
11040 0 2077
11050 0.4 2081
11060 0.3 2084
11070 0.3 2087
11080 0.2 2089
11090 0.1 2090
11100 0.1 2091
11110 0.2 2093
11120 0 2093
11130 0.4 2097
11140 0.2 2099
11150 0.1 2100
11160 0.4 2104
11170 0.3 2107
11180 0.1 2108
11190 0 2108
11200 0.2 2110
11210 0.1 2111
11220 0.3 2114
11230 0.1 2115
11240 0.4 2119
11250 0.4 2123
11260 0 2123
11270 0.4 2127
11280 0.3 2130
11290 0.1 2131
11300 0.2 2133
11310 0.2 2135
11320 0.5 2140
11330 0 2140
11340 0.4 2144
11350 0 2144
11360 0.1 2145
11370 0.1 2146
11380 0.2 2148
11390 0.3 2151
11400 0.1 2152
11410 0 2152
11420 0.5 2157
11430 0.3 2160
11440 0.3 2163
11450 0 2163
11460 0.2 2165
11470 0.6 2171
11480 0.2 2173
11490 0.8 2181
11500 0.3 2184
11510 0.2 2186
11520 0 2186
11530 0 2186
11540 0.2 2188
11550 0.1 2189
11560 0.3 2192
11570 0.2 2194
11580 0 2194
11590 0.1 2195
11600 0.2 2197
11610 0.2 2199
11620 0 2199
11630 0.7 2206
11640 0.2 2208
11650 0.2 2210
11660 0 2210
11670 0.2 2212
11680 0.2 2214
11690 0.1 2215
11700 0.3 2218
11710 0.3 2221
11720 0.1 2222
11730 0.6 2228
11740 0.2 2230
11750 0.4 2234
11760 0.4 2238
11770 0.3 2241
11780 0.9 2250
11790 0.1 2251
11800 0 2251
11810 0.6 2257
11820 0 2257
11830 0.3 2260
11840 0.6 2266
11850 0 2266
11860 0.3 2269
11870 0.4 2273
11880 0.1 2274
11890 0.1 2275
11900 0.2 2277
11910 0 2277
11920 0.6 2283
11930 0.6 2289
11940 0.4 2293
11950 0.4 2297
11960 0.3 2300
11970 0.2 2302
11980 0.2 2304
11990 0.2 2306
12000 0.3 2309
12010 0.3 2312
12020 0.5 2317
12030 0.2 2319
12040 0 2319
12050 0 2319
12060 0 2319
12070 0.2 2321
12080 0.2 2323
12090 0.5 2328
12100 0 2328
12110 0.5 2333
12120 0.5 2338
12130 0.1 2339
12140 0.7 2346
12150 0.1 2347
12160 0.2 2349
12170 0.2 2351
12180 0.2 2353
12190 0.7 2360
12200 0.3 2363
12210 0.3 2366
12220 0.2 2368
12230 0.2 2370
12240 0.1 2371
12250 0.5 2376
12260 0.4 2380
12270 0.1 2381
12280 0 2381
12290 0 2381
12300 0.3 2384
12310 0.2 2386
12320 0.1 2387
12330 0 2387
12340 0.1 2388
12350 0.5 2393
12360 0.1 2394
12370 0.4 2398
12380 0 2398
12390 0.3 2401
12400 0.2 2403
12410 0.1 2404
12420 0.3 2407
12430 0.3 2410
12440 0.4 2414
12450 0.1 2415
12460 0.4 2419
12470 0.4 2423
12480 0.2 2425
12490 0 2425
12500 0.1 2426
12510 0.2 2428
12520 0 2428
12530 0.3 2431
12540 0.1 2432
12550 0.1 2433
12560 0 2433
12570 0.5 2438
12580 0.2 2440
12590 0.7 2447
12600 0.5 2452
12610 0.2 2454
12620 0.2 2456
12630 0.3 2459
12640 0.3 2462
12650 0.3 2465
12660 0.1 2466
12670 0.4 2470
12680 0.3 2473
12690 0.1 2474
12700 0.1 2475
12710 0 2475
12720 0.2 2477
12730 0.1 2478
12740 0 2478
12750 0.2 2480
12760 0.2 2482
12770 0.1 2483
12780 0.4 2487
12790 0.1 2488
12800 0.4 2492
12810 0.2 2494
12820 0.2 2496
12830 0.1 2497
12840 0.4 2501
12850 0 2501
12860 0.8 2509
12870 0.4 2513
12880 0.3 2516
12890 0.1 2517
12900 0.3 2520
12910 0.1 2521
12920 0.1 2522
12930 0.2 2524
12940 0.2 2526
12950 0.2 2528
12960 0.3 2531
12970 0.1 2532
12980 0.2 2534
12990 0.4 2538
13000 0.7 2545
13010 0 2545
13020 0.1 2546
13030 0.2 2548
13040 0.4 2552
13050 0 2552
13060 0.1 2553
13070 0.4 2557
13080 0.2 2559
13090 0.4 2563
13100 0.4 2567
13110 0.5 2572
13120 0.2 2574
13130 0.3 2577
13140 0.2 2579
13150 0.1 2580
13160 0.3 2583
13170 0.1 2584
13180 0 2584
13190 0.1 2585
13200 0.4 2589
13210 0.2 2591
13220 0.1 2592
13230 0.2 2594
13240 0.5 2599
13250 0 2599
13260 0.2 2601
13270 0.2 2603
13280 0.3 2606
13290 0.3 2609
13300 0.4 2613
13310 0.2 2615
13320 0.1 2616
13330 0.7 2623
13340 0.4 2627
13350 0.3 2630
13360 0 2630
13370 0.3 2633
13380 0.2 2635
13390 0.3 2638
13400 0.3 2641
13410 0.3 2644
13420 0.1 2645
13430 0.1 2646
13440 0.4 2650
13450 0.4 2654
13460 0.1 2655
13470 0.2 2657
13480 0.3 2660
13490 0.1 2661
13500 0.4 2665
13510 0.6 2671
13520 0 2671
13530 0.2 2673
13540 0.2 2675
13550 0.2 2677
13560 0.5 2682
13570 0.1 2683
13580 0.4 2687
13590 0.1 2688
13600 0.1 2689
13610 0.4 2693
13620 0.3 2696
13630 0.2 2698
13640 0.3 2701
13650 0.1 2702
13660 0.6 2708
13670 0.2 2710
13680 0.3 2713
13690 0.3 2716
13700 0.2 2718
13710 0.4 2722
13720 0.4 2726
13730 0.1 2727
13740 0.1 2728
13750 0.6 2734
13760 0.4 2738
13770 0.1 2739
13780 0.3 2742
13790 0.1 2743
13800 0.2 2745
13810 0.7 2752
13820 0.4 2756
13830 0.4 2760
13840 0 2760
13850 0.6 2766
13860 0.1 2767
13870 0.2 2769
13880 0.5 2774
13890 0.4 2778
13900 0.3 2781
13910 0.5 2786
13920 0.2 2788
13930 0 2788
13940 0.2 2790
13950 0.3 2793
13960 0.1 2794
13970 0.6 2800
13980 0.1 2801
13990 0.1 2802
14000 0.5 2807
14010 0 2807
14020 0.7 2814
14030 0.2 2816
14040 0.2 2818
14050 0 2818
14060 0 2818
14070 0 2818
14080 0.3 2821
14090 0.3 2824
14100 0.3 2827
14110 0.6 2833
14120 0.2 2835
14130 0.3 2838
14140 0.2 2840
14150 0.1 2841
14160 0.2 2843
14170 0.7 2850
14180 0.1 2851
14190 0 2851
14200 0.3 2854
14210 0.3 2857
14220 0.6 2863
14230 0 2863
14240 0.4 2867
14250 0 2867
14260 0.1 2868
14270 0.4 2872
14280 0.2 2874
14290 0.3 2877
14300 0.1 2878
14310 0.2 2880
14320 0.1 2881
14330 0 2881
14340 0.5 2886
14350 0.5 2891
14360 0.3 2894
14370 0.6 2900
14380 0.3 2903
14390 0 2903
14400 0.3 2906
14410 0 2906
14420 0.5 2911
14430 0.3 2914
14440 0.4 2918
14450 0.5 2923
14460 0.2 2925
14470 0.3 2928
14480 0.2 2930
14490 0.2 2932
14500 0.6 2938
14510 0.2 2940
14520 0.2 2942
14530 0.3 2945
14540 0.4 2949
14550 0.2 2951
14560 0.2 2953
14570 0.1 2954
14580 0.4 2958
14590 0.2 2960
14600 0.3 2963
14610 0 2963
14620 0.3 2966
14630 0.1 2967
14640 0.2 2969
14650 0.1 2970
14660 0.5 2975
14670 0.3 2978
14680 0.4 2982
14690 0.1 2983
14700 0 2983
14710 0.2 2985
14720 0.2 2987
14730 0.9 2996
14740 0.2 2998
14750 0.2 3000
14760 0.1 3001
14770 0.3 3004
14780 0.1 3005
14790 0.3 3008
14800 0.2 3010
14810 0 3010
14820 0.5 3015
14830 0.2 3017
14840 0.2 3019
14850 0.3 3022
14860 0.1 3023
14870 0.1 3024
14880 0 3024
14890 0.6 3030
14900 0.5 3035
14910 0.4 3039
14920 0 3039
14930 0 3039
14940 0.4 3043
14950 0.1 3044
14960 0.4 3048
14970 0.2 3050
14980 0.7 3057
14990 0 3057
15000 0.7 3064
15010 0.3 3067
15020 0.2 3069
15030 0.2 3071
15040 0.3 3074
15050 0.6 3080
15060 0.5 3085
15070 0.1 3086
15080 0 3086
15090 0.2 3088
15100 0.6 3094
15110 0.4 3098
15120 0.6 3104
15130 0.5 3109
15140 0.2 3111
15150 0 3111
15160 0.3 3114
15170 0.3 3117
15180 0.3 3120
15190 0.6 3126
15200 0.1 3127
15210 0 3127
15220 0.3 3130
15230 0 3130
15240 0.3 3133
15250 0.2 3135
15260 0.4 3139
15270 0 3139
15280 0.2 3141
15290 0 3141
15300 0.1 3142
15310 0.3 3145
15320 0.2 3147
15330 0.1 3148
15340 0.7 3155
15350 0.2 3157
15360 0.2 3159
15370 0.2 3161
15380 0.3 3164
15390 0.3 3167
15400 0.5 3172
15410 0 3172
15420 0 3172
15430 0.2 3174
15440 0.1 3175
15450 0.1 3176
15460 0.3 3179
15470 0.2 3181
15480 0.1 3182
15490 0.4 3186
15500 0.1 3187
15510 0.4 3191
15520 0.1 3192
15530 0.4 3196
15540 0.3 3199
15550 0 3199
15560 0.4 3203
15570 0.2 3205
15580 0 3205
15590 0.1 3206
15600 0.6 3212
15610 0.2 3214
15620 0.3 3217
15630 0.1 3218
15640 0.3 3221
15650 0.1 3222
15660 0.3 3225
15670 0.2 3227
15680 0.4 3231
15690 0.6 3237
15700 0.2 3239
15710 0.1 3240
15720 0.3 3243
15730 0.7 3250
15740 0.1 3251
15750 0.2 3253
15760 0 3253
15770 0.5 3258
15780 0.3 3261
15790 0.6 3267
15800 0.1 3268
15810 0.4 3272
15820 0 3272
15830 0.1 3273
15840 0.4 3277
15850 0.2 3279
15860 0 3279
15870 0.6 3285
15880 0.1 3286
15890 0.2 3288
15900 0.2 3290
15910 0.3 3293
15920 0.3 3296
15930 0.5 3301
15940 0.1 3302
15950 0.2 3304
15960 0 3304
15970 0.3 3307
15980 0.4 3311
15990 0.1 3312
16000 0.1 3313
16010 0.5 3318
16020 0.3 3321
16030 0.5 3326
16040 0.2 3328
16050 0 3328
16060 0.2 3330
16070 0.2 3332
16080 0.6 3338
16090 0.2 3340
16100 0.4 3344
16110 0.1 3345
16120 0.2 3347
16130 0.2 3349
16140 0.1 3350
16150 0.2 3352
16160 0 3352
16170 0.3 3355
16180 0.2 3357
16190 0 3357
16200 0.2 3359
16210 0.1 3360
16220 0.1 3361
16230 0 3361
16240 0.4 3365
16250 0.1 3366
16260 0.3 3369
16270 0.2 3371
16280 0.4 3375
16290 0.1 3376
16300 0.1 3377
16310 0.6 3383
16320 0.4 3387
16330 0 3387
16340 0 3387
16350 0.1 3388
16360 0 3388
16370 0 3388
16380 0 3388
16388 0.1 3389
