4060 0.1 1
4070 0 1
4080 0 1
4090 0 1
4100 0 1
4110 0 1
4120 0 1
4130 0 1
4140 0 1
4150 0 1
4160 0 1
4170 0 1
4180 0 1
4190 0 1
4200 0 1
4210 0 1
4220 0 1
4230 0 1
4240 0 1
4250 0 1
4260 0 1
4270 0 1
4280 0 1
4290 0 1
4300 0 1
4310 0 1
4320 0 1
4330 0 1
4340 0 1
4350 0 1
4360 0 1
4370 0 1
4380 0 1
4390 0 1
4400 0 1
4410 0.1 2
4420 0 2
4430 0 2
4440 0 2
4450 0 2
4460 0 2
4470 0 2
4480 0 2
4490 0 2
4500 0 2
4510 0 2
4520 0 2
4530 0 2
4540 0 2
4550 0 2
4560 0 2
4570 0 2
4580 0 2
4590 0 2
4600 0 2
4610 0 2
4620 0 2
4630 0 2
4640 0 2
4650 0 2
4660 0 2
4670 0 2
4680 0 2
4690 0 2
4700 0 2
4710 0 2
4720 0 2
4730 0.1 3
4740 0 3
4750 0 3
4760 0 3
4770 0 3
4780 0 3
4790 0 3
4800 0 3
4810 0 3
4820 0 3
4830 0 3
4840 0 3
4850 0 3
4860 0 3
4870 0 3
4880 0 3
4890 0 3
4900 0 3
4910 0 3
4920 0 3
4930 0 3
4940 0 3
4950 0 3
4960 0 3
4970 0 3
4980 0 3
4990 0 3
5000 0 3
5010 0 3
5020 0 3
5030 0 3
5040 0 3
5050 0 3
5060 0 3
5070 0 3
5080 0 3
5090 0 3
5100 0 3
5110 0 3
5120 0 3
5130 0 3
5140 0 3
5150 0 3
5160 0 3
5170 0 3
5180 0 3
5190 0 3
5200 0 3
5210 0 3
5220 0 3
5230 0 3
5240 0 3
5250 0 3
5260 0 3
5270 0 3
5280 0 3
5290 0 3
5300 0 3
5310 0 3
5320 0 3
5330 0 3
5340 0 3
5350 0 3
5360 0 3
5370 0 3
5380 0 3
5390 0 3
5400 0 3
5410 0 3
5420 0 3
5430 0 3
5440 0 3
5450 0 3
5460 0 3
5470 0 3
5480 0 3
5490 0 3
5500 0 3
5510 0 3
5520 0 3
5530 0 3
5540 0 3
5550 0 3
5560 0 3
5570 0 3
5580 0 3
5590 0 3
5600 0 3
5610 0 3
5620 0 3
5630 0 3
5640 0 3
5650 0 3
5660 0 3
5670 0 3
5680 0 3
5690 0 3
5700 0 3
5710 0 3
5720 0 3
5730 0 3
5740 0 3
5750 0 3
5760 0 3
5770 0 3
5780 0 3
5790 0 3
5800 0 3
5810 0 3
5820 0 3
5830 0 3
5840 0.1 4
5850 0 4
5860 0 4
5870 0 4
5880 0 4
5890 0 4
5900 0 4
5910 0 4
5920 0 4
5930 0 4
5940 0 4
5950 0 4
5960 0 4
5970 0 4
5980 0 4
5990 0 4
6000 0 4
6010 0 4
6020 0 4
6030 0 4
6040 0 4
6050 0 4
6060 0 4
6070 0 4
6080 0 4
6090 0 4
6100 0 4
6110 0 4
6120 0 4
6130 0 4
6140 0 4
6150 0 4
6160 0 4
6170 0 4
6180 0 4
6190 0 4
6200 0 4
6210 0 4
6220 0 4
6230 0 4
6240 0 4
6250 0 4
6260 0 4
6270 0 4
6280 0 4
6290 0 4
6300 0 4
6310 0 4
6320 0 4
6330 0 4
6340 0 4
6350 0 4
6360 0 4
6370 0 4
6380 0 4
6390 0 4
6400 0 4
6410 0 4
6420 0 4
6430 0 4
6440 0 4
6450 0 4
6460 0 4
6470 0 4
6480 0.1 5
6490 0 5
6500 0 5
6510 0 5
6520 0 5
6530 0 5
6540 0 5
6550 0 5
6560 0 5
6570 0 5
6580 0 5
6590 0 5
6600 0 5
6610 0 5
6620 0 5
6630 0 5
6640 0 5
6650 0 5
6660 0 5
6670 0 5
6680 0 5
6690 0 5
6700 0 5
6710 0 5
6720 0 5
6730 0 5
6740 0 5
6750 0 5
6760 0 5
6770 0 5
6780 0 5
6790 0 5
6800 0 5
6810 0.1 6
6820 0 6
6830 0 6
6840 0 6
6850 0 6
6860 0 6
6870 0 6
6880 0 6
6890 0 6
6900 0 6
6910 0 6
6920 0 6
6930 0 6
6940 0 6
6950 0 6
6960 0 6
6970 0 6
6980 0 6
6990 0 6
7000 0 6
7010 0 6
7020 0 6
7030 0 6
7040 0 6
7050 0 6
7060 0 6
7070 0 6
7080 0 6
7090 0 6
7100 0 6
7110 0 6
7120 0 6
7130 0 6
7140 0 6
7150 0 6
7160 0 6
7170 0 6
7180 0 6
7190 0 6
7200 0 6
7210 0 6
7220 0.1 7
7230 0 7
7240 0 7
7250 0 7
7260 0.1 8
7270 0 8
7280 0 8
7290 0 8
7300 0 8
7310 0 8
7320 0 8
7330 0 8
7340 0 8
7350 0 8
7360 0 8
7370 0 8
7380 0 8
7390 0 8
7400 0 8
7410 0 8
7420 0 8
7430 0 8
7440 0 8
7450 0 8
7460 0 8
7470 0 8
7480 0 8
7490 0 8
7500 0 8
7510 0 8
7520 0 8
7530 0 8
7540 0 8
7550 0 8
7560 0 8
7570 0 8
7580 0 8
7590 0 8
7600 0 8
7610 0 8
7620 0 8
7630 0 8
7640 0 8
7650 0 8
7660 0 8
7670 0 8
7680 0 8
7690 0 8
7700 0 8
7710 0 8
7720 0 8
7730 0 8
7740 0 8
7750 0 8
7760 0 8
7770 0 8
7780 0 8
7790 0 8
7800 0 8
7810 0 8
7820 0 8
7830 0 8
7840 0 8
7850 0 8
7860 0 8
7870 0 8
7880 0 8
7890 0 8
7900 0 8
7910 0 8
7920 0 8
7930 0 8
7940 0 8
7950 0 8
7960 0 8
7970 0 8
7980 0 8
7990 0 8
8000 0 8
8010 0 8
8020 0 8
8030 0 8
8040 0 8
8050 0 8
8060 0 8
8070 0 8
8080 0 8
8090 0 8
8100 0 8
8110 0 8
8120 0.1 9
8130 0 9
8140 0 9
8150 0 9
8160 0 9
8170 0 9
8180 0 9
8190 0 9
8200 0 9
8210 0 9
8220 0 9
8230 0 9
8240 0 9
8250 0 9
8260 0 9
8270 0 9
8280 0 9
8290 0 9
8300 0 9
8310 0.1 10
8320 0 10
8330 0 10
8340 0 10
8350 0 10
8360 0 10
8370 0 10
8380 0 10
8390 0 10
8400 0 10
8410 0 10
8420 0 10
8430 0 10
8440 0 10
8450 0 10
8460 0 10
8470 0 10
8480 0 10
8490 0 10
8500 0 10
8510 0 10
8520 0 10
8530 0 10
8540 0 10
8550 0 10
8560 0 10
8570 0 10
8580 0 10
8590 0 10
8600 0 10
8610 0 10
8620 0 10
8630 0 10
8640 0 10
8650 0.1 11
8660 0 11
8670 0 11
8680 0 11
8690 0 11
8700 0 11
8710 0 11
8720 0 11
8730 0 11
8740 0 11
8750 0 11
8760 0.1 12
8770 0 12
8780 0 12
8790 0 12
8800 0 12
8810 0 12
8820 0 12
8830 0 12
8840 0 12
8850 0 12
8860 0 12
8870 0 12
8880 0 12
8890 0 12
8900 0 12
8910 0 12
8920 0 12
8930 0 12
8940 0 12
8950 0 12
8960 0 12
8970 0 12
8980 0 12
8990 0 12
9000 0 12
9010 0.1 13
9020 0 13
9030 0 13
9040 0 13
9050 0 13
9060 0 13
9070 0 13
9080 0 13
9090 0 13
9100 0 13
9110 0 13
9120 0 13
9130 0 13
9140 0 13
9150 0 13
9160 0 13
9170 0 13
9180 0 13
9190 0 13
9200 0 13
9210 0 13
9220 0 13
9230 0 13
9240 0 13
9250 0 13
9260 0 13
9270 0 13
9280 0 13
9290 0 13
9300 0 13
9310 0 13
9320 0 13
9330 0.1 14
9340 0 14
9350 0 14
9360 0 14
9370 0 14
9380 0 14
9390 0 14
9400 0 14
9410 0 14
9420 0 14
9430 0 14
9440 0 14
9450 0 14
9460 0 14
9470 0 14
9480 0 14
9490 0 14
9500 0 14
9510 0 14
9520 0 14
9530 0 14
9540 0 14
9550 0 14
9560 0.1 15
9570 0 15
9580 0 15
9590 0 15
9600 0 15
9610 0 15
9620 0 15
9630 0 15
9640 0 15
9650 0 15
9660 0 15
9670 0 15
9680 0 15
9690 0 15
9700 0 15
9710 0 15
9720 0 15
9730 0 15
9740 0 15
9750 0 15
9760 0 15
9770 0 15
9780 0 15
9790 0 15
9800 0 15
9810 0 15
9820 0 15
9830 0 15
9840 0 15
9850 0.1 16
9860 0 16
9870 0.1 17
9880 0 17
9890 0 17
9900 0 17
9910 0 17
9920 0 17
9930 0 17
9940 0 17
9950 0 17
9960 0 17
9970 0 17
9980 0 17
9990 0 17
10000 0 17
10010 0 17
10020 0 17
10030 0 17
10040 0 17
10050 0 17
10060 0 17
10070 0 17
10080 0 17
10090 0 17
10100 0 17
10110 0 17
10120 0 17
10130 0 17
10140 0 17
10150 0 17
10160 0 17
10170 0 17
10180 0.1 18
10190 0 18
10200 0 18
10210 0 18
10220 0 18
10230 0 18
10240 0 18
10250 0 18
10260 0 18
10270 0 18
10280 0 18
10290 0 18
10300 0 18
10310 0 18
10320 0 18
10330 0 18
10340 0 18
10350 0 18
10360 0 18
10370 0 18
10380 0 18
10390 0 18
10400 0 18
10410 0 18
10420 0 18
10430 0 18
10440 0 18
10450 0 18
10460 0 18
10470 0 18
10480 0 18
10490 0 18
10500 0 18
10510 0 18
10520 0 18
10530 0 18
10540 0 18
10550 0 18
10560 0 18
10570 0 18
10580 0 18
10590 0 18
10600 0 18
10610 0 18
10620 0 18
10630 0 18
10640 0 18
10650 0 18
10660 0 18
10670 0 18
10680 0 18
10690 0 18
10700 0 18
10710 0 18
10720 0 18
10730 0 18
10740 0 18
10750 0 18
10760 0 18
10770 0 18
10780 0.1 19
10790 0 19
10800 0 19
10810 0 19
10820 0 19
10830 0 19
10840 0 19
10850 0 19
10860 0 19
10870 0 19
10880 0 19
10890 0 19
10900 0 19
10910 0 19
10920 0 19
10930 0 19
10940 0 19
10950 0 19
10960 0 19
10970 0 19
10980 0 19
10990 0 19
11000 0 19
11010 0 19
11020 0 19
11030 0 19
11040 0 19
11050 0 19
11060 0 19
11070 0 19
11080 0 19
11090 0 19
11100 0 19
11110 0 19
11120 0 19
11130 0 19
11140 0 19
11150 0 19
11160 0 19
11170 0 19
11180 0 19
11190 0 19
11200 0 19
11210 0 19
11220 0 19
11230 0 19
11240 0 19
11250 0 19
11260 0 19
11270 0 19
11280 0.1 20
11290 0 20
11300 0 20
11310 0 20
11320 0 20
11330 0 20
11340 0 20
11350 0 20
11360 0 20
11370 0 20
11380 0 20
11390 0 20
11400 0 20
11410 0.1 21
11420 0 21
11430 0 21
11440 0 21
11450 0 21
11460 0 21
11470 0 21
11480 0 21
11490 0 21
11500 0.1 22
11510 0 22
11520 0 22
11530 0 22
11540 0 22
11550 0 22
11560 0 22
11570 0 22
11580 0 22
11590 0 22
11600 0 22
11610 0 22
11620 0 22
11630 0 22
11640 0 22
11650 0 22
11660 0 22
11670 0 22
11680 0 22
11690 0 22
11700 0 22
11710 0 22
11720 0 22
11730 0 22
11740 0 22
11750 0 22
11760 0 22
11770 0 22
11780 0 22
11790 0 22
11800 0 22
11810 0 22
11820 0 22
11830 0 22
11840 0 22
11850 0 22
11860 0 22
11870 0 22
11880 0 22
11890 0 22
11900 0 22
11910 0 22
11920 0 22
11930 0 22
11940 0 22
11950 0 22
11960 0 22
11970 0 22
11980 0 22
11990 0 22
12000 0.1 23
12010 0 23
12020 0 23
12030 0 23
12040 0 23
12050 0 23
12060 0.1 24
12070 0 24
12080 0 24
12090 0 24
12100 0 24
12110 0 24
12120 0 24
12130 0 24
12140 0 24
12150 0 24
12160 0 24
12170 0 24
12180 0 24
12190 0 24
12200 0 24
12210 0 24
12220 0 24
12230 0 24
12240 0 24
12250 0 24
12260 0 24
12270 0 24
12280 0 24
12290 0 24
12300 0 24
12310 0 24
12320 0 24
12330 0 24
12340 0 24
12350 0 24
12360 0 24
12370 0 24
12380 0 24
12390 0 24
12400 0 24
12410 0 24
12420 0 24
12430 0 24
12440 0 24
12450 0 24
12460 0 24
12470 0 24
12480 0 24
12490 0 24
12500 0 24
12510 0 24
12520 0 24
12530 0 24
12540 0 24
12550 0 24
12560 0 24
12570 0 24
12580 0 24
12590 0 24
12600 0 24
12610 0 24
12620 0 24
12630 0 24
12640 0 24
12650 0.1 25
12660 0 25
12670 0 25
12680 0 25
12690 0 25
12700 0 25
12710 0 25
12720 0 25
12730 0 25
12740 0 25
12750 0 25
12760 0 25
12770 0 25
12780 0 25
12790 0 25
12800 0 25
12810 0 25
12820 0 25
12830 0 25
12840 0 25
12850 0 25
12860 0.1 26
12870 0 26
12880 0 26
12890 0 26
12900 0 26
12910 0 26
12920 0 26
12930 0 26
12940 0 26
12950 0 26
12960 0 26
12970 0 26
12980 0 26
12990 0 26
13000 0 26
13010 0 26
13020 0 26
13030 0 26
13040 0 26
13050 0 26
13060 0 26
13070 0 26
13080 0 26
13090 0 26
13100 0 26
13110 0 26
13120 0 26
13130 0 26
13140 0 26
13150 0 26
13160 0 26
13170 0 26
13180 0 26
13190 0 26
13200 0 26
13210 0 26
13220 0 26
13230 0 26
13240 0.1 27
13250 0 27
13260 0 27
13270 0 27
13280 0 27
13290 0 27
13300 0 27
13310 0 27
13320 0 27
13330 0 27
13340 0 27
13350 0 27
13360 0 27
13370 0 27
13380 0 27
13390 0 27
13400 0 27
13410 0 27
13420 0 27
13430 0 27
13440 0 27
13450 0 27
13460 0 27
13470 0 27
13480 0 27
13490 0 27
13500 0 27
13510 0 27
13520 0 27
13530 0 27
13540 0 27
13550 0 27
13560 0 27
13570 0 27
13580 0 27
13590 0 27
13600 0 27
13610 0 27
13620 0 27
13630 0 27
13640 0 27
13650 0 27
13660 0 27
13670 0 27
13680 0 27
13690 0 27
13700 0 27
13710 0 27
13720 0 27
13730 0 27
13740 0 27
13750 0 27
13760 0 27
13770 0 27
13780 0 27
13790 0 27
13800 0 27
13810 0 27
13820 0 27
13830 0 27
13840 0 27
13850 0 27
13860 0 27
13870 0 27
13880 0 27
13890 0 27
13900 0 27
13910 0 27
13920 0 27
13930 0 27
13940 0 27
13950 0 27
13960 0 27
13970 0 27
13980 0 27
13990 0 27
14000 0 27
14010 0 27
14020 0 27
14030 0 27
14040 0 27
14050 0.1 28
14060 0 28
14070 0 28
14080 0 28
14090 0 28
14100 0 28
14110 0 28
14120 0 28
14130 0 28
14140 0 28
14150 0 28
14160 0 28
14170 0 28
14180 0 28
14190 0 28
14200 0 28
14210 0 28
14220 0 28
14230 0 28
14240 0 28
14250 0 28
14260 0 28
14270 0 28
14280 0 28
14290 0 28
14300 0 28
14310 0 28
14320 0 28
14330 0 28
14340 0 28
14350 0 28
14360 0 28
14370 0 28
14380 0 28
14390 0 28
14400 0 28
14410 0 28
14420 0 28
14430 0 28
14440 0 28
14450 0 28
14460 0 28
14470 0 28
14480 0 28
14490 0 28
14500 0 28
14510 0 28
14520 0 28
14530 0 28
14540 0 28
14550 0 28
14560 0 28
14570 0 28
14580 0 28
14590 0 28
14600 0 28
14610 0 28
14620 0 28
14630 0 28
14640 0 28
14650 0 28
14660 0 28
14670 0 28
14680 0 28
14690 0 28
14700 0 28
14710 0 28
14720 0 28
14730 0 28
14740 0 28
14750 0 28
14760 0 28
14770 0 28
14780 0 28
14790 0 28
14800 0 28
14810 0 28
14820 0 28
14830 0 28
14840 0 28
14850 0 28
14860 0 28
14870 0 28
14880 0 28
14890 0 28
14900 0 28
14910 0 28
14920 0 28
14930 0 28
14940 0.1 29
14950 0 29
14960 0 29
14970 0 29
14980 0 29
14990 0 29
15000 0 29
15010 0 29
15020 0 29
15030 0 29
15040 0 29
15050 0 29
15060 0 29
15070 0 29
15080 0 29
15090 0 29
15100 0 29
15110 0 29
15120 0 29
15130 0 29
15140 0 29
15150 0 29
15160 0 29
15170 0 29
15180 0 29
15190 0 29
15200 0.1 30
15210 0 30
15220 0 30
15230 0 30
15240 0 30
15250 0 30
15260 0 30
15270 0 30
15280 0 30
15290 0 30
15300 0 30
15310 0 30
15320 0 30
15330 0 30
15340 0.1 31
15350 0 31
15360 0 31
15370 0 31
15380 0 31
15390 0 31
15400 0 31
15410 0 31
15420 0 31
15430 0 31
15440 0 31
15450 0 31
15460 0 31
15470 0.1 32
15480 0 32
15490 0 32
15500 0 32
15510 0 32
15520 0 32
15530 0 32
15540 0 32
15550 0 32
15560 0 32
15570 0 32
15580 0 32
15590 0 32
15600 0 32
15610 0 32
15620 0 32
15630 0 32
15640 0 32
15650 0 32
15660 0 32
15670 0 32
15680 0 32
15690 0 32
15700 0 32
15710 0 32
15720 0 32
15730 0 32
15740 0 32
15750 0 32
15760 0 32
15770 0.1 33
15780 0 33
15790 0 33
15800 0 33
15810 0 33
15820 0 33
15830 0 33
15840 0 33
15850 0 33
15860 0 33
15870 0 33
15880 0 33
15890 0 33
15900 0 33
15910 0 33
15920 0 33
15930 0 33
15940 0 33
15950 0 33
15960 0 33
15970 0 33
15980 0 33
15990 0 33
16000 0 33
16010 0 33
16020 0 33
16030 0 33
16040 0 33
16050 0 33
16060 0 33
16070 0 33
16080 0 33
16090 0 33
16100 0 33
16110 0 33
16120 0 33
16130 0 33
16140 0 33
16150 0 33
16160 0 33
16170 0 33
16180 0 33
16190 0 33
16200 0 33
16210 0 33
16220 0 33
16230 0 33
16240 0 33
16250 0 33
16260 0 33
16270 0 33
16280 0 33
16290 0 33
16300 0 33
16310 0 33
16320 0 33
16330 0 33
16340 0 33
16350 0 33
16360 0 33
16370 0 33
16380 0 33
16388 0 33
