10 15.59609375 15.59609375
20 9.00625 24.60234375
30 41.44375 66.04609375
40 53.37890625 119.425
50 249.8578125 369.2828125
60 295.54296875 664.82578125
70 210.703125 875.52890625
80 183.2421875 1058.77109375
90 95.61171875 1154.3828125
100 182.9703125 1337.353125
110 70.90546875 1408.25859375
120 86.61796875 1494.8765625
130 176.9625 1671.8390625
140 93.38046875 1765.21953125
150 135.5015625 1900.72109375
160 186.15 2086.87109375
170 208.8078125 2295.67890625
180 227.69921875 2523.378125
190 278.35078125 2801.72890625
200 317.10390625 3118.8328125
210 198.93046875 3317.76328125
220 239.38046875 3557.14375
230 328.1 3885.24375
240 171.7265625 4056.9703125
250 191.58203125 4248.55234375
260 182.315625 4430.86796875
270 261.05859375 4691.9265625
280 202.47421875 4894.40078125
290 131.39609375 5025.796875
300 178.178125 5203.975
310 259.78359375 5463.75859375
320 150.478125 5614.23671875
330 285.2421875 5899.47890625
340 131.9578125 6031.43671875
350 165.8296875 6197.26640625
360 277.859375 6475.12578125
370 34.96015625 6510.0859375
380 115.05234375 6625.13828125
390 482.571875 7107.71015625
400 298.50546875 7406.215625
410 420.69921875 7826.91484375
420 279.79296875 8106.7078125
430 249.19453125 8355.90234375
440 303.04375 8658.94609375
450 291.4890625 8950.43515625
460 139.9609375 9090.39609375
470 124.5484375 9214.94453125
480 546.14296875 9761.0875
490 222.815625 9983.903125
500 236.11953125 10220.02265625
510 150.215625 10370.23828125
520 338.984375 10709.22265625
530 240.73203125 10949.9546875
540 170.3171875 11120.271875
550 192.071875 11312.34375
560 198.13828125 11510.48203125
570 116.9078125 11627.38984375
580 160.34765625 11787.7375
590 290.81953125 12078.55703125
600 203.85625 12282.41328125
610 351.38828125 12633.8015625
620 274.88828125 12908.68984375
630 434.634375 13343.32421875
640 98.91796875 13442.2421875
650 266.0328125 13708.275
660 394.23984375 14102.51484375
670 222.6640625 14325.17890625
680 429.39140625 14754.5703125
690 135.90390625 14890.47421875
700 75.6546875 14966.12890625
710 357.04296875 15323.171875
720 216.2078125 15539.3796875
730 286.4625 15825.8421875
740 282.97421875 16108.81640625
750 398.88203125 16507.6984375
760 286.396875 16794.0953125
770 198.62265625 16992.71796875
780 398.42890625 17391.146875
790 231.65703125 17622.80390625
800 417.08984375 18039.89375
810 396.8359375 18436.7296875
820 302.803125 18739.5328125
830 244.29609375 18983.82890625
840 373.17890625 19357.0078125
850 599.78203125 19956.78984375
860 518.03203125 20474.821875
870 312.865625 20787.6875
880 274.5 21062.1875
890 359.52109375 21421.70859375
900 267.09921875 21688.8078125
910 432.55 22121.3578125
920 354.64921875 22476.00703125
930 222.08046875 22698.0875
940 395.24453125 23093.33203125
950 428.6671875 23521.99921875
960 716.73984375 24238.7390625
970 362.8671875 24601.60625
980 540.41796875 25142.02421875
990 490.446875 25632.47109375
1000 241.51640625 25873.9875
1010 420.7046875 26294.6921875
1020 393.89609375 26688.58828125
1030 349.95390625 27038.5421875
1040 413.7765625 27452.31875
1050 529.48515625 27981.80390625
1060 219.50546875 28201.309375
1070 524.5015625 28725.8109375
1080 484.00390625 29209.81484375
1090 411.4078125 29621.22265625
1100 535.65703125 30156.8796875
1110 506.21640625 30663.09609375
1120 382.93515625 31046.03125
1130 250.765625 31296.796875
1140 614.63984375 31911.43671875
1150 434.896875 32346.33359375
1160 419.0875 32765.42109375
1170 309.525 33074.94609375
1180 442.73203125 33517.678125
1190 717.56171875 34235.23984375
1200 484.7859375 34720.02578125
1210 157.36171875 34877.3875
1220 425.975 35303.3625
1230 509.02890625 35812.39140625
1240 568.63125 36381.02265625
1250 814.0203125 37195.04296875
1260 757.59765625 37952.640625
1270 715.08125 38667.721875
1280 805.75390625 39473.47578125
1290 785 40258.47578125
1300 1059.9859375 41318.46171875
1310 669.3 41987.76171875
1320 693.22578125 42680.9875
1330 623.23515625 43304.22265625
1340 681.09453125 43985.3171875
1350 641.3765625 44626.69375
1360 893.03515625 45519.72890625
1370 469.5375 45989.26640625
1380 721.51875 46710.78515625
1390 675.78671875 47386.571875
1400 799.1734375 48185.7453125
1410 792.49921875 48978.24453125
1420 897.1109375 49875.35546875
1430 568.5984375 50443.95390625
1440 489.334375 50933.28828125
1450 610.05 51543.33828125
1460 879.72265625 52423.0609375
1470 827.2390625 53250.3
1480 1013.00078125 54263.30078125
1490 443.95390625 54707.2546875
1500 529.3671875 55236.621875
1510 655.97578125 55892.59765625
1520 674.503125 56567.10078125
1530 913.14296875 57480.24375
1540 598.40703125 58078.65078125
1550 812.59609375 58891.246875
1560 768.1125 59659.359375
1570 630.24296875 60289.60234375
1580 562.2625 60851.86484375
1590 1094.31875 61946.18359375
1600 1396.5375 63342.72109375
1610 1026.5015625 64369.22265625
1620 706.96015625 65076.1828125
1630 1074.89765625 66151.08046875
1640 766.9921875 66918.07265625
1650 662.6625 67580.73515625
1660 602.31953125 68183.0546875
1670 1260.84375 69443.8984375
1680 1014.82734375 70458.72578125
1690 927.26875 71385.99453125
1700 831.19453125 72217.1890625
1710 1126.27265625 73343.46171875
1720 702.26640625 74045.728125
1730 771.77109375 74817.49921875
1740 873.74453125 75691.24375
1750 1019.4171875 76710.6609375
1760 951.08984375 77661.75078125
1770 890.48671875 78552.2375
1780 479.925 79032.1625
1790 716.2453125 79748.4078125
1800 1491.3703125 81239.778125
1810 753.9609375 81993.7390625
1820 627.78515625 82621.52421875
1830 1048.93359375 83670.4578125
1840 1359.15390625 85029.61171875
1850 2481.9671875 87511.57890625
1860 1405.75 88917.32890625
1870 1974.78671875 90892.115625
1880 1591.0265625 92483.1421875
1890 1587.86015625 94071.00234375
1900 1370.0171875 95441.01953125
1910 2071.33828125 97512.3578125
1920 2044.7109375 99557.06875
1930 1644.2078125 101201.2765625
1940 2134.18984375 103335.46640625
1950 2134.45703125 105469.9234375
1960 2287.49140625 107757.41484375
1970 1901.4953125 109658.91015625
1980 1769.775 111428.68515625
1990 2454.73828125 113883.4234375
2000 1639.9859375 115523.409375
2010 2624.26796875 118147.67734375
2020 2556.4296875 120704.10703125
2030 2734.51953125 123438.6265625
2040 2747.671875 126186.2984375
2050 2111.95546875 128298.25390625
2060 2094.49921875 130392.753125
2070 2587.00859375 132979.76171875
2080 1781.6328125 134761.39453125
2090 2681.1703125 137442.56484375
2100 2430.9171875 139873.48203125
2110 2307.1359375 142180.61796875
2120 2260.50625 144441.12421875
2130 2528.328125 146969.45234375
2140 2455.23359375 149424.6859375
2150 2717.8171875 152142.503125
2160 2783.7375 154926.240625
2170 2297.26171875 157223.50234375
2180 1941.66328125 159165.165625
2190 1350.81328125 160515.97890625
2200 2671.34609375 163187.325
2210 2938.27109375 166125.59609375
2220 2491.60546875 168617.2015625
2230 2342.28984375 170959.49140625
2240 3314.1015625 174273.59296875
2250 2098.6515625 176372.24453125
2260 2468.6953125 178840.93984375
2270 1636.97890625 180477.91875
2280 2691.25 183169.16875
2290 2390.43359375 185559.60234375
2300 1636.978125 187196.58046875
2310 2609.58359375 189806.1640625
2320 2058.33125 191864.4953125
2330 2901.590625 194766.0859375
2340 3061.82421875 197827.91015625
2350 2889.61953125 200717.5296875
2360 2394.9734375 203112.503125
2370 2658.5546875 205771.0578125
2380 2575.70234375 208346.76015625
2390 3033.84609375 211380.60625
2400 2858.60078125 214239.20703125
2410 2915.72578125 217154.9328125
2420 2716.73046875 219871.66328125
2430 2671.4453125 222543.10859375
2440 2923.8671875 225466.97578125
2450 2731.53828125 228198.5140625
2460 2860.73515625 231059.24921875
2470 2892.34375 233951.59296875
2480 2747.91875 236699.51171875
2490 2825.36015625 239524.871875
2500 2594.6328125 242119.5046875
2510 2834.5234375 244954.028125
2520 2963.76171875 247917.78984375
2530 2597.90703125 250515.696875
2540 3055.13515625 253570.83203125
2550 2736.03984375 256306.871875
2560 2684.16484375 258991.03671875
2570 3135.25234375 262126.2890625
2580 2786.05625 264912.3453125
2590 2694.73125 267607.0765625
2600 2855.40703125 270462.48359375
2610 2592.11484375 273054.5984375
2620 2770.2140625 275824.8125
2630 2861.08203125 278685.89453125
2640 2888.2640625 281574.15859375
2650 2719.99453125 284294.153125
2660 3017.77734375 287311.93046875
2670 3189.05859375 290500.9890625
2680 2778.11796875 293279.10703125
2690 2672.35703125 295951.4640625
2700 2622.1984375 298573.6625
2710 2830.96875 301404.63125
2720 2689.77578125 304094.40703125
2730 2789.1234375 306883.53046875
2740 3056.19140625 309939.721875
2750 2751.5453125 312691.2671875
2760 2881.00703125 315572.27421875
2770 2391.05234375 317963.3265625
2780 3436.58125 321399.9078125
2790 2600.9625 324000.8703125
2800 3217.82578125 327218.69609375
2810 2401.72421875 329620.4203125
2820 2990.21171875 332610.63203125
2830 2827.22265625 335437.8546875
2840 2732.41328125 338170.26796875
2850 3064.7109375 341234.97890625
2860 2697.6296875 343932.60859375
2870 2937.72421875 346870.3328125
2880 2798.79921875 349669.13203125
2890 2849.34609375 352518.478125
2900 2858.86171875 355377.33984375
2910 2599.79765625 357977.1375
2920 3039.47578125 361016.61328125
2930 2624.9140625 363641.52734375
2940 3010.825 366652.35234375
2950 2628.8171875 369281.16953125
2960 3005.65234375 372286.821875
2970 2785.146875 375071.96875
2980 2754.80703125 377826.77578125
2990 2463.815625 380290.59140625
3000 2914.609375 383205.20078125
3010 2929.2734375 386134.47421875
3020 2801.075 388935.54921875
3030 3141.29375 392076.84296875
3040 2797.9703125 394874.81328125
3050 2444.24921875 397319.0625
3060 3107.8171875 400426.8796875
3070 2514.3234375 402941.203125
3080 2969.37890625 405910.58203125
3090 2781.46484375 408692.046875
3100 2980.91171875 411672.95859375
3110 2948.6375 414621.59609375
3120 2603.1609375 417224.75703125
3130 3039.30078125 420264.0578125
3140 2828.44453125 423092.50234375
3150 2892.5796875 425985.08203125
3160 2716.99375 428702.07578125
3170 2945.1875 431647.26328125
3180 2645.01953125 434292.2828125
3190 2989.075 437281.3578125
3200 2668.22890625 439949.58671875
3210 3030.41328125 442980
3220 2911.2984375 445891.2984375
3230 2829.45234375 448720.75078125
3240 2847.871875 451568.62265625
3250 2490.89296875 454059.515625
3260 2829.615625 456889.13125
3270 2947.24140625 459836.37265625
3280 2956.225 462792.59765625
3290 2908.596875 465701.19453125
3300 2794.76796875 468495.9625
3310 2708.85546875 471204.81796875
3320 3091.2828125 474296.10078125
3330 2711.39375 477007.49453125
3340 2890.08203125 479897.5765625
3350 2402.67890625 482300.25546875
3360 3155.73828125 485455.99375
3370 2679.915625 488135.909375
3380 2812.3515625 490948.2609375
3390 2958.19765625 493906.45859375
3400 3073.5828125 496980.04140625
3410 2491.909375 499471.95078125
3420 3351.21015625 502823.1609375
3430 2747.325 505570.4859375
3440 2596.925 508167.4109375
3450 2771.09765625 510938.50859375
3460 2915.696875 513854.20546875
3470 2915.24921875 516769.4546875
3480 2411.596875 519181.0515625
3490 3169.125 522350.1765625
3500 2900.14140625 525250.31796875
3510 2872.97890625 528123.296875
3520 2585.234375 530708.53125
3530 2819.61171875 533528.14296875
3540 2748.91875 536277.06171875
3550 2914.75390625 539191.815625
3560 2864.76328125 542056.57890625
3570 2677.14296875 544733.721875
3580 2598.48203125 547332.20390625
3590 3013.8265625 550346.03046875
3600 2993.21015625 553339.240625
3610 3378.64453125 556717.88515625
3620 2602.36796875 559320.253125
3630 2392.0890625 561712.3421875
3640 3272.9015625 564985.24375
3650 2527.11953125 567512.36328125
3660 2724.24453125 570236.6078125
3670 2809.73515625 573046.34296875
3680 3483.484375 576529.82734375
3690 2394.74453125 578924.571875
3700 3287.05 582211.621875
3710 2835.17421875 585046.79609375
3720 2902.2296875 587949.02578125
3730 2487.66328125 590436.6890625
3740 2967.903125 593404.5921875
3750 2714.9640625 596119.55625
3760 3008.28828125 599127.84453125
3770 2766.06640625 601893.9109375
3780 2629.8625 604523.7734375
3790 3269.33515625 607793.10859375
3800 2746.48359375 610539.5921875
3810 2579.665625 613119.2578125
3820 2725.38359375 615844.64140625
3830 3178.32109375 619022.9625
3840 2988.38828125 622011.35078125
3850 3184.640625 625195.99140625
3860 2612.11640625 627808.1078125
3870 2508.740625 630316.8484375
3880 3071.478125 633388.3265625
3890 2940.665625 636328.9921875
3900 2334.08515625 638663.07734375
3910 3349.18125 642012.25859375
3920 2494.28671875 644506.5453125
3930 3260.91640625 647767.46171875
3940 2303.08359375 650070.5453125
3950 3058.29453125 653128.83984375
3960 2862.2203125 655991.06015625
3970 2585.940625 658577.00078125
3980 3331.29296875 661908.29375
3990 3112.76328125 665021.05703125
4000 2700.4921875 667721.54921875
4010 2667.29921875 670388.8484375
4020 2389.0703125 672777.91875
4030 2899.8484375 675677.7671875
4040 2777.65 678455.4171875
4050 2995.915625 681451.3328125
4060 2843.90390625 684295.23671875
4070 2795.665625 687090.90234375
4080 3017.50625 690108.40859375
4090 2594.23125 692702.63984375
4100 3334.30078125 696036.940625
4110 2874.409375 698911.35
4120 3020.184375 701931.534375
4130 2500.90078125 704432.43515625
4140 3088.5734375 707521.00859375
4150 2464.13984375 709985.1484375
4160 3022.184375 713007.3328125
4170 3131.040625 716138.3734375
4180 2595.2875 718733.6609375
4190 2319.62578125 721053.28671875
4200 2890.3734375 723943.66015625
4210 2395.4671875 726339.12734375
4220 3146.6046875 729485.73203125
4230 2654.7078125 732140.43984375
4240 3134.85625 735275.29609375
4250 3184.08125 738459.37734375
4260 2634.5390625 741093.91640625
4270 2627.4625 743721.37890625
4280 2936.69140625 746658.0703125
4290 2894.946875 749553.0171875
4300 2395.1875 751948.2046875
4310 3247.9796875 755196.184375
4320 2584.68671875 757780.87109375
4330 2932.39296875 760713.2640625
4340 2940.29921875 763653.56328125
4350 3267.8296875 766921.39296875
4360 2830.49140625 769751.884375
4370 2397.775 772149.659375
4380 2847.53203125 774997.19140625
4390 3034.146875 778031.33828125
4400 2549.70625 780581.04453125
4410 2904.40859375 783485.453125
4420 2808.19453125 786293.64765625
4430 2736.75234375 789030.4
4440 2854.4515625 791884.8515625
4450 2886.49765625 794771.34921875
4460 2868.28515625 797639.634375
4470 2839.33515625 800478.96953125
4480 2723.6578125 803202.62734375
4490 3064.25078125 806266.878125
4500 2602.32265625 808869.20078125
4510 2744.49921875 811613.7
4520 3089.26796875 814702.96796875
4530 2833.553125 817536.52109375
4540 2744.4453125 820280.96640625
4550 3009.384375 823290.35078125
4560 2747.62890625 826037.9796875
4570 2627.5953125 828665.575
4580 2971.82421875 831637.39921875
4590 2953.5921875 834590.99140625
4600 2992.55 837583.54140625
4610 3031.26875 840614.81015625
4620 2518.940625 843133.75078125
4630 2625.35390625 845759.1046875
4640 2737.93671875 848497.04140625
4650 2439.859375 850936.90078125
4660 3094.7875 854031.68828125
4670 2949.85703125 856981.5453125
4680 2403.6640625 859385.209375
4690 2639.55390625 862024.76328125
4700 3503.8765625 865528.63984375
4710 2805.9203125 868334.56015625
4720 2747.29609375 871081.85625
4730 3069.7390625 874151.5953125
4740 2698.0765625 876849.671875
4750 2678.17109375 879527.84296875
4760 2863.9625 882391.80546875
4770 2782.45546875 885174.2609375
4780 2827.621875 888001.8828125
4790 3159.5296875 891161.4125
4800 2461.9625 893623.375
4810 2843.10625 896466.48125
4820 2634.003125 899100.484375
4830 3199.05 902299.534375
4840 2701.64453125 905001.17890625
4850 2805.259375 907806.43828125
4860 3254.6671875 911061.10546875
4870 3107.2953125 914168.40078125
4880 2585.81875 916754.21953125
4890 2901.43046875 919655.65
4900 2775.28046875 922430.93046875
4910 2818.4328125 925249.36328125
4920 2564.71796875 927814.08125
4930 3366.79921875 931180.88046875
4940 3171.5375 934352.41796875
4950 2423.4515625 936775.86953125
4960 3093.3703125 939869.23984375
4970 2748.48828125 942617.728125
4980 2916.7625 945534.490625
4990 2383.96640625 947918.45703125
5000 3028.746875 950947.20390625
5010 2859.7546875 953806.95859375
5020 2559.91640625 956366.875
5030 3065.790625 959432.665625
5040 3068.41875 962501.084375
5050 2301.79375 964802.878125
5060 2664.8859375 967467.7640625
5070 3114.99921875 970582.76328125
5080 2797.859375 973380.62265625
5090 3108.99921875 976489.621875
5100 2329.97578125 978819.59765625
5110 3487.053125 982306.65078125
5120 2667.50390625 984974.1546875
5130 2458.95 987433.1046875
5140 3048.81484375 990481.91953125
5150 2631.14140625 993113.0609375
5160 3080.315625 996193.3765625
5170 2897.94375 999091.3203125
5180 2874.09453125 1001965.41484375
5190 2426.921875 1004392.33671875
5200 3135.646875 1007527.98359375
5210 2410.8015625 1009938.78515625
5220 2986.13046875 1012924.915625
5230 2981.86015625 1015906.77578125
5240 2858.19765625 1018764.9734375
5250 3046.65234375 1021811.62578125
5260 2735.35625 1024546.98203125
5270 2917.60390625 1027464.5859375
5280 3096.2125 1030560.7984375
5290 2774.2390625 1033335.0375
5300 2814.815625 1036149.853125
5310 2677.75546875 1038827.60859375
5320 3110.4421875 1041938.05078125
5330 2909.79609375 1044847.846875
5340 2231.74453125 1047079.59140625
5350 3035.05 1050114.64140625
5360 3106.865625 1053221.50703125
5370 2792.83984375 1056014.346875
5380 2934.803125 1058949.15
5390 2563.6640625 1061512.8140625
5400 2805.103125 1064317.9171875
5410 3253.575 1067571.4921875
5420 2857.71015625 1070429.20234375
5430 2593.49375 1073022.69609375
5440 2794.55703125 1075817.253125
5450 2981.35078125 1078798.60390625
5460 2894.19921875 1081692.803125
5470 2999.07734375 1084691.88046875
5480 2978.43671875 1087670.3171875
5490 2479.7890625 1090150.10625
5500 2676.3921875 1092826.4984375
5510 3173.4421875 1095999.940625
5520 2913.6578125 1098913.5984375
5530 2647.90546875 1101561.50390625
5540 2716.828125 1104278.33203125
5550 2856.20390625 1107134.5359375
5560 3062.5171875 1110197.053125
5570 2817.8 1113014.853125
5580 3056.05 1116070.903125
5590 2752.32109375 1118823.22421875
5600 2769.41484375 1121592.6390625
5610 2975.071875 1124567.7109375
5620 2738.20390625 1127305.91484375
5630 2884.86328125 1130190.778125
5640 2681.659375 1132872.4375
5650 3352.10703125 1136224.54453125
5660 2774.63125 1138999.17578125
5670 3134.66484375 1142133.840625
5680 2490.18984375 1144624.03046875
5690 2570.153125 1147194.18359375
5700 3122.50625 1150316.68984375
5710 2443.27421875 1152759.9640625
5720 2567.06328125 1155327.02734375
5730 3231.04296875 1158558.0703125
5740 2746.5859375 1161304.65625
5750 3037.91484375 1164342.57109375
5760 3095.94296875 1167438.5140625
5770 2634.34296875 1170072.85703125
5780 3073.40390625 1173146.2609375
5790 2835.64921875 1175981.91015625
5800 2442.759375 1178424.66953125
5810 2981.68203125 1181406.3515625
5820 2583.346875 1183989.6984375
5830 2935.95078125 1186925.64921875
5840 2809.725 1189735.37421875
5850 3239.32734375 1192974.7015625
5860 2546.8546875 1195521.55625
5870 2528.365625 1198049.921875
5880 3457.9953125 1201507.9171875
5890 2456.88671875 1203964.80390625
5900 2843.18125 1206807.98515625
5910 2982.9328125 1209790.91796875
5920 3218.134375 1213009.05234375
5930 2680.59921875 1215689.6515625
5940 2782.39375 1218472.0453125
5950 2441.321875 1220913.3671875
5960 2777.3359375 1223690.703125
5970 2758.47734375 1226449.18046875
5980 2658.35859375 1229107.5390625
5990 3390.50234375 1232498.04140625
6000 2800.19140625 1235298.2328125
6010 3413.16796875 1238711.40078125
6020 2892.91171875 1241604.3125
6030 2118.1390625 1243722.4515625
6040 3267.96875 1246990.4203125
6050 2528.82421875 1249519.24453125
6060 3193.1828125 1252712.42734375
6070 2647.25625 1255359.68359375
6080 2571.75234375 1257931.4359375
6090 2664.4453125 1260595.88125
6100 3207.95859375 1263803.83984375
6110 2897.421875 1266701.26171875
6120 2647.490625 1269348.75234375
6130 2995.35390625 1272344.10625
6140 2662.79765625 1275006.90390625
6150 2801.709375 1277808.61328125
6160 3049.21328125 1280857.8265625
6170 2690.840625 1283548.6671875
6180 2919.190625 1286467.8578125
6190 2938.6953125 1289406.553125
6200 2399.02109375 1291805.57421875
6210 2931.240625 1294736.81484375
6220 3056.52578125 1297793.340625
6230 2625.70546875 1300419.04609375
6240 3052.7953125 1303471.84140625
6250 2649.44765625 1306121.2890625
6260 3146.4765625 1309267.765625
6270 2637.7578125 1311905.5234375
6280 3154.221875 1315059.7453125
6290 2657.99921875 1317717.74453125
6300 2375.825 1320093.56953125
6310 2942.59921875 1323036.16875
6320 2731.56796875 1325767.73671875
6330 2869.40234375 1328637.1390625
6340 2542.10703125 1331179.24609375
6350 2888.8671875 1334068.11328125
6360 2977.9828125 1337046.09609375
6370 2817.315625 1339863.41171875
6380 3156.45078125 1343019.8625
6390 2468.66015625 1345488.52265625
6400 3244.26484375 1348732.7875
6410 2795.95390625 1351528.74140625
6420 2566.590625 1354095.33203125
6430 2562.94140625 1356658.2734375
6440 2955.90625 1359614.1796875
6450 3172.84375 1362787.0234375
6460 2757.09296875 1365544.11640625
6470 3013.06953125 1368557.1859375
6480 2271.67421875 1370828.86015625
6490 2707.32734375 1373536.1875
6500 3401.67421875 1376937.86171875
6510 2931.4796875 1379869.34140625
6520 2837.20390625 1382706.5453125
6530 2581.5 1385288.0453125
6540 2755.43203125 1388043.47734375
6550 2908.203125 1390951.68046875
6560 2564.409375 1393516.08984375
6570 2347.28125 1395863.37109375
6580 3172.91953125 1399036.290625
6590 2984.08125 1402020.371875
6600 3293.753125 1405314.125
6610 2653.81640625 1407967.94140625
6620 2284.42890625 1410252.3703125
6630 3041.44375 1413293.8140625
6640 2920.5640625 1416214.378125
6650 2891.65703125 1419106.03515625
6660 3256.8078125 1422362.84296875
6670 2684.6421875 1425047.48515625
6680 2760.54375 1427808.02890625
6690 2968.31484375 1430776.34375
6700 3042.409375 1433818.753125
6710 2536.4984375 1436355.2515625
6720 2877.55546875 1439232.80703125
6730 2909.7703125 1442142.57734375
6740 2410.19296875 1444552.7703125
6750 2932.11796875 1447484.88828125
6760 3169.8890625 1450654.77734375
6770 3292.55390625 1453947.33125
6780 2510.71953125 1456458.05078125
6790 2960.7203125 1459418.77109375
6800 2741.48046875 1462160.2515625
6810 2923.4578125 1465083.709375
6820 2727.59921875 1467811.30859375
6830 2860.67109375 1470671.9796875
6840 2511.52421875 1473183.50390625
6850 3116.47890625 1476299.9828125
6860 2402.72734375 1478702.71015625
6870 2982.428125 1481685.13828125
6880 2917.57421875 1484602.7125
6890 2941.02890625 1487543.74140625
6900 2957.60390625 1490501.3453125
6910 2933.01484375 1493434.36015625
6920 2751.653125 1496186.01328125
6930 2775.2328125 1498961.24609375
6940 2494.271875 1501455.51796875
6950 3532.91015625 1504988.428125
6960 2648.74609375 1507637.17421875
6970 2717.6546875 1510354.82890625
6980 2313.8828125 1512668.71171875
6990 2745.13125 1515413.84296875
7000 2964.45078125 1518378.29375
7010 3033.08828125 1521411.38203125
7020 2846.140625 1524257.52265625
7030 3298.52578125 1527556.0484375
7040 2715.15546875 1530271.20390625
7050 3355.69921875 1533626.903125
7060 2015.309375 1535642.2125
7070 2497.28828125 1538139.50078125
7080 3268.90625 1541408.40703125
7090 2576.00625 1543984.41328125
7100 2659.646875 1546644.06015625
7110 3440.0421875 1550084.10234375
7120 2481.63125 1552565.73359375
7130 3150.85546875 1555716.5890625
7140 2965.21875 1558681.8078125
7150 2878.58359375 1561560.39140625
7160 3029.74765625 1564590.1390625
7170 2059.815625 1566649.9546875
7180 3275.3671875 1569925.321875
7190 2656.35546875 1572581.67734375
7200 2886.45234375 1575468.1296875
7210 2896.08671875 1578364.21640625
7220 3115.77421875 1581479.990625
7230 2954.97890625 1584434.96953125
7240 2673.5546875 1587108.52421875
7250 3208.50078125 1590317.025
7260 2177.053125 1592494.078125
7270 2690.884375 1595184.9625
7280 2808.71328125 1597993.67578125
7290 3013.434375 1601007.11015625
7300 2546.91171875 1603554.021875
7310 3099.3296875 1606653.3515625
7320 2749.7515625 1609403.103125
7330 3178.09921875 1612581.20234375
7340 2681.16875 1615262.37109375
7350 2937.99375 1618200.36484375
7360 2870.59609375 1621070.9609375
7370 2808.46796875 1623879.42890625
7380 2775.8796875 1626655.30859375
7390 2830.28828125 1629485.596875
7400 2409.77734375 1631895.37421875
7410 2700.38671875 1634595.7609375
7420 3322.65859375 1637918.41953125
7430 2660.62421875 1640579.04375
7440 2755.3859375 1643334.4296875
7450 2852.00625 1646186.4359375
7460 2699.12578125 1648885.56171875
7470 3187.01171875 1652072.5734375
7480 3023.1265625 1655095.7
7490 2972.028125 1658067.728125
7500 2684.7734375 1660752.5015625
7510 3032.14921875 1663784.65078125
7520 2210.95703125 1665995.6078125
7530 3017.19609375 1669012.80390625
7540 2988.396875 1672001.20078125
7550 3066.04375 1675067.24453125
7560 2677.8890625 1677745.13359375
7570 2027.0953125 1679772.22890625
7580 3322.296875 1683094.52578125
7590 3056.0125 1686150.53828125
7600 2469.2390625 1688619.77734375
7610 2885.39609375 1691505.1734375
7620 3026.56171875 1694531.73515625
7630 2836.05625 1697367.79140625
7640 3088.675 1700456.46640625
7650 2855.08984375 1703311.55625
7660 2660.31484375 1705971.87109375
7670 3315.78046875 1709287.6515625
7680 2497.44375 1711785.0953125
7690 1986.58984375 1713771.68515625
7700 3403.5140625 1717175.19921875
7710 2772.6875 1719947.88671875
7720 2701.025 1722648.91171875
7730 2619.4640625 1725268.37578125
7740 3262.915625 1728531.29140625
7750 2754.22578125 1731285.5171875
7760 2866.67265625 1734152.18984375
7770 2971.88125 1737124.07109375
7780 2957.503125 1740081.57421875
7790 2462.98515625 1742544.559375
7800 2574.8890625 1745119.4484375
7810 2671.5765625 1747791.025
7820 3067.1359375 1750858.1609375
7830 2902.59765625 1753760.75859375
7840 3236.31640625 1756997.075
7850 2939.525 1759936.6
7860 1772.33203125 1761708.93203125
7870 3427.2203125 1765136.15234375
7880 2996.209375 1768132.36171875
7890 2727.27890625 1770859.640625
7900 2261.24921875 1773120.88984375
7910 3372.92265625 1776493.8125
7920 2504.84296875 1778998.65546875
7930 3076.9625 1782075.61796875
7940 2671.0390625 1784746.65703125
7950 3061.01875 1787807.67578125
7960 2468.58046875 1790276.25625
7970 3078.659375 1793354.915625
7980 2569.91796875 1795924.83359375
7990 3174.646875 1799099.48046875
8000 3131.8078125 1802231.28828125
8010 2581.95078125 1804813.2390625
8020 2822.415625 1807635.6546875
8030 2588.30625 1810223.9609375
8040 2810.21015625 1813034.17109375
8050 2815.38671875 1815849.5578125
8060 2708.209375 1818557.7671875
8070 2622.146875 1821179.9140625
8080 3133.65703125 1824313.57109375
8090 3219.24140625 1827532.8125
8100 2722.5796875 1830255.3921875
8110 2534.08671875 1832789.47890625
8120 2840.2921875 1835629.77109375
8130 2734.921875 1838364.69296875
8140 3191.7578125 1841556.45078125
8150 2286.09453125 1843842.5453125
8160 3176.8546875 1847019.4
8170 2919.53828125 1849938.93828125
8180 2195.44140625 1852134.3796875
8190 3233.33203125 1855367.71171875
8200 3044.2375 1858411.94921875
8210 2973.65 1861385.59921875
8220 2860.31328125 1864245.9125
8230 2731.3703125 1866977.2828125
8240 2907.60078125 1869884.88359375
8250 2844.34140625 1872729.225
8260 2499.3453125 1875228.5703125
8270 2991.08046875 1878219.65078125
8280 2716.70625 1880936.35703125
8290 3516.6765625 1884453.03359375
8300 2772.2265625 1887225.26015625
8310 2505.6796875 1889730.93984375
8320 2568.18046875 1892299.1203125
8330 2458.89140625 1894758.01171875
8340 3080.50390625 1897838.515625
8350 2964.903125 1900803.41875
8360 3307.69140625 1904111.11015625
8370 2249.42890625 1906360.5390625
8380 2274.0234375 1908634.5625
8390 2726.2796875 1911360.8421875
8400 3202.49609375 1914563.33828125
8410 2935.71484375 1917499.053125
8420 2783.43046875 1920282.48359375
8430 2685.71875 1922968.20234375
8440 2452.7828125 1925420.98515625
8450 3103.015625 1928524.00078125
8460 3224.1859375 1931748.18671875
8470 2369.8578125 1934118.04453125
8480 3120.90390625 1937238.9484375
8490 3092.44296875 1940331.39140625
8500 2684.4875 1943015.87890625
8510 2489.31484375 1945505.19375
8520 3360.79296875 1948865.98671875
8530 2965.3078125 1951831.29453125
8540 2515.3015625 1954346.59609375
8550 3133.41875 1957480.01484375
8560 2779.08828125 1960259.103125
8570 2290.2359375 1962549.3390625
8580 2686.30234375 1965235.64140625
8590 2996.96953125 1968232.6109375
8600 2341.17734375 1970573.78828125
8610 2940.24609375 1973514.034375
8620 3163.81796875 1976677.85234375
8630 3234.26796875 1979912.1203125
8640 2854.896875 1982767.0171875
8650 2687.61328125 1985454.63046875
8660 2942.32109375 1988396.9515625
8670 2442.37578125 1990839.32734375
8680 2269.6484375 1993108.97578125
8690 3378.90546875 1996487.88125
8700 2689.63984375 1999177.52109375
8710 2461.790625 2001639.31171875
8720 2667.66953125 2004306.98125
8730 2884.51171875 2007191.49296875
8740 3864.09921875 2011055.5921875
8750 2357.93671875 2013413.52890625
8760 2418.66796875 2015832.196875
8770 2583.4953125 2018415.6921875
8780 2828.0390625 2021243.73125
8790 3350.57265625 2024594.30390625
8800 3041.8421875 2027636.14609375
8810 3124.7953125 2030760.94140625
8820 2564.1078125 2033325.04921875
8830 2398.65546875 2035723.7046875
8840 3039.97890625 2038763.68359375
8850 2637.53203125 2041401.215625
8860 2770.61953125 2044171.83515625
8870 2964.015625 2047135.85078125
8880 2480.621875 2049616.47265625
8890 2763.03515625 2052379.5078125
8900 3164.67578125 2055544.18359375
8910 3270.33984375 2058814.5234375
8920 2823.9546875 2061638.478125
8930 2538.190625 2064176.66875
8940 2575.44609375 2066752.11484375
8950 3145.628125 2069897.74296875
8960 2558.640625 2072456.38359375
8970 2952.328125 2075408.71171875
8980 2514.6140625 2077923.32578125
8990 3104.97265625 2081028.2984375
9000 2489.00078125 2083517.29921875
9010 3176.13671875 2086693.4359375
9020 3231.059375 2089924.4953125
9030 2536.89375 2092461.3890625
9040 2695.82578125 2095157.21484375
9050 3048.00703125 2098205.221875
9060 2626.5390625 2100831.7609375
9070 2839.77890625 2103671.53984375
9080 2630.1078125 2106301.64765625
9090 2562.2875 2108863.93515625
9100 3504.4 2112368.33515625
9110 2939.66796875 2115308.003125
9120 2670.79765625 2117978.80078125
9130 2671.75 2120650.55078125
9140 3308.78515625 2123959.3359375
9150 2529.11796875 2126488.45390625
9160 2196.0125 2128684.46640625
9170 2835.9015625 2131520.36796875
9180 2855.09375 2134375.46171875
9190 2820.78359375 2137196.2453125
9200 3001.8546875 2140198.1
9210 3126.36640625 2143324.46640625
9220 2910.46328125 2146234.9296875
9230 2912.1828125 2149147.1125
9240 2214.5421875 2151361.6546875
9250 2617.67265625 2153979.32734375
9260 2456.5125 2156435.83984375
9270 3290.80078125 2159726.640625
9280 2824.59921875 2162551.23984375
9290 2551.859375 2165103.09921875
9300 3253.6890625 2168356.78828125
9310 2526.30625 2170883.09453125
9320 2844.54375 2173727.63828125
9330 2571.775 2176299.41328125
9340 3114.08984375 2179413.503125
9350 2835.23671875 2182248.73984375
9360 2941.20234375 2185189.9421875
9370 2893.84765625 2188083.78984375
9380 2888.49296875 2190972.2828125
9390 2341.4234375 2193313.70625
9400 2307.584375 2195621.290625
9410 2997.16171875 2198618.45234375
9420 2902.14765625 2201520.6
9430 3212.65 2204733.25
9440 2885.9078125 2207619.1578125
9450 2667.83671875 2210286.99453125
9460 1837.92734375 2212124.921875
9470 3769.04375 2215893.965625
9480 2968.90234375 2218862.86796875
9490 3358.7875 2222221.65546875
9500 1720.84609375 2223942.5015625
9510 3292.453125 2227234.9546875
9520 2457.79140625 2229692.74609375
9530 3053.30625 2232746.05234375
9540 2821.98046875 2235568.0328125
9550 3158.61015625 2238726.64296875
9560 2957.33671875 2241683.9796875
9570 1976.253125 2243660.2328125
9580 3128.22265625 2246788.45546875
9590 3285.22578125 2250073.68125
9600 2562.384375 2252636.065625
9610 3033.99609375 2255670.06171875
9620 2572.4390625 2258242.50078125
9630 2809.7578125 2261052.25859375
9640 2862.88359375 2263915.1421875
9650 2705.8125 2266620.9546875
9660 2968.25234375 2269589.20703125
9670 2702.875 2272292.08203125
9680 2656.9046875 2274948.98671875
9690 2515.2859375 2277464.27265625
9700 2840.70390625 2280304.9765625
9710 2728.8453125 2283033.821875
9720 2982.46875 2286016.290625
9730 3157.69140625 2289173.98203125
9740 2656.64453125 2291830.6265625
9750 2477.5828125 2294308.209375
9760 2962.25390625 2297270.46328125
9770 2768.8984375 2300039.36171875
9780 2802.68671875 2302842.0484375
9790 2783.0015625 2305625.05
9800 2919.91484375 2308544.96484375
9810 3352.78125 2311897.74609375
9820 2882.21796875 2314779.9640625
9830 2475.678125 2317255.6421875
9840 2668.00234375 2319923.64453125
9850 2775.16875 2322698.81328125
9860 2563.38671875 2325262.2
9870 3486.790625 2328748.990625
9880 2212.34140625 2330961.33203125
9890 2334.22421875 2333295.55625
9900 2962.2171875 2336257.7734375
9910 3167.5921875 2339425.365625
9920 2688.7921875 2342114.1578125
9930 2452.459375 2344566.6171875
9940 3051.94453125 2347618.56171875
9950 2920.76796875 2350539.3296875
9960 2857.2078125 2353396.5375
9970 2508.0921875 2355904.6296875
9980 3289.609375 2359194.2390625
9990 2835.0203125 2362029.259375
10000 2242.178125 2364271.4375
10010 2893.72421875 2367165.16171875
10020 3081.1265625 2370246.28828125
10030 2489.63671875 2372735.925
10040 3373.9109375 2376109.8359375
10050 2683.94765625 2378793.78359375
10060 2283.3125 2381077.09609375
10070 2994.9640625 2384072.06015625
10080 3131.06796875 2387203.128125
10090 2061.02421875 2389264.15234375
10100 3454.415625 2392718.56796875
10110 2558.7796875 2395277.34765625
10120 2972.93046875 2398250.278125
10130 2582.3609375 2400832.6390625
10140 2821.94921875 2403654.58828125
10150 2879.6890625 2406534.27734375
10160 2744.16328125 2409278.440625
10170 3093.39296875 2412371.83359375
10180 2955.1 2415326.93359375
10190 2604.67890625 2417931.6125
10200 2310.8515625 2420242.4640625
10210 2912.37265625 2423154.83671875
10220 2862.4171875 2426017.25390625
10230 3457.8328125 2429475.08671875
10240 2533.709375 2432008.79609375
10250 2196.60390625 2434205.4
10260 3482.434375 2437687.834375
10270 2800.27890625 2440488.11328125
10280 2790.084375 2443278.19765625
10290 2955.68359375 2446233.88125
10300 2676.91875 2448910.8
10310 2704.1171875 2451614.9171875
10320 3067.2703125 2454682.1875
10330 2561.21484375 2457243.40234375
10340 2985.22421875 2460228.6265625
10350 3269.57734375 2463498.20390625
10360 2295.5140625 2465793.71796875
10370 2953.77578125 2468747.49375
10380 2766.19296875 2471513.68671875
10390 3163.971875 2474677.65859375
10400 2824.36640625 2477502.025
10410 2965.3921875 2480467.4171875
10420 2833.95546875 2483301.37265625
10430 2371.25546875 2485672.628125
10440 2125.2171875 2487797.8453125
10450 3568.7609375 2491366.60625
10460 2822.86171875 2494189.46796875
10470 2523.2296875 2496712.69765625
10480 2800.3515625 2499513.04921875
10490 3191.98125 2502705.03046875
10500 2327.096875 2505032.12734375
10510 2872.02890625 2507904.15625
10520 3212.103125 2511116.259375
10530 2973.9859375 2514090.2453125
10540 3227.95703125 2517318.20234375
10550 1834.69453125 2519152.896875
10560 2871.63046875 2522024.52734375
10570 3373.2796875 2525397.80703125
10580 2620.44765625 2528018.2546875
10590 2311.9921875 2530330.246875
10600 2635.89453125 2532966.14140625
10610 3196.65625 2536162.79765625
10620 2770.79375 2538933.59140625
10630 3093.4890625 2542027.08046875
10640 2790.02109375 2544817.1015625
10650 2521.35546875 2547338.45703125
10660 3147.35546875 2550485.8125
10670 1866.97109375 2552352.78359375
10680 3005.790625 2555358.57421875
10690 3619.8984375 2558978.47265625
10700 3060.75078125 2562039.2234375
10710 2361.76953125 2564400.99296875
10720 2523.17890625 2566924.171875
10730 2996.15390625 2569920.32578125
10740 2664.51484375 2572584.840625
10750 2740.22109375 2575325.06171875
10760 2592.0625 2577917.12421875
10770 2903.8546875 2580820.97890625
10780 3078.14140625 2583899.1203125
10790 3220.57890625 2587119.69921875
10800 1928.475 2589048.17421875
10810 2979.95546875 2592028.1296875
10820 3314.16953125 2595342.29921875
10830 2486.98828125 2597829.2875
10840 2798.55859375 2600627.84609375
10850 2975.296875 2603603.14296875
10860 2838.0625 2606441.20546875
10870 2733.953125 2609175.15859375
10880 2224.40078125 2611399.559375
10890 3447.53828125 2614847.09765625
10900 2750.14765625 2617597.2453125
10910 2358.49765625 2619955.74296875
10920 2700.028125 2622655.77109375
10930 3074.61796875 2625730.3890625
10940 2938.865625 2628669.2546875
10950 3063.871875 2631733.1265625
10960 2199.88203125 2633933.00859375
10970 2732.63984375 2636665.6484375
10980 2839.76640625 2639505.41484375
10990 3571.4328125 2643076.84765625
11000 2269.0515625 2645345.89921875
11010 2692.11171875 2648038.0109375
11020 2616.79453125 2650654.80546875
11030 3330.0953125 2653984.90078125
11040 2853.77421875 2656838.675
11050 2755.7875 2659594.4625
11060 2397.3578125 2661991.8203125
11070 3236.38984375 2665228.21015625
11080 2288.7453125 2667516.95546875
11090 3061.56640625 2670578.521875
11100 2899.43203125 2673477.95390625
11110 2799.47578125 2676277.4296875
11120 2475.5484375 2678752.978125
11130 2826.98203125 2681579.96015625
11140 3169.24296875 2684749.203125
11150 2803.51953125 2687552.72265625
11160 2724.96640625 2690277.6890625
11170 2597.99140625 2692875.68046875
11180 2433.8734375 2695309.55390625
11190 3139.4109375 2698448.96484375
11200 2766.16484375 2701215.1296875
11210 2498.903125 2703714.0328125
11220 2845.56796875 2706559.60078125
11230 2875.290625 2709434.89140625
11240 2942.50234375 2712377.39375
11250 3211.15546875 2715588.54921875
11260 1890.096875 2717478.64609375
11270 2941.359375 2720420.00546875
11280 3143.6875 2723563.69296875
11290 2881.88046875 2726445.5734375
11300 2895.69296875 2729341.26640625
11310 2072.24453125 2731413.5109375
11320 3111.61953125 2734525.13046875
11330 3072.296875 2737597.42734375
11340 2846.409375 2740443.83671875
11350 2097.9265625 2742541.76328125
11360 3227.5125 2745769.27578125
11370 3272.25390625 2749041.5296875
11380 2880.0515625 2751921.58125
11390 2783.35390625 2754704.93515625
11400 2306.06796875 2757011.003125
11410 2493.88046875 2759504.88359375
11420 3317.3515625 2762822.23515625
11430 2351.9859375 2765174.22109375
11440 3066.325 2768240.54609375
11450 2376.96796875 2770617.5140625
11460 2929.09921875 2773546.61328125
11470 3468.07265625 2777014.6859375
11480 2493.23515625 2779507.92109375
11490 2864.31015625 2782372.23125
11500 2619.275 2784991.50625
11510 2892.740625 2787884.246875
11520 3172.63359375 2791056.88046875
11530 3252.240625 2794309.12109375
11540 1845.7765625 2796154.89765625
11550 2563.36171875 2798718.259375
11560 3114.55859375 2801832.81796875
11570 2799.0046875 2804631.82265625
11580 2749.54765625 2807381.3703125
11590 2860.078125 2810241.4484375
11600 2968.734375 2813210.1828125
11610 2347.0140625 2815557.196875
11620 2913.80078125 2818470.99765625
11630 3013.74609375 2821484.74375
11640 2643.896875 2824128.640625
11650 3212.35859375 2827340.99921875
11660 3319.72421875 2830660.7234375
11670 1754.69921875 2832415.42265625
11680 3183.29140625 2835598.7140625
11690 2083.025 2837681.7390625
11700 3712.80546875 2841394.54453125
11710 2789.82890625 2844184.3734375
11720 2601.5375 2846785.9109375
11730 2569.3484375 2849355.259375
11740 2470.9140625 2851826.1734375
11750 3415.41640625 2855241.58984375
11760 2943.0234375 2858184.61328125
11770 2095.10703125 2860279.7203125
11780 3446.4203125 2863726.140625
11790 3057.6921875 2866783.8328125
11800 2592.04375 2869375.8765625
11810 2551.14765625 2871927.02421875
11820 2785.82890625 2874712.853125
11830 2956.5125 2877669.365625
11840 2534.753125 2880204.11875
11850 2404.5375 2882608.65625
11860 3454.14609375 2886062.80234375
11870 3094.925 2889157.72734375
11880 2495.0625 2891652.78984375
11890 2973.2328125 2894626.02265625
11900 2358.42890625 2896984.4515625
11910 2685.55390625 2899670.00546875
11920 3606.7859375 2903276.79140625
11930 2529.6328125 2905806.42421875
11940 2879.153125 2908685.57734375
11950 2252.43359375 2910938.0109375
11960 3140.68203125 2914078.69296875
11970 3325.96875 2917404.66171875
11980 2336.97421875 2919741.6359375
11990 2232.17421875 2921973.81015625
12000 3105.6453125 2925079.45546875
12010 3143.8625 2928223.31796875
12020 2955.92265625 2931179.240625
12030 2545.56484375 2933724.80546875
12040 1701.1515625 2935425.95703125
12050 3315.71640625 2938741.6734375
12060 3037.60078125 2941779.27421875
12070 2833.61328125 2944612.8875
12080 3400.5734375 2948013.4609375
12090 2988.00859375 2951001.46953125
12100 1999.82734375 2953001.296875
12110 2647.11953125 2955648.41640625
12120 3339.35 2958987.76640625
12130 2485.665625 2961473.43203125
12140 3309.3015625 2964782.73359375
12150 2437.47265625 2967220.20625
12160 3226.9765625 2970447.1828125
12170 2682.46171875 2973129.64453125
12180 2683.146875 2975812.79140625
12190 2894.89375 2978707.68515625
12200 2508.1859375 2981215.87109375
12210 2577.79375 2983793.66484375
12220 3071.69140625 2986865.35625
12230 3271.984375 2990137.340625
12240 2270.57109375 2992407.91171875
12250 3317.0640625 2995724.97578125
12260 2194.98203125 2997919.9578125
12270 2902.54453125 3000822.50234375
12280 3069.76015625 3003892.2625
12290 3049.15 3006941.4125
12300 2939.8328125 3009881.2453125
12310 2287.69140625 3012168.93671875
12320 2837.3578125 3015006.29453125
12330 3478.69140625 3018484.9859375
12340 2640.1515625 3021125.1375
12350 2381.4671875 3023506.6046875
12360 3120.8234375 3026627.428125
12370 2912.09921875 3029539.52734375
12380 2626.10078125 3032165.628125
12390 2376.23359375 3034541.86171875
12400 3298.84765625 3037840.709375
12410 2439.046875 3040279.75625
12420 3398.8703125 3043678.6265625
12430 1933.05546875 3045611.68203125
12440 3150.45703125 3048762.1390625
12450 2307.23515625 3051069.37421875
12460 3156.11796875 3054225.4921875
12470 3223 3057448.4921875
12480 3174.05234375 3060622.54453125
12490 2115.68828125 3062738.2328125
12500 2923.390625 3065661.6234375
12510 3106.053125 3068767.6765625
12520 2989.53515625 3071757.21171875
12530 3169.89140625 3074927.103125
12540 1781.7546875 3076708.8578125
12550 3579.53203125 3080288.38984375
12560 2650.21640625 3082938.60625
12570 3233.43828125 3086172.04453125
12580 2583.065625 3088755.11015625
12590 3141.38046875 3091896.490625
12600 2314.90078125 3094211.39140625
12610 2433.3921875 3096644.78359375
12620 3020.8578125 3099665.64140625
12630 2921.3640625 3102587.00546875
12640 2846.63828125 3105433.64375
12650 3400.6953125 3108834.3390625
12660 2472.64140625 3111306.98046875
12670 2183.6625 3113490.64296875
12680 3157.09296875 3116647.7359375
12690 2701.83203125 3119349.56796875
12700 3374.75546875 3122724.3234375
12710 2605.70546875 3125330.02890625
12720 2670.53203125 3128000.5609375
12730 2892.29765625 3130892.85859375
12740 2918.13046875 3133810.9890625
12750 2605.03828125 3136416.02734375
12760 3235.059375 3139651.08671875
12770 2660.4421875 3142311.52890625
12780 2234.01015625 3144545.5390625
12790 3318.12578125 3147863.66484375
12800 2498.0125 3150361.67734375
12810 3409.96875 3153771.64609375
12820 2220.1640625 3155991.81015625
12830 3001.4140625 3158993.22421875
12840 3174.20234375 3162167.4265625
12850 2368.55546875 3164535.98203125
12860 2909.24296875 3167445.225
12870 2845.8828125 3170291.1078125
12880 2520.5296875 3172811.6375
12890 3368.26796875 3176179.90546875
12900 3060.14296875 3179240.0484375
12910 2500.81953125 3181740.86796875
12920 3364.3671875 3185105.23515625
12930 2560.0703125 3187665.30546875
12940 2481.64375 3190146.94921875
12950 2768.63203125 3192915.58125
12960 3210.39296875 3196125.97421875
12970 3456.91328125 3199582.8875
12980 1990.146875 3201573.034375
12990 3082.68125 3204655.715625
13000 2734.67734375 3207390.39296875
13010 3083.44375 3210473.83671875
13020 2683.2828125 3213157.11953125
13030 2891.4890625 3216048.60859375
13040 3014.86484375 3219063.4734375
13050 2540.93359375 3221604.40703125
13060 2767.48046875 3224371.8875
13070 2950.70390625 3227322.59140625
13080 3061.75546875 3230384.346875
13090 3387.4078125 3233771.7546875
13100 2370.784375 3236142.5390625
13110 3347.27890625 3239489.81796875
13120 2859.66171875 3242349.4796875
13130 2916.2546875 3245265.734375
13140 3016.59453125 3248282.32890625
13150 2694.63828125 3250976.9671875
13160 2775.0671875 3253752.034375
13170 3514.6546875 3257266.6890625
13180 1766.7796875 3259033.46875
13190 2981.89921875 3262015.36796875
13200 3137.53984375 3265152.9078125
13210 2867.7203125 3268020.628125
13220 3536.04921875 3271556.67734375
13230 1929.96796875 3273486.6453125
13240 3474.83359375 3276961.47890625
13250 3068.8 3280030.27890625
13260 2813.43125 3282843.71015625
13270 2462.703125 3285306.41328125
13280 3207.93203125 3288514.3453125
13290 3161.8015625 3291676.146875
13300 2437.43515625 3294113.58203125
13310 2881.76640625 3296995.3484375
13320 2871.2328125 3299866.58125
13330 3114.38671875 3302980.96796875
13340 3116.49375 3306097.46171875
13350 2850.35546875 3308947.8171875
13360 2599.146875 3311546.9640625
13370 3357.60078125 3314904.56484375
13380 2558.22890625 3317462.79375
13390 2542.90546875 3320005.69921875
13400 3010.26953125 3323015.96875
13410 3017.23125 3326033.2
13420 3353.00625 3329386.20625
13430 1810.3484375 3331196.5546875
13440 3278.61484375 3334475.16953125
13450 3234.6734375 3337709.84296875
13460 3229.39296875 3340939.2359375
13470 2790.884375 3343730.1203125
13480 2554.8421875 3346284.9625
13490 3225.31328125 3349510.27578125
13500 2768.67421875 3352278.95
13510 3096.15546875 3355375.10546875
13520 3115.98828125 3358491.09375
13530 1933.765625 3360424.859375
13540 3451.71640625 3363876.57578125
13550 3377.06640625 3367253.6421875
13560 2637.54375 3369891.1859375
13570 2398.5171875 3372289.703125
13580 3345.93125 3375635.634375
13590 2698.7171875 3378334.3515625
13600 3146.234375 3381480.5859375
13610 2865.45234375 3384346.03828125
13620 2396.4734375 3386742.51171875
13630 2837.14921875 3389579.6609375
13640 3151.5 3392731.1609375
13650 2807.55546875 3395538.71640625
13660 3585.8046875 3399124.52109375
13670 2207.7765625 3401332.29765625
13680 2729.88359375 3404062.18125
13690 3051.790625 3407113.971875
13700 2768.8171875 3409882.7890625
13710 2515.70234375 3412398.49140625
13720 3286.06328125 3415684.5546875
13730 2530.21796875 3418214.77265625
13740 2980.87421875 3421195.646875
13750 3641.1640625 3424836.8109375
13760 2748.50078125 3427585.31171875
13770 2342.3359375 3429927.64765625
13780 2861.6859375 3432789.33359375
13790 3590.8234375 3436380.15703125
13800 2135.79609375 3438515.953125
13810 3093.2390625 3441609.1921875
13820 3203.6484375 3444812.840625
13830 2681.8296875 3447494.6703125
13840 2846.2765625 3450340.946875
13850 3680.2546875 3454021.2015625
13860 2112.2109375 3456133.4125
13870 2817.14921875 3458950.56171875
13880 3210.22421875 3462160.7859375
13890 2898.45234375 3465059.23828125
13900 2251.4421875 3467310.68046875
13910 3809.1859375 3471119.86640625
13920 2422.24921875 3473542.115625
13930 3504.73515625 3477046.85078125
13940 2749.13203125 3479795.9828125
13950 2768.4625 3482564.4453125
13960 2797.1140625 3485361.559375
13970 2747.8015625 3488109.3609375
13980 3292.565625 3491401.9265625
13990 2988.14140625 3494390.06796875
14000 2736.2734375 3497126.34140625
14010 2833.63671875 3499959.978125
14020 3174.990625 3503134.96875
14030 2962.25546875 3506097.22421875
14040 1941.771875 3508038.99609375
14050 3555.5140625 3511594.51015625
14060 3608.61953125 3515203.1296875
14070 1868.96171875 3517072.09140625
14080 2672.63203125 3519744.7234375
14090 2903.1328125 3522647.85625
14100 3296.19609375 3525944.05234375
14110 3175.62890625 3529119.68125
14120 2849 3531968.68125
14130 2866.5375 3534835.21875
14140 2665.72109375 3537500.93984375
14150 2989.43203125 3540490.371875
14160 3092.09296875 3543582.46484375
14170 2921.09921875 3546503.5640625
14180 2748.74140625 3549252.30546875
14190 3077.3984375 3552329.70390625
14200 2225.68046875 3554555.384375
14210 3297.79140625 3557853.17578125
14220 3192.234375 3561045.41015625
14230 2526.684375 3563572.09453125
14240 2658.65234375 3566230.746875
14250 2920.70234375 3569151.44921875
14260 3243.76484375 3572395.2140625
14270 3189.62890625 3575584.84296875
14280 2741.72421875 3578326.5671875
14290 2508.32890625 3580834.89609375
14300 3087.025 3583921.92109375
14310 3282.4421875 3587204.36328125
14320 3449.37265625 3590653.7359375
14330 2205.45 3592859.1859375
14340 2555.8671875 3595415.053125
14350 3355.4703125 3598770.5234375
14360 2898.6640625 3601669.1875
14370 2911.4546875 3604580.6421875
14380 2594.2453125 3607174.8875
14390 3255.2609375 3610430.1484375
14400 2581.203125 3613011.3515625
14410 2992.13828125 3616003.48984375
14420 3037.01640625 3619040.50625
14430 2624.97890625 3621665.48515625
14440 3559.98828125 3625225.4734375
14450 2524.84921875 3627750.32265625
14460 2583.39140625 3630333.7140625
14470 2880.19375 3633213.9078125
14480 3025.62109375 3636239.52890625
14490 2833.67734375 3639073.20625
14500 2696.31328125 3641769.51953125
14510 3187.165625 3644956.68515625
14520 2825.0328125 3647781.71796875
14530 3100.953125 3650882.67109375
14540 2902.6234375 3653785.29453125
14550 2593.578125 3656378.87265625
14560 3422.25859375 3659801.13125
14570 2430.271875 3662231.403125
14580 3350.84296875 3665582.24609375
14590 2620.53984375 3668202.7859375
14600 3136.00390625 3671338.78984375
14610 2936.134375 3674274.92421875
14620 2926.134375 3677201.05859375
14630 2571.9875 3679773.04609375
14640 2889.5015625 3682662.54765625
14650 2992.75546875 3685655.303125
14660 3455.45390625 3689110.75703125
14670 2394.115625 3691504.87265625
14680 3388.11640625 3694892.9890625
14690 2549.27890625 3697442.26796875
14700 2794.43203125 3700236.7
14710 2496.978125 3702733.678125
14720 3054.6578125 3705788.3359375
14730 3532.55625 3709320.8921875
14740 2073.15546875 3711394.04765625
14750 3337.128125 3714731.17578125
14760 2486.2109375 3717217.38671875
14770 3589.39375 3720806.78046875
14780 2316.61328125 3723123.39375
14790 2871.9890625 3725995.3828125
14800 3217.6953125 3729213.078125
14810 2554.30390625 3731767.38203125
14820 3334.04140625 3735101.4234375
14830 2473.10234375 3737574.52578125
14840 2685.0375 3740259.56328125
14850 3659.5484375 3743919.11171875
14860 2683.925 3746603.03671875
14870 2122.36171875 3748725.3984375
14880 3141.71015625 3751867.10859375
14890 2985.7875 3754852.89609375
14900 3047.83046875 3757900.7265625
14910 3204.053125 3761104.7796875
14920 2478.04609375 3763582.82578125
14930 2703.26953125 3766286.0953125
14940 3448.31484375 3769734.41015625
14950 2574.58359375 3772308.99375
14960 3311.30234375 3775620.29609375
14970 2924.703125 3778544.99921875
14980 2684.86875 3781229.86796875
14990 2471.4546875 3783701.32265625
15000 3100.446875 3786801.76953125
15010 3611.63125 3790413.40078125
15020 2485.04765625 3792898.4484375
15030 2907.16796875 3795805.61640625
15040 2652.75390625 3798458.3703125
15050 3108.6140625 3801566.984375
15060 3241.51484375 3804808.49921875
15070 3066.01953125 3807874.51875
15080 2176.51328125 3810051.03203125
15090 3182.20859375 3813233.240625
15100 3347.00703125 3816580.24765625
15110 2880.83203125 3819461.0796875
15120 2334.25234375 3821795.33203125
15130 3375.48671875 3825170.81875
15140 3068.128125 3828238.946875
15150 2959.46015625 3831198.40703125
15160 3065.9859375 3834264.39296875
15170 2051.75234375 3836316.1453125
15180 2961.853125 3839277.9984375
15190 2816.1890625 3842094.1875
15200 3204.14453125 3845298.33203125
15210 2874.309375 3848172.64140625
15220 2588.759375 3850761.40078125
15230 3296.09921875 3854057.5
15240 2626.57578125 3856684.07578125
15250 3611.3328125 3860295.40859375
15260 2504.52421875 3862799.9328125
15270 2848.9234375 3865648.85625
15280 2093.865625 3867742.721875
15290 3192.690625 3870935.4125
15300 2867.734375 3873803.146875
15310 3298.58671875 3877101.73359375
15320 2608.690625 3879710.42421875
15330 2291.3328125 3882001.75703125
15340 3298.5453125 3885300.30234375
15350 2969.78046875 3888270.0828125
15360 2934.78671875 3891204.86953125
15370 3007.40546875 3894212.275
15380 3372.85078125 3897585.12578125
15390 3108.92578125 3900694.0515625
15400 1815.85 3902509.9015625
15410 3237.86015625 3905747.76171875
15420 3250.984375 3908998.74609375
15430 2280.07890625 3911278.825
15440 3044.25078125 3914323.07578125
15450 3154.73359375 3917477.809375
15460 2568.7171875 3920046.5265625
15470 2861.06484375 3922907.59140625
15480 2763.81953125 3925671.4109375
15490 3013.01171875 3928684.42265625
15500 2841.33828125 3931525.7609375
15510 3091.740625 3934617.5015625
15520 2952.503125 3937570.0046875
15530 2764.12890625 3940334.13359375
15540 2988.109375 3943322.24296875
15550 2964.24921875 3946286.4921875
15560 2892.19453125 3949178.68671875
15570 3563.27109375 3952741.9578125
15580 2228.2296875 3954970.1875
15590 2501.7515625 3957471.9390625
15600 2412.303125 3959884.2421875
15610 3400.6375 3963284.8796875
15620 3212.88125 3966497.7609375
15630 2445.96640625 3968943.72734375
15640 3144.2203125 3972087.94765625
15650 2883.09765625 3974971.0453125
15660 3649.82734375 3978620.87265625
15670 1918.80234375 3980539.675
15680 2979.915625 3983519.590625
15690 3465.5953125 3986985.1859375
15700 2028.26015625 3989013.44609375
15710 2573.66171875 3991587.1078125
15720 3039.02578125 3994626.13359375
15730 2875.2578125 3997501.39140625
15740 3377.5765625 4000878.96796875
15750 2740.2640625 4003619.23203125
15760 2640.059375 4006259.29140625
15770 3619.046875 4009878.33828125
15780 2956.16171875 4012834.5
15790 2985.84296875 4015820.34296875
15800 1894.4921875 4017714.83515625
15810 2877.70234375 4020592.5375
15820 3556.35 4024148.8875
15830 2915.71484375 4027064.60234375
15840 2325.11484375 4029389.7171875
15850 2668.553125 4032058.2703125
15860 3339.26171875 4035397.53203125
15870 3314.3015625 4038711.83359375
15880 3191.10625 4041902.93984375
15890 1676.234375 4043579.17421875
15900 2698.421875 4046277.59609375
15910 3724.25234375 4050001.8484375
15920 2988.0640625 4052989.9125
15930 3229.50546875 4056219.41796875
15940 1851.60546875 4058071.0234375
15950 3236.43671875 4061307.46015625
15960 2853.6671875 4064161.12734375
15970 3239.20859375 4067400.3359375
15980 3119.90546875 4070520.24140625
15990 2278.8125 4072799.05390625
16000 3308.7078125 4076107.76171875
16010 2833.240625 4078941.00234375
16020 3305.8078125 4082246.81015625
16030 2175.48046875 4084422.290625
16040 2801.703125 4087223.99375
16050 3453.59140625 4090677.58515625
16060 3608.83046875 4094286.415625
16070 1896.28515625 4096182.70078125
16080 2963.5796875 4099146.28046875
16090 3381.87890625 4102528.159375
16100 3236.16484375 4105764.32421875
16110 1880.73515625 4107645.059375
16120 2959.7703125 4110604.8296875
16130 3484.81484375 4114089.64453125
16140 2737.940625 4116827.58515625
16150 2496.49453125 4119324.0796875
16160 2840.02734375 4122164.10703125
16170 3502.92109375 4125667.028125
16180 2979.86484375 4128646.89296875
16190 2362.85078125 4131009.74375
16200 3048.3078125 4134058.0515625
16210 2801.97578125 4136860.02734375
16220 2372.153125 4139232.18046875
16230 3759.62578125 4142991.80625
16240 2733.965625 4145725.771875
16250 2798.428125 4148524.2
16260 3400.71640625 4151924.91640625
16270 2302.1234375 4154227.03984375
16280 3776.99140625 4158004.03125
16290 2681.18671875 4160685.21796875
16300 1886.42265625 4162571.640625
16310 4011.69921875 4166583.33984375
16320 2095.03203125 4168678.371875
16330 4337.01171875 4173015.38359375
16340 703.134375 4173718.51796875
16350 25.60390625 4173744.121875
16360 0.62265625 4173744.74453125
16370 0 4173744.74453125
16380 0 4173744.74453125
16388 2.6078125 4173747.35234375
