10 1.8 18
20 2.7 45
30 2.5 70
40 2.2 92
50 1.7 109
60 2.6 135
70 1.6 151
80 2.1 172
90 2.1 193
100 1.8 211
110 2.6 237
120 2.9 266
130 3.3 299
140 4.6 345
150 4.3 388
160 4.7 435
170 4 475
180 4.7 522
190 4.2 564
200 3 594
210 4.8 642
220 4.9 691
230 5.5 746
240 6.3 809
250 8.2 891
260 5.7 948
270 7.1 1019
280 5.7 1076
290 6.2 1138
300 5.9 1197
310 6.3 1260
320 6.1 1321
330 7 1391
340 6.4 1455
350 6.4 1519
360 9.1 1610
370 8.2 1692
380 10.2 1794
390 8.3 1877
400 7.5 1952
410 9.4 2046
420 7.3 2119
430 8.9 2208
440 9.6 2304
450 9 2394
460 9.5 2489
470 8.2 2571
480 9.4 2665
490 9.3 2758
500 10.5 2863
510 8.6 2949
520 9.6 3045
530 11.7 3162
540 9.3 3255
550 8.9 3344
560 12.7 3471
570 13.7 3608
580 12.8 3736
590 12.2 3858
600 14.7 4005
610 13.6 4141
620 12.9 4270
630 12.8 4398
640 14.7 4545
650 15.1 4696
660 14.8 4844
670 15.8 5002
680 12.5 5127
690 16.5 5292
700 15 5442
710 14.3 5585
720 15.2 5737
730 14.7 5884
740 13.2 6016
750 16.3 6179
760 15.5 6334
770 16.6 6500
780 15.4 6654
790 14.5 6799
800 17.4 6973
810 13.3 7106
820 13.7 7243
830 13.5 7378
840 13.5 7513
850 12.9 7642
860 14.1 7783
870 12.5 7908
880 14.3 8051
890 14.4 8195
900 14.8 8343
910 17.2 8515
920 13.9 8654
930 16.7 8821
940 13 8951
950 14.5 9096
960 14.1 9237
970 14.9 9386
980 15.5 9541
990 14.5 9686
1000 13.8 9824
1010 11.8 9942
1020 15 10092
1030 15 10242
1040 14.1 10383
1050 15.2 10535
1060 17.3 10708
1070 16.7 10875
1080 13.9 11014
1090 15.9 11173
1100 15.2 11325
1110 13.4 11459
1120 14 11599
1130 14.5 11744
1140 14.9 11893
1150 14.4 12037
1160 16.2 12199
1170 14.3 12342
1180 17.2 12514
1190 16.9 12683
1200 19.2 12875
1210 20 13075
1220 20.3 13278
1230 20.2 13480
1240 21.9 13699
1250 18.6 13885
1260 20.4 14089
1270 17.7 14266
1280 19.1 14457
1290 19.5 14652
1300 19 14842
1310 17.6 15018
1320 18.7 15205
1330 18.8 15393
1340 18.5 15578
1350 20.9 15787
1360 19.8 15985
1370 20.2 16187
1380 21.8 16405
1390 18.9 16594
1400 19.4 16788
1410 17.8 16966
1420 19.9 17165
1430 18 17345
1440 18.7 17532
1450 18.9 17721
1460 19.7 17918
1470 20.6 18124
1480 20.9 18333
1490 18.9 18522
1500 21.1 18733
1510 22 18953
1520 19 19143
1530 17.6 19319
1540 21.6 19535
1550 19.2 19727
1560 20.7 19934
1570 19.2 20126
1580 21.2 20338
1590 18.1 20519
1600 18.2 20701
1610 17.7 20878
1620 16.5 21043
1630 19.4 21237
1640 20.3 21440
1650 19 21630
1660 21.8 21848
1670 21.4 22062
1680 20.5 22267
1690 18.4 22451
1700 18.2 22633
1710 20.5 22838
1720 18.6 23024
1730 19.6 23220
1740 17.2 23392
1750 20 23592
1760 19.8 23790
1770 16.8 23958
1780 19.5 24153
1790 21.7 24370
1800 21.3 24583
1810 21.8 24801
1820 23.8 25039
1830 25 25289
1840 23.9 25528
1850 24.1 25769
1860 27.7 26046
1870 24.1 26287
1880 24.2 26529
1890 22.1 26750
1900 25.2 27002
1910 24.1 27243
1920 23.2 27475
1930 25.7 27732
1940 24.1 27973
1950 24.7 28220
1960 24.5 28465
1970 27.1 28736
1980 23.5 28971
1990 23.2 29203
2000 23.8 29441
2010 24.1 29682
2020 25.9 29941
2030 28.3 30224
2040 25.8 30482
2050 23.9 30721
2060 24.4 30965
2070 21.8 31183
2080 23.7 31420
2090 24 31660
2100 23.5 31895
2110 24 32135
2120 25.7 32392
2130 24.7 32639
2140 27.8 32917
2150 24 33157
2160 22.3 33380
2170 22.4 33604
2180 22.1 33825
2190 22.2 34047
2200 24.6 34293
2210 21.9 34512
2220 25.5 34767
2230 22.9 34996
2240 24.3 35239
2250 22.2 35461
2260 25.2 35713
2270 23.7 35950
2280 20.7 36157
2290 25.2 36409
2300 23.6 36645
2310 26.6 36911
2320 23.1 37142
2330 23.5 37377
2340 22.8 37605
2350 25.4 37859
2360 25.5 38114
2370 23.6 38350
2380 23.7 38587
2390 23.3 38820
2400 26.2 39082
2410 26.8 39350
2420 26.7 39617
2430 28.1 39898
2440 29.9 40197
2450 29.1 40488
2460 27.6 40764
2470 28.9 41053
2480 28.2 41335
2490 26.6 41601
2500 29.1 41892
2510 27.4 42166
2520 32.1 42487
2530 25.5 42742
2540 27.3 43015
2550 29.7 43312
2560 25.7 43569
2570 31.8 43887
2580 29.9 44186
2590 27.6 44462
2600 27.7 44739
2610 28.1 45020
2620 29.9 45319
2630 23.8 45557
2640 28.7 45844
2650 28.3 46127
2660 27.9 46406
2670 29.4 46700
2680 31.3 47013
2690 21.7 47230
2700 30.3 47533
2710 30.3 47836
2720 30.3 48139
2730 29.9 48438
2740 26.3 48701
2750 31.2 49013
2760 32.1 49334
2770 26.6 49600
2780 28.4 49884
2790 29.7 50181
2800 29.8 50479
2810 27.9 50758
2820 30.8 51066
2830 28.3 51349
2840 26.7 51616
2850 29.6 51912
2860 27.2 52184
2870 31.1 52495
2880 29.6 52791
2890 21.8 53009
2900 12.8 53137
2910 11.8 53255
2917 0 53255
