10 2.9 29
20 4.2 71
30 6.3 134
40 4.2 176
50 6.4 240
60 5.5 295
70 7.1 366
80 5.3 419
90 5.9 478
100 7.2 550
110 6 610
120 6 670
130 6.9 739
140 11.3 852
150 11.3 965
160 10.5 1070
170 10.4 1174
180 10.8 1282
190 11.9 1401
200 13 1531
210 12.8 1659
220 10.4 1763
230 9.7 1860
240 12.4 1984
250 13.2 2116
260 17.3 2289
270 16.7 2456
280 19 2646
290 16.3 2809
300 18.4 2993
310 21.5 3208
320 22 3428
330 18 3608
340 18.6 3794
350 17.6 3970
360 19.7 4167
370 25.1 4418
380 24.4 4662
390 21.8 4880
400 17.7 5057
410 21.2 5269
420 22.8 5497
430 25.8 5755
440 25.5 6010
450 23.3 6243
460 24.2 6485
470 23.5 6720
480 26.1 6981
490 26.4 7245
500 26.6 7511
510 25.6 7767
520 32 8087
530 30.1 8388
540 28.2 8670
550 26.8 8938
560 28.7 9225
570 28.6 9511
580 34 9851
590 30.2 10153
600 32.2 10475
610 42.2 10897
620 42.7 11324
630 48.6 11810
640 52.1 12331
650 42.8 12759
660 41.6 13175
670 42.5 13600
680 44.9 14049
690 44.8 14497
700 40.3 14900
710 40.3 15303
720 44.2 15745
730 46.8 16213
740 45.8 16671
750 43.6 17107
760 45.3 17560
770 39.7 17957
780 45.6 18413
790 45.8 18871
800 48.8 19359
810 49.3 19852
820 50.4 20356
830 42.4 20780
840 44.1 21221
850 44 21661
860 49.2 22153
870 44.9 22602
880 43.4 23036
890 40.9 23445
900 48.1 23926
910 43.8 24364
920 45 24814
930 46.5 25279
940 42.7 25706
950 41.4 26120
960 41.7 26537
970 40.6 26943
980 50 27443
990 47.3 27916
1000 44.2 28358
1010 45 28808
1020 44.1 29249
1030 46.3 29712
1040 47.9 30191
1050 44.3 30634
1060 47.7 31111
1070 45.6 31567
1080 45.4 32021
1090 47.9 32500
1100 44.3 32943
1110 49.1 33434
1120 49.4 33928
1130 42.7 34355
1140 46.8 34823
1150 44.7 35270
1160 48.9 35759
1170 45.1 36210
1180 48.8 36698
1190 45.4 37152
1200 49.3 37645
1210 50.8 38153
1220 60.4 38757
1230 59.1 39348
1240 64.3 39991
1250 53.4 40525
1260 63.8 41163
1270 57.5 41738
1280 64.1 42379
1290 63.5 43014
1300 56.5 43579
1310 61.2 44191
1320 53.7 44728
1330 56.6 45294
1340 56.9 45863
1350 60 46463
1360 60.5 47068
1370 60.2 47670
1380 63.2 48302
1390 55.3 48855
1400 55.7 49412
1410 58.3 49995
1420 61.4 50609
1430 60.4 51213
1440 61.8 51831
1450 60.9 52440
1460 63.7 53077
1470 63.1 53708
1480 63.7 54345
1490 54.3 54888
1500 61.6 55504
1510 58.9 56093
1520 59.2 56685
1530 63.3 57318
1540 57.7 57895
1550 60.5 58500
1560 63.3 59133
1570 65.8 59791
1580 61.4 60405
1590 54.2 60947
1600 55.6 61503
1610 62.3 62126
1620 65.1 62777
1630 64.6 63423
1640 67.4 64097
1650 59.5 64692
1660 57.9 65271
1670 60.8 65879
1680 66.3 66542
1690 58 67122
1700 56.9 67691
1710 64 68331
1720 57.4 68905
1730 61.1 69516
1740 61.5 70131
1750 61.3 70744
1760 60.2 71346
1770 60.9 71955
1780 65.6 72611
1790 66.2 73273
1800 70.2 73975
1810 72.5 74700
1820 69.9 75399
1830 68.7 76086
1840 73.4 76820
1850 72.4 77544
1860 77.7 78321
1870 75.1 79072
1880 77.1 79843
1890 75.4 80597
1900 75.9 81356
1910 80.1 82157
1920 75.8 82915
1930 70.9 83624
1940 71.8 84342
1950 70.7 85049
1960 73.3 85782
1970 71.7 86499
1980 76.5 87264
1990 75.9 88023
2000 74.1 88764
2010 73.9 89503
2020 77.2 90275
2030 69.4 90969
2040 74 91709
2050 74.2 92451
2060 77.1 93222
2070 74.2 93964
2080 73.4 94698
2090 76.7 95465
2100 77.2 96237
2110 74.1 96978
2120 75.4 97732
2130 69.8 98430
2140 61 99040
2150 73.9 99779
2160 71.7 100496
2170 75.1 101247
2180 76.4 102011
2190 75.3 102764
2200 77.8 103542
2210 79.6 104338
2220 72.9 105067
2230 73.3 105800
2240 76.7 106567
2250 73.5 107302
2260 76.8 108070
2270 73.6 108806
2280 75.2 109558
2290 72.3 110281
2300 76.7 111048
2310 75.4 111802
2320 77.3 112575
2330 76.6 113341
2340 77.9 114120
2350 77.6 114896
2360 77.4 115670
2370 73.4 116404
2380 78.1 117185
2390 76.7 117952
2400 79.5 118747
2410 77.7 119524
2420 76.1 120285
2430 74.1 121026
2440 77.4 121800
2450 76.5 122565
2460 79.2 123357
2470 77.5 124132
2480 75.8 124890
2490 76.7 125657
2500 74.8 126405
2510 75.6 127161
2520 79.3 127954
2530 76.1 128715
2540 77.1 129486
2550 76.4 130250
2560 78.7 131037
2570 77.1 131808
2580 76.1 132569
2590 77.6 133345
2600 77.7 134122
2610 77.4 134896
2620 75.8 135654
2630 75.5 136409
2640 76 137169
2650 80.1 137970
2660 77.2 138742
2670 75.7 139499
2680 78.1 140280
2690 77.1 141051
2700 77.8 141829
2710 76 142589
2720 74.3 143332
2730 74.8 144080
2740 78.4 144864
2750 76.2 145626
2760 79.9 146425
2770 76.6 147191
2780 78.6 147977
2790 72.9 148706
2800 77.4 149480
2810 75.6 150236
2820 78.6 151022
2830 77.1 151793
2840 76.7 152560
2850 76.3 153323
2860 77.7 154100
2870 77.4 154874
2880 76.2 155636
2890 77.9 156415
2900 76.5 157180
2910 75.6 157936
2920 76.5 158701
2930 75.7 159458
2940 78.3 160241
2950 77 161011
2960 78.1 161792
2970 74.1 162533
2980 77.5 163308
2990 78.3 164091
3000 75.2 164843
3010 77 165613
3020 79.5 166408
3030 75.1 167159
3040 77.5 167934
3050 76.3 168697
3060 77 169467
3070 76.4 170231
3080 76.7 170998
3090 76.5 171763
3100 76.3 172526
3110 78.3 173309
3120 78.1 174090
3130 75.7 174847
3140 78.2 175629
3150 73.8 176367
3160 76.4 177131
3170 77.5 177906
3180 77.4 178680
3190 77.9 179459
3200 76.6 180225
3210 77.2 180997
3220 76.8 181765
3230 76.2 182527
3240 78 183307
3250 77.9 184086
3260 77.2 184858
3270 76.3 185621
3280 76.6 186387
3290 78.7 187174
3300 77.6 187950
3310 76.9 188719
3320 76.6 189485
3330 77 190255
3340 79.1 191046
3350 75.7 191803
3360 76.9 192572
3370 78.7 193359
3380 77 194129
3390 76.4 194893
3400 77.3 195666
3410 77.4 196440
3420 77 197210
3430 79.1 198001
3440 76.5 198766
3450 75.3 199519
3460 75.9 200278
3470 76.3 201041
3480 79.6 201837
3490 77.7 202614
3500 77 203384
3510 74.8 204132
3520 76.8 204900
3530 78.3 205683
3540 76.8 206451
3550 78 207231
3560 78 208011
3570 73.6 208747
3580 73.4 209481
3590 75.5 210236
3600 78.7 211023
3610 77.2 211795
3620 78 212575
3630 70.9 213284
3640 69.3 213977
3650 74.7 214724
3660 78.1 215505
3670 77.5 216280
3680 75.4 217034
3690 77.8 217812
3700 76.4 218576
3710 76.8 219344
3720 78.1 220125
3730 77 220895
3740 78.9 221684
3750 76.3 222447
3760 75.7 223204
3770 79.5 223999
3780 76.3 224762
3790 77.8 225540
3800 76 226300
3810 76 227060
3820 77.7 227837
3830 78.1 228618
3840 78.6 229404
3850 76.2 230166
3860 76.6 230932
3870 75.9 231691
3880 76.3 232454
3890 76.2 233216
3900 77.7 233993
3910 77.6 234769
3920 78.2 235551
3930 75.2 236303
3940 78.4 237087
3950 77.2 237859
3960 75.7 238616
3970 76.5 239381
3980 76.9 240150
3990 76.1 240911
4000 75 241661
4010 72.7 242388
4020 74 243128
4030 73.3 243861
4040 74.6 244607
4050 71.5 245322
4060 73.1 246053
4070 70.2 246755
4080 32.2 247077
4090 30.7 247384
4100 33.8 247722
4110 36.7 248089
4120 33.8 248427
4130 29.2 248719
4140 24.1 248960
4150 22.7 249187
4160 19.9 249386
4170 11.9 249505
4180 6.8 249573
4190 2.6 249599
4200 0.5 249604
4210 0 249604
4220 0.1 249605
4226 0 249605
