2430 0.1 1
2440 1.2 13
2450 1.4 27
2460 3.3 60
2470 6.5 125
2480 7 195
2490 9.3 288
2500 7.7 365
2510 12 485
2520 12 605
2530 12.1 726
2540 13.9 865
2550 14.7 1012
2560 15.5 1167
2570 17.2 1339
2580 18.3 1522
2590 23.8 1760
2600 17.1 1931
2610 17.6 2107
2620 22.3 2330
2630 22.6 2556
2640 20.5 2761
2650 20.2 2963
2660 24.1 3204
2670 24.6 3450
2680 23 3680
2690 21.5 3895
2700 18.7 4082
2710 25 4332
2720 22.2 4554
2730 22.3 4777
2740 19.9 4976
2750 26.3 5239
2760 25.8 5497
2770 25.5 5752
2780 26.8 6020
2790 25.7 6277
2800 24.7 6524
2810 25.9 6783
2820 30.6 7089
2830 27.4 7363
2840 24.2 7605
2850 31 7915
2860 27.5 8190
2870 29.4 8484
2880 30.8 8792
2890 28.7 9079
2900 30.7 9386
2910 28.2 9668
2920 24.8 9916
2930 28.7 10203
2940 30.8 10511
2950 29.4 10805
2960 29.7 11102
2970 30.3 11405
2980 26.1 11666
2990 36.1 12027
3000 33.3 12360
3010 31.4 12674
3020 32.6 13000
3030 35.5 13355
3040 38.7 13742
3050 38.8 14130
3060 38.9 14519
3070 41.3 14932
3080 36.1 15293
3090 40.6 15699
3100 37.9 16078
3110 34.2 16420
3120 43.2 16852
3130 41.9 17271
3140 45.8 17729
3150 42.4 18153
3160 43.2 18585
3170 44.8 19033
3180 43.5 19468
3190 35.8 19826
3200 40.9 20235
3210 41.6 20651
3220 41.6 21067
3230 41.2 21479
3240 43.8 21917
3250 42.7 22344
3260 43.7 22781
3270 52.3 23304
3280 47.7 23781
3290 42.8 24209
3300 47.5 24684
3310 45.1 25135
3320 49.6 25631
3330 51.2 26143
3340 43.8 26581
3350 50.9 27090
3360 48.6 27576
3370 51.6 28092
3380 43.3 28525
3390 48.9 29014
3400 53.9 29553
3410 42.5 29978
3420 45.1 30429
3430 53.5 30964
3440 51.2 31476
3450 54 32016
3460 47.2 32488
3470 50.4 32992
3480 54.1 33533
3490 54.4 34077
3500 45.2 34529
3510 49.9 35028
3520 45.4 35482
3530 46.7 35949
3540 49.8 36447
3550 47.9 36926
3560 49.9 37425
3570 46 37885
3580 50 38385
3590 50.9 38894
3600 45.1 39345
3610 50.6 39851
3620 52.8 40379
3630 55.5 40934
3640 49.6 41430
3650 55.7 41987
3660 53.4 42521
3670 58.4 43105
3680 60.3 43708
3690 61.8 44326
3700 60.1 44927
3710 61.7 45544
3720 66.5 46209
3730 60.1 46810
3740 56.8 47378
3750 62.4 48002
3760 76.6 48768
3770 67.2 49440
3780 66.3 50103
3790 60.1 50704
3800 66.2 51366
3810 71.7 52083
3820 60.4 52687
3830 63.7 53324
3840 65.6 53980
3850 71.2 54692
3860 66.1 55353
3870 61.5 55968
3880 66.1 56629
3890 69.3 57322
3900 69.2 58014
3910 70.6 58720
3920 66.5 59385
3930 72.3 60108
3940 74.6 60854
3950 72.9 61583
3960 62.5 62208
3970 55.1 62759
3980 47.6 63235
3990 42.3 63658
4000 35.6 64014
4010 24.3 64257
4020 18 64437
4030 15.1 64588
4040 12.6 64714
4050 8.5 64799
4060 4.3 64842
4070 1 64852
4080 0 64852
4090 0 64852
4100 0 64852
4110 0 64852
4120 0 64852
4130 0 64852
4140 0 64852
4150 0 64852
4160 0 64852
4170 0 64852
4180 0 64852
4190 0 64852
4200 0 64852
4210 0 64852
4220 0 64852
4226 0 64852
