10 0 0
20 8 8
30 10 2
40 20 10
50 18 -2
60 25 7
70 25 0
80 26 1
90 22 -4
100 22 0
110 20 -2
120 19 -1
130 13 -6
140 16 3
150 17 1
160 26 9
170 36 10
180 31 -5
190 37 6
200 43 6
210 40 -3
220 36 -4
230 31 -5
240 34 3
250 41 7
260 46 5
270 42 -4
280 57 15
290 52 -5
300 55 3
310 59 4
320 64 5
330 71 7
340 52 -19
350 52 0
360 49 -3
370 51 2
380 55 4
390 71 16
400 76 5
410 76 0
420 85 9
430 89 4
440 77 -12
450 80 3
460 82 2
470 73 -9
480 75 2
490 82 7
500 89 7
510 110 21
520 110 0
530 124 14
540 123 -1
550 142 19
560 146 4
570 161 15
580 169 8
590 183 14
600 193 10
610 204 11
620 208 4
630 233 25
640 271 38
650 285 14
660 319 34
670 360 41
680 386 26
690 406 20
700 416 10
710 457 41
720 499 42
730 524 25
740 551 27
750 577 26
760 610 33
770 639 29
780 675 36
790 697 22
800 714 17
810 730 16
820 722 -8
830 699 -23
840 720 21
850 735 15
860 709 -26
870 730 21
880 735 5
890 750 15
900 743 -7
910 768 25
920 752 -16
930 759 7
940 763 4
950 759 -4
960 758 -1
970 755 -3
980 779 24
990 765 -14
1000 783 18
1010 796 13
1020 782 -14
1030 792 10
1040 803 11
1050 782 -21
1060 780 -2
1070 796 16
1080 773 -23
1090 798 25
1100 806 8
1110 782 -24
1120 793 11
1130 810 17
1140 786 -24
1150 793 7
1160 814 21
1170 775 -39
1180 789 14
1190 801 12
1200 775 -26
1210 808 33
1220 821 13
1230 778 -43
1240 775 -3
1250 790 15
1260 790 0
1270 800 10
1280 805 5
1290 778 -27
1300 785 7
1310 765 -20
1320 789 24
1330 795 6
1340 787 -8
1350 802 15
1360 805 3
1370 771 -34
1380 779 8
1390 792 13
1400 768 -24
1410 793 25
1420 818 25
1430 794 -24
1440 796 2
1450 800 4
1460 782 -18
1470 812 30
1480 830 18
1490 813 -17
1500 816 3
1510 811 -5
1520 800 -11
1530 807 7
1540 828 21
1550 808 -20
1560 810 2
1570 817 7
1580 816 -1
1590 828 12
1600 834 6
1610 827 -7
1620 835 8
1630 844 9
1640 806 -38
1650 809 3
1660 830 21
1670 829 -1
1680 833 4
1690 837 4
1700 817 -20
1710 827 10
1720 826 -1
1730 808 -18
1740 827 19
1750 818 -9
1760 813 -5
1770 810 -3
1780 780 -30
1790 802 22
1800 818 16
1810 807 -11
1820 808 1
1830 815 7
1840 788 -27
1850 796 8
1860 809 13
1870 769 -40
1880 790 21
1890 826 36
1900 808 -18
1910 815 7
1920 814 -1
1930 804 -10
1940 820 16
1950 846 26
1960 812 -34
1970 813 1
1980 803 -10
1990 778 -25
2000 804 26
2010 801 -3
2020 820 19
2030 828 8
2040 799 -29
2050 796 -3
2060 793 -3
2070 788 -5
2080 806 18
2090 809 3
2100 794 -15
2110 799 5
2120 814 15
2130 795 -19
2140 800 5
2150 811 11
2160 794 -17
2170 811 17
2180 826 15
2190 816 -10
2200 814 -2
2210 817 3
2220 803 -14
2230 818 15
2240 806 -12
2250 791 -15
2260 802 11
2270 800 -2
2280 815 15
2290 826 11
2300 817 -9
2310 820 3
2320 830 10
2330 811 -19
2340 816 5
2350 822 6
2360 811 -11
2370 803 -8
2380 810 7
2390 775 -35
2400 796 21
2410 819 23
2420 807 -12
2430 817 10
2440 813 -4
2450 802 -11
2460 798 -4
2470 816 18
2480 789 -27
2490 814 25
2500 807 -7
2510 777 -30
2520 801 24
2530 830 29
2540 802 -28
2550 809 7
2560 818 9
2570 796 -22
2580 812 16
2590 823 11
2600 789 -34
2610 795 6
2620 808 13
2630 789 -19
2640 798 9
2650 813 15
2660 807 -6
2670 819 12
2680 784 -35
2690 784 0
2700 817 33
2710 804 -13
2720 801 -3
2730 797 -4
2740 787 -10
2750 802 15
2760 791 -11
2770 778 -13
2780 798 20
2790 817 19
2800 795 -22
2810 792 -3
2820 810 18
2830 806 -4
2840 818 12
2850 823 5
2860 811 -12
2870 823 12
2880 812 -11
2890 783 -29
2900 811 28
2910 835 24
2920 819 -16
2930 822 3
2940 828 6
2950 805 -23
2960 808 3
2970 833 25
2980 812 -21
2990 816 4
3000 806 -10
3010 801 -5
3020 793 -8
3030 776 -17
3040 800 24
3050 816 16
3060 810 -6
3070 807 -3
3080 803 -4
3090 778 -25
3100 788 10
3110 817 29
3120 792 -25
3130 783 -9
3140 800 17
3150 781 -19
3160 790 9
3170 812 22
3180 788 -24
3190 794 6
3200 809 15
3210 794 -15
3220 822 28
3230 827 5
3240 801 -26
3250 782 -19
3260 806 24
3270 798 -8
3280 801 3
3290 821 20
3300 793 -28
3310 798 5
3320 823 25
3330 791 -32
3340 797 6
3350 832 35
3360 812 -20
3370 805 -7
3380 829 24
3390 804 -25
3400 799 -5
3410 815 16
3420 799 -16
3430 812 13
3440 818 6
3450 792 -26
3460 794 2
3470 813 19
3480 794 -19
3490 808 14
3500 824 16
3510 812 -12
3520 821 9
3530 814 -7
3540 791 -23
3550 818 27
3560 828 10
3570 809 -19
3580 814 5
3590 825 11
3600 801 -24
3610 810 9
3620 831 21
3630 815 -16
3640 824 9
3650 828 4
3660 817 -11
3670 816 -1
3680 818 2
3690 813 -5
3700 818 5
3710 813 -5
3720 796 -17
3730 801 5
3740 798 -3
3750 803 5
3760 812 9
3770 801 -11
3780 812 11
3790 814 2
3800 781 -33
3810 805 24
3820 820 15
3830 799 -21
3840 798 -1
3850 809 11
3852 793 -16
