10 0.1 0.46875 0 0.46875 0.46875 0 0
20 0.1 0.3984375 0.0 0.46875 0.3984375 0.46875 1
30 0.1 0.5703125 0.0 0.5703125 0.3984375 0.43359375 2
40 0.1 0.55859375 0.0 0.5703125 0.3984375 0.4791666666666667 3
50 0.1 0.69921875 0.0 0.69921875 0.3984375 0.4990234375 4
60 0.1 0.75 0.0 0.75 0.3984375 0.5390625 5
70 0.1 0.69921875 0.0 0.75 0.3984375 0.57421875 6
80 0.1 0.75 0.0 0.75 0.3984375 0.5920758928571429 7
90 0.1 0.7109375 0.0 0.75 0.3984375 0.61181640625 8
100 0.1 0.828125 0.0 0.828125 0.3984375 0.6228298611111112 9
110 0.1 0.78125 0.0 0.828125 0.3984375 0.643359375 10
120 0.1 0.890625 0.0 0.890625 0.3984375 0.6558948863636364 11
130 0.1 0.828125 0.0 0.890625 0.3984375 0.6754557291666666 12
140 0.1 0.76953125 0.0 0.890625 0.3984375 0.6871995192307693 13
150 0.1 0.80859375 0.0 0.890625 0.3984375 0.6930803571428571 14
160 0.1 0.921875 0.0 0.921875 0.3984375 0.70078125 15
170 0.1 0.8515625 0.0 0.921875 0.3984375 0.714599609375 16
180 0.1 0.87890625 0.0 0.921875 0.3984375 0.72265625 17
190 0.1 0.8203125 0.0 0.921875 0.3984375 0.7313368055555556 18
200 0.1 0.921875 0.0 0.921875 0.3984375 0.7360197368421053 19
210 0.1 0.9296875 0.0 0.9296875 0.3984375 0.7453125 20
220 0.1 1.1015625 0.0 1.1015625 0.3984375 0.7540922619047619 21
230 0.1 1.078125 0.0 1.1015625 0.3984375 0.7698863636363636 22
240 0.1 0.98828125 0.0 1.1015625 0.3984375 0.7832880434782609 23
250 0.1 0.98828125 0.0 1.1015625 0.3984375 0.7918294270833334 24
260 0.1 1.140625 0.0 1.140625 0.3984375 0.7996875 25
270 0.1 1.12109375 0.0 1.140625 0.3984375 0.8128004807692307 26
280 0.1 1.01953125 0.0 1.140625 0.3984375 0.82421875 27
290 0.1 1.01953125 0.0 1.140625 0.3984375 0.8311941964285714 28
300 0.1 1.01953125 0.0 1.140625 0.3984375 0.8376885775862069 29
310 0.1 0.9296875 0.0 1.140625 0.3984375 0.84375 30
320 0.1 0.94140625 0.0 1.140625 0.3984375 0.8465221774193549 31
330 0.1 0.94921875 0.0 1.140625 0.3984375 0.8494873046875 32
340 0.1 0.94921875 0.0 1.140625 0.3984375 0.8525094696969697 33
350 0.1 0.9609375 0.0 1.140625 0.3984375 0.8553538602941176 34
360 0.1 1.0390625 0.0 1.140625 0.3984375 0.8583705357142857 35
370 0.1 1.0390625 0.0 1.140625 0.3984375 0.8633897569444444 36
380 0.1 1.109375 0.0 1.140625 0.3984375 0.868137668918919 37
390 0.1 1.1015625 0.0 1.140625 0.3984375 0.8744860197368421 38
400 0.1 1.078125 0.0 1.140625 0.3984375 0.8803084935897436 39
410 0.1 1.0703125 0.0 1.140625 0.3984375 0.88525390625 40
420 0.1 1.05859375 0.0 1.140625 0.3984375 0.8897675304878049 41
430 0.1 1.109375 0.0 1.140625 0.3984375 0.8937872023809523 42
440 0.1 1.25 0.0 1.25 0.3984375 0.8988008720930233 43
450 0.1 1.2109375 0.0 1.25 0.3984375 0.9067826704545454 44
460 0.1 1.1796875 0.0 1.25 0.3984375 0.9135416666666667 45
470 0.1 1.1484375 0.0 1.25 0.3984375 0.919327445652174 46
480 0.1 1.05078125 0.0 1.25 0.3984375 0.9242021276595744 47
490 0.1 1.0390625 0.0 1.25 0.3984375 0.9268391927083334 48
500 0.1 1.109375 0.0 1.25 0.3984375 0.9291294642857143 49
510 0.1 1.23828125 0.0 1.25 0.3984375 0.932734375 50
520 0.1 1.19921875 0.0 1.25 0.3984375 0.9387254901960784 51
530 0.1 1.171875 0.0 1.25 0.3984375 0.9437349759615384 52
540 0.1 1.1484375 0.0 1.25 0.3984375 0.9480395047169812 53
550 0.1 1.12109375 0.0 1.25 0.3984375 0.9517505787037037 54
560 0.1 1.1796875 0.0 1.25 0.3984375 0.9548295454545455 55
570 0.1 1.23046875 0.0 1.25 0.3984375 0.9588448660714286 56
580 0.1 1.19921875 0.0 1.25 0.3984375 0.963610197368421 57
590 0.1 1.171875 0.0 1.25 0.3984375 0.9676724137931034 58
600 0.1 1.12890625 0.0 1.25 0.3984375 0.9711334745762712 59
610 0.1 1.19140625 0.0 1.25 0.3984375 0.9737630208333333 60
620 0.1 1.16015625 0.0 1.25 0.3984375 0.9773309426229508 61
630 0.1 1.140625 0.0 1.25 0.3984375 0.9802797379032258 62
640 0.1 1.12109375 0.0 1.25 0.3984375 0.9828249007936508 63
650 0.1 1.1015625 0.0 1.25 0.3984375 0.9849853515625 64
660 0.1 1.078125 0.0 1.25 0.3984375 0.9867788461538461 65
670 0.1 1.140625 0.0 1.25 0.3984375 0.9881628787878788 66
680 0.1 1.12109375 0.0 1.25 0.3984375 0.9904384328358209 67
690 0.1 1.1796875 0.0 1.25 0.3984375 0.9923598345588235 68
700 0.1 1.1484375 0.0 1.25 0.3984375 0.9950747282608695 69
710 0.1 1.12890625 0.0 1.25 0.3984375 0.997265625 70
720 0.1 1.109375 0.0 1.25 0.3984375 0.9991197183098591 71
730 0.1 1.08984375 0.0 1.25 0.3984375 1.0006510416666667 72
740 0.1 1.0 0.0 1.25 0.3984375 1.0018728595890412 73
750 0.1 1.0 0.0 1.25 0.3984375 1.0018475506756757 74
760 0.1 1.140625 0.0 1.25 0.3984375 1.0018229166666666 75
770 0.1 1.19921875 0.0 1.25 0.3984375 1.0036492598684208 76
780 0.1 1.08984375 0.0 1.25 0.3984375 1.0061891233766231 77
790 0.1 1.078125 0.0 1.25 0.3984375 1.0072616185897434 78
800 0.1 0.98828125 0.0 1.25 0.3984375 1.0081586234177213 79
810 0.1 0.91015625 0.0 1.25 0.3984375 1.00791015625 80
820 0.1 0.921875 0.0 1.25 0.3984375 1.0067033179012346 81
830 0.1 1.01953125 0.0 1.25 0.3984375 1.0056688262195121 82
840 0.1 1.01171875 0.0 1.25 0.3984375 1.005835843373494 83
850 0.1 1.01171875 0.0 1.25 0.3984375 1.0059058779761905 84
860 0.1 1.01171875 0.0 1.25 0.3984375 1.0059742647058822 85
870 0.1 1.01171875 0.0 1.25 0.3984375 1.0060410610465114 86
880 0.1 1.0 0.0 1.25 0.3984375 1.0061063218390802 87
890 0.1 1.0 0.0 1.25 0.3984375 1.0060369318181817 88
900 0.1 1.0 0.0 1.25 0.3984375 1.0059691011235954 89
910 0.1 1.0 0.0 1.25 0.3984375 1.0059027777777776 90
920 0.1 1.0 0.0 1.25 0.3984375 1.005837912087912 91
930 0.1 1.0 0.0 1.25 0.3984375 1.005774456521739 92
940 0.1 1.0 0.0 1.25 0.3984375 1.0057123655913978 93
950 0.1 1.0 0.0 1.25 0.3984375 1.0056515957446808 94
960 0.1 0.9296875 0.0 1.25 0.3984375 1.0055921052631578 95
970 0.1 0.94140625 0.0 1.25 0.3984375 1.0048014322916665 96
980 0.1 0.87109375 0.0 1.25 0.3984375 1.00414787371134 97
990 0.1 0.890625 0.0 1.25 0.3984375 1.0027901785714284 98
1000 0.1 0.8984375 0.0 1.25 0.3984375 1.0016571969696968 99
1010 0.1 0.921875 0.0 1.25 0.3984375 1.0006249999999999 100
1020 0.1 0.9296875 0.0 1.25 0.3984375 0.9998452970297028 101
1030 0.1 0.94140625 0.0 1.25 0.3984375 0.999157475490196 102
1040 0.1 0.80078125 0.0 1.25 0.3984375 0.9985967839805824 103
1050 0.1 0.828125 0.0 1.25 0.3984375 0.9966947115384615 104
1060 0.1 0.8515625 0.0 1.25 0.3984375 0.9950892857142856 105
1070 0.1 1.0390625 0.0 1.25 0.3984375 0.9937352594339621 106
1080 0.1 1.03125 0.0 1.25 0.3984375 0.9941588785046728 107
1090 0.1 1.01953125 0.0 1.25 0.3984375 0.9945023148148147 108
1100 0.1 1.01953125 0.0 1.25 0.3984375 0.9947319380733943 109
1110 0.1 1.171875 0.0 1.25 0.3984375 0.9949573863636363 110
1120 0.1 1.140625 0.0 1.25 0.3984375 0.9965512387387386 111
1130 0.1 1.0390625 0.0 1.25 0.3984375 0.9978376116071427 112
1140 0.1 1.03125 0.0 1.25 0.3984375 0.9982024336283185 113
1150 0.1 1.3515625 0.0 1.3515625 0.3984375 0.9984923245614034 114
1160 0.1 1.21875 0.0 1.3515625 0.3984375 1.0015625 115
1170 0.1 1.1796875 0.0 1.3515625 0.3984375 1.0034348060344827 116
1180 0.1 1.16015625 0.0 1.3515625 0.3984375 1.0049412393162391 117
1190 0.1 1.12890625 0.0 1.3515625 0.3984375 1.0062566207627117 118
1200 0.1 1.0390625 0.0 1.3515625 0.3984375 1.0072872899159662 119
1210 0.1 0.9609375 0.0 1.3515625 0.3984375 1.0075520833333331 120
1220 0.1 0.9609375 0.0 1.3515625 0.3984375 1.0071668388429749 121
1230 0.1 1.4609375 0.0 1.4609375 0.3984375 1.0067879098360653 122
1240 0.1 1.390625 0.0 1.4609375 0.3984375 1.0104801829268288 123
1250 0.1 1.328125 0.0 1.4609375 0.3984375 1.0135458669354833 124
1260 0.1 1.28125 0.0 1.4609375 0.3984375 1.0160624999999994 125
1270 0.1 1.23828125 0.0 1.4609375 0.3984375 1.0181671626984123 126
1280 0.1 1.19921875 0.0 1.4609375 0.3984375 1.0199003444881884 127
1290 0.1 1.171875 0.0 1.4609375 0.3984375 1.0213012695312496 128
1300 0.1 1.140625 0.0 1.4609375 0.3984375 1.0224685077519375 129
1310 0.1 1.109375 0.0 1.4609375 0.3984375 1.0233774038461534 130
1320 0.1 1.171875 0.0 1.4609375 0.3984375 1.024033874045801 131
1330 0.1 1.05859375 0.0 1.4609375 0.3984375 1.0251538825757571 132
1340 0.1 1.05078125 0.0 1.4609375 0.3984375 1.0254053101503755 133
1350 0.1 0.9609375 0.0 1.4609375 0.3984375 1.0255946828358204 134
1360 0.1 0.96875 0.0 1.4609375 0.3984375 1.0251157407407403 135
1370 0.1 0.96875 0.0 1.4609375 0.3984375 1.0247012867647054 136
1380 0.1 0.98046875 0.0 1.4609375 0.3984375 1.0242928832116784 137
1390 0.1 0.98828125 0.0 1.4609375 0.3984375 1.0239753170289851 138
1400 0.1 0.91015625 0.0 1.4609375 0.3984375 1.0237185251798557 139
1410 0.1 0.921875 0.0 1.4609375 0.3984375 1.022907366071428 140
1420 0.1 1.01171875 0.0 1.4609375 0.3984375 1.0221908244680846 141
1430 0.1 1.0 0.0 1.4609375 0.3984375 1.0221170774647883 142
1440 0.1 1.0 0.0 1.4609375 0.3984375 1.0219624125874123 143
1450 0.1 1.0 0.0 1.4609375 0.3984375 1.021809895833333 144
1460 0.1 1.0 0.0 1.4609375 0.3984375 1.0216594827586203 145
1470 0.1 1.0 0.0 1.4609375 0.3984375 1.021511130136986 146
1480 0.1 0.8515625 0.0 1.4609375 0.3984375 1.021364795918367 147
1490 0.1 0.80078125 0.0 1.4609375 0.3984375 1.0202174831081077 148
1500 0.1 1.12109375 0.0 1.4609375 0.3984375 1.018744756711409 149
1510 0.1 1.1015625 0.0 1.4609375 0.3984375 1.019427083333333 150
1520 0.1 1.01171875 0.0 1.4609375 0.3984375 1.0199710264900659 151
1530 0.1 1.0 0.0 1.4609375 0.3984375 1.0199167351973681 152
1540 0.1 1.0 0.0 1.4609375 0.3984375 1.019786560457516 153
1550 0.1 0.9296875 0.0 1.4609375 0.3984375 1.0196580762987009 154
1560 0.1 0.94140625 0.0 1.4609375 0.3984375 1.0190776209677415 155
1570 0.1 0.87109375 0.0 1.4609375 0.3984375 1.018579727564102 156
1580 0.1 0.890625 0.0 1.4609375 0.3984375 1.0176403264331204 157
1590 0.1 0.8984375 0.0 1.4609375 0.3984375 1.0168364319620247 158
1600 0.1 0.921875 0.0 1.4609375 0.3984375 1.0160917845911943 159
1610 0.1 0.9296875 0.0 1.4609375 0.3984375 1.0155029296874993 160
1620 0.1 0.94140625 0.0 1.4609375 0.3984375 1.0149699145962725 161
1630 0.1 0.94921875 0.0 1.4609375 0.3984375 1.014515817901234 162
1640 0.1 0.9609375 0.0 1.4609375 0.3984375 1.0141152223926373 163
1650 0.1 0.9609375 0.0 1.4609375 0.3984375 1.013790967987804 164
1660 0.1 1.2890625 0.0 1.4609375 0.3984375 1.0134706439393932 165
1670 0.1 1.23828125 0.0 1.4609375 0.3984375 1.0151308358433728 166
1680 0.1 1.2109375 0.0 1.4609375 0.3984375 1.0164670658682629 167
1690 0.1 1.171875 0.0 1.4609375 0.3984375 1.0176246279761898 168
1700 0.1 1.0703125 0.0 1.4609375 0.3984375 1.0185373520710053 169
1710 0.1 1.12890625 0.0 1.4609375 0.3984375 1.0188419117647052 170
1720 0.1 1.19140625 0.0 1.4609375 0.3984375 1.0194855628654964 171
1730 0.1 1.078125 0.0 1.4609375 0.3984375 1.0204851017441854 172
1740 0.1 1.140625 0.0 1.4609375 0.3984375 1.0208182803468202 173
1750 0.1 1.19921875 0.0 1.4609375 0.3984375 1.021506824712643 174
1760 0.1 1.171875 0.0 1.4609375 0.3984375 1.0225223214285708 175
1770 0.1 1.140625 0.0 1.4609375 0.3984375 1.0233709161931812 176
1780 0.1 1.19140625 0.0 1.4609375 0.3984375 1.0240333686440672 177
1790 0.1 1.16015625 0.0 1.4609375 0.3984375 1.0249736657303365 178
1800 0.1 1.140625 0.0 1.4609375 0.3984375 1.0257288756983236 179
1810 0.1 1.12109375 0.0 1.4609375 0.3984375 1.0263671874999996 180
1820 0.1 1.1015625 0.0 1.4609375 0.3984375 1.0268905386740326 181
1830 0.1 1.0 0.0 1.4609375 0.3984375 1.0273008241758235 182
1840 0.1 1.0 0.0 1.4609375 0.3984375 1.0271516393442615 183
1850 0.1 0.921875 0.0 1.4609375 0.3984375 1.0270040760869557 184
1860 0.1 0.9296875 0.0 1.4609375 0.3984375 1.0264358108108098 185
1870 0.1 1.01953125 0.0 1.4609375 0.3984375 1.0259156586021496 186
1880 0.1 1.1796875 0.0 1.4609375 0.3984375 1.0258815173796783 187
1890 0.1 1.1484375 0.0 1.4609375 0.3984375 1.0266996343085097 188
1900 0.1 1.12890625 0.0 1.4609375 0.3984375 1.0273437499999991 189
1910 0.1 1.109375 0.0 1.4609375 0.3984375 1.0278782894736833 190
1920 0.1 1.08984375 0.0 1.4609375 0.3984375 1.0283049738219887 191
1930 0.1 1.078125 0.0 1.4609375 0.3984375 1.0286254882812491 192
1940 0.1 0.91015625 0.0 1.4609375 0.3984375 1.0288819624352323 193
1950 0.1 0.76953125 0.0 1.4609375 0.3984375 1.0282699742268033 194
1960 0.1 0.73046875 0.0 1.4609375 0.3984375 1.0269431089743581 195
1970 0.1 0.76953125 0.0 1.4609375 0.3984375 1.0254304846938767 196
1980 0.1 0.80859375 0.0 1.4609375 0.3984375 1.0241315038071057 197
1990 0.1 0.83984375 0.0 1.4609375 0.3984375 1.0230429292929284 198
2000 0.1 1.3515625 0.0 1.4609375 0.3984375 1.0221223304020093 199
2010 0.1 1.2109375 0.0 1.4609375 0.3984375 1.0237695312499993 200
2020 0.1 1.1796875 0.0 1.4609375 0.3984375 1.0247007151741288 201
2030 0.1 1.1484375 0.0 1.4609375 0.3984375 1.025467976485148 202
2040 0.1 1.12890625 0.0 1.4609375 0.3984375 1.0260737376847284 203
2050 0.1 1.1796875 0.0 1.4609375 0.3984375 1.0265778186274503 204
2060 0.1 1.30078125 0.0 1.4609375 0.3984375 1.0273246951219506 205
2070 0.1 1.1796875 0.0 1.4609375 0.3984375 1.0286521541262128 206
2080 0.1 1.0703125 0.0 1.4609375 0.3984375 1.02938179347826 207
2090 0.1 1.05859375 0.0 1.4609375 0.3984375 1.029578575721153 208
2100 0.1 1.05078125 0.0 1.4609375 0.3984375 1.0297174043062194 209
2110 0.1 1.0390625 0.0 1.4609375 0.3984375 1.0298177083333326 210
2120 0.1 1.0390625 0.0 1.4609375 0.3984375 1.0298615225118477 211
2130 0.1 1.01953125 0.0 1.4609375 0.3984375 1.029904923349056 212
2140 0.1 1.01953125 0.0 1.4609375 0.3984375 1.0298562206572766 213
2150 0.1 1.01953125 0.0 1.4609375 0.3984375 1.0298079731308407 214
2160 0.1 1.01171875 0.0 1.4609375 0.3984375 1.0297601744186042 215
2170 0.1 1.01171875 0.0 1.4609375 0.3984375 1.0296766493055551 216
2180 0.1 1.01171875 0.0 1.4609375 0.3984375 1.0295938940092162 217
2190 0.1 1.01171875 0.0 1.4609375 0.3984375 1.0295118979357794 218
2200 0.1 1.01171875 0.0 1.4609375 0.3984375 1.029430650684931 219
2210 0.1 1.0 0.0 1.4609375 0.3984375 1.0293501420454538 220
2220 0.1 0.921875 0.0 1.4609375 0.3984375 1.0292173359728498 221
2230 0.1 0.9296875 0.0 1.4609375 0.3984375 1.028733811936936 222
2240 0.1 0.94140625 0.0 1.4609375 0.3984375 1.028289658071748 223
2250 0.1 0.94921875 0.0 1.4609375 0.3984375 1.027901785714285 224
2260 0.1 0.9609375 0.0 1.4609375 0.3984375 1.0275520833333325 225
2270 0.1 1.0390625 0.0 1.4609375 0.3984375 1.027257328539822 226
2280 0.1 1.03125 0.0 1.4609375 0.3984375 1.0273093337004398 227
2290 0.1 1.03125 0.0 1.4609375 0.3984375 1.0273266173245608 228
2300 0.1 0.94921875 0.0 1.4609375 0.3984375 1.0273437499999993 229
2310 0.1 0.9609375 0.0 1.4609375 0.3984375 1.0270040760869559 230
2320 0.1 0.9609375 0.0 1.4609375 0.3984375 1.026718073593073 231
2330 0.1 0.890625 0.0 1.4609375 0.3984375 1.0264345366379304 232
2340 0.1 0.8984375 0.0 1.4609375 0.3984375 1.0258516630901282 233
2350 0.1 1.0 0.0 1.4609375 0.3984375 1.0253071581196576 234
2360 0.1 0.921875 0.0 1.4609375 0.3984375 1.0251994680851058 235
2370 0.1 0.9296875 0.0 1.4609375 0.3984375 1.0247616525423722 236
2380 0.1 0.859375 0.0 1.4609375 0.3984375 1.02436049578059 237
2390 0.1 0.80859375 0.0 1.4609375 0.3984375 1.023667279411764 238
2400 0.1 0.83984375 0.0 1.4609375 0.3984375 1.0227673901673635 239
2410 0.1 0.859375 0.0 1.4609375 0.3984375 1.0220052083333329 240
2420 0.1 0.87890625 0.0 1.4609375 0.3984375 1.021330394190871 241
2430 0.1 0.8984375 0.0 1.4609375 0.3984375 1.020741864669421 242
2440 0.1 0.828125 0.0 1.4609375 0.3984375 1.0202385545267485 243
2450 0.1 0.859375 0.0 1.4609375 0.3984375 1.0194512038934422 244
2460 0.1 0.87890625 0.0 1.4609375 0.3984375 1.0187978316326527 245
2470 0.1 0.8984375 0.0 1.4609375 0.3984375 1.0182291666666663 246
2480 0.1 0.91015625 0.0 1.4609375 0.3984375 1.017744180161943 247
2490 0.1 1.0 0.0 1.4609375 0.3984375 1.0173103578629028 248
2500 0.1 1.0 0.0 1.4609375 0.3984375 1.0172408383534133 249
2510 0.1 1.0 0.0 1.4609375 0.3984375 1.0171718749999996 250
2520 0.1 1.0 0.0 1.4609375 0.3984375 1.0171034611553782 251
2530 0.1 0.921875 0.0 1.4609375 0.3984375 1.0170355902777772 252
2540 0.1 0.9296875 0.0 1.4609375 0.3984375 1.0166594614624502 253
2550 0.1 0.859375 0.0 1.4609375 0.3984375 1.016317052165354 254
2560 0.1 0.80859375 0.0 1.4609375 0.3984375 1.0157015931372544 255
2570 0.1 0.91015625 0.0 1.4609375 0.3984375 1.0148925781249996 256
2580 0.1 0.8515625 0.0 1.4609375 0.3984375 1.0144850437743187 257
2590 0.1 0.80078125 0.0 1.4609375 0.3984375 1.0138535610465111 258
2600 0.1 0.76171875 0.0 1.4609375 0.3984375 1.0130308880308876 259
2610 0.1 0.87109375 0.0 1.4609375 0.3984375 1.012064302884615 260
2620 0.1 0.80859375 0.0 1.4609375 0.3984375 1.0115241858237543 261
2630 0.1 0.83984375 0.0 1.4609375 0.3984375 1.0107496421755722 262
2640 0.1 0.9296875 0.0 1.4609375 0.3984375 1.010099809885931 263
2650 0.1 1.01953125 0.0 1.4609375 0.3984375 1.0097952178030298 264
2660 0.1 0.859375 0.0 1.4609375 0.3984375 1.0098319575471695 265
2670 0.1 0.80859375 0.0 1.4609375 0.3984375 1.0092663298872175 266
2680 0.1 0.98046875 0.0 1.4609375 0.3984375 1.0085147471910108 267
2690 0.1 0.98828125 0.0 1.4609375 0.3984375 1.0084100979477608 268
2700 0.1 0.91015625 0.0 1.4609375 0.3984375 1.0083352695167282 269
2710 0.1 0.921875 0.0 1.4609375 0.3984375 1.0079716435185182 270
2720 0.1 0.9296875 0.0 1.4609375 0.3984375 1.007653943726937 271
2730 0.1 0.7890625 0.0 1.4609375 0.3984375 1.0073673023897054 272
2740 0.1 0.73828125 0.0 1.4609375 0.3984375 1.0065676510989008 273
2750 0.1 0.62890625 0.0 1.4609375 0.3984375 1.0055885036496346 274
2760 0.1 0.6015625 0.0 1.4609375 0.3984375 1.0042187499999995 275
2770 0.1 0.66015625 0.0 1.4609375 0.3984375 1.0027598505434778 276
2780 0.1 0.640625 0.0 1.4609375 0.3984375 1.0015230144404328 277
2790 0.1 0.69921875 0.0 1.4609375 0.3984375 1.0002248201438846 278
2800 0.1 0.73828125 0.0 1.4609375 0.3984375 0.9991459453405014 279
2810 0.1 0.78125 0.0 1.4609375 0.3984375 0.9982142857142853 280
2820 0.1 0.80859375 0.0 1.4609375 0.3984375 0.997442170818505 281
2830 0.1 0.83984375 0.0 1.4609375 0.3984375 0.9967724955673755 282
2840 0.1 0.7890625 0.0 1.4609375 0.3984375 0.9962179770318017 283
2850 0.1 0.73828125 0.0 1.4609375 0.3984375 0.9954885563380278 284
2860 0.1 0.69921875 0.0 1.4609375 0.3984375 0.9945860745614031 285
2870 0.1 0.671875 0.0 1.4609375 0.3984375 0.9935533216783213 286
2880 0.1 0.640625 0.0 1.4609375 0.3984375 0.9924324912891982 287
2890 0.1 0.78125 0.0 1.4609375 0.3984375 0.9912109374999996 288
2900 0.1 0.80859375 0.0 1.4609375 0.3984375 0.9904844290657435 289
2910 0.1 0.76171875 0.0 1.4609375 0.3984375 0.9898572198275858 290
2920 0.1 1.109375 0.0 1.4609375 0.3984375 0.9890732388316147 291
2930 0.1 1.01171875 0.0 1.4609375 0.3984375 0.9894852311643831 292
2940 0.1 1.01171875 0.0 1.4609375 0.3984375 0.9895611134812283 293
2950 0.1 1.01171875 0.0 1.4609375 0.3984375 0.9896364795918363 294
2960 0.1 0.9296875 0.0 1.4609375 0.3984375 0.9897113347457623 295
2970 0.1 0.859375 0.0 1.4609375 0.3984375 0.9895085515202698 296
2980 0.1 0.9609375 0.0 1.4609375 0.3984375 0.989070391414141 297
2990 0.1 0.9609375 0.0 1.4609375 0.3984375 0.9889759857382546 298
3000 0.1 1.0390625 0.0 1.4609375 0.3984375 0.9888822115384611 299
3010 0.1 1.0390625 0.0 1.4609375 0.3984375 0.9890494791666663 300
3020 0.1 1.03125 0.0 1.4609375 0.3984375 0.9892156353820595 301
3030 0.1 1.01953125 0.0 1.4609375 0.3984375 0.9893548220198671 302
3040 0.1 0.94140625 0.0 1.4609375 0.3984375 0.9894544141914188 303
3050 0.1 1.03125 0.0 1.4609375 0.3984375 0.9892963610197365 304
3060 0.1 0.94140625 0.0 1.4609375 0.3984375 0.9894339139344258 305
3070 0.1 0.94921875 0.0 1.4609375 0.3984375 0.9892769607843134 306
3080 0.1 0.96875 0.0 1.4609375 0.3984375 0.9891464780130289 307
3090 0.1 0.96875 0.0 1.4609375 0.3984375 0.9890802556818178 308
3100 0.1 0.96875 0.0 1.4609375 0.3984375 0.9890144619741097 309
3110 0.1 0.8984375 0.0 1.4609375 0.3984375 0.9889490927419351 310
3120 0.1 0.98828125 0.0 1.4609375 0.3984375 0.9886580586816717 311
3130 0.1 0.91015625 0.0 1.4609375 0.3984375 0.9886568509615381 312
3140 0.1 1.0 0.0 1.4609375 0.3984375 0.9884060503194885 313
3150 0.1 1.0 0.0 1.4609375 0.3984375 0.9884429737261143 314
3160 0.1 0.9296875 0.0 1.4609375 0.3984375 0.9884796626984124 315
3170 0.1 0.94140625 0.0 1.4609375 0.3984375 0.9882936115506326 316
3180 0.1 0.94921875 0.0 1.4609375 0.3984375 0.9881457018927441 317
3190 0.1 0.94921875 0.0 1.4609375 0.3984375 0.9880232900943393 318
3200 0.1 0.890625 0.0 1.4609375 0.3984375 0.9879016457680247 319
3210 0.1 0.828125 0.0 1.4609375 0.3984375 0.9875976562499996 320
3220 0.1 0.859375 0.0 1.4609375 0.3984375 0.987100856697819 321
3230 0.1 0.71875 0.0 1.4609375 0.3984375 0.9867041925465835 322
3240 0.1 0.76953125 0.0 1.4609375 0.3984375 0.9858746130030956 323
3250 0.1 0.80078125 0.0 1.4609375 0.3984375 0.9852068865740737 324
3260 0.1 0.91015625 0.0 1.4609375 0.3984375 0.9846394230769228 325
3270 0.1 0.921875 0.0 1.4609375 0.3984375 0.9844109470858893 326
3280 0.1 1.01171875 0.0 1.4609375 0.3984375 0.9842197056574921 327
3290 0.1 1.01171875 0.0 1.4609375 0.3984375 0.9843035442073167 328
3300 0.1 1.01171875 0.0 1.4609375 0.3984375 0.9843868731003036 329
3310 0.1 1.01171875 0.0 1.4609375 0.3984375 0.9844696969696967 330
3320 0.1 1.0 0.0 1.4609375 0.3984375 0.9845520203927489 331
3330 0.1 1.16015625 0.0 1.4609375 0.3984375 0.9845985504518069 332
3340 0.1 1.140625 0.0 1.4609375 0.3984375 0.9851257507507504 333
3350 0.1 1.19140625 0.0 1.4609375 0.3984375 0.9855913173652692 334
3360 0.1 1.16015625 0.0 1.4609375 0.3984375 0.9862056902985071 335
3370 0.1 1.05859375 0.0 1.4609375 0.3984375 0.9867234002976187 336
3390 0.1 1.05078125 0.0 1.4609375 0.3984375 0.9869366654302667 337
3400 0.1 1.0390625 0.0 1.4609375 0.3984375 0.9871255547337274 338
3410 0.1 1.109375 0.0 1.4609375 0.3984375 0.9872787610619466 339
3420 0.1 1.16015625 0.0 1.4609375 0.3984375 0.9876378676470585 340
3430 0.1 1.05859375 0.0 1.4609375 0.3984375 0.9881437866568912 341
3440 0.1 1.05078125 0.0 1.4609375 0.3984375 0.988349780701754 342
3450 0.1 1.0390625 0.0 1.4609375 0.3984375 0.98853179664723 343
3460 0.1 1.03125 0.0 1.4609375 0.3984375 0.9886786882267439 344
3470 0.1 0.94921875 0.0 1.4609375 0.3984375 0.988802083333333 345
3480 0.1 0.94921875 0.0 1.4609375 0.3984375 0.9886876806358378 346
3490 0.1 0.890625 0.0 1.4609375 0.3984375 0.9885739373198844 347
3500 0.1 0.8984375 0.0 1.4609375 0.3984375 0.9882924748563215 348
3510 0.1 0.921875 0.0 1.4609375 0.3984375 0.9880350107449853 349
3520 0.1 0.9296875 0.0 1.4609375 0.3984375 0.9878459821428568 350
3530 0.1 0.94140625 0.0 1.4609375 0.3984375 0.9876802884615381 351
3540 0.1 0.94921875 0.0 1.4609375 0.3984375 0.9875488281249997 352
3550 0.1 0.9609375 0.0 1.4609375 0.3984375 0.9874402443342774 353
3560 0.1 0.9609375 0.0 1.4609375 0.3984375 0.9873653778248584 354
3570 0.1 0.96875 0.0 1.4609375 0.3984375 0.9872909330985913 355
3580 0.1 0.96875 0.0 1.4609375 0.3984375 0.9872388518258424 356
3590 0.1 0.98046875 0.0 1.4609375 0.3984375 0.9871870623249297 357
3600 0.1 0.98046875 0.0 1.4609375 0.3984375 0.9871682960893852 358
3610 0.1 0.98046875 0.0 1.4609375 0.3984375 0.9871496344011139 359
3620 0.1 0.98046875 0.0 1.4609375 0.3984375 0.9871310763888885 360
3630 0.1 0.98828125 0.0 1.4609375 0.3984375 0.9871126211911354 361
3640 0.1 0.98828125 0.0 1.4609375 0.3984375 0.9871158494475135 362
3650 0.1 0.98828125 0.0 1.4609375 0.3984375 0.987119059917355 363
3660 0.1 0.921875 0.0 1.4609375 0.3984375 0.9871222527472524 364
3670 0.1 0.9296875 0.0 1.4609375 0.3984375 0.9869434931506846 365
3680 0.1 0.94140625 0.0 1.4609375 0.3984375 0.9867870560109286 366
3690 0.1 0.94921875 0.0 1.4609375 0.3984375 0.9866634025885556 367
3700 0.1 0.9609375 0.0 1.4609375 0.3984375 0.9865616508152171 368
3710 0.1 0.9609375 0.0 1.4609375 0.3984375 0.9864922086720864 369
3720 0.1 0.96875 0.0 1.4609375 0.3984375 0.9864231418918916 370
3730 0.1 1.05078125 0.0 1.4609375 0.3984375 0.9863755053908353 371
3740 0.1 1.0390625 0.0 1.4609375 0.3984375 0.9865486391129029 372
3750 0.1 1.1796875 0.0 1.4609375 0.3984375 0.9866894269436994 373
3760 0.1 1.1484375 0.0 1.4609375 0.3984375 0.9872054645721922 374
3770 0.1 0.96875 0.0 1.4609375 0.3984375 0.9876354166666663 375
3780 0.1 1.05859375 0.0 1.4609375 0.3984375 0.9875851894946805 376
3790 0.1 0.96875 0.0 1.4609375 0.3984375 0.987773541114058 377
3800 0.1 0.8203125 0.0 1.4609375 0.3984375 0.987723214285714 378
3810 0.1 0.8515625 0.0 1.4609375 0.3984375 0.9872814973614773 379
3820 0.1 0.87109375 0.0 1.4609375 0.3984375 0.9869243421052628 380
3830 0.1 0.890625 0.0 1.4609375 0.3984375 0.9866203248031493 381
3840 0.1 0.91015625 0.0 1.4609375 0.3984375 0.986369028141361 382
3850 0.1 1.0 0.0 1.4609375 0.3984375 0.9861700391644905 383
3852 0.1 1.0703125 0.0 1.4609375 0.3984375 0.9862060546874997 384
