10 0.6 179.31368001302084 94.04750235488395 327.620849609375 84.259033203125 0 0
20 1.6 248.83204650878906 209.99483732144978 761.038818359375 68.10595703125 179.31368001302084 6
30 3.7 178.76868005701013 111.81572194309426 761.038818359375 31.43603515625 229.8724920099432 22
40 3.3 102.53031782670455 83.52874398616063 761.038818359375 26.77783203125 197.82433875132415 59
50 3.7 420.3026749894426 514.2613757961018 1856.888916015625 23.678955078125 163.64278776749322 92
60 7.6 94.85180664062499 69.8901409395796 1856.888916015625 22.491943359375 237.2584143350291 129
70 5 98.445859375 64.06358766662534 1856.888916015625 3.4970703125 184.46376953125 205
80 5.3 90.20959702977595 58.8652473743268 1856.888916015625 3.4970703125 167.59751263786765 255
90 4.1 101.59153487042683 70.05117338866367 1856.888916015625 3.4970703125 154.28076092608563 308
100 4.2 119.82901436941964 86.54701247058244 1856.888916015625 3.4970703125 148.09090915450395 349
110 4.1 94.76781035632622 69.68062470616351 1856.888916015625 3.4970703125 145.0551045995844 391
120 4.5 115.23517795138889 97.5259243775559 1856.888916015625 0.566162109375 140.28246787742333 432
130 4.1 85.94034632240853 62.24740236070677 1856.888916015625 0.566162109375 137.91951599760876 477
140 3.3 74.68314245975378 50.444343995928165 1856.888916015625 0.566162109375 133.80533461405042 518
150 4.6 101.05161981997283 72.65774220009504 1856.888916015625 0.566162109375 130.264441073049 551
160 6 79.43574625651041 64.02610073452774 1856.888916015625 0.566162109375 128.01353692289572 597
170 7 108.36579241071429 78.72255385148767 1856.888916015625 0.566162109375 123.57720900815734 657
180 7.4 143.42156157622463 102.53370375335385 1856.888916015625 0.566162109375 122.1125609176195 727
190 9.4 113.24970131732047 82.7958652504944 1856.888916015625 0.566162109375 124.08118270131087 801
200 8.6 130.20232160701303 77.43886559331828 1856.888916015625 0.566162109375 122.94357460064595 895
210 9 138.82355143229168 90.63729931364693 1856.888916015625 0.566162109375 123.57991735553644 981
220 7.2 105.91645643446182 68.35170760252551 1856.888916015625 0.566162109375 124.86089500904528 1071
230 7 106.69016462053571 73.5562104420647 1856.888916015625 0.566162109375 123.6675445476542 1143
240 8.7 88.92334545617815 67.66446775417212 1856.888916015625 0.566162109375 122.68781116356656 1213
250 8.2 101.75243247427593 70.08474106792072 1856.888916015625 0.566162109375 120.42818922776442 1300
260 10.3 133.65183176577668 104.24902674812213 1856.888916015625 0.566162109375 119.32007630896119 1382
270 11.2 117.46302141462054 72.5750507765113 1856.888916015625 0.566162109375 120.31413072785143 1485
280 10.7 174.0263763142523 143.52278228006392 1856.888916015625 0.566162109375 120.11417816486967 1597
290 12.1 152.19939025374484 114.16203658768131 1856.888916015625 0.566162109375 123.49950985617481 1704
300 12.6 101.75987025669643 83.10172459383277 1856.888916015625 0.566162109375 125.40235124143835 1825
310 11.7 139.77551791199247 100.26843084040453 1856.888916015625 0.566162109375 123.87546625728793 1951
320 15.8 264.35066628757914 161.50976464915277 1856.888916015625 0.566162109375 124.7750339766305 2068
330 13.6 223.27440329159018 194.38103864003466 1856.888916015625 0.566162109375 134.68201955844987 2226
340 13.9 322.51486798842166 243.2846514972738 1856.888916015625 0.566162109375 139.78302048465946 2362
350 11.2 118.6354304722377 80.74906846387235 1856.888916015625 0.566162109375 149.9388488745127 2501
360 11.3 189.62872908600664 259.3765740964632 1856.888916015625 0.566162109375 148.59710265903055 2613
370 13.1 145.0748058057013 94.89407084583407 1856.888916015625 0.566162109375 150.29797345369244 2726
380 14.7 174.36646670386904 131.5052459129733 1856.888916015625 0.566162109375 150.05847924232148 2857
390 15.2 200.4565606368216 164.33547745143085 1856.888916015625 0.566162109375 151.24798462076606 3004
400 17.6 200.02472201260662 146.9878618692093 1856.888916015625 0.566162109375 153.617979409879 3156
410 15.4 204.36203201095788 139.3526232016997 1856.888916015625 0.566162109375 156.06923592190785 3332
420 19.1 456.04873864937827 272.3340958803161 1856.888916015625 0.566162109375 158.20265261660484 3486
430 18.5 372.81726008234784 211.3533585483155 1856.888916015625 0.566162109375 173.67412458621587 3677
440 18.8 586.8064367416057 333.82663848297307 1856.888916015625 0.566162109375 183.2136067371181 3862
450 19.5 676.0976888020834 208.56927619301712 1856.888916015625 0.566162109375 201.9482862533758 4050
460 17.1 473.66461360105995 257.00460242164803 1856.888916015625 0.566162109375 223.72900085808675 4245
470 19 300.130577970806 258.64686660221423 1856.888916015625 0.566162109375 233.40721412326982 4416
480 16.4 528.9793284346422 315.29077986996634 1856.888916015625 0.566162109375 236.1595890974409 4606
490 18.8 356.35108071185175 208.46502149987285 1856.888916015625 0.566162109375 246.22718600547043 4770
500 19.8 643.1777331419669 251.66981911640715 1856.888916015625 0.566162109375 250.40292061716863 4958
510 19.5 695.6077574118586 268.90737181078595 1856.888916015625 0.566162109375 265.4862047288657 5156
520 22.4 893.3238427298407 340.99625030351365 2710.9658203125 0.566162109375 281.16060255603514 5351
530 20.1 1418.4060508006837 314.2956160298393 2710.9658203125 0.566162109375 305.7569372284894 5575
540 21.8 626.9685394567084 252.20735275543692 2710.9658203125 0.566162109375 344.4762017416492 5776
550 19.4 2007.4099246939427 818.3758067521201 3713.64501953125 0.566162109375 354.75036417439577 5994
560 22.9 2887.4660314035195 259.13576849858754 3713.64501953125 0.566162109375 406.56289726114306 6188
570 19.1 2915.613124028551 434.2792562424487 3942.781005859375 0.566162109375 495.0975423785818 6417
580 22.3 3315.108967734024 385.0694835891047 6554.337158203125 0.566162109375 565.0609921508493 6608
590 20.5 3054.466877858232 659.777623546145 6554.337158203125 0.566162109375 654.837115493705 6831
600 20.7 4327.3866314726765 424.9425537033772 8254.030029296875 0.566162109375 724.752422668908 7036
610 20.5 5209.1949576028965 432.2389388745949 8254.030029296875 0.566162109375 827.713251223703 7243
620 21.8 5584.576959172519 490.1410872002434 8254.030029296875 0.566162109375 948.3098878788768 7448
630 22.6 5536.767492783812 261.09668366702556 8254.030029296875 0.566162109375 1080.1525987505197 7666
640 21.9 6264.814633722174 493.8895134813106 8254.030029296875 0.566162109375 1207.7748701711384 7892
650 23.9 7218.9458406200965 449.89786080438887 8254.030029296875 0.566162109375 1344.3168142246063 8111
660 21.4 7574.432859046436 760.7561614987615 9038.9599609375 0.566162109375 1512.4648785729323 8350
670 21.5 10072.460469658421 1175.718052486065 11224.5849609375 0.566162109375 1663.943293778599 8564
680 21.9 11205.178895993866 791.4240865063198 15377.318115234375 0.566162109375 1869.870072775542 8779
690 21.3 12746.07392761517 1068.9298506119335 15377.318115234375 0.566162109375 2097.079745178833 8998
700 21.9 14180.83124531785 1405.629695793232 18477.846923828125 0.566162109375 2343.332677635563 9211
710 20.3 15505.634433689964 1157.4827386811837 18477.846923828125 0.566162109375 2618.2438320706024 9430
720 22.7 15904.1992875826 1436.1256283810715 18477.846923828125 0.566162109375 2889.8248859612627 9633
730 23 16104.741424295176 1454.7007861524976 20286.987060546875 0.566162109375 3189.4458787774943 9860
740 21 17007.71114676339 1696.8941836105996 20286.987060546875 0.566162109375 3483.8480567228926 10090
750 23.3 18880.64442961205 2614.2297199138848 20286.987060546875 0.566162109375 3759.577304189738 10300
760 22 20339.495477849778 2158.2132112598274 21557.445068359375 0.566162109375 4094.069722325444 10533
770 22.1 21119.23391212705 1173.2064533585092 25777.973876953125 0.566162109375 4426.441494502079 10753
780 22.3 22288.871262349356 3039.0668766291383 25777.973876953125 0.566162109375 4762.6094482377375 10974
790 23.2 23481.946670006062 2314.495232141306 28341.62890625 0.566162109375 5111.663336292296 11197
800 20.3 25166.023265519165 4117.644370161744 31943.73681640625 0.566162109375 5484.566104112892 11429
810 20.8 24969.51959345891 4980.179799095007 34571.697021484375 0.566162109375 5828.0440789895665 11632
820 22 28343.47110262784 6657.9307765761905 38344.057861328125 0.566162109375 6164.313243432947 11840
830 23.5 28399.280079163902 7313.751304981485 40856.069091796875 0.566162109375 6568.908162920748 12060
840 20.2 26238.752087281482 7466.437522965861 43382.1279296875 0.566162109375 6986.162119839588 12295
850 24.3 28737.980329097543 10114.826102330739 44740.321044921875 0.566162109375 7297.358660883299 12497
860 24.5 28441.379829001915 9458.044020382247 47236.796875 0.566162109375 7706.312433675769 12740
870 20.5 25791.14947122713 8985.979875978863 52068.7431640625 0.566162109375 8097.540120380036 12985
880 24.4 28060.10894675333 9789.40823737648 52068.7431640625 0.566162109375 8372.535565180919 13190
890 22 29561.54900679155 10208.425979235784 52068.7431640625 0.566162109375 8730.118407603404 13434
900 25 26004.5569765625 9597.07215530141 52068.7431640625 0.566162109375 9065.764718707944 13654
910 20.9 29454.334173613195 10144.645770059878 52068.7431640625 0.566162109375 9370.331610570978 13904
920 18 27289.24814860026 8252.814325231984 52068.7431640625 0.566162109375 9667.756434185789 14113
930 25 30896.715573242185 12435.095340682674 104664.6650390625 0.566162109375 9889.674051802427 14293
940 24.2 30743.99809126421 11473.568183174086 104664.6650390625 0.566162109375 10250.7935168619 14543
950 16.3 27863.43502863784 10402.5614040083 104664.6650390625 0.566162109375 10586.225069584618 14785
960 21.8 33217.575362179276 10418.302408710375 104664.6650390625 0.566162109375 10774.6238669706 14948
970 22.1 29506.43850749434 9741.7414093 105892.6630859375 0.566162109375 11097.224646738205 15166
980 23.7 30446.08818833234 12067.639780515607 105892.6630859375 0.566162109375 11361.632020705001 15387
990 22.2 31094.928431605436 12840.87209181795 105892.6630859375 0.566162109375 11651.123579315325 15624
1000 22.4 27057.551308768143 13042.320266269766 153543.48095703125 0.566162109375 11923.528266757481 15846
1010 22.6 28974.19158773507 11483.264975365319 153543.48095703125 0.566162109375 12134.481668214255 16070
1020 22.9 30503.457643200738 10530.81817641851 153543.48095703125 0.566162109375 12368.022073332795 16296
1030 19.5 25884.523193359375 8711.10085295155 153543.48095703125 0.566162109375 12619.339153242008 16525
1040 24.7 32383.398808158836 23169.835356011758 221481.58520507813 0.566162109375 12774.04674222663 16720
1050 22.3 30620.311455559837 17033.858457858107 221481.58520507813 0.566162109375 13059.513233667973 16967
1060 24.3 29126.605492862655 17052.30342331048 225391.8798828125 0.566162109375 13287.323472381288 17190
1070 22.5 29950.699635416662 22497.389979641335 225391.8798828125 0.566162109375 13508.108508288875 17433
1080 23.6 31725.634178032305 23749.802842487057 225391.8798828125 0.566162109375 13717.621647013746 17658
1090 21.9 28935.338199423873 23968.847685171102 225391.8798828125 0.566162109375 13955.125333015778 17894
1100 24.3 31219.653622725375 25156.244193847975 225391.8798828125 0.566162109375 14136.247544562366 18113
1110 24.1 31373.510194137383 23484.316876782003 225391.8798828125 0.566162109375 14362.40071938224 18356
1120 21.6 26363.298768220135 15641.14208439857 225391.8798828125 0.566162109375 14582.849038111928 18597
1130 25.2 31123.19828481521 26587.462608991904 225391.8798828125 0.566162109375 14718.105357768727 18813
1140 23.9 31874.68293589827 26851.642904196182 226258.84692382813 0.566162109375 14934.946869314268 19065
1150 21 30505.11914178757 28924.112189145697 226258.84692382813 0.566162109375 15144.675263424999 19304
1160 23.1 29775.689384427416 10576.366010304668 226258.84692382813 0.566162109375 15309.976750278343 19514
1170 22.8 32621.13972767613 26974.811219286945 227375.74194335938 0.566162109375 15479.213499758638 19745
1180 23.3 31287.585155830846 26910.839261780435 227375.74194335938 0.566162109375 15674.895629632227 19973
1190 22.8 29926.908047860128 22332.06292229202 227375.74194335938 0.566162109375 15854.929117685493 20206
1200 25 33378.64194042968 29466.06314061203 228601.39013671875 0.566162109375 16011.942487367387 20434
1210 17.1 31612.231912177907 28423.462354099855 228601.39013671875 0.566162109375 16221.847479789818 20684
1220 24.3 33826.36793800638 24723.385018311306 228601.39013671875 0.566162109375 16348.040514454808 20855
1230 21.4 31694.871453115877 27614.806405546497 228601.39013671875 0.566162109375 16549.35028618308 21098
1240 25.7 32242.48920366461 28618.102459277852 228601.39013671875 0.566162109375 16701.43087597867 21312
1250 22.9 29009.217779834198 21033.025876876833 228601.39013671875 0.566162109375 16886.606451583255 21569
1260 24.6 32612.241499738 26387.267853608184 228601.39013671875 0.566162109375 17013.96116275719 21798
1270 21.6 30966.88827627676 31692.069401751367 228601.39013671875 0.566162109375 17188.030159440972 22044
1280 25.9 34640.670763641756 29263.10004415383 228601.39013671875 0.566162109375 17321.733364887357 22260
1290 21 28102.900048828124 24273.097575268286 228601.39013671875 0.566162109375 17520.92537102783 22519
1300 23.8 32916.71261263295 30818.631491834392 228601.39013671875 0.566162109375 17618.69538652953 22729
1310 25.6 30287.35638332367 18445.784503899125 228601.39013671875 0.566162109375 17777.2240624477 22967
1320 24.2 31034.317849907988 26800.77605742905 228601.39013671875 0.566162109375 17915.130184574227 23223
1330 21.4 25944.700159946336 16047.433963251915 228601.39013671875 0.566162109375 18050.4314168355 23465
1340 24.9 33119.86297337789 26637.449369340884 228601.39013671875 0.566162109375 18121.77621649029 23679
1350 19.3 27615.60780642811 21256.887152573498 228601.39013671875 0.566162109375 18277.849586703636 23928
1360 24.1 31267.985294832735 20961.50932803014 229500.77905273438 0.566162109375 18352.56404035012 24121
1370 24.8 33558.58640904581 24158.603486918164 229500.77905273438 0.566162109375 18480.329269901486 24362
1380 22 28623.359642444957 23883.326612025 229500.77905273438 0.566162109375 18632.275948914397 24610
1390 23.1 30508.958164231633 24316.41179172522 229500.77905273438 0.566162109375 18720.799445192155 24830
1400 25.1 30695.060769616826 20617.116026835276 229500.77905273438 0.566162109375 18829.45690754793 25061
1410 22.1 30652.73277538179 14534.575363607944 229500.77905273438 0.566162109375 18947.119145592307 25312
1420 20.7 29701.55823284646 23481.562797950464 229500.77905273438 0.566162109375 19048.43668024094 25533
1430 24.7 32169.261529961084 26212.899513649983 229500.77905273438 0.566162109375 19134.10863678287 25740
1440 23.4 29005.66166178386 12942.987332278752 229500.77905273438 0.566162109375 19258.00453721828 25987
1450 22.2 33373.16841854059 35955.89013894612 229599.96899414063 0.566162109375 19344.994040560956 26221
1460 22.2 34049.42597810214 30603.381357674465 229599.96899414063 0.566162109375 19462.766407989442 26443
1470 21.9 27425.508824736015 20729.62157014843 229599.96899414063 0.566162109375 19584.20793900632 26665
1480 22.9 34501.71171789711 25345.40059132985 229599.96899414063 0.566162109375 19648.084032369465 26884
1490 24 33703.23841552736 23954.95371218482 229599.96899414063 0.566162109375 19773.53974512666 27113
1500 22.3 27657.54724504274 24496.158195193017 229599.96899414063 0.566162109375 19895.7613544893 27353
1510 24.5 30973.15131935589 26246.281496698495 229599.96899414063 0.566162109375 19958.528915179515 27576
1520 24.1 33712.56168653562 27235.66699021625 229599.96899414063 0.566162109375 20055.526955833095 27821
1530 20 30449.62643920899 28757.58266960762 229599.96899414063 0.566162109375 20172.815294871627 28062
1540 24.6 32961.68538113729 26847.6426184132 229599.96899414063 0.566162109375 20245.54058780445 28262
1550 24.4 31742.642216916945 24096.25835448987 229599.96899414063 0.566162109375 20355.270194201246 28508
1560 22 29325.461688787287 21179.08710346841 229599.96899414063 0.566162109375 20451.907602852563 28752
1570 24.1 31309.025340986434 29732.739659772375 229599.96899414063 0.566162109375 20519.289278225533 28972
1580 22.5 31791.085240885426 25563.31002990376 229599.96899414063 0.566162109375 20608.301922977025 29213
1590 22.7 29864.086380609857 32990.85852041988 229599.96899414063 0.566162109375 20693.773974289255 29438
1600 24.4 34824.64185771004 29879.741854073953 229599.96899414063 0.566162109375 20763.94626204367 29665
1610 21.4 32078.255915276353 24909.17667917163 229599.96899414063 0.566162109375 20878.65453464866 29909
1620 22.2 29996.72504047016 27489.064008012017 229599.96899414063 0.566162109375 20958.218810964245 30123
1630 24.8 33942.36280675087 29748.906798134707 229599.96899414063 0.566162109375 21024.343325149457 30345
1640 24.9 31985.068047580946 23936.789895952123 229599.96899414063 0.566162109375 21129.062340330616 30593
1650 23.2 29703.16499486463 27410.38198400376 229599.96899414063 0.566162109375 21216.70728621951 30842
1660 23.9 29557.595180112447 26693.901320908073 229599.96899414063 0.566162109375 21280.06759349909 31074
1670 19.4 31321.707846730027 26071.778632550802 229599.96899414063 0.566162109375 21343.246755291337 31313
1680 24.8 32201.86677305162 32272.663517340323 229599.96899414063 0.566162109375 21404.687750998295 31507
1690 23.2 34133.163570009485 27233.654583428714 229599.96899414063 0.566162109375 21489.011492061723 31755
1700 24.4 35267.72265825114 32278.240343125275 229599.96899414063 0.566162109375 21580.71885074131 31987
1710 21.1 28650.376929983708 27924.3272344661 229599.96899414063 0.566162109375 21684.334280887204 32231
1720 24.2 32672.69328472046 27588.403584948806 229599.96899414063 0.566162109375 21729.640827923744 32442
1730 22.2 29794.477594049134 25425.02452682455 229599.96899414063 0.566162109375 21810.665754326412 32684
1740 22.2 33407.16427144917 28753.884856378743 229599.96899414063 0.566162109375 21864.52846107954 32906
1750 20.5 33480.62486661585 27781.661226397355 229599.96899414063 0.566162109375 21941.8788942449 33128
1760 24.4 32827.00191210136 29968.37286672144 229599.96899414063 0.566162109375 22012.842891614953 33333
1770 25.1 33509.54204568444 31359.899694593223 229599.96899414063 0.566162109375 22091.42807793293 33577
1780 24.5 34329.26042530293 33694.520476491845 229599.96899414063 0.566162109375 22176.14921444427 33828
1790 21.8 30672.049149539493 31213.8096849463 229599.96899414063 0.566162109375 22263.53548059813 34073
1800 24.9 41162.8148247286 49305.07848463248 229599.96899414063 0.566162109375 22316.991372226523 34291
1810 23.1 32267.099844003656 23727.492005106178 229599.96899414063 0.566162109375 22452.851535505994 34540
1820 23 29127.919609799592 24618.84871369348 229599.96899414063 0.566162109375 22518.052172797503 34771
1830 24.8 33302.984487225905 29834.536899275405 229599.96899414063 0.566162109375 22561.487203525496 35001
1840 22.1 34160.13011701073 30364.311548135167 229599.96899414063 0.566162109375 22637.060732600297 35249
1850 22.3 30123.997675737457 25817.628316089438 229599.96899414063 0.566162109375 22708.856569475254 35470
1860 23.1 31212.055599592466 19070.254530768252 229599.96899414063 0.566162109375 22755.18432188319 35693
1870 25.3 31694.52506060091 26605.750960123663 229599.96899414063 0.566162109375 22809.564047558248 35924
1880 25.4 32271.1010251984 23476.60815858868 229599.96899414063 0.566162109375 22871.700076977486 36177
1890 19.9 27764.321849727152 27196.08310821629 229599.96899414063 0.566162109375 22937.233491949573 36431
1900 24.6 31255.124940453512 24727.787970213645 229599.96899414063 0.566162109375 22963.45764109502 36630
1910 24.9 27889.3719693226 23222.410358891742 229599.96899414063 0.566162109375 23018.771399518988 36876
1920 24.6 28016.664707587017 19816.171748381985 229599.96899414063 0.566162109375 23051.43886192656 37125
1930 23.6 32231.06049411579 29742.52064343265 229599.96899414063 0.566162109375 23084.123177519734 37371
1940 20.6 26263.940317098375 21159.88485875337 229599.96899414063 0.566162109375 23141.52411901245 37607
1950 23.5 32756.78539727394 24758.914648514838 229599.96899414063 0.566162109375 23158.534611086758 37813
1960 18.9 35264.99344178861 30093.30924666266 229599.96899414063 0.566162109375 23217.817331196988 38048
1970 26.2 33783.79762233123 25908.10400973149 229599.96899414063 0.566162109375 23277.3647926846 38237
1980 24.4 33307.04609154875 34149.01989232816 229599.96899414063 0.566162109375 23348.86497194555 38499
1990 24 31356.607722981764 24749.028613536175 229599.96899414063 0.566162109375 23411.580719130416 38743
2000 26.6 31503.21942092782 29399.359468093004 229599.96899414063 0.566162109375 23460.494514398208 38983
2010 15.6 36251.5031613081 41349.43758291701 229599.96899414063 0.566162109375 23515.002013318863 39249
2020 20.6 32343.106879076902 25604.08355826516 229599.96899414063 0.566162109375 23565.424400809952 39405
2030 23.3 35674.34011094257 26553.237334906666 229599.96899414063 0.566162109375 23611.073402110676 39611
2040 20.5 32580.63870403012 28813.108381646085 229599.96899414063 0.566162109375 23681.617050919976 39844
2050 25.3 35460.51103071732 34485.29290595844 229599.96899414063 0.566162109375 23727.16873607785 40049
2060 24.8 32728.08448840724 23901.347605882853 229599.96899414063 0.566162109375 23800.826013645805 40302
2070 22.7 33634.68302480556 28341.105680009245 229599.96899414063 0.566162109375 23855.424289890954 40550
2080 21.2 27916.53144116672 21066.49489447539 229599.96899414063 0.566162109375 23909.864090092677 40777
2090 24.7 33466.36501791024 29604.852299237726 229599.96899414063 0.566162109375 23930.58705182455 40989
2100 20.3 29585.584216488995 16641.943403708192 229599.96899414063 0.566162109375 23987.705520095555 41236
2110 23.9 31705.286618029204 27431.44493269667 229599.96899414063 0.566162109375 24015.128222751697 41439
2120 22.7 36603.8910960731 34381.67117066298 229599.96899414063 0.566162109375 24059.226976446003 41678
2130 20.1 31305.349951900665 25753.944765301243 229599.96899414063 0.566162109375 24127.18160608818 41905
2140 25.2 32422.17216951885 24899.514620157457 229599.96899414063 0.566162109375 24161.447787570825 42106
2150 23.8 34458.60279961595 32308.649393857475 229599.96899414063 0.566162109375 24210.593227493646 42358
2160 25.8 31751.870474881904 26991.811383820426 229599.96899414063 0.566162109375 24267.852741958974 42596
2170 22.6 30058.74611859617 25283.29524160533 229599.96899414063 0.566162109375 24312.90983289784 42854
2180 23.4 31589.240955320187 30411.287735342026 229599.96899414063 0.566162109375 24343.052799484838 43080
2190 23.5 29507.497758061836 19931.592782014734 229599.96899414063 0.566162109375 24382.19968105813 43314
2200 23.6 28545.632231114276 24743.708970146927 234505.1259765625 0.566162109375 24409.856918838464 43549
2210 22.9 33128.98471935553 27807.007730299305 234505.1259765625 0.566162109375 24432.148639146722 43785
2220 18.6 29929.348504179266 22247.58615999949 234505.1259765625 0.566162109375 24477.397320529184 44014
2230 24.9 33756.48475346699 26729.877277869804 234505.1259765625 0.566162109375 24500.33992053278 44200
2240 23.5 31417.909848736697 24178.271581193596 234505.1259765625 0.566162109375 24552.192157105044 44449
2250 20.3 30928.472681505926 25237.656176025113 234505.1259765625 0.566162109375 24588.300018029164 44684
2260 25.5 30811.294074563393 18356.802967048425 234505.1259765625 0.566162109375 24616.973243031633 44887
2270 25.6 29505.903940200806 23054.95395938507 234505.1259765625 0.566162109375 24651.96397919841 45142
2280 23.5 29642.59166389628 20919.857270366858 234505.1259765625 0.566162109375 24679.33541913005 45398
2290 24 29303.211676025392 27378.986005600702 234505.1259765625 0.566162109375 24704.895106582553 45633
2300 24 30033.091401163743 26374.208553074917 234505.1259765625 0.566162109375 24728.95274346408 45873
2310 21.5 31248.8810217569 31005.127910949628 234505.1259765625 0.566162109375 24756.558695751894 46113
2320 23.5 31521.568311585765 27095.00891692463 234505.1259765625 0.566162109375 24786.688407807043 46328
2330 23 34122.85558445142 33145.41374971187 234505.1259765625 0.566162109375 24820.678846081813 46563
2340 20.8 30294.39125882662 21786.22767624232 234505.1259765625 0.566162109375 24866.40151079288 46793
2350 23 35055.703149414054 30721.508481233363 234505.1259765625 0.566162109375 24890.4227415665 47001
2360 23.3 36522.222493838846 35078.550068457385 234505.1259765625 0.566162109375 24939.924435238136 47231
2370 20.9 32245.237645783494 31628.76283924419 234505.1259765625 0.566162109375 24996.781747046116 47464
2380 25.1 35136.373925197644 29295.42312525515 234505.1259765625 0.566162109375 25028.559216113223 47673
2390 24.3 31806.853210198045 28099.393196585985 234505.1259765625 0.566162109375 25081.498484370884 47924
2400 25.3 31337.68208548203 29117.011748801124 234505.1259765625 0.566162109375 25115.427547803858 48167
2410 20.9 29023.330368991104 28709.964890208037 234505.1259765625 0.566162109375 25147.939534545545 48420
2420 25.7 32111.028559703296 23530.069674296996 234505.1259765625 0.566162109375 25164.595371276697 48629
2430 20.4 30500.14509492762 28360.428117347477 234505.1259765625 0.566162109375 25201.113665459605 48886
2440 24.9 32766.49895774505 29929.267017463048 234505.1259765625 0.566162109375 25223.13449274849 49090
2450 22.9 31974.554830359586 27871.266255369992 234505.1259765625 0.566162109375 25261.203723008206 49339
2460 20.9 32059.59934303977 32875.26743853213 234505.1259765625 0.566162109375 25292.21884170542 49568
2470 24 35303.210653686525 27564.488486402803 234505.1259765625 0.566162109375 25320.633220329662 49777
2480 19.6 30885.75485416335 29127.502820568843 234505.1259765625 0.566162109375 25368.533305980654 50017
2490 23.5 34879.13636760302 31002.971068897346 234505.1259765625 0.566162109375 25390.06907208592 50213
2500 25.1 34335.882592676164 31741.4245349602 234505.1259765625 0.566162109375 25434.27163342525 50448
2510 24.6 32355.661053417178 24318.718392951047 234505.1259765625 0.566162109375 25478.34162200041 50699
2520 25 30717.952334960937 29720.068102402827 234505.1259765625 0.566162109375 25511.55038792697 50945
2530 21.8 29625.99902231759 28567.95726195247 234505.1259765625 0.566162109375 25536.974755282346 51195
2540 25.6 33402.1934680939 29258.89077674488 234505.1259765625 0.566162109375 25554.312924426602 51413
2550 21.1 27593.88675346194 21172.735044374407 234505.1259765625 0.566162109375 25593.19615071662 51669
2560 24.2 31374.135490984958 23900.209864129487 234505.1259765625 0.566162109375 25601.333115195786 51880
2570 21.8 29420.2858909117 25775.650345440736 234505.1259765625 0.566162109375 25628.135965718426 52122
2580 24.1 32436.193542733712 29849.49455516267 234505.1259765625 0.566162109375 25643.93055272057 52340
2590 23.5 34917.11864611036 29509.557958738376 234505.1259765625 0.566162109375 25675.062242505723 52581
2600 24.6 31921.09352471576 23709.348210636774 234505.1259765625 0.566162109375 25716.18393394103 52816
2610 21.7 29461.38070186492 28187.9688262223 234505.1259765625 0.566162109375 25744.950428971944 53062
2620 23.8 30118.784899799764 21175.787272867743 234505.1259765625 0.566162109375 25760.087075103023 53279
2630 24.5 33009.79003308356 26364.949529211463 234505.1259765625 0.566162109375 25779.47101071746 53517
2640 21.2 31064.351356362407 31947.228022168914 234505.1259765625 0.566162109375 25812.42045754756 53762
2650 24.5 30760.897422074286 20745.35611897949 234505.1259765625 0.566162109375 25833.04908152482 53974
2660 20 30114.010783691414 22732.504488353392 234505.1259765625 0.566162109375 25855.316604781146 54219
2670 24 33976.13782145183 29298.928572994995 234505.1259765625 0.566162109375 25870.96810215857 54419
2680 25.1 33922.13599994556 30301.813301129063 234505.1259765625 0.566162109375 25906.556765189915 54659
2690 21.9 32300.203324548704 31164.047795587503 234505.1259765625 0.566162109375 25943.196910662937 54910
2700 20.8 31165.269768348113 25366.193473728115 234505.1259765625 0.566162109375 25968.450124119394 55129
2710 24.7 33914.48863905936 25037.150169917462 234505.1259765625 0.566162109375 25987.98386259455 55337
2720 22.9 32968.274756285835 29925.03830234763 234505.1259765625 0.566162109375 26023.20706854926 55584
2730 23.3 32660.417674314318 30529.64091824895 234505.1259765625 0.566162109375 26051.702589314886 55813
2740 24.4 33011.9426189485 28612.31452327704 234505.1259765625 0.566162109375 26079.176996316364 56046
2750 23.5 33412.4509734458 30654.66891789819 234505.1259765625 0.566162109375 26109.22842306929 56290
2760 23.7 27188.61422072785 23777.01430239298 234505.1259765625 0.566162109375 26139.591223588326 56525
2770 24.1 34910.76145941384 32666.965617893096 234505.1259765625 0.566162109375 26143.971239273502 56762
2780 20.7 27484.789275975618 17017.059085917455 234505.1259765625 0.566162109375 26181.03589276637 57003
2790 23.5 30857.093315741367 20714.906307010253 234505.1259765625 0.566162109375 26185.75319656508 57210
2800 24.3 31391.80268815907 21902.819440353425 234505.1259765625 0.566162109375 26204.86303951062 57445
2810 25.3 28937.60579105423 12430.533500088774 234505.1259765625 0.566162109375 26226.712060704307 57688
2820 20.8 24709.124947181124 15799.236455869233 234505.1259765625 0.566162109375 26238.549207349664 57941
2830 24.8 29538.694362517326 20793.898661757226 234505.1259765625 0.566162109375 26233.078429759076 58149
2840 24.1 33204.34637577799 29786.348135160897 234505.1259765625 0.566162109375 26247.116698014706 58397
2850 22.2 29175.83631690772 24324.39175667794 234505.1259765625 0.566162109375 26275.710653339596 58638
2860 22 32630.40347456498 27581.30787424797 234505.1259765625 0.566162109375 26286.648945852547 58860
2870 23.4 29068.16489090878 26595.197613837285 234505.1259765625 0.566162109375 26310.271593048157 59080
2880 24.1 31148.593497755126 24143.99165381079 234505.1259765625 0.566162109375 26321.15177364126 59314
2890 26.2 33084.546018644134 28891.04169050637 234505.1259765625 0.566162109375 26340.686883296396 59555
2900 20.6 30885.756155662166 34499.19085449492 234505.1259765625 0.566162109375 26370.22515993115 59817
2910 24.2 29827.351594783064 24085.367412068357 234505.1259765625 0.566162109375 26385.72254235323 60023
2920 20.6 37327.46991618627 38852.685182202025 234505.1259765625 0.566162109375 26399.54274032366 60265
2930 23 32610.722201936125 30162.25814327707 234505.1259765625 0.566162109375 26436.76972513006 60471
2940 24.7 33708.593442600206 24284.491529551753 234505.1259765625 0.566162109375 26460.163228855952 60701
2950 20.4 30717.347511441083 28411.87292881617 234505.1259765625 0.566162109375 26489.538471075466 60948
2960 24.1 32162.097924703405 24114.465832946637 234505.1259765625 0.566162109375 26503.642229648114 61152
2970 23.2 33748.73476436219 29796.47635255125 234505.1259765625 0.566162109375 26525.854661399426 61393
2980 20.2 34075.910425771544 37116.58854852031 234505.1259765625 0.566162109375 26553.04668061058 61625
2990 23.3 33772.93278798117 25435.657261745713 234505.1259765625 0.566162109375 26577.625238142442 61827
3000 23.2 37622.406185807835 31402.94702084699 234505.1259765625 0.566162109375 26604.639525269617 62060
3010 21.9 33183.23619880849 33942.421471838636 234505.1259765625 0.566162109375 26645.674037971807 62292
3020 22.3 32436.93154099811 25707.29903479388 234505.1259765625 0.566162109375 26668.577624752106 62511
3030 26 35156.0372661884 31844.258551050916 234505.1259765625 0.566162109375 26689.082341864403 62734
3040 22.5 32433.98919813368 29264.83144493438 234505.1259765625 0.566162109375 26724.028658661628 62994
3050 22.5 29567.60119357639 28717.59590158971 234505.1259765625 0.566162109375 26744.350731478044 63219
3060 23.7 32918.977494766936 27027.437063655758 234505.1259765625 0.566162109375 26754.36320474537 63444
3070 22.2 28833.52366514463 25209.614305126284 234505.1259765625 0.566162109375 26777.305897019913 63681
3080 24.7 33613.6580103824 30521.71260275877 234505.1259765625 0.566162109375 26784.449229015652 63903
3090 22.9 32738.95256955345 28291.431213457905 234505.1259765625 0.566162109375 26810.74407810369 64150
3100 22.4 28987.637609209334 27549.619479931534 234505.1259765625 0.566162109375 26831.831074555044 64379
3110 21.4 33509.47567264162 25356.679320630887 234505.1259765625 0.566162109375 26839.305969896788 64603
3120 25 36147.61732910157 31074.26089520603 234505.1259765625 0.566162109375 26861.32822202798 64817
3130 21.8 29316.07387829702 24475.15666448004 234505.1259765625 0.566162109375 26897.00794103713 65067
3140 23 32142.465553880786 27230.006899518223 234505.1259765625 0.566162109375 26905.085698168517 65285
3150 23.4 33134.484008789055 24615.685324755126 234505.1259765625 0.566162109375 26923.472286992663 65515
3160 22.5 31526.32913411457 27916.602738016427 234505.1259765625 0.566162109375 26945.57721243488 65749
3170 22.2 32963.31378998626 28188.674456781726 234505.1259765625 0.566162109375 26961.199566428542 65974
3180 23.8 32350.692467953977 23674.35579152236 234505.1259765625 0.566162109375 26981.328718607372 66196
3190 23 26790.8604014521 20886.073894474146 234505.1259765625 0.566162109375 27000.564479999797 66434
3200 24.4 29658.280007284204 20746.75624001104 234505.1259765625 0.566162109375 26999.840971988488 66664
3210 23 34226.16495945142 32850.56871055133 234505.1259765625 0.566162109375 27009.535763711632 66908
3220 19.8 29416.01572117661 32278.559321790195 234505.1259765625 0.566162109375 27034.2583457817 67138
3230 25.9 32889.242431640654 26452.621230018623 234505.1259765625 0.566162109375 27041.26185000423 67336
3240 25 33791.032472656254 26513.622057440574 234505.1259765625 0.566162109375 27063.66923177276 67595
3250 21.2 27916.394078668567 24883.457652163648 234505.1259765625 0.566162109375 27088.45869024753 67845
3260 25.4 32149.00080258828 27578.882249103302 234505.1259765625 0.566162109375 27091.037738726678 68057
3270 22.7 31522.70848318764 25622.679210383976 234505.1259765625 0.566162109375 27109.844704196672 68311
3280 20.9 32903.95529189405 34328.98666619288 234505.1259765625 0.566162109375 27124.460247075527 68538
3290 24 30729.65509643555 11790.733645871167 234505.1259765625 0.566162109375 27142.03067872152 68747
3300 20.7 30467.201600005654 24674.504417516484 234505.1259765625 0.566162109375 27154.51172384961 68987
3310 22.7 31615.000853954436 27241.22544767792 234505.1259765625 0.566162109375 27164.421929999917 69194
3320 24.5 32289.934353077184 18866.59616226915 234505.1259765625 0.566162109375 27178.974895467683 69421
3330 23.7 33226.51073394647 30182.241739944737 234505.1259765625 0.566162109375 27196.94901580062 69666
3340 22.4 32823.35673195971 35920.56256034994 234505.1259765625 0.566162109375 27217.391716789138 69903
3350 23.3 31127.062737853743 24230.850625460505 234505.1259765625 0.566162109375 27235.298317148463 70127
3360 25.2 33024.07899693081 31638.45421393125 234505.1259765625 0.566162109375 27248.186053220437 70360
3370 25.7 31747.891707008457 28574.520947403227 234505.1259765625 0.566162109375 27268.799051320126 70612
3380 20.9 27175.50206643429 22955.641012197273 234505.1259765625 0.566162109375 27285.04207453919 70869
3390 25 28655.577331054687 19758.614764882357 234505.1259765625 0.566162109375 27284.71997963368 71078
3400 24.5 30667.26120555645 29094.526504856094 234505.1259765625 0.566162109375 27289.524745473955 71328
3410 24.1 27610.520599998374 16466.516206067958 234505.1259765625 0.566162109375 27301.087002648033 71573
3420 22 34525.98853093929 33607.08434936493 234505.1259765625 0.566162109375 27302.125428260886 71814
3430 21.9 30609.61683856842 27920.974122710402 234505.1259765625 0.566162109375 27324.187924895657 72034
3440 23.9 34045.37016519844 27684.22294934928 234505.1259765625 0.566162109375 27334.146112543152 72253
3450 21.6 30375.718860767505 16245.877918022608 234505.1259765625 0.566162109375 27356.272451292043 72492
3460 23 31732.206571628732 27311.875620913743 234505.1259765625 0.566162109375 27365.242584213407 72708
3470 22.9 32986.524005739986 28240.811704420314 234505.1259765625 0.566162109375 27379.013207442804 72938
3480 23.6 36387.43836276812 36637.34907720447 234505.1259765625 0.566162109375 27396.563742148475 73167
3490 24.2 31425.33774333356 27069.84084731988 234505.1259765625 0.566162109375 27425.470549914728 73403
3500 21.1 30811.670021382553 28753.889553277924 234505.1259765625 0.566162109375 27438.61425092372 73645
3510 20.9 30052.290002850255 25211.17353837336 234505.1259765625 0.566162109375 27448.25077019862 73856
3520 24 36290.38766581217 32499.61946298156 234505.1259765625 0.566162109375 27455.59896704766 74065
3530 25.3 31563.720742689293 26379.53887496721 234505.1259765625 0.566162109375 27484.13472221492 74305
3540 23.1 31768.462926559117 27570.254194501038 234505.1259765625 0.566162109375 27497.978109419244 74558
3550 21.9 29104.87592416702 28138.31239323494 234505.1259765625 0.566162109375 27511.16831109007 74789
3560 24.6 31676.80794370079 27259.567888970305 234505.1259765625 0.566162109375 27515.821440986398 75008
3570 23.2 34353.86259092132 27345.234476600668 234505.1259765625 0.566162109375 27529.423411375585 75254
3580 22.1 29159.3670228984 24386.32653326908 234505.1259765625 0.566162109375 27550.39776277392 75486
3590 24.3 30534.54532375258 23713.580731464033 234505.1259765625 0.566162109375 27555.094583497066 75707
3600 24.5 32341.17250079719 26466.79662511111 234505.1259765625 0.566162109375 27564.627256701573 75950
3610 23.4 29441.00517285991 27663.119165668053 234505.1259765625 0.566162109375 27579.9859230813 76195
3620 24.7 29627.34045261893 25192.63681776732 234505.1259765625 0.566162109375 27585.683740721834 76429
3630 23.6 32953.75838354079 29618.293720018108 234505.1259765625 0.566162109375 27592.260625377246 76676
3640 21.6 27961.73399070457 24888.067003270175 234505.1259765625 0.566162109375 27608.712069507248 76912
3650 25.2 33643.13239106678 28504.72908846716 234505.1259765625 0.566162109375 27609.70072129361 77128
3660 22.1 30850.802370925834 30624.94416966336 234505.1259765625 0.566162109375 27629.349529522904 77380
3670 24 31809.276402791333 30472.247656092193 234505.1259765625 0.566162109375 27638.523909723546 77601
3680 24.1 35241.78652384268 32674.670795251524 234505.1259765625 0.566162109375 27651.383207501527 77841
3690 20.7 30685.857586994247 31577.42029213141 234505.1259765625 0.566162109375 27674.810978296824 78082
3700 24 32089.752392578128 24073.296620173634 234505.1259765625 0.566162109375 27682.772334911424 78289
3710 23.9 34186.35209164161 28075.478132500135 234505.1259765625 0.566162109375 27696.240928855572 78529
3720 20.7 29953.05753226902 28537.07564450938 234505.1259765625 0.566162109375 27715.933400010174 78768
3730 25.9 32175.864259697726 26143.758720939473 234505.1259765625 0.566162109375 27721.79708719444 78975
3740 24.4 31837.676020387746 30231.476893364397 234505.1259765625 0.566162109375 27736.356536391486 79234
3750 23.1 34006.53210290687 30584.346379387218 234505.1259765625 0.566162109375 27748.94771827949 79478
3760 24.3 29380.43959880562 27688.02433889667 234505.1259765625 0.566162109375 27767.082458306955 79709
3770 20.3 35856.46573732872 34418.68835650004 234505.1259765625 0.566162109375 27771.98597272987 79952
3780 22 31287.57491787997 27462.66899304009 234505.1259765625 0.566162109375 27792.460670405795 80155
3790 25.1 30599.92619366285 19937.15384551008 234505.1259765625 0.566162109375 27802.027390585507 80375
3800 24.9 32587.641591757685 29760.886452840365 234505.1259765625 0.566162109375 27810.737640375555 80626
3810 24 32020.186104329427 30284.887265386045 234505.1259765625 0.566162109375 27825.44489334488 80875
3820 22.3 28104.682232912346 25965.1114659722 234505.1259765625 0.566162109375 27837.85613529318 81115
3830 25 33468.84147753905 29398.891142252774 234505.1259765625 0.566162109375 27838.587677988708 81338
3840 21.7 29445.12555578557 28435.76842349975 234505.1259765625 0.566162109375 27855.8397671426 81588
3850 24.3 32241.18678264851 26727.216635655146 234505.1259765625 0.566162109375 27860.05558544387 81805
3852 4.4 22699.353582208805 1555.5702997276649 234505.1259765625 0.566162109375 27873.031098325606 82048
