10 0.1 1105.73583984375 0 1105.73583984375 1105.73583984375 0 0
20 0.1 16490.215087890625 0.0 16490.215087890625 1105.73583984375 1105.73583984375 1
30 0.7 19189.18927873884 1395.3445296208706 22032.760009765625 1105.73583984375 8797.975463867188 2
40 0.4 21781.911682128906 3015.9996359495676 24574.281982421875 1105.73583984375 16880.030653211805 9
50 0.7 28730.250418526786 7237.370837863344 42337.58203125 1105.73583984375 18388.301739032453 13
60 1.2 24705.72196451823 8678.621646069076 42337.58203125 1105.73583984375 22007.983776855468 20
70 0.9 29232.254421657984 12201.487933982284 45457.43212890625 1105.73583984375 23019.635597229004 32
80 1.2 28901.755818684895 10173.112373606351 49431.39501953125 1105.73583984375 24383.381192835364 41
90 0.9 30379.326144748266 8594.773415484964 49431.39501953125 1105.73583984375 25406.409410008844 53
100 1.3 34450.50416917067 14576.150014307188 65229.450927734375 1105.73583984375 26128.284419890373 62
110 0.8 29694.762145996094 9805.728953513146 65229.450927734375 1105.73583984375 27570.802509765625 75
120 1.2 32195.537841796875 19750.2736182017 73072.47509765625 1105.73583984375 27775.52151084808 83
130 1.3 32382.7021484375 13713.636174698051 73072.47509765625 1105.73583984375 28333.839363178453 95
140 0.8 33655.59069824219 15457.56407153613 73072.47509765625 1105.73583984375 28821.202476218896 108
150 0.9 29461.400553385418 10545.944054582573 73072.47509765625 1105.73583984375 29154.608560496363 116
160 0.8 24093.327423095703 8020.793774139594 73072.47509765625 1105.73583984375 29176.697583984376 125
170 0.7 28680.9658203125 8386.856779149963 73072.47509765625 1105.73583984375 28870.930957765508 133
180 2.4 29160.066182454426 9029.111326541204 73072.47509765625 1105.73583984375 28861.432700892856 140
190 2 28758.786022949218 11583.259128341217 73072.47509765625 1105.73583984375 28905.135161609185 164
200 1.6 25610.438278198242 12480.43991612919 73072.47509765625 1105.73583984375 28889.22764653745 184
210 2.2 25392.936101740055 6492.391997929309 73072.47509765625 1105.73583984375 28626.92449707031 200
220 1.8 28818.605482313367 7493.303411341503 73072.47509765625 1105.73583984375 28306.439160596143 222
230 2 30784.08840332031 11020.82440386018 73072.47509765625 1105.73583984375 28344.851634724935 240
240 1.9 28606.055831106085 9915.68194752954 73072.47509765625 1105.73583984375 28532.485232309195 260
250 1.3 31897.902268629805 18185.471222102475 74866.19482421875 1105.73583984375 28537.49541645665 279
260 2.2 29134.9023548473 10303.63757589376 74866.19482421875 1105.73583984375 28687.102570834224 292
270 2.7 27145.619502314814 10229.04082022735 74866.19482421875 1105.73583984375 28718.477077994376 314
280 1.8 27248.79290093316 13688.601554991532 74866.19482421875 1105.73583984375 28593.939967896582 341
290 2.9 29898.455482219826 12115.77339283965 74866.19482421875 1105.73583984375 28526.495268160255 359
300 2.8 30363.60094342913 11955.203116309938 74866.19482421875 1105.73583984375 28629.038686221407 388
310 2.4 29177.375457763672 8980.56221039997 74866.19482421875 1105.73583984375 28745.788068918082 416
320 2.8 28755.822326660156 16008.258130322927 96639.0078125 1105.73583984375 28769.32919921875 440
330 3.2 28213.901565551758 10489.744154622556 96639.0078125 1105.73583984375 28768.52109573234 468
340 4.2 34350.300385974704 19396.160892154905 96983.27709960938 1105.73583984375 28733.02544580078 500
350 3 28895.326017252602 12907.611782166627 96983.27709960938 1105.73583984375 29168.312433784737 542
360 2.7 33908.312020761005 12351.676025982506 96983.27709960938 1105.73583984375 29153.9949643862 572
370 2.7 24695.860026041668 9088.095814895203 96983.27709960938 1105.73583984375 29368.29640098406 599
380 3.1 25072.709559286795 11017.108097225668 96983.27709960938 1105.73583984375 29166.769592480156 626
390 2.8 30085.23917061942 13678.60243212966 96983.27709960938 1105.73583984375 28973.594765952006 657
400 3.9 28216.5042568109 13193.701841163916 96983.27709960938 1105.73583984375 29019.03424526688 685
410 3 28169.140568033854 9131.235933252452 96983.27709960938 1105.73583984375 28975.804038706407 724
420 4.1 28407.00867592416 8979.441266269005 96983.27709960938 1105.73583984375 28943.708675151796 754
430 3.9 31548.87898137019 14340.022734486292 96983.27709960938 1105.73583984375 28916.0298072671 795
440 4.8 28664.6627146403 10733.433697165618 96983.27709960938 1105.73583984375 29039.14865353811 834
450 4.5 30146.49675564236 11008.856901775833 96983.27709960938 1105.73583984375 29018.768466387206 882
460 3.5 27725.89591936384 12329.33667842742 96983.27709960938 1105.73583984375 29073.51255809862 927
470 4.7 35410.03984686669 15065.518450620033 96983.27709960938 1105.73583984375 29024.482846710143 962
480 3.5 26942.737841796876 10014.23728871044 96983.27709960938 1105.73583984375 29321.927028085123 1009
490 4.7 31893.97201732879 13722.179173452985 96983.27709960938 1105.73583984375 29242.164938506496 1044
500 4.4 29470.889681729404 11937.157644648632 96983.27709960938 1105.73583984375 29356.404106888393 1091
510 3.7 32595.350981841217 19201.324390176265 110815.30615234375 1105.73583984375 29360.842314195004 1135
520 4.2 29593.637677873885 10274.752713302129 110815.30615234375 1105.73583984375 29462.955642439807 1172
530 4.1 31154.78173828125 11244.437166990061 110815.30615234375 1105.73583984375 29467.47676722418 1214
540 4.4 31488.047424316406 9469.65814628889 110815.30615234375 1105.73583984375 29522.59987783242 1255
550 4.5 37938.28191189236 15091.329828466265 110815.30615234375 1105.73583984375 29589.173928675606 1299
560 5.1 36635.43208103553 10895.170562847557 110815.30615234375 1105.73583984375 29868.719954899378 1344
570 3.2 39630.83763885498 14462.224674143978 110815.30615234375 1105.73583984375 30116.10512940328 1395
580 4.6 39543.73198136038 13166.476068624677 110815.30615234375 1105.73583984375 30329.469838795332 1427
590 4.6 41404.7099662449 12741.851932684103 110815.30615234375 1105.73583984375 30617.220048271225 1473
600 4.4 46350.56822620739 15223.698048802074 110815.30615234375 1105.73583984375 30943.89847896694 1519
610 4.8 46250.65951538086 13410.20586933812 110815.30615234375 1105.73583984375 31377.611510879018 1563
620 4.5 50204.305908203125 15454.974088669758 110815.30615234375 1105.73583984375 31820.756330380005 1611
630 4.9 50728.39774992029 16279.368088704052 110815.30615234375 1105.73583984375 32320.309308038242 1656
640 3.6 50885.976365831164 13299.59549080263 110815.30615234375 1105.73583984375 32849.339415752154 1705
650 5 55525.444506835935 14421.82046604376 110815.30615234375 1105.73583984375 33222.29687135402 1741
660 3.6 54936.19372558594 10090.709188399293 110815.30615234375 1105.73583984375 33844.94197563883 1791
670 3.7 59111.98221072635 13550.679072199373 110815.30615234375 1105.73583984375 34260.533143125474 1827
680 3.9 64116.68123998398 11043.72475742826 110815.30615234375 1105.73583984375 34753.82907418837 1864
690 4.4 65284.82667125356 10931.436494417361 110815.30615234375 1105.73583984375 35355.59010123304 1903
700 5.2 71296.74686842696 12619.575033995887 110815.30615234375 1105.73583984375 36031.9570293691 1947
710 3.4 79902.2542293773 13476.943770044669 115544.51318359375 1105.73583984375 36949.30023678832 1999
720 3.7 79405.8621727196 12406.726497041249 118631.85595703125 1105.73583984375 37667.64772117003 2033
730 4.2 83363.13814871652 13596.668357218656 127630.72607421875 1105.73583984375 38413.693100255696 2070
740 3.5 84144.115625 11023.068286532274 127630.72607421875 1105.73583984375 39307.574109742134 2112
750 4.1 90759.19179330219 10395.80423934653 127630.72607421875 1105.73583984375 40038.49118148597 2147
760 4.1 95806.54280797446 13498.645138374339 127630.72607421875 1105.73583984375 40988.9247852723 2188
770 4.9 100135.98182397959 16049.113698680563 169524.52392578125 1105.73583984375 41997.23449318203 2229
780 3.8 105502.26724403784 14573.55269451162 169524.52392578125 1105.73583984375 43247.804563071884 2278
790 4.8 106474.93375651042 16221.996703822091 169524.52392578125 1105.73583984375 44269.25084194783 2316
800 4.7 107810.36947307181 12345.162959929536 169524.52392578125 1105.73583984375 45532.310393512555 2364
810 4.1 112285.62622665777 14905.459357188693 169524.52392578125 1105.73583984375 46746.357998962274 2411
820 5.2 117231.35325739934 17650.258900331366 183916.34301757813 1105.73583984375 47842.24298971901 2452
830 5.3 116091.20599941038 13381.418627014586 183916.34301757813 1105.73583984375 49283.230902626114 2504
840 4.6 117785.13328485904 13786.71198263311 183916.34301757813 1105.73583984375 50667.98752371706 2557
850 6.6 123630.30824603458 21248.919940808923 192606.78002929688 1105.73583984375 51854.07615414831 2603
860 5.7 121114.08117461622 17535.682456667364 192606.78002929688 1105.73583984375 53628.98485331073 2669
870 4.6 131623.6788277004 23662.0041369049 207089.39794921875 1105.73583984375 55040.08187837104 2726
880 4.3 129905.57497956032 21181.70919049539 207089.39794921875 1105.73583984375 56310.94964881446 2772
890 4.1 135331.55019173972 24557.18981748057 219432.873046875 1105.73583984375 57435.130426513235 2815
900 5.9 136327.1170468088 22720.524854914693 219432.873046875 1105.73583984375 58553.391354515436 2856
910 3.1 143217.83302356343 25414.367713125088 219432.873046875 1105.73583984375 60127.542234736815 2915
920 4.2 144952.43337867374 21054.13500784534 219432.873046875 1105.73583984375 61001.879985739404 2946
930 5.8 148926.0546622441 26955.0548136605 222287.54809570313 1105.73583984375 62181.90784467623 2988
940 5.3 137947.2249318249 17561.45633529782 222287.54809570313 1105.73583984375 63833.63486877963 3046
950 3.5 145877.62797154015 22539.06535172215 222287.54809570313 1105.73583984375 65101.14705766036 3099
960 4 148148.91166381835 26645.699824611194 237003.9189453125 1105.73583984375 66003.2456000936 3134
970 5.5 152894.3428400213 28746.434366590212 261344.02197265625 1105.73583984375 67038.47768659297 3174
980 4.7 158807.15618247172 34358.61680997404 261344.02197265625 1105.73583984375 68500.87241667614 3229
990 5 159690.1661572266 34479.1962500927 261344.02197265625 1105.73583984375 69796.47538889604 3276
1000 5 163476.31089843746 32001.206522027136 271189.9091796875 1105.73583984375 71147.85378288779 3326
1010 7.2 166847.7602742513 32709.14595730216 271189.9091796875 1105.73583984375 72515.27761457543 3376
1020 5.7 173402.7978344298 38060.63373729069 274044.755859375 1105.73583984375 74485.09743809536 3448
1030 5.7 167093.4130302563 39407.83300371312 277700.18994140625 1105.73583984375 76093.74477692305 3505
1040 7.8 168417.47388947319 42593.75463783699 382358.43408203125 1105.73583984375 77549.94384779334 3562
1050 6.1 168250.5672827548 42250.138910654576 382358.43408203125 1105.73583984375 79497.10520582934 3640
1060 8.7 166847.70244589628 33182.614228644314 382358.43408203125 1105.73583984375 80959.94259753225 3701
1070 10.2 171336.7699596929 46069.20932796961 422942.77197265625 1105.73583984375 82932.54954230724 3788
1080 8.5 158775.16872702216 31272.60568997943 422942.77197265625 1105.73583984375 85250.60365093792 3890
1090 8.5 172901.50510110293 40010.48018595742 422942.77197265625 1105.73583984375 86822.82705508059 3975
1100 11.4 164881.11246958957 36403.68135537754 422942.77197265625 1105.73583984375 88624.96686638895 4060
1110 8.1 164289.708616657 32101.586440733194 422942.77197265625 1105.73583984375 90707.66945353913 4174
1120 10.2 174159.30468271291 48506.612478239935 422942.77197265625 1105.73583984375 92108.40862444689 4255
1130 11.8 171690.19083520919 45591.99064020973 422942.77197265625 1105.73583984375 94029.26962925367 4357
1140 9.3 163919.8605983283 34990.52413498408 422942.77197265625 1105.73583984375 96077.08833367887 4475
1150 9.3 174202.88685000848 51182.98345953071 422942.77197265625 1105.73583984375 97458.30064116845 4568
1160 9.5 170479.26055715463 41482.53401868795 422942.77197265625 1105.73583984375 98989.57000770398 4661
1170 11.7 168378.93029263488 40302.40177486026 422942.77197265625 1105.73583984375 100417.56004180781 4756
1180 11.2 180332.35778154648 62871.76392077359 422942.77197265625 1105.73583984375 102049.30236057383 4873
1190 11.4 174110.37361439486 55288.66302152792 422942.77197265625 1105.73583984375 103808.11925267993 4985
1200 10.1 160084.82779625617 29255.94083851217 422942.77197265625 1105.73583984375 105379.88959926464 5099
1210 7.3 186504.41611930117 57727.41606228166 422942.77197265625 1105.73583984375 106442.42782193697 5200
1220 11.4 166188.19188596492 37082.45472270851 422942.77197265625 1105.73583984375 107550.81491575597 5273
1230 9.8 173436.90693259728 49902.06810399647 422942.77197265625 1105.73583984375 108791.70241800282 5387
1240 11 183370.77808283025 56532.076440620905 422942.77197265625 1105.73583984375 109946.71245308583 5485
1250 8.5 168953.74814165905 44519.98671134041 422942.77197265625 1105.73583984375 111390.25976662862 5595
1260 8.1 188093.05324676892 66616.29375651314 434780.47705078125 1105.73583984375 112251.68520886058 5680
1270 8 185001.37785949704 61108.54592310567 444829.4860839844 1105.73583984375 113318.01931944392 5761
1280 9.6 184460.05946350098 61545.37636086289 492796.0830078125 1105.73583984375 114299.81501935904 5841
1290 9.6 165634.13009134922 42029.732234144 492796.0830078125 1105.73583984375 115434.2909275008 5937
1300 8.6 182335.2467807503 66909.63760340934 492796.0830078125 1105.73583984375 116233.0949320971 6033
1310 9.5 184715.03412828952 70052.03266750269 492796.0830078125 1105.73583984375 117162.13318327935 6119
1320 7.9 172040.71118164063 67267.37924646525 492796.0830078125 1105.73583984375 118194.88593348468 6214
1330 9.4 195559.61751475232 88742.26085485029 561572.0329589844 1105.73583984375 118870.84655554162 6293
1340 10.9 188200.42539600056 71607.64807622296 561572.0329589844 1105.73583984375 119999.50546741979 6387
1350 10.9 189439.31642864825 65656.0159329196 561572.0329589844 1105.73583984375 121143.88666696032 6496
1360 14.6 175798.50888437766 47414.312604478015 561572.0329589844 1105.73583984375 122270.94220731217 6605
1370 17.8 182100.2226411626 60411.730428990624 561572.0329589844 1105.73583984375 123428.55215174286 6751
1380 16.9 173837.84541709046 46545.25797995752 561572.0329589844 1105.73583984375 124935.7764766262 6929
1390 16 180686.15875701903 53014.68472237243 561572.0329589844 1105.73583984375 126100.11145139916 7098
1400 16 180228.52631378168 55933.34244966781 561572.0329589844 1105.73583984375 127303.44123493446 7258
1410 15.5 179085.913780557 58704.55167304052 561572.0329589844 1105.73583984375 128444.99065696406 7418
1420 13.9 170733.85172233306 48837.12732774152 561572.0329589844 1105.73583984375 129481.48122664013 7573
1430 15.8 181064.50876433938 68147.60603555838 561572.0329589844 1105.73583984375 130225.008132618 7712
1440 14.8 168102.9122363941 40801.19593036859 561572.0329589844 1105.73583984375 131245.67409193338 7870
1450 14.8 175977.77297726192 62492.30337439132 561572.0329589844 1105.73583984375 131926.00225922948 8018
1460 15.3 181126.57411503012 56610.069774331125 561572.0329589844 1105.73583984375 132724.3934013148 8166
1470 13.7 178746.44922053206 52688.664358447975 561572.0329589844 1105.73583984375 133614.58857491723 8319
1480 13.6 170085.93508193066 47679.83391191124 561572.0329589844 1105.73583984375 134345.79303428918 8456
1490 11 167880.6307927911 42613.756699553225 561572.0329589844 1105.73583984375 134911.5122287118 8592
1500 14.8 168955.74663976725 47029.48509574642 561572.0329589844 1105.73583984375 135328.26734731082 8702
1510 13 164570.85208646333 41141.66640234967 561572.0329589844 1105.73583984375 135890.62519310557 8850
1520 13.4 170121.19751705334 44321.77888183564 561572.0329589844 1105.73583984375 136305.81778733013 8980
1530 12.9 170942.27273157396 49321.685475093494 561572.0329589844 1105.73583984375 136802.99365783518 9114
1540 11.5 175909.54621051298 44976.35923718209 561572.0329589844 1105.73583984375 137279.45876662154 9243
1550 13.4 169464.9167334713 47795.99260254408 561572.0329589844 1105.73583984375 137754.18200407052 9358
1560 12.5 172087.62242968756 44612.589605387904 561572.0329589844 1105.73583984375 138201.84724361327 9492
1570 14.4 170959.50767517093 46198.36740090877 561572.0329589844 1105.73583984375 138642.28832693025 9617
1580 13.9 182529.707941069 59744.558109112106 561572.0329589844 1105.73583984375 139119.05091131164 9761
1590 12.9 181385.005933185 52440.6213325683 561572.0329589844 1105.73583984375 139728.55407566886 9900
1600 15.9 187025.1074387652 54040.93755489972 561572.0329589844 1105.73583984375 140264.36844296564 10029
1610 15.6 177596.39074394034 51511.96353023232 561572.0329589844 1105.73583984375 140994.14440491423 10188
1620 19.6 185987.14625767304 56606.67742000223 561572.0329589844 1105.73583984375 141546.15044018955 10344
1630 15.8 181234.9938439478 58394.8289128217 561572.0329589844 1105.73583984375 142372.56744021107 10540
1640 17.2 176619.5066954147 55867.880958701535 561572.0329589844 1105.73583984375 142946.53111302754 10698
1650 16.4 181235.10804264728 62889.36523872064 584247.3100585938 1105.73583984375 143479.35096584912 10870
1660 16.6 181311.93334666794 52523.32699871394 584247.3100585938 1105.73583984375 144040.52045656825 11034
1670 16.4 177573.5631609661 53352.15913563712 584247.3100585938 1105.73583984375 144592.9360404751 11200
1680 14.5 171368.90730401405 52843.12782238457 584247.3100585938 1105.73583984375 145068.89722032027 11364
1690 13.5 174684.67211733217 48150.97845544338 584247.3100585938 1105.73583984375 145400.24672611014 11509
1700 14 170770.65861118867 50050.13197036827 584247.3100585938 1105.73583984375 145739.76900606675 11644
1710 14.1 179531.23781894115 59551.96544508714 584247.3100585938 1105.73583984375 146037.14888935912 11784
1720 14 180065.51913713728 61558.38457086429 584247.3100585938 1105.73583984375 146433.17962638813 11925
1730 12.3 174921.52122435538 55524.02255622227 584247.3100585938 1105.73583984375 146823.44299410508 12065
1740 14.3 177864.51068414008 69133.11889250699 584247.3100585938 1105.73583984375 147107.0058118209 12188
1750 11.4 170707.46622935517 48363.955762470316 584247.3100585938 1105.73583984375 147463.69409312346 12331
1760 14.2 173931.26193882036 52844.769890184965 584247.3100585938 1105.73583984375 147676.61414322635 12445
1770 14.1 175884.71709469194 67817.76885470886 584247.3100585938 1105.73583984375 147972.8054506844 12587
1780 14.8 177135.07653973554 62512.34897765799 584247.3100585938 1105.73583984375 148282.01188860118 12728
1790 11.2 175577.88385227745 57581.64672469907 584247.3100585938 1105.73583984375 148613.65630987857 12876
1800 11.5 169742.91537236742 48344.548565788034 584247.3100585938 1105.73583984375 148846.1781365454 12988
1810 14 185561.14345703126 69016.19255209767 584247.3100585938 1105.73583984375 149029.58077579745 13103
1820 16.4 177888.52628531112 46199.08319945685 584247.3100585938 1105.73583984375 149415.77867471558 13243
1830 17.2 179277.88125965203 58185.92972377837 584247.3100585938 1105.73583984375 149764.06916536504 13407
1840 17.8 184668.94540576724 54729.01560295072 584247.3100585938 1105.73583984375 150137.9093362331 13579
1850 15.5 181872.23545866937 70664.22211402022 604214.0109863281 1105.73583984375 150584.70183607878 13757
1860 17.2 175263.0432767647 46751.70365556036 604214.0109863281 1105.73583984375 150933.2906595047 13912
1870 16.4 178638.56639880672 52524.44715517174 604214.0109863281 1105.73583984375 151230.41629498955 14084
1880 14.4 181259.35026380752 49108.78129968611 604214.0109863281 1105.73583984375 151545.89472122665 14248
1890 16.5 177136.32601059426 49720.36378748923 604214.0109863281 1105.73583984375 151843.19444316463 14392
1900 14.8 176949.32257904884 50104.99836584578 604214.0109863281 1105.73583984375 152129.885843084 14557
1910 14.4 183298.7744089763 62861.922526966635 604214.0109863281 1105.73583984375 152379.68364226268 14705
1920 18.4 175532.23893538766 59608.145036656795 604214.0109863281 1105.73583984375 152679.5253198441 14849
1930 14.7 169123.3045496519 52057.43880001992 604214.0109863281 1105.73583984375 152959.2365754325 15033
1940 15.8 170780.05149976508 48892.01692933747 604214.0109863281 1105.73583984375 153115.7660874358 15180
1950 11.1 176549.21031505137 62051.22216784562 604214.0109863281 1105.73583984375 153297.72964820956 15338
1960 13.5 169422.542541956 49265.21266059826 604214.0109863281 1105.73583984375 153464.78993392512 15449
1970 16.2 167555.0739188488 43458.95437419792 604214.0109863281 1105.73583984375 153603.02765223134 15584
1980 18.2 176887.65600854217 59356.62989496647 609729.0231933594 1105.73583984375 153746.570869251 15746
1990 16.2 172374.82135235827 50694.32255260657 609729.0231933594 1105.73583984375 154010.9906015056 15928
2000 16.4 183739.67991675402 64177.00924874925 609729.0231933594 1105.73583984375 154195.88436046385 16090
2010 13.2 167038.09282337545 45157.54195772265 609729.0231933594 1105.73583984375 154493.9760591984 16254
2020 13.4 179198.08037145808 52999.250789984355 609729.0231933594 1105.73583984375 154595.0271645854 16386
2030 14.5 181075.16098127695 63306.228402711706 609729.0231933594 1105.73583984375 154794.59188188086 16520
2040 14.3 169303.2597741614 41764.796362807785 609729.0231933594 1105.73583984375 155023.25569942736 16665
2050 14.4 179421.77777099606 62640.71272234443 609729.0231933594 1105.73583984375 155144.74788069146 16808
2060 15.9 176698.76650329214 49169.48685530571 609729.0231933594 1105.73583984375 155350.9708811754 16952
2070 13.1 181398.62107324964 64624.57755716915 609729.0231933594 1105.73583984375 155549.34032211493 17111
2080 14 172322.9021641322 50586.81747304294 609729.0231933594 1105.73583984375 155745.73608701452 17242
2090 13.3 179159.82297785475 61451.38178250322 609729.0231933594 1105.73583984375 155879.2537058614 17382
2100 15.3 176940.08373544732 54927.62934374592 609729.0231933594 1105.73583984375 156056.0345059285 17515
2110 13.6 178568.05354937378 66641.71310362704 609729.0231933594 1105.73583984375 156236.88460396542 17668
2120 12.4 178791.9551568801 55734.76605989646 609729.0231933594 1105.73583984375 156407.4664381923 17804
2130 11.4 178246.90767415366 63014.11701096315 617153.208984375 1105.73583984375 156562.2899880092 17928
2140 12.8 174846.28130722046 51313.63151806683 617153.208984375 1105.73583984375 156699.3061955372 18042
2150 12.8 185122.76027488706 71862.66118089069 617153.208984375 1105.73583984375 156827.14399489303 18170
2160 14.2 179021.67077120923 58811.716276769395 617153.208984375 1105.73583984375 157025.08032038432 18298
2170 17.3 176828.6426402185 53272.27867180249 617153.208984375 1105.73583984375 157194.4683813397 18440
2180 13.3 172144.0120051104 53383.200053285385 617153.208984375 1105.73583984375 157376.9597662205 18613
2190 14 176790.62401646204 54136.67055714594 617153.208984375 1105.73583984375 157481.72974102965 18746
2200 14.3 187018.19784439195 70793.58012868841 617153.208984375 1105.73583984375 157624.86461334568 18886
2210 13.2 186158.01884321737 68151.42644120309 675164.337890625 1105.73583984375 157845.75097900018 19029
2220 15 175262.37451171866 54498.76788720896 675164.337890625 1105.73583984375 158040.79400170656 19161
2230 13.6 180723.89598173258 67678.14746661886 675164.337890625 1105.73583984375 158174.56424024946 19311
2240 16.7 179592.0483106054 55249.78174913643 675164.337890625 1105.73583984375 158332.25998338935 19447
2250 16.8 179109.1267845517 58648.57830327382 675164.337890625 1105.73583984375 158513.2727625596 19614
2260 15.5 184624.84005323835 52327.84679935977 675164.337890625 1105.73583984375 158688.18447399902 19782
2270 15.5 185257.52502677668 54561.04534874448 675164.337890625 1105.73583984375 158889.8287341576 19937
2280 15.5 184095.68152091737 55425.467949901285 675164.337890625 1105.73583984375 159093.2426762916 20092
2290 15.3 184641.92104045395 56710.28698977509 675164.337890625 1105.73583984375 159284.64772498605 20247
2300 16.1 177731.18059127525 51037.867256757054 675164.337890625 1105.73583984375 159474.82727485205 20400
2310 15.2 174887.61170879164 47828.85181973134 675164.337890625 1105.73583984375 159617.78106522918 20561
2320 15.5 178002.94644814768 51810.65945638804 675164.337890625 1105.73583984375 159729.83698459488 20713
2330 16.1 180756.4865722656 55161.87354422414 675164.337890625 1105.73583984375 159865.56307079626 20868
2340 15.5 181367.0429388231 68965.0426012788 675164.337890625 1105.73583984375 160025.5059441491 21029
2350 12.6 182458.46006169394 61206.967192901124 675164.337890625 1105.73583984375 160181.65861759012 21184
2360 13 183200.8951453576 70160.95681507747 675164.337890625 1105.73583984375 160313.3750409574 21310
2370 15.6 172108.4916522686 48646.35489046693 675164.337890625 1105.73583984375 160452.15198188892 21440
2380 13.3 172216.44676449423 53271.39808691657 675164.337890625 1105.73583984375 160536.3522499283 21596
2390 17.8 177416.63190725943 55190.305931954535 675164.337890625 1105.73583984375 160607.84438350267 21729
2400 15.1 176929.22931110306 52736.71171034749 675164.337890625 1105.73583984375 160744.42009807922 21907
2410 12.8 170835.81003379822 56574.45970574197 675164.337890625 1105.73583984375 160855.21464840867 22058
2420 13.1 173405.18137784774 61367.04499008175 675164.337890625 1105.73583984375 160912.79673663233 22186
2430 14.2 169423.0564841686 43882.025120783546 675164.337890625 1105.73583984375 160986.12659225805 22317
2440 17 172063.03549373854 54500.6830976073 675164.337890625 1105.73583984375 161039.47019814662 22459
2450 11.2 178593.95318603516 64187.30709522717 675164.337890625 1105.73583984375 161122.2845558403 22629
2460 15.7 167703.90078249405 45667.06238805242 675164.337890625 1105.73583984375 161208.3329656104 22741
2470 13.6 172315.43697402053 48134.32487113071 675164.337890625 1105.73583984375 161252.86978748353 22898
2480 14.5 172318.3669517781 60478.92573964327 675164.337890625 1105.73583984375 161318.18667284294 23034
2490 13.2 164981.81500614056 45963.8926918446 675164.337890625 1105.73583984375 161387.000087591 23179
2500 16.7 164091.15836539803 40866.77941982266 675164.337890625 1105.73583984375 161407.35595260104 23311
2510 15.1 170586.80022021156 49484.65264087459 675164.337890625 1105.73583984375 161426.44595187428 23478
2520 13.5 171950.50786313662 51057.93923624091 675164.337890625 1105.73583984375 161484.98475988643 23629
2530 12.6 173288.22566731772 50513.39914198058 675164.337890625 1105.73583984375 161544.4379503821 23764
2540 14.5 176669.7961257408 55137.40543746437 675164.337890625 1105.73583984375 161606.37672193226 23890
2550 13.5 182699.7952944155 67140.84238410428 675164.337890625 1105.73583984375 161697.25235386705 24035
2560 14.4 179868.58664279513 65458.718099841826 675164.337890625 1105.73583984375 161814.56072362186 24170
2570 14 182562.34387730196 64162.327003398255 675164.337890625 1105.73583984375 161921.4859408778 24314
2580 13.7 171081.57865426832 47052.53780437284 675164.337890625 1105.73583984375 162039.6555700223 24454
2590 13.8 177831.36953160394 49257.64385596878 675164.337890625 1105.73583984375 162090.02942478794 24591
2600 19.7 173049.17802560874 49837.31669726236 675164.337890625 1105.73583984375 162177.87385580983 24729
2610 15.3 179811.65293894242 53620.25659231859 675164.337890625 1105.73583984375 162263.79405646177 24926
2620 15.3 184145.83648003466 60463.95991249256 675164.337890625 1105.73583984375 162370.8486602745 25079
2630 16.2 182868.64359236357 60551.593179609714 675164.337890625 1105.73583984375 162502.88627665144 25232
2640 14.6 177457.7305858037 62163.93631304663 675164.337890625 1105.73583984375 162632.8088050103 25394
2650 14.5 179815.3137409079 61161.43941535742 675164.337890625 1105.73583984375 162717.555812841 25540
2660 14.5 178273.10738988413 62293.573999374 675164.337890625 1105.73583984375 162814.0780982048 25685
2670 12.9 170569.93189044335 48108.10624953965 675164.337890625 1105.73583984375 162900.85933116236 25830
2680 14.5 181980.52081593484 64462.18237281681 675164.337890625 1105.73583984375 162938.96982694985 25959
2690 14.1 169801.61733814 48975.66632230021 675164.337890625 1105.73583984375 163044.74001134315 26104
2700 12.7 179499.60257750985 55179.57113114019 675164.337890625 1105.73583984375 163081.04100974582 26245
2710 15.6 173715.74053016072 52864.704266950124 675164.337890625 1105.73583984375 163160.10810056588 26372
2720 13.6 176455.44517606852 53758.70607799363 675164.337890625 1105.73583984375 163222.18133107765 26528
2730 15.5 185931.83627142143 68930.50803892424 675164.337890625 1105.73583984375 163289.67772632663 26664
2740 13.2 186881.5904966412 68831.16370587863 675164.337890625 1105.73583984375 163420.53773507004 26819
2750 14.9 180478.87855560504 56688.32592071383 675164.337890625 1105.73583984375 163535.4447501911 26951
2760 16.2 183509.44895049662 56363.712117226256 675164.337890625 1105.73583984375 163628.6023751729 27100
2770 14.3 178773.8588406222 55161.114552839615 675164.337890625 1105.73583984375 163746.74107171764 27262
2780 13.6 186068.45536534922 63611.47598364932 675164.337890625 1105.73583984375 163825.15296155354 27405
2790 15.3 181854.36503172232 59629.30214851128 675164.337890625 1105.73583984375 163934.9924418526 27541
2800 15.1 179968.35714054745 61554.582248797364 675164.337890625 1105.73583984375 164033.9909255043 27694
2810 17.3 172575.27897793995 48717.24365499684 675164.337890625 1105.73583984375 164120.4010278017 27845
2820 14.8 173335.43291576492 47818.69760660719 675164.337890625 1105.73583984375 164172.60653445366 28018
2830 15.6 187868.33931321363 59361.57398636511 675164.337890625 1105.73583984375 164220.7531759517 28166
2840 16.6 173652.3828786827 54545.588347619174 675164.337890625 1105.73583984375 164351.00610432585 28322
2850 16 170086.96316986083 45107.85167511811 675164.337890625 1105.73583984375 164405.2053652267 28488
2860 13.4 176147.66152635252 56549.61370558845 675164.337890625 1105.73583984375 164436.9381650292 28648
2870 13.5 173528.0963035301 50163.70627421247 675164.337890625 1105.73583984375 164491.4596343648 28782
2880 16.2 175962.24419035736 53788.59184317309 675164.337890625 1105.73583984375 164533.64748062607 28917
2890 14.7 167756.2331210805 36022.95552988936 675164.337890625 1105.73583984375 164597.3165430758 29079
2900 15 177180.89659830733 62138.382734235565 675164.337890625 1105.73583984375 164613.20516064123 29226
2910 14.7 180685.20785501707 52039.686477625895 675164.337890625 1105.73583984375 164677.3784216587 29376
2920 13.9 172007.27451769053 54642.228052602724 675164.337890625 1105.73583984375 164757.08410626746 29523
2930 14.4 165578.23331027562 40910.89461842289 675164.337890625 1105.73583984375 164791.0594439786 29662
2940 13.3 178695.55207721458 60910.66323014982 675164.337890625 1105.73583984375 164794.8624714478 29806
2950 13.7 167092.34556056117 44669.21432482369 675164.337890625 1105.73583984375 164856.61442433757 29939
2960 12.8 171827.35106468195 49923.65689454612 675164.337890625 1105.73583984375 164866.7984636268 30076
2970 11.1 176061.6219845333 66079.83867919644 675164.337890625 1105.73583984375 164896.2962365355 30204
2980 15 179410.03641601562 64843.09923012297 675164.337890625 1105.73583984375 164937.17867618677 30315
2990 12.8 169940.00845718384 56935.71497324532 675164.337890625 1105.73583984375 165008.438438569 30465
3000 13.5 183828.72702184608 66759.56575093718 675164.337890625 1105.73583984375 165029.07194827325 30593
3010 16.4 175453.96711991483 52080.23661627848 675164.337890625 1105.73583984375 165111.66611108673 30728
3020 14.2 172661.55036174084 52449.278939393334 675164.337890625 1105.73583984375 165166.57150295025 30892
3030 13.4 173426.79020121566 47941.56468542258 675164.337890625 1105.73583984375 165200.86572857207 31034
3040 14.5 178732.65631734917 59868.78195352412 675164.337890625 1105.73583984375 165236.23129194908 31168
3050 13.1 183255.67798037923 65061.99061055487 675164.337890625 1105.73583984375 165298.7287092736 31313
3060 15.1 187739.95899245908 57195.953239204166 675164.337890625 1105.73583984375 165373.53981328438 31444
3070 17.2 185707.08267424817 57371.05750845027 675164.337890625 1105.73583984375 165480.43423632777 31595
3080 17.1 179540.72877547063 53193.87524248251 675164.337890625 1105.73583984375 165589.9498824801 31767
3090 17.4 181180.40735705147 60008.2409958339 675164.337890625 1105.73583984375 165664.6440771918 31938
3100 15.1 185175.34463116986 64361.8324021566 675164.337890625 1105.73583984375 165748.7167855468 32112
3110 14.2 174573.37341136663 57301.95557772274 675164.337890625 1105.73583984375 165839.63891940567 32263
3120 19.4 179570.99800912137 50924.06983102538 675164.337890625 1105.73583984375 165877.91049162782 32405
3130 16.7 178366.9320324195 51454.6322111436 675164.337890625 1105.73583984375 165959.3994630194 32599
3140 16.7 183625.30494772183 61526.633883666575 675164.337890625 1105.73583984375 166022.63751279932 32766
3150 15.2 180726.66713835057 49714.78594192525 675164.337890625 1105.73583984375 166111.8989059804 32933
3160 19.3 177542.33928842496 48558.361202905166 675164.337890625 1105.73583984375 166179.042468662 33085
3170 15.9 182683.03480769705 58763.00546202454 675164.337890625 1105.73583984375 166244.94535604145 33278
3180 14.5 178754.75087385508 53315.418450716636 675164.337890625 1105.73583984375 166323.11194463534 33437
3190 16.1 173245.79868255043 48102.91312212414 675164.337890625 1105.73583984375 166376.78914208445 33582
3200 16.2 183177.92389594184 66778.46610668079 675164.337890625 1105.73583984375 166409.56365934774 33743
3210 13 168904.1938870943 43090.20333477508 675164.337890625 1105.73583984375 166489.68382918488 33905
3220 12.7 175700.26922751605 50578.44740220135 675164.337890625 1105.73583984375 166498.90628570106 34035
3230 14.1 176150.17399434844 56275.767180823175 675164.337890625 1105.73583984375 166533.1130971761 34162
3240 15.5 168209.49189768147 41361.370193332805 675164.337890625 1105.73583984375 166572.64333028984 34303
3250 17.4 171233.83851781383 44463.36771306252 675164.337890625 1105.73583984375 166580.00625117746 34458
3260 14.7 166211.2269743835 36089.398952656724 675164.337890625 1105.73583984375 166603.38829132516 34632
3270 12.7 168291.939793384 47867.94831999863 675164.337890625 1105.73583984375 166601.73074758926 34779
3280 13.4 166788.29189562448 43483.02332131158 675164.337890625 1105.73583984375 166607.88030780287 34906
3290 15.1 179481.2863235979 66261.89664280016 675164.337890625 1105.73583984375 166608.57023796177 35040
3300 16.1 173190.54098226404 61084.90656928574 675164.337890625 1105.73583984375 166663.8053869752 35191
3310 14.4 164799.7873857286 35215.245047748984 675164.337890625 1105.73583984375 166693.52943174893 35352
3320 15.2 168174.69412392066 42328.56257075612 675164.337890625 1105.73583984375 166685.84690823566 35496
3330 14.2 172984.2353137379 50273.97647138454 675164.337890625 1105.73583984375 166692.19522446053 35648
3340 14.1 177469.0547532968 53753.20505354339 675164.337890625 1105.73583984375 166717.15945169376 35790
3350 13.8 175153.5606034873 60408.582707786016 675164.337890625 1105.73583984375 166759.35191050445 35931
3360 15.3 173195.151900148 55725.534696985065 675164.337890625 1105.73583984375 166791.4681543602 36069
3370 14.2 176015.68053511495 60094.030807380674 675164.337890625 1105.73583984375 166818.51700900946 36222
3380 14.6 170096.37239639068 43510.792642988796 675164.337890625 1105.73583984375 166854.43157343325 36364
3390 15.9 171361.72213265282 46433.33363874895 675164.337890625 1105.73583984375 166867.39578488632 36510
3400 15.4 169415.34649737473 52498.179667568395 675164.337890625 1105.73583984375 166886.8835780984 36669
3410 14.7 168229.88586010563 52213.099052537174 675164.337890625 1105.73583984375 166897.45803671307 36823
3420 13.6 165792.30682732078 43351.66997345805 675164.337890625 1105.73583984375 166902.7560321158 36970
3430 12.8 171422.69866561887 49005.91813046522 675164.337890625 1105.73583984375 166898.68604095932 37106
3440 13.6 178068.83959063364 58197.022507336435 675164.337890625 1105.73583984375 166914.23832156192 37234
3450 15.9 173863.63014230784 59504.12027993749 675164.337890625 1105.73583984375 166954.83307062785 37370
3460 15.9 175261.33586840358 61953.50030638879 675164.337890625 1105.73583984375 166984.1037342319 37529
3470 17 161044.59707318476 29922.13909242808 675164.337890625 1105.73583984375 167019.0241308922 37688
3480 14.6 169365.56393474413 52919.604957418494 675164.337890625 1105.73583984375 166992.19617907726 37858
3490 14.4 166709.96968078613 49225.00989279157 675164.337890625 1105.73583984375 167001.31394805756 38004
3500 13.1 178448.65530511987 68079.60390551628 675164.337890625 1105.73583984375 167000.21418989234 38148
3510 13.2 169160.7763708866 50794.24551772065 675164.337890625 1105.73583984375 167039.3935254574 38279
3520 10.6 169555.94229529033 45738.3259763251 675164.337890625 1105.73583984375 167046.68369066 38411
3530 17.2 169749.96640369497 48189.255329174164 675164.337890625 1105.73583984375 167053.58924955843 38517
3540 13.9 177789.14427832732 55209.77212319547 675164.337890625 1105.73583984375 167065.57655526578 38689
3550 13.9 174832.39686024617 49453.321393301885 675164.337890625 1105.73583984375 167103.9657567056 38828
3560 15.7 167399.30827496757 42517.859561080004 675164.337890625 1105.73583984375 167131.53400479737 38967
3570 13.4 172147.00562252206 52493.12021259464 675164.337890625 1105.73583984375 167132.60855137793 39124
3580 14 167445.47661132814 47240.97408104433 675164.337890625 1105.73583984375 167149.72427830068 39258
3590 13.2 181718.29699337122 60712.89683203401 675164.337890625 1105.73583984375 167150.77522826323 39398
3600 13.7 167299.3498838106 57161.43444836998 675164.337890625 1105.73583984375 167199.41962171107 39530
3610 14.8 173996.5630328204 56819.72724970751 675164.337890625 1105.73583984375 167199.76475610255 39667
3620 14.4 175869.6236741808 53354.142909523915 675164.337890625 1105.73583984375 167225.02976037117 39815
3630 14.7 168638.16625810484 46228.542995081996 675164.337890625 1105.73583984375 167256.18222974197 39959
3640 14.7 176544.57536803783 60530.400238075024 675164.337890625 1105.73583984375 167261.2475978208 40106
3650 12.7 174959.99172228717 54115.61310378078 675164.337890625 1105.73583984375 167295.14939848715 40253
3660 13.9 165947.97528910465 37667.963755712284 675164.337890625 1105.73583984375 167319.25625770265 40380
3670 13.7 167812.05041414796 46081.7609457095 675164.337890625 1105.73583984375 167314.5520928754 40519
3680 13.3 182338.24337699724 69777.5813893958 675164.337890625 1105.73583984375 167316.22853103987 40656
3690 12.9 175385.92991460755 56033.47131994409 675164.337890625 1105.73583984375 167365.21055988374 40789
3700 14.4 170288.5095672608 57942.19322527094 675164.337890625 1105.73583984375 167390.49705474565 40918
3710 13.4 179695.53436370395 63330.73027625254 675164.337890625 1105.73583984375 167400.6600716908 41062
3720 14 167597.0325561524 51899.34028303254 675164.337890625 1105.73583984375 167440.6521377926 41196
3730 12.9 167791.30050872097 42084.1788172343 675164.337890625 1105.73583984375 167441.18177923275 41336
3740 14.4 181777.51161363395 55711.08143545799 675164.337890625 1105.73583984375 167442.27101873845 41465
3750 15.3 184851.27248327716 63047.33036461335 675164.337890625 1105.73583984375 167491.88227220922 41609
3760 14.8 181371.57180043816 55154.0920118075 675164.337890625 1105.73583984375 167555.4804404553 41762
3770 15.6 188053.51866893284 68490.74278152418 675164.337890625 1105.73583984375 167604.27026439417 41910
3780 14.9 180943.87493773596 55675.82473014258 675164.337890625 1105.73583984375 167680.10544603987 42066
3790 16.2 183007.51327853726 52806.4503687913 675164.337890625 1105.73583984375 167726.92059833795 42215
3800 17.5 173746.88929827008 46210.82014369157 675164.337890625 1105.73583984375 167785.33568232672 42377
3810 14 174451.3028424943 48115.69663970261 675164.337890625 1105.73583984375 167809.85325806442 42552
3820 14.5 174965.24068393055 53911.21057499007 675164.337890625 1105.73583984375 167831.6325830391 42692
3830 13.3 170714.770304056 50551.07636800204 675164.337890625 1105.73583984375 167855.77930607361 42837
3840 15.5 179094.65467174898 61858.42531097951 675164.337890625 1105.73583984375 167864.62840550885 42970
3850 16.2 173267.23707109614 48083.97553648548 675164.337890625 1105.73583984375 167904.99139846576 43125
3852 2.7 169923.2809877749 30717.349298727546 675164.337890625 1105.73583984375 167925.05940500274 43287
