10 1 10
20 1 20
30 1.3 33
40 0.6 39
50 1.6 55
60 1.1 66
70 1.3 79
80 0.6 85
90 1 95
100 0.9 104
110 1 114
120 0.8 122
130 1 132
140 1.1 143
150 1.6 159
160 1.7 176
170 1.8 194
180 2.8 222
190 2.1 243
200 1.9 262
210 1.4 276
220 1.7 293
230 2.1 314
240 2.1 335
250 2.4 359
260 2.5 384
270 3.6 420
280 2.1 441
290 3.4 475
300 2.5 500
310 3.7 537
320 3.5 572
330 2.2 594
340 2.9 623
350 2.9 652
360 2.6 678
370 3.5 713
380 4.4 757
390 4.3 800
400 3.4 834
410 4.7 881
420 4.8 929
430 3.7 966
440 4.9 1015
450 3.1 1046
460 4.1 1087
470 3.7 1124
480 4.9 1173
490 5.3 1226
500 5.7 1283
510 4.7 1330
520 5.4 1384
530 5 1434
540 5.1 1485
550 6.3 1548
560 4.4 1592
570 5.5 1647
580 5.9 1706
590 5.9 1765
600 5.5 1820
610 5.3 1873
620 7.2 1945
630 7.4 2019
640 6.6 2085
650 6.8 2153
660 7.4 2227
670 6.7 2294
680 7 2364
690 5.7 2421
700 7.6 2497
710 7.6 2573
720 6.7 2640
730 6.5 2705
740 7.4 2779
750 6.8 2847
760 7.3 2920
770 7.6 2996
780 7.4 3070
790 6.1 3131
800 5.7 3188
810 7 3258
820 6.7 3325
830 8.7 3412
840 7.3 3485
850 6.7 3552
860 5.5 3607
870 8.1 3688
880 6.9 3757
890 8.4 3841
900 8.6 3927
910 7.8 4005
920 10.4 4109
930 9.3 4202
940 9.7 4299
950 11.6 4415
960 10.7 4522
970 12.2 4644
980 10.2 4746
990 8.7 4833
1000 9.8 4931
1010 10.7 5038
1020 11.3 5151
1030 12.2 5273
1040 10.8 5381
1050 10.4 5485
1060 9.2 5577
1070 10.9 5686
1080 9.2 5778
1090 11.1 5889
1100 9.3 5982
1110 10 6082
1120 10.6 6188
1130 8.6 6274
1140 10.4 6378
1150 9.4 6472
1160 8.3 6555
1170 10.3 6658
1180 10.5 6763
1190 11.9 6882
1200 10.8 6990
1210 16.3 7153
1220 17.5 7328
1230 13.6 7464
1240 14.6 7610
1250 14.5 7755
1260 15.3 7908
1270 14.3 8051
1280 14.7 8198
1290 11.5 8313
1300 16.3 8476
1310 15.5 8631
1320 13.2 8763
1330 15.1 8914
1340 16.9 9083
1350 14.7 9230
1360 13.5 9365
1370 14.1 9506
1380 17.6 9682
1390 13.6 9818
1400 14.6 9964
1410 14.3 10107
1420 13.1 10238
1430 12.6 10364
1440 15.2 10516
1450 12.4 10640
1460 19 10830
1470 13.5 10965
1480 15 11115
1490 15.7 11272
1500 12.6 11398
1510 14.6 11544
1520 15.5 11699
1530 14.2 11841
1540 13.5 11976
1550 15.7 12133
1560 14.2 12275
1570 15.9 12434
1580 13.4 12568
1590 13.6 12704
1600 15.1 12855
1610 14.3 12998
1620 16 13158
1630 13.7 13295
1640 13.5 13430
1650 14.5 13575
1660 15.3 13728
1670 15.8 13886
1680 15.3 14039
1690 15.2 14191
1700 16.5 14356
1710 14.4 14500
1720 13.9 14639
1730 13.4 14773
1740 15.7 14930
1750 14.1 15071
1760 14.4 15215
1770 17.8 15393
1780 17 15563
1790 14.3 15706
1800 13.3 15839
1810 15 15989
1820 16.3 16152
1830 15.2 16304
1840 15.6 16460
1850 16.8 16628
1860 13.1 16759
1870 15.3 16912
1880 15.3 17065
1890 13.4 17199
1900 14 17339
1910 12.8 17467
1920 13.4 17601
1930 15.3 17754
1940 14.1 17895
1950 15.6 18051
1960 14.3 18194
1970 13 18324
1980 11.5 18439
1990 16.4 18603
2000 13.1 18734
2010 16.2 18896
2020 16.6 19062
2030 14.8 19210
2040 14.1 19351
2050 13.8 19489
2060 15.1 19640
2070 14.2 19782
2080 15 19932
2090 15.3 20085
2100 15.2 20237
2110 17.1 20408
2120 13.7 20545
2130 12.2 20667
2140 15 20817
2150 14.3 20960
2160 15 21110
2170 15.3 21263
2180 13.4 21397
2190 14.5 21542
2200 12.2 21664
2210 10.9 21773
2220 14.9 21922
2230 15.6 22078
2240 15.1 22229
2250 14.3 22372
2260 13.9 22511
2270 12.8 22639
2280 16.1 22800
2290 15.5 22955
2300 13.1 23086
2310 14.5 23231
2320 14.4 23375
2330 14.6 23521
2340 15.8 23679
2350 17.4 23853
2360 17.1 24024
2370 13.8 24162
2380 14.5 24307
2390 16.1 24468
2400 14.7 24615
2410 13.5 24750
2420 11.7 24867
2430 14.7 25014
2440 15.7 25171
2450 16.2 25333
2460 12.9 25462
2470 15.4 25616
2480 14.4 25760
2490 14.9 25909
2500 15.7 26066
2510 15.1 26217
2520 14.1 26358
2530 14.5 26503
2540 14.4 26647
2550 17.5 26822
2560 12.8 26950
2570 16.6 27116
2580 14.1 27257
2590 13.5 27392
2600 15.5 27547
2610 15.8 27705
2620 12.7 27832
2630 13.7 27969
2640 12.9 28098
2650 15.4 28252
2660 14.1 28393
2670 16.9 28562
2680 14.5 28707
2690 15.5 28862
2700 13.1 28993
2710 13.3 29126
2720 15.9 29285
2730 14.5 29430
2740 14.7 29577
2750 14.4 29721
2760 13.8 29859
2770 14.5 30004
2780 13.6 30140
2790 14.3 30283
2800 15 30433
2810 15 30583
2820 13.8 30721
2830 15.3 30874
2840 15.4 31028
2850 12.1 31149
2860 16.5 31314
2870 15.5 31469
2880 14.7 31616
2890 16.7 31783
2900 15 31933
2910 16.5 32098
2920 15.8 32256
2930 16.4 32420
2940 17 32590
2950 14.4 32734
2960 15.2 32886
2970 16.3 33049
2980 15.6 33205
2990 12.8 33333
3000 16.1 33494
3010 15.9 33653
3020 16.3 33816
3030 11 33926
3040 14.9 34075
3050 14.4 34219
3060 15.3 34372
3070 12 34492
3080 13.8 34630
3090 16.3 34793
3100 14.4 34937
3110 15 35087
3120 13.5 35222
3130 13.1 35353
3140 16.4 35517
3150 13.9 35656
3160 15.9 35815
3170 14.3 35958
3180 14.9 36107
3190 13.9 36246
3200 14 36386
3210 14.4 36530
3220 14.6 36676
3230 15.7 36833
3240 14.1 36974
3250 13.4 37108
3260 15.2 37260
3270 13.2 37392
3280 15.2 37544
3290 14.5 37689
3300 15.8 37847
3310 16.8 38015
3320 14.4 38159
3330 15.6 38315
3340 13.8 38453
3350 14.3 38596
3360 13.2 38728
3370 14 38868
3380 15.1 39019
3390 14.9 39168
3400 12.4 39292
3410 15.5 39447
3420 13.3 39580
3430 14.5 39725
3440 13.4 39859
3450 12.7 39986
3460 14 40126
3470 13.4 40260
3480 14.7 40407
3490 14.1 40548
3500 17.3 40721
3510 14.9 40870
3520 15.5 41025
3530 14.6 41171
3540 15.3 41324
3550 16 41484
3560 13.6 41620
3570 13.8 41758
3580 14.6 41904
3590 13.7 42041
3600 17.3 42214
3610 14.1 42355
3620 13.7 42492
3630 13.9 42631
3640 15.9 42790
3650 15.5 42945
3660 15.7 43102
3670 13.7 43239
3680 13.8 43377
3690 16 43537
3700 15.4 43691
3710 13.3 43824
3720 16.9 43993
3730 15 44143
3740 12.9 44272
3750 15.9 44431
3760 16.4 44595
3770 15.3 44748
3780 16.3 44911
3790 17 45081
3800 13.4 45215
3810 17.1 45386
3820 14.2 45528
3830 7.5 45603
3840 7.9 45682
3850 5.3 45735
3852 2 45755
