0 0 0
10 9 9
20 18 18
30 24 24
40 26 27
50 35 36
60 34 40
70 38 41
80 32 41
90 33 41
100 29 41
110 31 41
120 27 41
130 24 41
140 27 41
150 34 41
160 43 44
170 54 54
180 58 58
190 59 61
200 62 65
210 54 65
220 53 65
230 54 65
240 56 65
250 67 70
260 70 72
270 79 81
280 82 83
290 87 88
300 84 88
310 97 100
320 104 109
330 94 109
340 81 109
350 80 109
360 79 109
370 87 109
380 100 109
390 115 115
400 110 115
410 127 130
420 134 136
430 132 136
440 133 143
450 119 143
460 125 143
470 115 143
480 129 143
490 135 143
500 148 149
510 158 158
520 170 170
530 179 180
540 186 189
550 204 208
560 197 208
570 220 222
580 233 233
590 246 246
600 257 259
610 262 269
620 289 289
630 314 316
640 344 346
650 362 364
660 400 400
670 430 436
680 461 461
690 474 474
700 498 503
710 540 541
720 570 573
730 593 593
740 632 632
750 659 659
760 691 695
770 718 720
780 754 758
790 767 770
800 777 783
810 806 807
820 821 821
830 855 856
840 882 882
850 883 890
860 881 895
870 916 918
880 942 944
890 985 987
900 1012 1012
910 1059 1063
920 1121 1121
930 1156 1156
940 1200 1200
950 1281 1283
960 1348 1349
970 1415 1415
980 1470 1470
990 1507 1509
1000 1555 1556
1010 1590 1596
1020 1646 1649
1030 1711 1713
1040 1741 1742
1050 1784 1786
1060 1789 1791
1070 1796 1807
1080 1803 1812
1090 1829 1830
1100 1808 1839
1110 1827 1839
1120 1831 1839
1130 1799 1839
1140 1810 1839
1150 1811 1839
1160 1799 1839
1170 1785 1839
1180 1778 1839
1190 1783 1839
1200 1790 1839
1210 1880 1880
1220 1941 1946
1230 1979 1981
1240 2015 2017
1250 2075 2075
1260 2147 2149
1270 2210 2210
1280 2261 2261
1290 2280 2281
1300 2357 2358
1310 2417 2418
1320 2470 2470
1330 2527 2527
1340 2587 2587
1350 2625 2632
1360 2614 2640
1370 2577 2640
1380 2584 2640
1390 2560 2640
1400 2546 2640
1410 2534 2640
1420 2526 2640
1430 2494 2640
1440 2498 2640
1450 2474 2640
1460 2511 2640
1470 2509 2640
1480 2523 2640
1490 2570 2640
1500 2548 2640
1510 2564 2640
1520 2585 2640
1530 2598 2640
1540 2618 2640
1550 2641 2648
1560 2658 2664
1570 2673 2690
1580 2668 2690
1590 2675 2691
1600 2667 2691
1610 2654 2691
1620 2618 2691
1630 2597 2691
1640 2560 2691
1650 2541 2691
1660 2528 2691
1670 2522 2691
1680 2530 2691
1690 2547 2691
1700 2572 2691
1710 2575 2691
1720 2574 2691
1730 2585 2691
1740 2599 2691
1750 2626 2691
1760 2628 2691
1770 2665 2691
1780 2687 2692
1790 2718 2722
1800 2736 2739
1810 2746 2749
1820 2745 2757
1830 2725 2757
1840 2703 2757
1850 2716 2757
1860 2675 2757
1870 2664 2757
1880 2673 2757
1890 2642 2757
1900 2634 2757
1910 2618 2757
1920 2568 2757
1930 2574 2757
1940 2557 2757
1950 2602 2757
1960 2610 2757
1970 2578 2757
1980 2511 2757
1990 2513 2757
2000 2480 2757
2010 2510 2757
2020 2542 2757
2030 2545 2757
2040 2543 2757
2050 2537 2757
2060 2529 2757
2070 2540 2757
2080 2550 2757
2090 2570 2757
2100 2569 2757
2110 2604 2757
2120 2617 2757
2130 2625 2757
2140 2647 2757
2150 2662 2757
2160 2670 2757
2170 2650 2757
2180 2651 2757
2190 2656 2757
2200 2635 2757
2210 2612 2757
2220 2611 2757
2230 2631 2757
2240 2615 2757
2250 2590 2757
2260 2574 2757
2270 2547 2757
2280 2553 2757
2290 2555 2757
2300 2525 2757
2310 2518 2757
2320 2507 2757
2330 2492 2757
2340 2495 2757
2350 2543 2757
2360 2584 2757
2370 2566 2757
2380 2578 2757
2390 2561 2757
2400 2557 2757
2410 2564 2757
2420 2550 2757
2430 2555 2757
2440 2542 2757
2450 2592 2757
2460 2564 2757
2470 2582 2757
2480 2581 2757
2490 2598 2757
2500 2588 2757
2510 2588 2757
2520 2594 2757
2530 2613 2757
2540 2612 2757
2550 2652 2757
2560 2636 2757
2570 2662 2757
2580 2666 2757
2590 2663 2757
2600 2621 2757
2610 2626 2757
2620 2600 2757
2630 2575 2757
2640 2558 2757
2650 2567 2757
2660 2563 2757
2670 2603 2757
2680 2603 2757
2690 2617 2757
2700 2621 2757
2710 2598 2757
2720 2621 2757
2730 2611 2757
2740 2626 2757
2750 2621 2757
2760 2597 2757
2770 2599 2757
2780 2599 2757
2790 2589 2757
2800 2588 2757
2810 2565 2757
2820 2555 2757
2830 2552 2757
2840 2540 2757
2850 2501 2757
2860 2532 2757
2870 2552 2757
2880 2537 2757
2890 2557 2757
2900 2557 2757
2910 2575 2757
2920 2594 2757
2930 2614 2757
2940 2651 2757
2950 2658 2757
2960 2682 2757
2970 2734 2757
2980 2740 2757
2990 2740 2757
3000 2766 2774
3010 2761 2784
3020 2782 2787
3030 2758 2787
3040 2762 2787
3050 2775 2787
3060 2777 2793
3070 2725 2793
3080 2692 2793
3090 2681 2793
3100 2674 2793
3110 2682 2793
3120 2623 2793
3130 2587 2793
3140 2584 2793
3150 2571 2793
3160 2537 2793
3170 2521 2793
3180 2525 2793
3190 2503 2793
3200 2481 2793
3210 2495 2793
3220 2514 2793
3230 2530 2793
3240 2516 2793
3250 2476 2793
3260 2481 2793
3270 2486 2793
3280 2504 2793
3290 2498 2793
3300 2495 2793
3310 2519 2793
3320 2511 2793
3330 2525 2793
3340 2522 2793
3350 2527 2793
3360 2506 2793
3370 2504 2793
3380 2509 2793
3390 2499 2793
3400 2469 2793
3410 2477 2793
3420 2474 2793
3430 2491 2793
3440 2489 2793
3450 2457 2793
3460 2438 2793
3470 2402 2793
3480 2403 2793
3490 2400 2793
3500 2442 2793
3510 2459 2793
3520 2508 2793
3530 2482 2793
3540 2496 2793
3550 2517 2793
3560 2496 2793
3570 2500 2793
3580 2506 2793
3590 2511 2793
3600 2547 2793
3610 2540 2793
3620 2533 2793
3630 2525 2793
3640 2537 2793
3650 2565 2793
3660 2583 2793
3670 2583 2793
3680 2588 2793
3690 2619 2793
3700 2629 2793
3710 2628 2793
3720 2657 2793
3730 2678 2793
3740 2663 2793
3750 2669 2793
3760 2685 2793
3770 2682 2793
3780 2696 2793
3790 2704 2793
3800 2663 2793
3810 2694 2793
3820 2691 2793
3830 2633 2793
3840 2557 2793
3850 2448 2793
3852 2441 2793
