10 0.2 2
20 0 2
30 0 2
40 0 2
50 0 2
60 0 2
70 0 2
80 0 2
90 0 2
100 0 2
110 0.1 3
120 0 3
130 0 3
140 0 3
150 0.1 4
160 0.1 5
170 0.1 6
180 0.1 7
190 0 7
200 0.5 12
210 0 12
220 0 12
230 0.1 13
240 0.1 14
250 0.3 17
260 0.4 21
270 0.3 24
280 0 24
290 0.3 27
300 0 27
310 0.3 30
320 0.1 31
330 0.2 33
340 0.2 35
350 0.1 36
360 0 36
370 0.2 38
380 0.3 41
390 0 41
400 0.3 44
410 0.2 46
420 0.1 47
430 0.1 48
440 0.3 51
450 0.1 52
460 0.5 57
470 0.3 60
480 0.3 63
490 0.7 70
500 0.2 72
510 0.7 79
520 0.5 84
530 0.3 87
540 0.4 91
550 0.5 96
560 0.3 99
570 0.1 100
580 0.8 108
590 0.3 111
600 0.5 116
610 0.6 122
620 0.1 123
630 0.8 131
640 0.3 134
650 0.4 138
660 0.5 143
670 0.5 148
680 0.6 154
690 0.8 162
700 1.2 174
710 0.5 179
720 1.1 190
730 0.9 199
740 0.5 204
750 0.9 213
760 0.6 219
770 0.4 223
780 0.5 228
790 0.6 234
800 0.5 239
810 0.5 244
820 0.2 246
830 0.3 249
840 0.7 256
850 0.8 264
860 0.3 267
870 0.5 272
880 0.6 278
890 0.4 282
900 0.7 289
910 0.5 294
920 0.8 302
930 0.6 308
940 0.7 315
950 0.3 318
960 0.3 321
970 0.5 326
980 0.8 334
990 0.3 337
1000 0.9 346
1010 0.3 349
1020 0.4 353
1030 0.2 355
1040 0.4 359
1050 0.7 366
1060 0.9 375
1070 0.6 381
1080 0.3 384
1090 0.6 390
1100 0.6 396
1110 1 406
1120 0.9 415
1130 1 425
1140 1.2 437
1150 0.7 444
1160 0.6 450
1170 0.3 453
1180 0.8 461
1190 0.4 465
1200 0.4 469
1210 0.3 472
1220 1.1 483
1230 0.7 490
1240 0.6 496
1250 0.7 503
1260 0.7 510
1270 0.8 518
1280 0.5 523
1290 0.8 531
1300 1 541
1310 0.4 545
1320 0.8 553
1330 0.7 560
1340 0.8 568
1350 0.5 573
1360 1.1 584
1370 0.8 592
1380 0.7 599
1390 0.4 603
1400 0.6 609
1410 1 619
1420 0.7 626
1430 0.9 635
1440 1 645
1450 0.8 653
1460 0.9 662
1470 1.4 676
1480 0.8 684
1490 0.3 687
1500 0.9 696
1510 0.7 703
1520 0.9 712
1530 0.6 718
1540 0.5 723
1550 0.5 728
1560 1 738
1570 1 748
1580 0.9 757
1590 0.9 766
1600 0.8 774
1610 0.7 781
1620 0.4 785
1630 0.7 792
1640 1 802
1650 1.3 815
1660 1.4 829
1670 1.1 840
1680 0.4 844
1690 0.9 853
1700 0.6 859
1710 0.8 867
1720 1 877
1730 1.1 888
1740 0.7 895
1750 0.6 901
1760 1.6 917
1770 0.9 926
1780 1.1 937
1790 0.9 946
1800 0.4 950
1810 0.4 954
1820 0.5 959
1830 1.3 972
1840 0.7 979
1850 0.4 983
1860 0.7 990
1870 0.7 997
1880 1.2 1009
1890 1.1 1020
1900 0.6 1026
1910 0.7 1033
1920 0.7 1040
1930 0.8 1048
1940 1.3 1061
1950 0.9 1070
1960 0.9 1079
1970 0.6 1085
1980 0.8 1093
1990 0.3 1096
2000 0.9 1105
2010 1.1 1116
2020 1.1 1127
2030 1.2 1139
2040 0.5 1144
2050 1.2 1156
2060 1.1 1167
2070 1.2 1179
2080 0.8 1187
2090 0.8 1195
2100 0.3 1198
2110 0.6 1204
2120 0.9 1213
2130 0.8 1221
2140 0.7 1228
2150 0.7 1235
2160 0.8 1243
2170 0.8 1251
2180 0.8 1259
2190 0.9 1268
2200 1.6 1284
2210 0.5 1289
2220 0.7 1296
2230 0.5 1301
2240 0.8 1309
2250 0.7 1316
2260 0.4 1320
2270 0.4 1324
2280 0.9 1333
2290 1.3 1346
2300 0.8 1354
2310 1.1 1365
2320 1.1 1376
2330 0.3 1379
2340 0.6 1385
2350 0.6 1391
2360 0.8 1399
2370 0.6 1405
2380 0.5 1410
2390 1.2 1422
2400 0.5 1427
2410 0.9 1436
2420 1.1 1447
2430 1.2 1459
2440 0.8 1467
2450 0.6 1473
2460 0.9 1482
2470 0.7 1489
2480 0.5 1494
2490 0.6 1500
2500 1.1 1511
2510 0.8 1519
2520 0.8 1527
2530 1.1 1538
2540 0.9 1547
2550 0.4 1551
2560 0.5 1556
2570 0.8 1564
2580 0.6 1570
2590 0.8 1578
2600 0.6 1584
2610 1 1594
2620 0.8 1602
2630 0.4 1606
2640 1.2 1618
2650 0.6 1624
2660 0.8 1632
2670 0.5 1637
2680 0.7 1644
2690 1.5 1659
2700 0.7 1666
2710 0.9 1675
2720 0.6 1681
2730 0.8 1689
2740 0.5 1694
2750 0.3 1697
2760 0.7 1704
2770 0.7 1711
2780 0.8 1719
2790 0.6 1725
2800 1 1735
2810 0.4 1739
2820 0.9 1748
2830 0.4 1752
2840 0.7 1759
2850 0.4 1763
2860 0.7 1770
2870 0.5 1775
2880 0.9 1784
2890 0.5 1789
2900 0.6 1795
2910 0.4 1799
2920 0.4 1803
2930 0.9 1812
2940 1.2 1824
2950 0.3 1827
2960 1.1 1838
2970 0.7 1845
2980 0.5 1850
2990 0.9 1859
3000 0.6 1865
3010 1 1875
3020 0.5 1880
3030 0.4 1884
3040 0.4 1888
3050 0.7 1895
3060 0.8 1903
3070 0.2 1905
3080 0.9 1914
3090 0.8 1922
3100 0.7 1929
3110 0.9 1938
3120 0.7 1945
3130 1.3 1958
3140 1.1 1969
3150 0.7 1976
3160 0.7 1983
3170 0.6 1989
3180 0.9 1998
3190 1.1 2009
3200 1.2 2021
3210 1.2 2033
3220 0.6 2039
3230 1.4 2053
3240 0.6 2059
3250 0.8 2067
3260 0.9 2076
3270 0.6 2082
3280 0.5 2087
3290 0.4 2091
3300 0.6 2097
3310 0.6 2103
3320 0.7 2110
3330 0.7 2117
3340 0.4 2121
3350 0.3 2124
3360 0.6 2130
3370 0.8 2138
3380 0.5 2143
3390 0.8 2151
3400 0.8 2159
3410 0.5 2164
3420 0.8 2172
3430 0.6 2178
3440 0.3 2181
3450 0.2 2183
3460 0.5 2188
3470 0.8 2196
3480 1 2206
3490 0.4 2210
3500 0.7 2217
3510 0.7 2224
3520 1 2234
3530 0.7 2241
3540 0.8 2249
3550 0.7 2256
3560 0.8 2264
3570 0.4 2268
3580 0.7 2275
3590 0.7 2282
3600 0.7 2289
3610 0.7 2296
3620 0.7 2303
3630 0.4 2307
3640 0.5 2312
3650 0.7 2319
3660 0.2 2321
3670 0.5 2326
3680 0.7 2333
3690 0.6 2339
3700 0.5 2344
3710 0.5 2349
3720 1.2 2361
3730 0.5 2366
3740 0.4 2370
3750 0.3 2373
3760 0.9 2382
3770 0.6 2388
3780 0.4 2392
3790 0.6 2398
3800 0.5 2403
3810 0.7 2410
3820 0.7 2417
3830 0.3 2420
3840 0.8 2428
3850 0.7 2435
3860 0.7 2442
3870 0.4 2446
3880 0.8 2454
3890 0.6 2460
3900 0.7 2467
3910 0.7 2474
3920 0.5 2479
3930 0.7 2486
3940 0.9 2495
3950 1.1 2506
3960 0.5 2511
3970 0.6 2517
3980 0.9 2526
3990 0.7 2533
4000 0.7 2540
4010 0.8 2548
4020 0.5 2553
4030 0.6 2559
4040 0.5 2564
4050 0.8 2572
4060 1.4 2586
4070 0.6 2592
4080 0.6 2598
4090 0.8 2606
4100 0.6 2612
4110 0.9 2621
4120 0.8 2629
4130 0.3 2632
4140 0.3 2635
4150 0.4 2639
4160 0.8 2647
4170 0.5 2652
4180 0.6 2658
4190 1.2 2670
4200 0.7 2677
4210 0.4 2681
4220 0.5 2686
4230 0.5 2691
4240 0.7 2698
4250 0.8 2706
4260 0.8 2714
4270 0.6 2720
4280 1 2730
4290 0.7 2737
4300 0.6 2743
4310 0.5 2748
4320 0.6 2754
4330 0.6 2760
4340 0.7 2767
4350 0.5 2772
4360 1.1 2783
4370 0.7 2790
4380 0.4 2794
4390 0.5 2799
4400 0.2 2801
4410 0.4 2805
4420 1.1 2816
4430 0.5 2821
4440 0.4 2825
4450 0.6 2831
4460 0.6 2837
4470 0.4 2841
4480 0.5 2846
4490 0.7 2853
4500 0.7 2860
4510 0.4 2864
4520 0.7 2871
4530 0.2 2873
4540 0.5 2878
4550 0.6 2884
4560 0.4 2888
4570 0.6 2894
4580 0.4 2898
4590 0.3 2901
4600 0.3 2904
4610 0.6 2910
4620 0.2 2912
4630 0.2 2914
4640 0.5 2919
4650 0.5 2924
4660 0.3 2927
4670 0.4 2931
4680 0.3 2934
4690 0.9 2943
4700 0.9 2952
4710 0.6 2958
4720 0.7 2965
4730 0.6 2971
4740 0.5 2976
4750 0.7 2983
4760 0.3 2986
4770 0.1 2987
4780 0.5 2992
4790 0.7 2999
4800 1.5 3014
4810 0.9 3023
4820 0.2 3025
4830 0.5 3030
4840 0.3 3033
4850 0 3033
4860 0 3033
4870 0 3033
4880 0 3033
4890 0 3033
4891 0 3033
