1890 0.1 1
1900 0 1
1910 0.1 2
1920 0.1 3
1930 0.1 4
1940 0 4
1950 0.3 7
1960 0.2 9
1970 0.3 12
1980 0.1 13
1990 0.2 15
2000 0.1 16
2010 0 16
2020 0.2 18
2030 0.1 19
2040 0 19
2050 0.1 20
2060 0.2 22
2070 0.3 25
2080 0.1 26
2090 0.3 29
2100 0 29
2110 0.1 30
2120 0.1 31
2130 0 31
2140 0.1 32
2150 0 32
2160 0.3 35
2170 0 35
2180 0.2 37
2190 0.1 38
2200 0 38
2210 0.1 39
2220 0.2 41
2230 0.2 43
2240 0.2 45
2250 0.1 46
2260 0.3 49
2270 0.2 51
2280 0.2 53
2290 0.1 54
2300 0.2 56
2310 0.1 57
2320 0.2 59
2330 0.3 62
2340 0.2 64
2350 0.2 66
2360 0 66
2370 0 66
2380 0.3 69
2390 0 69
2400 0.2 71
2410 0 71
2420 0.3 74
2430 0 74
2440 0.7 81
2450 0.1 82
2460 0.1 83
2470 0.4 87
2480 0.3 90
2490 0.4 94
2500 0.1 95
2510 0.5 100
2520 0.4 104
2530 0.3 107
2540 0.2 109
2550 0.2 111
2560 0.4 115
2570 0.8 123
2580 0.4 127
2590 0.6 133
2600 0.6 139
2610 0.5 144
2620 0.4 148
2630 0.6 154
2640 0.2 156
2650 0.5 161
2660 0.6 167
2670 0.2 169
2680 0.5 174
2690 0.2 176
2700 0.3 179
2710 0.4 183
2720 0.7 190
2730 0.2 192
2740 0.1 193
2750 0.6 199
2760 0.1 200
2770 0 200
2780 0.4 204
2790 0.5 209
2800 0.2 211
2810 0.5 216
2820 0.4 220
2830 0.2 222
2840 0.4 226
2850 0.3 229
2860 0 229
2870 0.5 234
2880 0.2 236
2890 0.1 237
2900 0.5 242
2910 0.2 244
2920 0.1 245
2930 0.2 247
2940 0.1 248
2950 0.6 254
2960 0.1 255
2970 0.5 260
2980 0.6 266
2990 0.5 271
3000 0.2 273
3010 0.5 278
3020 0.3 281
3030 0.6 287
3040 0.5 292
3050 0.3 295
3060 0.7 302
3070 0.1 303
3080 0.3 306
3090 0.5 311
3100 0.3 314
3110 0.4 318
3120 0.5 323
3130 0.4 327
3140 0.7 334
3150 0.6 340
3160 0.9 349
3170 0.3 352
3180 1.6 368
3190 0.4 372
3200 2.8 400
3210 4.2 442
3220 0.3 445
3230 0.7 452
3240 0.2 454
3250 1 464
3260 0.6 470
3270 0.5 475
3280 0.3 478
3290 0.2 480
3300 0.2 482
3310 0.6 488
3320 0.7 495
3330 0.5 500
3340 0 500
3350 0.4 504
3360 0.5 509
3370 0.9 518
3380 0.5 523
3390 0.2 525
3400 0.3 528
3410 0.3 531
3420 0.4 535
3430 0.7 542
3440 0.2 544
3450 0.1 545
3460 0.2 547
3470 0.3 550
3480 0.2 552
3490 0.2 554
3500 0.5 559
3510 0.2 561
3520 0.5 566
3530 0.7 573
3540 0.5 578
3550 0.3 581
3560 0.5 586
3570 0.9 595
3580 0.2 597
3590 0.5 602
3600 0.4 606
3610 0.2 608
3620 0.3 611
3630 1.9 630
3640 5.2 682
3650 0.6 688
3660 3.2 720
3670 0.7 727
3680 0.7 734
3690 2 754
3700 3.3 787
3710 3.6 823
3720 0.9 832
3730 0.5 837
3740 0.7 844
3750 3.4 878
3760 0.2 880
3770 0.4 884
3780 0.7 891
3790 5.2 943
3800 5.2 995
3810 6.4 1059
3820 10.5 1164
3830 11.7 1281
3840 0.7 1288
3850 0.5 1293
3860 0.5 1298
3870 0.3 1301
3880 0.4 1305
3890 5.2 1357
3900 1.6 1373
3910 0.3 1376
3920 0.9 1385
3930 1 1395
3940 2.5 1420
3950 4.2 1462
3960 4 1502
3970 5.1 1553
3980 5.4 1607
3990 5.2 1659
4000 3.7 1696
4010 0.5 1701
4020 0.9 1710
4030 9.5 1805
4040 4.1 1846
4050 2.5 1871
4060 2.5 1896
4070 6.4 1960
4080 4.5 2005
4090 11.9 2124
4100 6.5 2189
4110 6.5 2254
4120 6.6 2320
4130 3.5 2355
4140 5.8 2413
4150 0.9 2422
4160 1 2432
4170 0.2 2434
4180 2 2454
4190 3.3 2487
4200 1.2 2499
4210 16.3 2662
4220 12.3 2785
4230 22.8 3013
4240 26.9 3282
4250 18 3462
4260 32.8 3790
4270 14.2 3932
4280 9.9 4031
4290 13.9 4170
4300 13 4300
4310 12.9 4429
4320 18.9 4618
4330 26.3 4881
4340 16.7 5048
4350 24.6 5294
4360 26.8 5562
4370 18.8 5750
4380 6 5810
4390 21 6020
4400 11.4 6134
4410 11.3 6247
4420 7.6 6323
4430 10.8 6431
4440 11.3 6544
4450 16 6704
4460 9.6 6800
4470 15.2 6952
4480 22.8 7180
4490 12.3 7303
4500 9.6 7399
4510 5.4 7453
4520 20.5 7658
4530 21.2 7870
4540 13.3 8003
4550 17.5 8178
4560 23.9 8417
4570 21 8627
4580 24.9 8876
4590 17.7 9053
4600 13.4 9187
4610 12.9 9316
4620 20.5 9521
4630 15.5 9676
4640 8.4 9760
4650 22.7 9987
4660 12.8 10115
4670 26.2 10377
4680 17.5 10552
4690 6.3 10615
4700 11.2 10727
4710 15.9 10886
4720 10.5 10991
4730 10.7 11098
4740 18.1 11279
4750 13.8 11417
4760 20.1 11618
4770 11.1 11729
4780 10.5 11834
4790 1.9 11853
4800 0.4 11857
4810 1.5 11872
4820 0.3 11875
4830 0.2 11877
4840 0 11877
4850 0.1 11878
4860 0.1 11879
4870 0 11879
4880 0 11879
4890 0 11879
4891 0 11879
