1870 0.1 1
1880 4.8 49
1890 11.6 165
1900 5.4 219
1910 14.8 367
1920 9.1 458
1930 7.2 530
1940 3.8 568
1950 12.3 691
1960 17.1 862
1970 19.9 1061
1980 12.1 1182
1990 15.9 1341
2000 16.1 1502
2010 10.2 1604
2020 7.1 1675
2030 9.7 1772
2040 13.5 1907
2050 11 2017
2060 18.1 2198
2070 6.5 2263
2080 8.9 2352
2090 10.6 2458
2100 1 2468
2110 10.3 2571
2120 6.8 2639
2130 5.3 2692
2140 7.4 2766
2150 10.1 2867
2160 10.9 2976
2170 12.4 3100
2180 7.4 3174
2190 11.4 3288
2200 1 3298
2210 8 3378
2220 12.2 3500
2230 5.8 3558
2240 7.9 3637
2250 12.9 3766
2260 13.4 3900
2270 10.7 4007
2280 5.7 4064
2290 0.4 4068
2300 13 4198
2310 7.2 4270
2320 4.8 4318
2330 12.3 4441
2340 7.9 4520
2350 10 4620
2360 19.2 4812
2370 6.4 4876
2380 10 4976
2390 12.7 5103
2400 19.9 5302
2410 17.9 5481
2420 29.3 5774
2430 26.2 6036
2440 25.8 6294
2450 24.7 6541
2460 25.2 6793
2470 33 7123
2480 30.6 7429
2490 26.7 7696
2500 19 7886
2510 19.9 8085
2520 33.4 8419
2530 34.6 8765
2540 34.2 9107
2550 47 9577
2560 37.5 9952
2570 40 10352
2580 30.3 10655
2590 31.7 10972
2600 25.1 11223
2610 27 11493
2620 18.8 11681
2630 29.7 11978
2640 18.7 12165
2650 21.4 12379
2660 30.3 12682
2670 35.6 13038
2680 31.7 13355
2690 31.1 13666
2700 27.9 13945
2710 33.3 14278
2720 30.7 14585
2730 38 14965
2740 31.5 15280
2750 25.9 15539
2760 33.2 15871
2770 38.7 16258
2780 32.7 16585
2790 28.9 16874
2800 30.1 17175
2810 27.1 17446
2820 24.8 17694
2830 30.2 17996
2840 24.2 18238
2850 30.2 18540
2860 36.6 18906
2870 31.5 19221
2880 24.7 19468
2890 39.2 19860
2900 41.6 20276
2910 35.5 20631
2920 35.9 20990
2930 33.8 21328
2940 32.3 21651
2950 27.1 21922
2960 36.2 22284
2970 30.2 22586
2980 25.1 22837
2990 22 23057
3000 28.1 23338
3010 45 23788
3020 58.3 24371
3030 48.6 24857
3040 40.6 25263
3050 56.5 25828
3060 49.4 26322
3070 51.7 26839
3080 46 27299
3090 52.8 27827
3100 51.1 28338
3110 54.8 28886
3120 62.7 29513
3130 55.4 30067
3140 61.3 30680
3150 47.1 31151
3160 55.3 31704
3170 48.5 32189
3180 41.2 32601
3190 52.3 33124
3200 59.2 33716
3210 68.1 34397
3220 54.9 34946
3230 52.6 35472
3240 58.8 36060
3250 54.7 36607
3260 52.7 37134
3270 49.1 37625
3280 42.6 38051
3290 46.8 38519
3300 50.5 39024
3310 45.6 39480
3320 61.2 40092
3330 52.1 40613
3340 48.7 41100
3350 42.7 41527
3360 35.3 41880
3370 54 42420
3380 48.7 42907
3390 46.5 43372
3400 37.2 43744
3410 50.5 44249
3420 49.6 44745
3430 62 45365
3440 59.5 45960
3450 56.4 46524
3460 50.4 47028
3470 50.2 47530
3480 42.9 47959
3490 53.9 48498
3500 55.1 49049
3510 56.3 49612
3520 61.1 50223
3530 47.3 50696
3540 44.9 51145
3550 55.4 51699
3560 62.6 52325
3570 56.4 52889
3580 56.3 53452
3590 53.2 53984
3600 61.6 54600
3610 66.6 55266
3620 71.8 55984
3630 67.3 56657
3640 78.7 57444
3650 69.6 58140
3660 77.5 58915
3670 68.2 59597
3680 65.4 60251
3690 72.8 60979
3700 74.6 61725
3710 72.9 62454
3720 62.7 63081
3730 59.9 63680
3740 65.3 64333
3750 72.8 65061
3760 70.3 65764
3770 62.1 66385
3780 70.3 67088
3790 59.9 67687
3800 79.9 68486
3810 65.5 69141
3820 73.1 69872
3830 69.6 70568
3840 69.2 71260
3850 70.5 71965
3860 63.8 72603
3870 69.6 73299
3880 69.4 73993
3890 78.1 74774
3900 76.8 75542
3910 62.1 76163
3920 71.1 76874
3930 80.2 77676
3940 72.8 78404
3950 60.9 79013
3960 72 79733
3970 67.2 80405
3980 73.7 81142
3990 68 81822
4000 71 82532
4010 58.7 83119
4020 66.7 83786
4030 70.9 84495
4040 65.3 85148
4050 71.1 85859
4060 74.6 86605
4070 71.2 87317
4080 78.8 88105
4090 66 88765
4100 71.3 89478
4110 82.6 90304
4120 77.1 91075
4130 71.8 91793
4140 66.5 92458
4150 76.7 93225
4160 69.1 93916
4170 79.3 94709
4180 66.1 95370
4190 72.3 96093
4200 71.3 96806
4210 70.6 97512
4220 86.4 98376
4230 64.2 99018
4240 70.8 99726
4250 76.2 100488
4260 76 101248
4270 82 102068
4280 80.4 102872
4290 77.3 103645
4300 86.2 104507
4310 77.5 105282
4320 69 105972
4330 74.1 106713
4340 84.6 107559
4350 70.6 108265
4360 78.6 109051
4370 82.9 109880
4380 84 110720
4390 68.2 111402
4400 86.4 112266
4410 83.2 113098
4420 78.9 113887
4430 72.2 114609
4440 78.4 115393
4450 77.5 116168
4460 86.3 117031
4470 77.1 117802
4480 76.1 118563
4490 88.8 119451
4500 83 120281
4510 71.7 120998
4520 64.1 121639
4530 80.2 122441
4540 81.8 123259
4550 73.9 123998
4560 82 124818
4570 80.6 125624
4580 77.7 126401
4590 81.3 127214
4600 77.5 127989
4610 83.2 128821
4620 81.3 129634
4630 86.2 130496
4640 84.3 131339
4650 68.6 132025
4660 75 132775
4670 73.9 133514
4680 77 134284
4690 79.6 135080
4700 77.4 135854
4710 72.3 136577
4720 73.5 137312
4730 80.6 138118
4740 76.9 138887
4750 66 139547
4760 78.3 140330
4770 86.5 141195
4780 75.9 141954
4790 64.2 142596
4800 10.4 142700
4810 0 142700
4820 0 142700
4830 0 142700
4840 0 142700
4850 0 142700
4860 0 142700
4870 0 142700
4880 0 142700
4890 0 142700
4891 0 142700
