10 0.1 1
20 0.2 3
30 1.1 14
40 1.5 29
50 2.4 53
60 1.8 71
70 1.4 85
80 1.6 101
90 2.5 126
100 1.4 140
110 2 160
120 2.1 181
130 1.7 198
140 1.8 216
150 2.4 240
160 3.5 275
170 4.3 318
180 3.2 350
190 3.9 389
200 4.7 436
210 3.5 471
220 5.1 522
230 3.3 555
240 3.4 589
250 4.9 638
260 4.8 686
270 6.9 755
280 5.7 812
290 4.6 858
300 4.9 907
310 5.3 960
320 5.9 1019
330 4.9 1068
340 5.4 1122
350 7.1 1193
360 6.7 1260
370 6 1320
380 7.5 1395
390 5.3 1448
400 6.6 1514
410 6.7 1581
420 6.6 1647
430 7.3 1720
440 6.2 1782
450 8.3 1865
460 9.7 1962
470 8.5 2047
480 6.7 2114
490 7.7 2191
500 9.3 2284
510 11.4 2398
520 10.5 2503
530 11 2613
540 12 2733
550 9.6 2829
560 9.3 2922
570 10.2 3024
580 9.1 3115
590 11 3225
600 10.3 3328
610 10.6 3434
620 13.8 3572
630 13.6 3708
640 13.1 3839
650 14.7 3986
660 12.3 4109
670 14.5 4254
680 14.7 4401
690 12.8 4529
700 15.9 4688
710 14.2 4830
720 15.3 4983
730 14.5 5128
740 15 5278
750 16.5 5443
760 15.8 5601
770 15.3 5754
780 14.4 5898
790 15.5 6053
800 16.7 6220
810 16 6380
820 16.5 6545
830 16.1 6706
840 14.9 6855
850 16.2 7017
860 15.4 7171
870 15.7 7328
880 12.8 7456
890 12.5 7581
900 15.6 7737
910 16 7897
920 15.7 8054
930 15.1 8205
940 15.1 8356
950 14.7 8503
960 12.7 8630
970 13.9 8769
980 16.1 8930
990 13.9 9069
1000 14.6 9215
1010 15.9 9374
1020 13.6 9510
1030 13.6 9646
1040 14.8 9794
1050 14.5 9939
1060 15.6 10095
1070 13.3 10228
1080 15.7 10385
1090 17.3 10558
1100 15 10708
1110 14.8 10856
1120 14.9 11005
1130 13.9 11144
1140 14.5 11289
1150 16.8 11457
1160 15.5 11612
1170 16.4 11776
1180 14.5 11921
1190 14.8 12069
1200 15.1 12220
1210 15.6 12376
1220 17.4 12550
1230 17.7 12727
1240 23.3 12960
1250 20.7 13167
1260 18.6 13353
1270 22.7 13580
1280 20 13780
1290 22.1 14001
1300 19.3 14194
1310 20.4 14398
1320 20.4 14602
1330 21.1 14813
1340 19.8 15011
1350 20.1 15212
1360 20.3 15415
1370 22.6 15641
1380 18 15821
1390 20.3 16024
1400 19.9 16223
1410 19.1 16414
1420 21.4 16628
1430 20 16828
1440 19.8 17026
1450 19.8 17224
1460 19.9 17423
1470 22.6 17649
1480 20.2 17851
1490 19.8 18049
1500 23.9 18288
1510 20.2 18490
1520 19.9 18689
1530 21.9 18908
1540 19.9 19107
1550 18.1 19288
1560 19.1 19479
1570 25.2 19731
1580 20.5 19936
1590 19.7 20133
1600 18 20313
1610 20.2 20515
1620 18.6 20701
1630 21 20911
1640 17.7 21088
1650 18.9 21277
1660 18.8 21465
1670 23.8 21703
1680 20.6 21909
1690 18.2 22091
1700 21.7 22308
1710 22 22528
1720 23.6 22764
1730 19.3 22957
1740 21.2 23169
1750 19.4 23363
1760 20.3 23566
1770 22 23786
1780 17 23956
1790 17.7 24133
1800 20.1 24334
1810 23.5 24569
1820 23.1 24800
1830 22.2 25022
1840 22.3 25245
1850 21.2 25457
1860 21.4 25671
1870 24.1 25912
1880 23 26142
1890 24.3 26385
1900 23.9 26624
1910 25.3 26877
1920 27.6 27153
1930 23.6 27389
1940 25.5 27644
1950 22.5 27869
1960 26.9 28138
1970 27.2 28410
1980 27.2 28682
1990 26.7 28949
2000 28.3 29232
2010 24.5 29477
2020 26.3 29740
2030 23.5 29975
2040 25 30225
2050 26 30485
2060 26.1 30746
2070 26.6 31012
2080 24.3 31255
2090 26.7 31522
2100 22.3 31745
2110 24.8 31993
2120 27.1 32264
2130 22.6 32490
2140 21.7 32707
2150 25.2 32959
2160 26.2 33221
2170 27 33491
2180 23.7 33728
2190 25.8 33986
2200 23 34216
2210 24.6 34462
2220 24.1 34703
2230 24.6 34949
2240 26 35209
2250 24.2 35451
2260 26 35711
2270 24.8 35959
2280 26.2 36221
2290 22.7 36448
2300 23.9 36687
2310 24.6 36933
2320 24.6 37179
2330 23.4 37413
2340 25.5 37668
2350 25.1 37919
2360 26.9 38188
2370 24.7 38435
2380 25.5 38690
2390 24.3 38933
2400 27.7 39210
2410 26.8 39478
2420 27 39748
2430 30 40048
2440 26.1 40309
2450 31 40619
2460 28.5 40904
2470 30.8 41212
2480 30.9 41521
2490 29.9 41820
2500 26.8 42088
2510 27 42358
2520 30.5 42663
2530 31.2 42975
2540 28.6 43261
2550 30.8 43569
2560 28.5 43854
2570 30.1 44155
2580 31 44465
2590 30.4 44769
2600 26 45029
2610 30 45329
2620 28.4 45613
2630 29.5 45908
2640 26.2 46170
2650 26.9 46439
2660 27.6 46715
2670 29.8 47013
2680 32.7 47340
2690 29.3 47633
2700 29.9 47932
2710 29.6 48228
2720 30 48528
2730 30.7 48835
2740 29.2 49127
2750 30.1 49428
2760 29.2 49720
2770 32.2 50042
2780 31.8 50360
2790 29.3 50653
2800 28.1 50934
2810 30.1 51235
2820 29.4 51529
2830 29.1 51820
2840 29.6 52116
2850 27.4 52390
2860 30 52690
2870 30.8 52998
2880 30.3 53301
2890 30.3 53604
2900 31.6 53920
2910 32 54240
2920 30.1 54541
2930 29.9 54840
2940 30.9 55149
2950 30 55449
2960 28.4 55733
2970 31.6 56049
2980 28.9 56338
2990 27.8 56616
3000 27.3 56889
3010 32.3 57212
3020 35.5 57567
3030 31.9 57886
3040 34.4 58230
3050 35 58580
3060 35.5 58935
3070 35.7 59292
3080 34.7 59639
3090 34.7 59986
3100 35.4 60340
3110 32.7 60667
3120 36.5 61032
3130 37.3 61405
3140 36.8 61773
3150 34.1 62114
3160 34.3 62457
3170 34.9 62806
3180 34.3 63149
3190 33.8 63487
3200 32.4 63811
3210 39.4 64205
3220 38.6 64591
3230 34.8 64939
3240 35.6 65295
3250 36.6 65661
3260 35.7 66018
3270 33.7 66355
3280 32.7 66682
3290 33.3 67015
3300 35.1 67366
3310 31.7 67683
3320 36.5 68048
3330 37.6 68424
3340 31.7 68741
3350 34.8 69089
3360 30.5 69394
3370 35.9 69753
3380 33.5 70088
3390 32.8 70416
3400 31.7 70733
3410 33.1 71064
3420 35.9 71423
3430 35.2 71775
3440 39.3 72168
3450 36 72528
3460 33.8 72866
3470 35.8 73224
3480 32.2 73546
3490 35.9 73905
3500 30.7 74212
3510 34.3 74555
3520 39 74945
3530 37.3 75318
3540 30.5 75623
3550 34.3 75966
3560 35.8 76324
3570 38.6 76710
3580 33.2 77042
3590 36.6 77408
3600 35.8 77766
3610 38.2 78148
3620 40.1 78549
3630 36.5 78914
3640 41.1 79325
3650 39.5 79720
3660 40 80120
3670 41.3 80533
3680 38.5 80918
3690 36.9 81287
3700 39.8 81685
3710 39.8 82083
3720 40.2 82485
3730 37.6 82861
3740 36.3 83224
3750 39.4 83618
3760 40 84018
3770 37.1 84389
3780 37.9 84768
3790 37.8 85146
3800 41 85556
3810 40.1 85957
3820 40.3 86360
3830 40.9 86769
3840 41.9 87188
3850 37.4 87562
3860 40.1 87963
3870 38.4 88347
3880 39.5 88742
3890 38.1 89123
3900 42.6 89549
3910 36.7 89916
3920 37.6 90292
3930 42.2 90714
3940 39.2 91106
3950 36.3 91469
3960 41.6 91885
3970 39.5 92280
3980 39.1 92671
3990 39.6 93067
4000 41 93477
4010 39 93867
4020 36.5 94232
4030 39.8 94630
4040 38.7 95017
4050 39.5 95412
4060 39.5 95807
4070 38.5 96192
4080 42 96612
4090 39.9 97011
4100 42.1 97432
4110 43.2 97864
4120 42.9 98293
4130 39.2 98685
4140 39.1 99076
4150 42.2 99498
4160 36.4 99862
4170 40.8 100270
4180 38.3 100653
4190 38.8 101041
4200 40.7 101448
4210 37.2 101820
4220 46.1 102281
4230 41.5 102696
4240 43.3 103129
4250 45.5 103584
4260 44.1 104025
4270 48.8 104513
4280 43.9 104952
4290 44.9 105401
4300 44.1 105842
4310 43.2 106274
4320 40.5 106679
4330 44.1 107120
4340 46.2 107582
4350 44.6 108028
4360 48.7 108515
4370 45.4 108969
4380 44.5 109414
4390 41.2 109826
4400 46.8 110294
4410 43.7 110731
4420 43.3 111164
4430 40.9 111573
4440 45.1 112024
4450 42.9 112453
4460 45.3 112906
4470 42.4 113330
4480 44.8 113778
4490 48.1 114259
4500 44.8 114707
4510 43.5 115142
4520 38.8 115530
4530 45.3 115983
4540 45.8 116441
4550 45.5 116896
4560 44.2 117338
4570 44.8 117786
4580 45.6 118242
4590 46.8 118710
4600 45.4 119164
4610 43.1 119595
4620 44.6 120041
4630 47.3 120514
4640 45.7 120971
4650 41.1 121382
4660 44.9 121831
4670 42.5 122256
4680 47.6 122732
4690 44.2 123174
4700 42 123594
4710 41.7 124011
4720 42.2 124433
4730 43.1 124864
4740 45.1 125315
4750 41.1 125726
4760 42.2 126148
4770 45.1 126599
4780 44.7 127046
4790 39.4 127440
4800 34.2 127782
4810 29.1 128073
4820 13.7 128210
4830 4.1 128251
4840 0.9 128260
4850 0.3 128263
4860 0.1 128264
4870 0 128264
4880 0 128264
4890 0 128264
4891 0 128264
