10 0.1 6536.66015625 0 6536.66015625 6536.66015625 0 0
20 0.1 6535.953125 0.0 6536.66015625 6535.953125 6536.66015625 1
30 0.1 6442.26953125 0.0 6536.66015625 6442.26953125 6536.306640625 2
40 0.1 6434.21875 0.0 6536.66015625 6434.21875 6504.9609375 3
50 0.1 6425.01171875 0.0 6536.66015625 6425.01171875 6487.275390625 4
60 0.1 6365.3046875 0.0 6536.66015625 6365.3046875 6474.82265625 5
70 0.1 6364.59765625 0.0 6536.66015625 6364.59765625 6456.569661458333 6
80 0.1 6364.99609375 0.0 6536.66015625 6364.59765625 6443.430803571428 7
90 0.1 6362.60546875 0.0 6536.66015625 6362.60546875 6433.62646484375 8
100 0.1 6362.35546875 0.0 6536.66015625 6362.35546875 6425.735243055556 9
110 0.1 6361.78125 0.0 6536.66015625 6361.78125 6419.397265625 10
120 0.1 6362.203125 0.0 6536.66015625 6361.78125 6414.159446022727 11
130 0.1 6326.1484375 0.0 6536.66015625 6326.1484375 6409.829752604167 12
140 0.1 6311.4140625 0.0 6536.66015625 6311.4140625 6403.392728365385 13
150 0.1 6310.71875 0.0 6536.66015625 6310.71875 6396.822823660715 14
160 0.1 6252.4453125 0.0 6536.66015625 6252.4453125 6391.082552083333 15
170 0.1 6195.23046875 0.0 6536.66015625 6195.23046875 6382.417724609375 16
180 0.1 6185.484375 0.0 6536.66015625 6185.484375 6371.406709558823 17
190 0.1 6177.3984375 0.0 6536.66015625 6177.3984375 6361.077690972223 18
200 0.1 6121.625 0.0 6536.66015625 6121.625 6351.410361842105 19
210 0.1 6107.33984375 0.0 6536.66015625 6107.33984375 6339.92109375 20
220 0.1 6106.26953125 0.0 6536.66015625 6106.26953125 6328.845796130952 21
230 0.1 6105.578125 0.0 6536.66015625 6105.578125 6318.728693181818 22
240 0.1 6101.01171875 0.0 6536.66015625 6101.01171875 6309.461277173913 23
250 0.1 6093.0625 0.0 6536.66015625 6093.0625 6300.77587890625 24
260 0.1 5990.10546875 0.0 6536.66015625 5990.10546875 6292.46734375 25
270 0.1 5975.47265625 0.0 6536.66015625 5975.47265625 6280.838040865385 26
280 0.1 5973.34375 0.0 6536.66015625 5973.34375 6269.528211805556 27
290 0.1 5966.6796875 0.0 6536.66015625 5966.6796875 6258.9501953125 28
300 0.1 5966.04296875 0.0 6536.66015625 5966.04296875 6248.871901939655 29
310 0.1 5965.83984375 0.0 6536.66015625 5965.83984375 6239.444270833334 30
320 0.1 5964.96484375 0.0 6536.66015625 5964.96484375 6230.6183215725805 31
330 0.1 5964.7109375 0.0 6536.66015625 5964.7109375 6222.316650390625 32
340 0.1 5964.4296875 0.0 6536.66015625 5964.4296875 6214.510416666667 33
350 0.1 5963.50390625 0.0 6536.66015625 5963.50390625 6207.155101102941 34
360 0.1 5959.25 0.0 6536.66015625 5959.25 6200.193638392857 35
370 0.1 5959.32421875 0.0 6536.66015625 5959.25 6193.500759548611 36
380 0.1 5958.46484375 0.0 6536.66015625 5958.46484375 6187.171663851352 37
390 0.1 5958.95703125 0.0 6536.66015625 5958.46484375 6181.153063322368 38
400 0.1 5959.2421875 0.0 6536.66015625 5958.46484375 6175.455729166667 39
410 0.1 5959.5078125 0.0 6536.66015625 5958.46484375 6170.050390625 40
420 0.1 5958.89453125 0.0 6536.66015625 5958.46484375 6164.915205792683 41
430 0.1 5958.734375 0.0 6536.66015625 5958.46484375 6160.009951636905 42
440 0.1 5958.046875 0.0 6536.66015625 5958.046875 6155.329124273256 43
450 0.1 5956.9765625 0.0 6536.66015625 5956.9765625 6150.845436789773 44
460 0.1 5906.5234375 0.0 6536.66015625 5906.5234375 6146.537239583334 45
470 0.1 5897.26171875 0.0 6536.66015625 5897.26171875 6141.319548233696 46
480 0.1 5897.09375 0.0 6536.66015625 5897.09375 6136.126828457447 47
490 0.1 5899.30078125 0.0 6536.66015625 5897.09375 6131.14697265625 48
500 0.1 5899.15234375 0.0 6536.66015625 5897.09375 6126.415417729592 49
510 0.1 5721.484375 0.0 6536.66015625 5721.484375 6121.87015625 50
520 0.1 5718.78515625 0.0 6536.66015625 5718.78515625 6114.019454656863 51
530 0.1 5613.46875 0.0 6536.66015625 5613.46875 6106.418795072115 52
540 0.1 5607.00390625 0.0 6536.66015625 5607.00390625 6097.117850825472 53
550 0.1 5597.61328125 0.0 6536.66015625 5597.61328125 6088.041666666667 54
560 0.1 5597.5390625 0.0 6536.66015625 5597.5390625 6079.124786931819 55
570 0.1 5598.8828125 0.0 6536.66015625 5597.5390625 6070.525041852678 56
580 0.1 5598.00390625 0.0 6536.66015625 5597.5390625 6062.250616776316 57
590 0.1 5578.953125 0.0 6536.66015625 5578.953125 6054.246363146552 58
600 0.1 5538.3828125 0.0 6536.66015625 5538.3828125 6046.190545550848 59
610 0.1 5537.609375 0.0 6536.66015625 5537.609375 6037.727083333333 60
620 0.1 5536.3671875 0.0 6536.66015625 5536.3671875 6029.528432377049 61
630 0.1 5476.7109375 0.0 6536.66015625 5476.7109375 6021.57421875 62
640 0.1 5476.23828125 0.0 6536.66015625 5476.23828125 6012.925595238095 63
650 0.1 5476.69140625 0.0 6536.66015625 5476.23828125 6004.539855957031 64
660 0.1 5476.1328125 0.0 6536.66015625 5476.1328125 5996.419110576923 65
670 0.1 5475.4453125 0.0 6536.66015625 5475.4453125 5988.535984848485 66
680 0.1 5476.078125 0.0 6536.66015625 5475.4453125 5980.877915111941 67
690 0.1 5475.33203125 0.0 6536.66015625 5475.33203125 5973.454388786765 68
700 0.1 5475.703125 0.0 6536.66015625 5475.33203125 5966.235224184783 69
710 0.1 5475.16015625 0.0 6536.66015625 5475.16015625 5959.227622767857 70
720 0.1 5474.9453125 0.0 6536.66015625 5474.9453125 5952.40977112676 71
730 0.1 5474.31640625 0.0 6536.66015625 5474.31640625 5945.778320312499 72
740 0.1 5475.50390625 0.0 6536.66015625 5474.31640625 5939.319937928081 73
750 0.1 5474.68359375 0.0 6536.66015625 5474.31640625 5933.052153716216 74
760 0.1 5474.3828125 0.0 6536.66015625 5474.31640625 5926.940572916666 75
770 0.1 5474.296875 0.0 6536.66015625 5474.296875 5920.985865542762 76
780 0.1 5476.9921875 0.0 6536.66015625 5474.296875 5915.1847098214275 77
790 0.1 5477.9453125 0.0 6536.66015625 5474.296875 5909.566856971153 78
800 0.1 5478.26953125 0.0 6536.66015625 5474.296875 5904.103293117088 79
810 0.1 5478.140625 0.0 6536.66015625 5474.296875 5898.78037109375 80
820 0.1 5477.80078125 0.0 6536.66015625 5474.296875 5893.587287808642 81
830 0.1 5478.0546875 0.0 6536.66015625 5474.296875 5888.516720655488 82
840 0.1 5478.25 0.0 6536.66015625 5474.296875 5883.571394954819 83
850 0.1 5477.765625 0.0 6536.66015625 5474.296875 5878.746140252976 84
860 0.1 5479.2265625 0.0 6536.66015625 5474.296875 5874.02872242647 85
870 0.1 5478.9921875 0.0 6536.66015625 5474.296875 5869.437999636628 86
880 0.1 5478.84375 0.0 6536.66015625 5474.296875 5864.950116738506 87
890 0.1 5478.97265625 0.0 6536.66015625 5474.296875 5860.562544389205 88
900 0.1 5478.6484375 0.0 6536.66015625 5474.296875 5856.2750175561805 89
910 0.1 5478.046875 0.0 6536.66015625 5474.296875 5852.079166666666 90
920 0.1 5478.59765625 0.0 6536.66015625 5474.296875 5847.9689217032965 91
930 0.1 5478.84375 0.0 6536.66015625 5474.296875 5843.954016644022 92
940 0.1 5478.3671875 0.0 6536.66015625 5474.296875 5840.028099798387 93
950 0.1 5477.68359375 0.0 6536.66015625 5474.296875 5836.180643284574 94
960 0.1 5478.3671875 0.0 6536.66015625 5474.296875 5832.406990131579 95
970 0.1 5477.50390625 0.0 6536.66015625 5474.296875 5828.719075520833 96
980 0.1 5477.28515625 0.0 6536.66015625 5474.296875 5825.098300579897 97
990 0.1 5477.6171875 0.0 6536.66015625 5474.296875 5821.549186862245 98
1000 0.1 5478.0234375 0.0 6536.66015625 5474.296875 5818.075126262626 99
1010 0.1 5477.94140625 0.0 6536.66015625 5474.296875 5814.674609375 100
1020 0.1 5477.5 0.0 6536.66015625 5474.296875 5811.340617264851 101
1030 0.1 5477.953125 0.0 6536.66015625 5474.296875 5808.067670036765 102
1040 0.1 5477.796875 0.0 6536.66015625 5474.296875 5804.862674453883 103
1050 0.1 5478.25390625 0.0 6536.66015625 5474.296875 5801.717810997596 104
1060 0.1 5478.62109375 0.0 6536.66015625 5474.296875 5798.637202380953 105
1070 0.1 5479.1328125 0.0 6536.66015625 5474.296875 5795.618182488208 106
1080 0.1 5478.41015625 0.0 6536.66015625 5474.296875 5792.660375292056 107
1090 0.1 5478.66015625 0.0 6536.66015625 5474.296875 5789.750651041667 108
1100 0.1 5478.47265625 0.0 6536.66015625 5474.296875 5786.896609805046 109
1110 0.1 5479.109375 0.0 6536.66015625 5474.296875 5784.092755681818 110
1120 0.1 5478.609375 0.0 6536.66015625 5474.296875 5781.345157657658 111
1130 0.1 5479.08203125 0.0 6536.66015625 5474.296875 5778.642159598215 112
1140 0.1 5478.7578125 0.0 6536.66015625 5474.296875 5775.991185011062 113
1150 0.1 5478.83203125 0.0 6536.66015625 5474.296875 5773.383874725877 114
1160 0.1 5479.03515625 0.0 6536.66015625 5474.296875 5770.822554347826 115
1170 0.1 5479.484375 0.0 6536.66015625 5474.296875 5768.307145743534 116
1180 0.1 5479.35546875 0.0 6536.66015625 5474.296875 5765.838575053419 117
1190 0.1 5479.4140625 0.0 6536.66015625 5474.296875 5763.410752118644 118
1200 0.1 5480.453125 0.0 6536.66015625 5474.296875 5761.024225315126 119
1210 0.1 5479.56640625 0.0 6536.66015625 5474.296875 5758.6861328125 120
1220 0.1 5538.2578125 0.0 6536.66015625 5474.296875 5756.37935821281 121
1230 0.1 5537.3046875 0.0 6536.66015625 5474.296875 5754.5914766905735 122
1240 0.1 5536.8984375 0.0 6536.66015625 5474.296875 5752.824917428862 123
1250 0.1 5536.75390625 0.0 6536.66015625 5474.296875 5751.083574848791 124
1260 0.1 5537.25390625 0.0 6536.66015625 5474.296875 5749.3689375 125
1270 0.1 5537.98046875 0.0 6536.66015625 5474.296875 5747.685484871032 126
1280 0.1 5537.05859375 0.0 6536.66015625 5474.296875 5746.034264271653 127
1290 0.1 5537.08203125 0.0 6536.66015625 5474.296875 5744.401641845703 128
1300 0.1 5537.140625 0.0 6536.66015625 5474.296875 5742.794513081395 129
1310 0.1 5536.88671875 0.0 6536.66015625 5474.296875 5741.2125600961535 130
1320 0.1 5537.26953125 0.0 6536.66015625 5474.296875 5739.652820849236 131
1330 0.1 5537.44921875 0.0 6536.66015625 5474.296875 5738.119614109848 132
1340 0.1 5537.203125 0.0 6536.66015625 5474.296875 5736.610814144737 133
1350 0.1 5537.6171875 0.0 6536.66015625 5474.296875 5735.122697061567 134
1360 0.1 5537.33203125 0.0 6536.66015625 5474.296875 5733.659693287037 135
1370 0.1 5537.22265625 0.0 6536.66015625 5474.296875 5732.216107536765 136
1380 0.1 5536.921875 0.0 6536.66015625 5474.296875 5730.792797673358 137
1390 0.1 5536.44921875 0.0 6536.66015625 5474.296875 5729.387935914856 138
1400 0.1 5536.9375 0.0 6536.66015625 5474.296875 5727.999887589929 139
1410 0.1 5537.8515625 0.0 6536.66015625 5474.296875 5726.635156250001 140
1420 0.1 5537.5625 0.0 6536.66015625 5474.296875 5725.296265514186 141
1430 0.1 5537.8671875 0.0 6536.66015625 5474.296875 5723.974196742959 142
1440 0.1 5537.68359375 0.0 6536.66015625 5474.296875 5722.672749125876 143
1450 0.1 5537.63671875 0.0 6536.66015625 5474.296875 5721.388102213544 144
1460 0.1 5537.39453125 0.0 6536.66015625 5474.296875 5720.120851293106 145
1470 0.1 5536.2890625 0.0 6536.66015625 5474.296875 5718.869301155824 146
1480 0.1 5537.46484375 0.0 6536.66015625 5474.296875 5717.627258715988 147
1490 0.1 5536.36328125 0.0 6536.66015625 5474.296875 5716.409945101353 148
1500 0.1 5536.953125 0.0 6536.66015625 5474.296875 5715.201578229868 149
1510 0.1 5537.1015625 0.0 6536.66015625 5474.296875 5714.013255208335 150
1520 0.1 5537.85546875 0.0 6536.66015625 5474.296875 5712.841654594373 151
1530 0.1 5536.640625 0.0 6536.66015625 5474.296875 5711.690429687503 152
1540 0.1 5536.5546875 0.0 6536.66015625 5474.296875 5710.546313316997 153
1550 0.1 5537.15234375 0.0 6536.66015625 5474.296875 5709.416497564939 154
1560 0.1 5536.5390625 0.0 6536.66015625 5474.296875 5708.305115927423 155
1570 0.1 5536.34375 0.0 6536.66015625 5474.296875 5707.204051482376 156
1580 0.1 5537.46484375 0.0 6536.66015625 5474.296875 5706.115769307328 157
1590 0.1 5537.30078125 0.0 6536.66015625 5474.296875 5705.04835838608 158
1600 0.1 5537.3671875 0.0 6536.66015625 5474.296875 5703.993342177677 159
1610 0.1 5536.92578125 0.0 6536.66015625 5474.296875 5702.9519287109415 160
1620 0.1 5536.59765625 0.0 6536.66015625 5474.296875 5701.920710403731 161
1630 0.1 5537.390625 0.0 6536.66015625 5474.296875 5700.900197723769 162
1640 0.1 5537.375 0.0 6536.66015625 5474.296875 5699.897071510741 163
1650 0.1 5537.66015625 0.0 6536.66015625 5474.296875 5698.9060832698215 164
1660 0.1 5537.1328125 0.0 6536.66015625 5474.296875 5697.928835227277 165
1670 0.1 5537.19921875 0.0 6536.66015625 5474.296875 5696.960184487956 166
1680 0.1 5538.3125 0.0 6536.66015625 5474.296875 5696.003531998507 167
1690 0.1 5538.203125 0.0 6536.66015625 5474.296875 5695.064894903278 168
1700 0.1 5537.7109375 0.0 6536.66015625 5474.296875 5694.136718750005 169
1710 0.1 5537.3046875 0.0 6536.66015625 5474.296875 5693.216567095593 170
1720 0.1 5537.08203125 0.0 6536.66015625 5474.296875 5692.304801717841 171
1730 0.1 5537.609375 0.0 6536.66015625 5474.296875 5691.402343750005 172
1740 0.1 5537.046875 0.0 6536.66015625 5474.296875 5690.513367052028 173
1750 0.1 5536.5703125 0.0 6536.66015625 5474.296875 5689.631375718395 174
1760 0.1 5536.34375 0.0 6536.66015625 5474.296875 5688.756741071434 175
1770 0.1 5536.8828125 0.0 6536.66015625 5474.296875 5687.8907581676185 176
1780 0.1 5536.45703125 0.0 6536.66015625 5474.296875 5687.037605932208 177
1790 0.1 5536.02734375 0.0 6536.66015625 5474.296875 5686.191647647476 178
1800 0.1 5534.703125 0.0 6536.66015625 5474.296875 5685.352740921792 179
1810 0.1 5535.5546875 0.0 6536.66015625 5474.296875 5684.515798611115 180
1820 0.1 5534.85546875 0.0 6536.66015625 5474.296875 5683.6928090469655 181
1830 0.1 5535.23046875 0.0 6536.66015625 5474.296875 5682.875021462916 182
1840 0.1 5534.51953125 0.0 6536.66015625 5474.296875 5682.06822062842 183
1850 0.1 5534.609375 0.0 6536.66015625 5474.296875 5681.2663255774505 184
1860 0.1 5533.8515625 0.0 6536.66015625 5474.296875 5680.473585304059 185
1870 0.1 5533.30859375 0.0 6536.66015625 5474.296875 5679.685294858876 186
1880 0.1 5533.140625 0.0 6536.66015625 5474.296875 5678.9025317513415 187
1890 0.1 5533.21484375 0.0 6536.66015625 5474.296875 5678.127202460111 188
1900 0.1 5532.53515625 0.0 6536.66015625 5474.296875 5677.360470403444 189
1910 0.1 5532.6015625 0.0 6536.66015625 5474.296875 5676.598231907899 190
1920 0.1 5531.9609375 0.0 6536.66015625 5474.296875 5675.844322643984 191
1930 0.1 5532.6328125 0.0 6536.66015625 5474.296875 5675.094930013026 192
1940 0.1 5532.03515625 0.0 6536.66015625 5474.296875 5674.35678432643 193
1960 0.1 5532.28125 0.0 6536.66015625 5474.296875 5673.62316768686 194
1970 0.1 5532.06640625 0.0 6536.66015625 5474.296875 5672.898337339749 195
1980 0.1 5531.7109375 0.0 6536.66015625 5474.296875 5672.1798070790865 196
1990 0.1 5532.1484375 0.0 6536.66015625 5474.296875 5671.466767131985 197
2000 0.1 5532.1484375 0.0 6536.66015625 5474.296875 5670.7631392045505 198
2010 0.1 5532.28515625 0.0 6536.66015625 5474.296875 5670.066582914577 199
2020 0.1 5532.13671875 0.0 6536.66015625 5474.296875 5669.377675781255 200
2030 0.1 5532.46484375 0.0 6536.66015625 5474.296875 5668.694884950253 201
2040 0.1 5531.60546875 0.0 6536.66015625 5474.296875 5668.020478805698 202
2050 0.1 5531.171875 0.0 6536.66015625 5474.296875 5667.348483682271 203
2060 0.1 5531.90625 0.0 6536.66015625 5474.296875 5666.680951286769 204
2070 0.1 5531.15625 0.0 6536.66015625 5474.296875 5666.023513719517 205
2080 0.1 5531.7578125 0.0 6536.66015625 5474.296875 5665.368818264567 206
2090 0.1 5531.24609375 0.0 6536.66015625 5474.296875 5664.723354468603 207
2100 0.1 5531.0625 0.0 6536.66015625 5474.296875 5664.081636868995 208
2110 0.1 5530.52734375 0.0 6536.66015625 5474.296875 5663.445181668665 209
2120 0.1 5531.328125 0.0 6536.66015625 5474.296875 5662.812239583338 210
2130 0.1 5531.3828125 0.0 6536.66015625 5474.296875 5662.189092120858 211
2140 0.1 5531.40625 0.0 6536.66015625 5474.296875 5661.572081367929 212
2150 0.1 5530.9921875 0.0 6536.66015625 5474.296875 5660.960974178408 213
2160 0.1 5532.07421875 0.0 6536.66015625 5474.296875 5660.353643399537 214
2170 0.1 5531.77734375 0.0 6536.66015625 5474.296875 5659.756994912795 215
2180 0.1 5531.25390625 0.0 6536.66015625 5474.296875 5659.164496527782 216
2190 0.1 5531.625 0.0 6536.66015625 5474.296875 5658.575046803 217
2200 0.1 5531.546875 0.0 6536.66015625 5474.296875 5657.992707138766 218
2210 0.1 5532.12890625 0.0 6536.66015625 5474.296875 5657.415328909821 219
2220 0.1 5532.05078125 0.0 6536.66015625 5474.296875 5656.845845170459 220
2230 0.1 5533.00390625 0.0 6536.66015625 5474.296875 5656.2811616233075 221
2240 0.1 5533.43359375 0.0 6536.66015625 5474.296875 5655.725858671175 222
2250 0.1 5532.734375 0.0 6536.66015625 5474.296875 5655.177462864354 223
2260 0.1 5531.8671875 0.0 6536.66015625 5474.296875 5654.630841936388 224
2270 0.1 5532.20703125 0.0 6536.66015625 5474.296875 5654.085225694449 225
2280 0.1 5532.26953125 0.0 6536.66015625 5474.296875 5653.5459416482345 226
2290 0.1 5533.16796875 0.0 6536.66015625 5474.296875 5653.011684333705 227
2300 0.1 5532.9609375 0.0 6536.66015625 5474.296875 5652.486054002197 228
2310 0.1 5533.05078125 0.0 6536.66015625 5474.296875 5651.964110262013 229
2320 0.1 5532.8828125 0.0 6536.66015625 5474.296875 5651.447095788048 230
2330 0.1 5532.359375 0.0 6536.66015625 5474.296875 5650.933830492429 231
2340 0.1 5532.8828125 0.0 6536.66015625 5474.296875 5650.422733701513 232
2350 0.1 5532.67578125 0.0 6536.66015625 5474.296875 5649.91827052039 233
2360 0.1 5531.58984375 0.0 6536.66015625 5474.296875 5649.417234241457 234
2370 0.1 5532.48828125 0.0 6536.66015625 5474.296875 5648.915841090429 235
2380 0.1 5532.6171875 0.0 6536.66015625 5474.296875 5648.4225039724615 236
2390 0.1 5531.91015625 0.0 6536.66015625 5474.296875 5647.933873945151 237
2400 0.1 5532.09765625 0.0 6536.66015625 5474.296875 5647.446379332987 238
2410 0.1 5531.4453125 0.0 6536.66015625 5474.296875 5646.963748692472 239
2420 0.1 5531.484375 0.0 6536.66015625 5474.296875 5646.482421875004 240
2430 0.1 5531.5625 0.0 6536.66015625 5474.296875 5646.00525155602 241
2440 0.1 5531.4765625 0.0 6536.66015625 5474.296875 5645.532347623971 242
2450 0.1 5531.7109375 0.0 6536.66015625 5474.296875 5645.06298225309 243
2460 0.1 5531.6875 0.0 6536.66015625 5474.296875 5644.598424692626 244
2470 0.1 5531.390625 0.0 6536.66015625 5474.296875 5644.137563775514 245
2480 0.1 5532.04296875 0.0 6536.66015625 5474.296875 5643.679242886183 246
2490 0.1 5531.89453125 0.0 6536.66015625 5474.296875 5643.227274164983 247
2500 0.1 5531.9453125 0.0 6536.66015625 5474.296875 5642.77835181452 248
2510 0.1 5531.6640625 0.0 6536.66015625 5474.296875 5642.333239206831 249
2520 0.1 5532.07421875 0.0 6536.66015625 5474.296875 5641.890562500003 250
2530 0.1 5530.9609375 0.0 6536.66015625 5474.296875 5641.453047186259 251
2540 0.1 5531.80078125 0.0 6536.66015625 5474.296875 5641.014586433535 252
2550 0.1 5531.0 0.0 6536.66015625 5474.296875 5640.582911314233 253
2560 0.1 5531.125 0.0 6536.66015625 5474.296875 5640.151482529532 254
2570 0.1 5531.1796875 0.0 6536.66015625 5474.296875 5639.723927696082 255
2580 0.1 5530.94921875 0.0 6536.66015625 5474.296875 5639.299926757816 256
2590 0.1 5530.77734375 0.0 6536.66015625 5474.296875 5638.878328672183 257
2600 0.1 5531.2734375 0.0 6536.66015625 5474.296875 5638.459332606592 258
2610 0.1 5531.4453125 0.0 6536.66015625 5474.296875 5638.045487451741 259
2620 0.1 5530.75 0.0 6536.66015625 5474.296875 5637.63548677885 260
2630 0.1 5531.27734375 0.0 6536.66015625 5474.296875 5637.225963841 261
2640 0.1 5531.3203125 0.0 6536.66015625 5474.296875 5636.821579794851 262
2650 0.1 5531.5 0.0 6536.66015625 5474.296875 5636.420434291828 263
2660 0.1 5531.3828125 0.0 6536.66015625 5474.296875 5636.02300840436 264
2670 0.1 5531.1171875 0.0 6536.66015625 5474.296875 5635.628139740569 265
2680 0.1 5531.3125 0.0 6536.66015625 5474.296875 5635.235241423876 266
2690 0.1 5531.2734375 0.0 6536.66015625 5474.296875 5634.846017673224 267
2700 0.1 5530.7734375 0.0 6536.66015625 5474.296875 5634.4595528218315 268
2710 0.1 5531.72265625 0.0 6536.66015625 5474.296875 5634.074102578999 269
2720 0.1 5530.48046875 0.0 6536.66015625 5474.296875 5633.695023148151 270
2730 0.1 5530.421875 0.0 6536.66015625 5474.296875 5633.3141576337675 271
2740 0.1 5531.1640625 0.0 6536.66015625 5474.296875 5632.9358771829075 272
2750 0.1 5531.17578125 0.0 6536.66015625 5474.296875 5632.563086652934 273
2760 0.1 5531.84375 0.0 6536.66015625 5474.296875 5632.193059990879 274
2770 0.1 5531.41796875 0.0 6536.66015625 5474.296875 5631.828153409095 275
2780 0.1 5531.13671875 0.0 6536.66015625 5474.296875 5631.464348392215 276
2790 0.1 5530.9453125 0.0 6536.66015625 5474.296875 5631.102154783398 277
2800 0.1 5530.890625 0.0 6536.66015625 5474.296875 5630.741878372306 278
2810 0.1 5531.1015625 0.0 6536.66015625 5474.296875 5630.383988575273 279
2820 0.1 5531.8984375 0.0 6536.66015625 5474.296875 5630.029408482147 280
2830 0.1 5531.94921875 0.0 6536.66015625 5474.296875 5629.680187944844 281
2840 0.1 5532.00390625 0.0 6536.66015625 5474.296875 5629.333624224295 282
2850 0.1 5531.5859375 0.0 6536.66015625 5474.296875 5628.9897029593685 283
2860 0.1 5531.375 0.0 6536.66015625 5474.296875 5628.64673195423 284
2870 0.1 5530.94921875 0.0 6536.66015625 5474.296875 5628.305427631583 285
2880 0.1 5531.48046875 0.0 6536.66015625 5474.296875 5627.965021306823 286
2890 0.1 5531.41796875 0.0 6536.66015625 5474.296875 5627.628838196868 287
2900 0.1 5531.125 0.0 6536.66015625 5474.296875 5627.294772677956 288
2910 0.1 5531.34375 0.0 6536.66015625 5474.296875 5626.962005298447 289
2920 0.1 5531.2890625 0.0 6536.66015625 5474.296875 5626.632287176729 290
2930 0.1 5530.8359375 0.0 6536.66015625 5474.296875 5626.304647229386 291
2940 0.1 5531.2734375 0.0 6536.66015625 5474.296875 5625.977699593327 292
2950 0.1 5531.5390625 0.0 6536.66015625 5474.296875 5625.654476855807 293
2960 0.1 5531.61328125 0.0 6536.66015625 5474.296875 5625.334356398815 294
2970 0.1 5531.390625 0.0 6536.66015625 5474.296875 5625.016657838988 295
2980 0.1 5531.71875 0.0 6536.66015625 5474.296875 5624.700353673991 296
2990 0.1 5531.32421875 0.0 6536.66015625 5474.296875 5624.387284301351 297
3000 0.1 5531.05859375 0.0 6536.66015625 5474.296875 5624.074992135072 298
3010 0.1 5530.60546875 0.0 6536.66015625 5474.296875 5623.763900501677 299
3020 0.1 5530.9453125 0.0 6536.66015625 5474.296875 5623.453372395838 300
3030 0.1 5531.875 0.0 6536.66015625 5474.296875 5623.146036648676 301
3040 0.1 5531.0234375 0.0 6536.66015625 5474.296875 5622.843814673019 302
3050 0.1 5530.19921875 0.0 6536.66015625 5474.296875 5622.540777124593 303
3060 0.1 5530.0 0.0 6536.66015625 5474.296875 5622.23702199836 304
3070 0.1 5530.8671875 0.0 6536.66015625 5474.296875 5621.934605532792 305
3080 0.1 5530.203125 0.0 6536.66015625 5474.296875 5621.636999591508 306
3090 0.1 5529.46484375 0.0 6536.66015625 5474.296875 5621.339169381113 307
3100 0.1 5530.4375 0.0 6536.66015625 5474.296875 5621.040876116077 308
3110 0.1 5529.64453125 0.0 6536.66015625 5474.296875 5620.747661306639 309
3120 0.1 5529.5625 0.0 6536.66015625 5474.296875 5620.45378024194 310
3130 0.1 5529.66796875 0.0 6536.66015625 5474.296875 5620.161525321548 311
3140 0.1 5528.73828125 0.0 6536.66015625 5474.296875 5619.871481870998 312
3150 0.1 5529.1953125 0.0 6536.66015625 5474.296875 5619.580321485628 313
3160 0.1 5529.234375 0.0 6536.66015625 5474.296875 5619.292471138539 314
3170 0.1 5529.1171875 0.0 6536.66015625 5474.296875 5619.00657242064 315
3180 0.1 5529.34765625 0.0 6536.66015625 5474.296875 5618.722112341777 316
3190 0.1 5530.08203125 0.0 6536.66015625 5474.296875 5618.440173994484 317
3200 0.1 5528.97265625 0.0 6536.66015625 5474.296875 5618.16231819969 318
3210 0.1 5529.3828125 0.0 6536.66015625 5474.296875 5617.88272678292 319
3220 0.1 5529.10546875 0.0 6536.66015625 5474.296875 5617.606164550786 320
3230 0.1 5529.6796875 0.0 6536.66015625 5474.296875 5617.330461448603 321
3240 0.1 5529.8828125 0.0 6536.66015625 5474.296875 5617.058254076092 322
3250 0.1 5530.0234375 0.0 6536.66015625 5474.296875 5616.788361068117 323
3260 0.1 5530.22265625 0.0 6536.66015625 5474.296875 5616.520568094142 324
3270 0.1 5529.71875 0.0 6536.66015625 5474.296875 5616.255036057698 325
3280 0.1 5529.875 0.0 6536.66015625 5474.296875 5615.98958732746 326
3290 0.1 5529.92578125 0.0 6536.66015625 5474.296875 5615.726239965602 327
3300 0.1 5529.6171875 0.0 6536.66015625 5474.296875 5615.464653201225 328
3310 0.1 5529.83984375 0.0 6536.66015625 5474.296875 5615.203718655021 329
3320 0.1 5529.0859375 0.0 6536.66015625 5474.296875 5614.945040246218 330
3330 0.1 5529.39453125 0.0 6536.66015625 5474.296875 5614.685647186561 331
3340 0.1 5529.875 0.0 6536.66015625 5474.296875 5614.428746234946 332
3350 0.1 5529.3828125 0.0 6536.66015625 5474.296875 5614.174831081086 333
3360 0.1 5530.22265625 0.0 6536.66015625 5474.296875 5613.920962761981 334
3370 0.1 5530.0390625 0.0 6536.66015625 5474.296875 5613.6711170709 335
3380 0.1 5529.91015625 0.0 6536.66015625 5474.296875 5613.422212146582 336
3390 0.1 5529.94921875 0.0 6536.66015625 5474.296875 5613.174401891695 337
3400 0.1 5529.83984375 0.0 6536.66015625 5474.296875 5612.928173539205 338
3410 0.1 5529.9921875 0.0 6536.66015625 5474.296875 5612.683075221243 339
3420 0.1 5529.75390625 0.0 6536.66015625 5474.296875 5612.439866727945 340
3430 0.1 5529.31640625 0.0 6536.66015625 5474.296875 5612.197385905429 341
3440 0.1 5529.0390625 0.0 6536.66015625 5474.296875 5611.9550438596525 342
3450 0.1 5529.61328125 0.0 6536.66015625 5474.296875 5611.713306304669 343
3460 0.1 5529.6875 0.0 6536.66015625 5474.296875 5611.474643441138 344
3470 0.1 5529.98046875 0.0 6536.66015625 5474.296875 5611.237579257251 345
3480 0.1 5530.12109375 0.0 6536.66015625 5474.296875 5611.002732117056 346
3490 0.1 5530.62890625 0.0 6536.66015625 5474.296875 5610.769643822051 347
3510 0.1 5529.63671875 0.0 6536.66015625 5474.296875 5610.539354346269 348
3520 0.1 5529.8671875 0.0 6536.66015625 5474.296875 5610.307541636824 349
3530 0.1 5529.19921875 0.0 6536.66015625 5474.296875 5610.077712053576 350
3540 0.1 5528.796875 0.0 6536.66015625 5474.296875 5609.847288995731 351
3550 0.1 5528.25 0.0 6536.66015625 5474.296875 5609.617032137789 352
3560 0.1 5528.83203125 0.0 6536.66015625 5474.296875 5609.386530630316 353
3570 0.1 5528.68359375 0.0 6536.66015625 5474.296875 5609.158975547321 354
3580 0.1 5528.90625 0.0 6536.66015625 5474.296875 5608.93228433099 355
3590 0.1 5528.6484375 0.0 6536.66015625 5474.296875 5608.707492099723 356
3600 0.1 5528.23046875 0.0 6536.66015625 5474.296875 5608.483237044822 357
3610 0.1 5528.3515625 0.0 6536.66015625 5474.296875 5608.259067300982 358
3620 0.1 5528.58984375 0.0 6536.66015625 5474.296875 5608.036483722149 359
3630 0.1 5528.58984375 0.0 6536.66015625 5474.296875 5607.815798611115 360
3640 0.1 5529.47265625 0.0 6536.66015625 5474.296875 5607.596336132275 361
3650 0.1 5529.62109375 0.0 6536.66015625 5474.296875 5607.380524861882 362
3660 0.1 5528.93359375 0.0 6536.66015625 5474.296875 5607.166311553034 363
3670 0.1 5529.12890625 0.0 6536.66015625 5474.296875 5606.9513865041245 364
3680 0.1 5529.265625 0.0 6536.66015625 5474.296875 5606.738174229456 365
3690 0.1 5529.01953125 0.0 6536.66015625 5474.296875 5606.526500597682 366
3700 0.1 5529.65625 0.0 6536.66015625 5474.296875 5606.315309945508 367
3710 0.1 5529.44921875 0.0 6536.66015625 5474.296875 5606.106997282613 368
3720 0.1 5529.4296875 0.0 6536.66015625 5474.296875 5605.899252625342 369
3730 0.1 5529.52734375 0.0 6536.66015625 5474.296875 5605.692578125004 370
3740 0.1 5529.41796875 0.0 6536.66015625 5474.296875 5605.4872809973085 371
3750 0.1 5529.23046875 0.0 6536.66015625 5474.296875 5605.282793598794 372
3760 0.1 5529.0625 0.0 6536.66015625 5474.296875 5605.078899966492 373
3770 0.1 5529.30859375 0.0 6536.66015625 5474.296875 5604.875647560164 374
3780 0.1 5530.40625 0.0 6536.66015625 5474.296875 5604.674135416671 375
3790 0.1 5529.66796875 0.0 6536.66015625 5474.296875 5604.476614444818 376
3800 0.1 5529.70703125 0.0 6536.66015625 5474.296875 5604.278183023876 377
3810 0.1 5529.4765625 0.0 6536.66015625 5474.296875 5604.080904844581 378
3820 0.1 5528.80859375 0.0 6536.66015625 5474.296875 5603.88405961412 379
3830 0.1 5528.58984375 0.0 6536.66015625 5474.296875 5603.686492598687 380
3840 0.1 5529.73828125 0.0 6536.66015625 5474.296875 5603.489388533469 381
3850 0.1 5529.7265625 0.0 6536.66015625 5474.296875 5603.296322807595 382
3860 0.1 5530.0078125 0.0 6536.66015625 5474.296875 5603.104234660578 383
3870 0.1 5529.51171875 0.0 6536.66015625 5474.296875 5602.913879394535 384
3880 0.1 5529.8046875 0.0 6536.66015625 5474.296875 5602.723224431822 385
3890 0.1 5529.1328125 0.0 6536.66015625 5474.296875 5602.534316305056 386
3900 0.1 5528.93359375 0.0 6536.66015625 5474.296875 5602.344648336567 387
3910 0.1 5528.5078125 0.0 6536.66015625 5474.296875 5602.155444587633 388
3920 0.1 5528.3125 0.0 6536.66015625 5474.296875 5601.966119055273 389
3930 0.1 5528.1484375 0.0 6536.66015625 5474.296875 5601.777263621799 390
3940 0.1 5527.84375 0.0 6536.66015625 5474.296875 5601.588954603584 391
3950 0.1 5528.04296875 0.0 6536.66015625 5474.296875 5601.400829081636 392
3960 0.1 5528.47265625 0.0 6536.66015625 5474.296875 5601.214167859418 393
3970 0.1 5528.2109375 0.0 6536.66015625 5474.296875 5601.029544733506 394
3980 0.1 5527.76171875 0.0 6536.66015625 5474.296875 5600.845193829117 395
3990 0.1 5528.92578125 0.0 6536.66015625 5474.296875 5600.660639599119 396
4000 0.1 5527.83203125 0.0 6536.66015625 5474.296875 5600.479947260709 397
4010 0.1 5528.1484375 0.0 6536.66015625 5474.296875 5600.29741480842 398
4020 0.1 5527.8828125 0.0 6536.66015625 5474.296875 5600.116590303888 399
4030 0.1 5527.73046875 0.0 6536.66015625 5474.296875 5599.936005859378 400
4040 0.1 5527.4296875 0.0 6536.66015625 5474.296875 5599.755942175814 401
4050 0.1 5527.30859375 0.0 6536.66015625 5474.296875 5599.576026119406 402
4060 0.1 5527.515625 0.0 6536.66015625 5474.296875 5599.396702465884 403
4070 0.1 5528.4453125 0.0 6536.66015625 5474.296875 5599.21877900681 404
4080 0.1 5527.890625 0.0 6536.66015625 5474.296875 5599.0440297067935 405
4090 0.1 5527.7421875 0.0 6536.66015625 5474.296875 5598.868775015398 406
4100 0.1 5528.12890625 0.0 6536.66015625 5474.296875 5598.694016815114 407
4110 0.1 5527.91015625 0.0 6536.66015625 5474.296875 5598.521063112748 408
4120 0.1 5527.04296875 0.0 6536.66015625 5474.296875 5598.348420308683 409
4130 0.1 5527.203125 0.0 6536.66015625 5474.296875 5598.174504573174 410
4140 0.1 5527.19921875 0.0 6536.66015625 5474.296875 5598.001824817522 411
4150 0.1 5527.20703125 0.0 6536.66015625 5474.296875 5597.829973831921 412
4160 0.1 5527.01171875 0.0 6536.66015625 5474.296875 5597.658973970948 413
4170 0.1 5526.2109375 0.0 6536.66015625 5474.296875 5597.488328426935 414
4180 0.1 5526.92578125 0.0 6536.66015625 5474.296875 5597.316575677714 415
4190 0.1 5526.47265625 0.0 6536.66015625 5474.296875 5597.147367037263 416
4200 0.1 5527.01953125 0.0 6536.66015625 5474.296875 5596.977883318349 417
4210 0.1 5527.859375 0.0 6536.66015625 5474.296875 5596.810518839717 418
4220 0.1 5527.37890625 0.0 6536.66015625 5474.296875 5596.6459576372345 419
4230 0.1 5528.0859375 0.0 6536.66015625 5474.296875 5596.481036086313 420
4240 0.1 5527.64453125 0.0 6536.66015625 5474.296875 5596.318577419837 421
4250 0.1 5527.453125 0.0 6536.66015625 5474.296875 5596.155842713273 422
4260 0.1 5527.3984375 0.0 6536.66015625 5474.296875 5595.993424940902 423
4270 0.1 5527.53515625 0.0 6536.66015625 5474.296875 5595.831644310145 424
4280 0.1 5527.21875 0.0 6536.66015625 5474.296875 5595.67094669118 425
4290 0.1 5526.546875 0.0 6536.66015625 5474.296875 5595.510260783454 426
4300 0.1 5525.75 0.0 6536.66015625 5474.296875 5595.348754025179 427
4310 0.1 5525.69921875 0.0 6536.66015625 5474.296875 5595.186140113905 428
4320 0.1 5526.71875 0.0 6536.66015625 5474.296875 5595.024165938232 429
4330 0.1 5526.59765625 0.0 6536.66015625 5474.296875 5594.865316133724 430
4340 0.1 5525.81640625 0.0 6536.66015625 5474.296875 5594.706922491303 431
4350 0.1 5526.2734375 0.0 6536.66015625 5474.296875 5594.547453703707 432
4360 0.1 5525.76953125 0.0 6536.66015625 5474.296875 5594.38977699192 433
4370 0.1 5525.99609375 0.0 6536.66015625 5474.296875 5594.231665826616 434
4380 0.1 5525.82421875 0.0 6536.66015625 5474.296875 5594.074802442532 435
4390 0.1 5526.62109375 0.0 6536.66015625 5474.296875 5593.9182644065395 436
4400 0.1 5526.3203125 0.0 6536.66015625 5474.296875 5593.764266304351 437
4410 0.1 5525.875 0.0 6536.66015625 5474.296875 5593.610284674661 438
4420 0.1 5526.13671875 0.0 6536.66015625 5474.296875 5593.455990176541 439
4430 0.1 5526.01953125 0.0 6536.66015625 5474.296875 5593.302991832389 440
4440 0.1 5526.34765625 0.0 6536.66015625 5474.296875 5593.150421626988 441
4450 0.1 5526.08984375 0.0 6536.66015625 5474.296875 5592.999284148759 442
4460 0.1 5526.28125 0.0 6536.66015625 5474.296875 5592.848247037249 443
4470 0.1 5525.49609375 0.0 6536.66015625 5474.296875 5592.698321368246 444
4480 0.1 5526.2421875 0.0 6536.66015625 5474.296875 5592.547305126408 445
4490 0.1 5526.0078125 0.0 6536.66015625 5474.296875 5592.3986389433885 446
4500 0.1 5526.0625 0.0 6536.66015625 5474.296875 5592.250113604589 447
4510 0.1 5526.1875 0.0 6536.66015625 5474.296875 5592.102373395651 448
4520 0.1 5526.453125 0.0 6536.66015625 5474.296875 5591.955569668711 449
4530 0.1 5526.0 0.0 6536.66015625 5474.296875 5591.810008680559 450
4540 0.1 5525.125 0.0 6536.66015625 5474.296875 5591.664088483928 451
4550 0.1 5526.08203125 0.0 6536.66015625 5474.296875 5591.516878111176 452
4560 0.1 5525.5703125 0.0 6536.66015625 5474.296875 5591.37243032561 453
4570 0.1 5526.45703125 0.0 6536.66015625 5474.296875 5591.227491740091 454
4580 0.1 5526.26953125 0.0 6536.66015625 5474.296875 5591.085139079673 455
4590 0.1 5525.5625 0.0 6536.66015625 5474.296875 5590.942999588819 456
4600 0.1 5526.69921875 0.0 6536.66015625 5474.296875 5590.799935038296 457
4610 0.1 5525.62109375 0.0 6536.66015625 5474.296875 5590.65997714247 458
4620 0.1 5526.42578125 0.0 6536.66015625 5474.296875 5590.518280228761 459
4630 0.1 5525.5625 0.0 6536.66015625 5474.296875 5590.378948709242 460
4640 0.1 5525.10546875 0.0 6536.66015625 5474.296875 5590.238349037421 461
4650 0.1 5525.37890625 0.0 6536.66015625 5474.296875 5590.097368777059 462
4660 0.1 5524.6640625 0.0 6536.66015625 5474.296875 5589.957588080457 463
4670 0.1 5525.171875 0.0 6536.66015625 5474.296875 5589.816869275326 464
4680 0.1 5525.97265625 0.0 6536.66015625 5474.296875 5589.677847782261 465
4690 0.1 5525.46484375 0.0 6536.66015625 5474.296875 5589.541141362664 466
4700 0.1 5525.4375 0.0 6536.66015625 5474.296875 5589.403933016598 467
4710 0.1 5525.30859375 0.0 6536.66015625 5474.296875 5589.26725260417 468
4720 0.1 5526.43359375 0.0 6536.66015625 5474.296875 5589.130880197231 469
4730 0.1 5526.58984375 0.0 6536.66015625 5474.296875 5588.997481715429 470
4740 0.1 5526.0625 0.0 6536.66015625 5474.296875 5588.864981422508 471
4750 0.1 5526.34375 0.0 6536.66015625 5474.296875 5588.731925317799 472
4760 0.1 5526.921875 0.0 6536.66015625 5474.296875 5588.600026427064 473
4770 0.1 5527.5 0.0 6536.66015625 5474.296875 5588.469903744729 474
4780 0.1 5527.19140625 0.0 6536.66015625 5474.296875 5588.341546052635 475
4790 0.1 5526.2109375 0.0 6536.66015625 5474.296875 5588.213079372377 476
4800 0.1 5526.7109375 0.0 6536.66015625 5474.296875 5588.083095846439 477
4810 0.1 5528.81640625 0.0 6536.66015625 5474.296875 5587.954702209731 478
4820 0.1 5531.17578125 0.0 6536.66015625 5474.296875 5587.83124021399 479
4830 0.1 5533.15234375 0.0 6536.66015625 5474.296875 5587.713208007815 480
4840 0.1 5534.4375 0.0 6536.66015625 5474.296875 5587.599775857591 481
4850 0.1 5534.9296875 0.0 6536.66015625 5474.296875 5587.489480679464 482
4860 0.1 5536.890625 0.0 6536.66015625 5474.296875 5587.380661231887 483
4870 0.1 5537.08984375 0.0 6536.66015625 5474.296875 5587.276342975209 484
4880 0.1 5537.39453125 0.0 6536.66015625 5474.296875 5587.1728656572195 485
4890 0.1 5538.015625 0.0 6536.66015625 5474.296875 5587.0704411008255 486
