10 0.1 0.7109375 0 0.7109375 0.7109375 0 0
20 0.1 0.6796875 0.0 0.7109375 0.6796875 0.7109375 1
30 0.1 0.73046875 0.0 0.73046875 0.6796875 0.6953125 2
40 0.1 0.76953125 0.0 0.76953125 0.6796875 0.70703125 3
50 0.1 0.71875 0.0 0.76953125 0.6796875 0.72265625 4
60 0.1 0.76953125 0.0 0.76953125 0.6796875 0.721875 5
70 0.1 0.73046875 0.0 0.76953125 0.6796875 0.7298177083333334 6
80 0.1 0.76953125 0.0 0.76953125 0.6796875 0.7299107142857143 7
90 0.1 0.80078125 0.0 0.80078125 0.6796875 0.73486328125 8
100 0.1 0.828125 0.0 0.828125 0.6796875 0.7421875 9
110 0.1 0.78125 0.0 0.828125 0.6796875 0.75078125 10
120 0.1 0.73828125 0.0 0.828125 0.6796875 0.7535511363636364 11
130 0.1 0.78125 0.0 0.828125 0.6796875 0.7522786458333334 12
140 0.1 0.80859375 0.0 0.828125 0.6796875 0.7545072115384616 13
150 0.1 0.828125 0.0 0.828125 0.6796875 0.7583705357142857 14
160 0.1 0.859375 0.0 0.859375 0.6796875 0.7630208333333334 15
170 0.1 1.0390625 0.0 1.0390625 0.6796875 0.76904296875 16
180 0.1 1.03125 0.0 1.0390625 0.6796875 0.7849264705882353 17
190 0.1 1.03125 0.0 1.0390625 0.6796875 0.7986111111111112 18
200 0.1 0.94140625 0.0 1.0390625 0.6796875 0.8108552631578947 19
210 0.1 0.94921875 0.0 1.0390625 0.6796875 0.8173828125 20
220 0.1 0.87890625 0.0 1.0390625 0.6796875 0.8236607142857143 21
230 0.1 0.8984375 0.0 1.0390625 0.6796875 0.826171875 22
240 0.1 0.921875 0.0 1.0390625 0.6796875 0.8293138586956522 23
250 0.1 0.9296875 0.0 1.0390625 0.6796875 0.8331705729166666 24
260 0.1 1.390625 0.0 1.390625 0.6796875 0.83703125 25
270 0.1 1.48828125 0.0 1.48828125 0.6796875 0.8583233173076923 26
280 0.1 1.33984375 0.0 1.48828125 0.6796875 0.8816550925925926 27
290 0.1 1.37109375 0.0 1.48828125 0.6796875 0.8980189732142857 28
300 0.1 1.30859375 0.0 1.48828125 0.6796875 0.9143318965517241 29
310 0.1 1.33984375 0.0 1.48828125 0.6796875 0.9274739583333333 30
320 0.1 1.37109375 0.0 1.48828125 0.6796875 0.9407762096774194 31
330 0.1 1.23828125 0.0 1.48828125 0.6796875 0.9542236328125 32
340 0.1 1.2890625 0.0 1.48828125 0.6796875 0.9628314393939394 33
350 0.1 1.46875 0.0 1.48828125 0.6796875 0.9724264705882353 34
360 0.1 1.62890625 0.0 1.62890625 0.6796875 0.9866071428571429 35
370 0.1 1.51953125 0.0 1.62890625 0.6796875 1.0044487847222223 36
380 0.1 1.8203125 0.0 1.8203125 0.6796875 1.0183699324324325 37
390 0.1 1.69921875 0.0 1.8203125 0.6796875 1.0394736842105263 38
400 0.1 1.73828125 0.0 1.8203125 0.6796875 1.0563902243589745 39
410 0.1 1.7109375 0.0 1.8203125 0.6796875 1.0734375 40
420 0.1 1.6796875 0.0 1.8203125 0.6796875 1.0889862804878048 41
430 0.1 1.73046875 0.0 1.8203125 0.6796875 1.1030505952380951 42
440 0.1 1.94140625 0.0 1.94140625 0.6796875 1.117641715116279 43
450 0.1 2.26171875 0.0 2.26171875 0.6796875 1.1363636363636362 44
460 0.1 1.91015625 0.0 2.26171875 0.6796875 1.1613715277777776 45
470 0.1 2.55859375 0.0 2.55859375 0.6796875 1.177649456521739 46
480 0.1 2.7109375 0.0 2.7109375 0.6796875 1.2070312499999998 47
490 0.1 2.53125 0.0 2.7109375 0.6796875 1.2383626302083333 48
500 0.1 2.671875 0.0 2.7109375 0.6796875 1.2647480867346939 49
510 0.1 2.80078125 0.0 2.80078125 0.6796875 1.292890625 50
520 0.1 2.73046875 0.0 2.80078125 0.6796875 1.3224571078431373 51
530 0.1 2.87109375 0.0 2.87109375 0.6796875 1.3495342548076923 52
540 0.1 2.96875 0.0 2.96875 0.6796875 1.3782429245283019 53
550 0.1 2.890625 0.0 2.96875 0.6796875 1.4076967592592593 54
560 0.1 3.28125 0.0 3.28125 0.6796875 1.4346590909090908 55
570 0.1 3.01171875 0.0 3.28125 0.6796875 1.4676339285714286 56
580 0.1 3.26171875 0.0 3.28125 0.6796875 1.4947231359649122 57
590 0.1 3.05078125 0.0 3.28125 0.6796875 1.5251885775862069 58
600 0.1 3.12109375 0.0 3.28125 0.6796875 1.5510460805084745 59
610 0.1 2.94140625 0.0 3.28125 0.6796875 1.5772135416666666 60
620 0.1 2.94921875 0.0 3.28125 0.6796875 1.599577356557377 61
630 0.1 3.48828125 0.0 3.48828125 0.6796875 1.6213457661290323 62
640 0.1 3.48046875 0.0 3.48828125 0.6796875 1.6509796626984128 63
650 0.1 3.69921875 0.0 3.69921875 0.6796875 1.6795654296875 64
660 0.1 3.3515625 0.0 3.69921875 0.6796875 1.7106370192307692 65
670 0.1 3.37890625 0.0 3.69921875 0.6796875 1.7354995265151516 66
680 0.1 2.94140625 0.0 3.69921875 0.6796875 1.7600279850746268 67
690 0.1 3.33984375 0.0 3.69921875 0.6796875 1.7774011948529411 68
700 0.1 4.05859375 0.0 4.05859375 0.6796875 1.8000452898550725 69
710 0.1 3.890625 0.0 4.05859375 0.6796875 1.8323102678571428 70
720 0.1 4.16015625 0.0 4.16015625 0.6796875 1.861300616197183 71
730 0.1 4.1484375 0.0 4.16015625 0.6796875 1.8932291666666667 72
740 0.1 4.12109375 0.0 4.16015625 0.6796875 1.9241224315068493 73
750 0.1 4.6015625 0.0 4.6015625 0.6796875 1.9538112331081081 74
760 0.1 4.359375 0.0 4.6015625 0.6796875 1.9891145833333332 75
770 0.1 4.671875 0.0 4.671875 0.6796875 2.0203022203947367 76
780 0.1 5.01171875 0.0 5.01171875 0.6796875 2.0547382305194803 77
790 0.1 4.94140625 0.0 5.01171875 0.6796875 2.0926482371794872 78
800 0.1 4.48046875 0.0 5.01171875 0.6796875 2.1287084651898733 79
810 0.1 5.16015625 0.0 5.16015625 0.6796875 2.15810546875 80
820 0.1 4.98828125 0.0 5.16015625 0.6796875 2.195167824074074 81
830 0.1 5.08984375 0.0 5.16015625 0.6796875 2.229230182926829 82
840 0.1 5.30078125 0.0 5.30078125 0.6796875 2.2636954066265056 83
850 0.1 5.0390625 0.0 5.30078125 0.6796875 2.2998511904761902 84
860 0.1 5.12890625 0.0 5.30078125 0.6796875 2.3320772058823525 85
870 0.1 5.609375 0.0 5.609375 0.6796875 2.364598473837209 86
880 0.1 5.53125 0.0 5.609375 0.6796875 2.401894755747126 87
890 0.1 5.0703125 0.0 5.609375 0.6796875 2.437455610795454 88
900 0.1 5.37890625 0.0 5.609375 0.6796875 2.46703827247191 89
910 0.1 5.6796875 0.0 5.6796875 0.6796875 2.499392361111111 90
920 0.1 5.828125 0.0 5.828125 0.6796875 2.534340659340659 91
930 0.1 5.6484375 0.0 5.828125 0.6796875 2.570142663043478 92
940 0.1 5.48046875 0.0 5.828125 0.6796875 2.6032426075268815 93
950 0.1 5.08984375 0.0 5.828125 0.6796875 2.6338513962765955 94
960 0.1 4.921875 0.0 5.828125 0.6796875 2.659703947368421 95
970 0.1 4.76953125 0.0 5.828125 0.6796875 2.6832682291666665 96
980 0.1 4.5 0.0 5.828125 0.6796875 2.704776095360825 97
990 0.1 4.26171875 0.0 5.828125 0.6796875 2.723094706632653 98
1000 0.1 4.30078125 0.0 5.828125 0.6796875 2.7386363636363638 99
1010 0.1 4.55859375 0.0 5.828125 0.6796875 2.7542578125 100
1020 0.1 4.55859375 0.0 5.828125 0.6796875 2.7721225247524752 101
1030 0.1 4.23828125 0.0 5.828125 0.6796875 2.7896369485294117 102
1040 0.1 4.73046875 0.0 5.828125 0.6796875 2.8037014563106797 103
1050 0.1 4.859375 0.0 5.828125 0.6796875 2.8222280649038463 104
1060 0.1 4.96875 0.0 5.828125 0.6796875 2.8416294642857145 105
1070 0.1 4.75 0.0 5.828125 0.6796875 2.8616966391509435 106
1080 0.1 4.7890625 0.0 5.828125 0.6796875 2.8793443341121496 107
1090 0.1 4.8984375 0.0 5.828125 0.6796875 2.8970269097222223 108
1100 0.1 4.78125 0.0 5.828125 0.6796875 2.915388474770642 109
1110 0.1 4.98046875 0.0 5.828125 0.6796875 2.932350852272727 110
1120 0.1 4.73046875 0.0 5.828125 0.6796875 2.950802364864865 111
1130 0.1 4.21875 0.0 5.828125 0.6796875 2.9666922433035716 112
1140 0.1 4.421875 0.0 5.828125 0.6796875 2.9777724004424777 113
1150 0.1 4.19921875 0.0 5.828125 0.6796875 2.9904399671052633 114
1160 0.1 4.4296875 0.0 5.828125 0.6796875 3.0009510869565217 115
1170 0.1 4.37109375 0.0 5.828125 0.6796875 3.0132677801724137 116
1180 0.1 4.390625 0.0 5.828125 0.6796875 3.0248731303418803 117
1190 0.1 4.46875 0.0 5.828125 0.6796875 3.0364472987288136 118
1200 0.1 4.8515625 0.0 5.828125 0.6796875 3.048483455882353 119
1210 0.1 4.78125 0.0 5.828125 0.6796875 3.0635091145833333 120
1220 0.1 5.05078125 0.0 5.828125 0.6796875 3.077705320247934 121
1230 0.1 6.51171875 0.0 6.51171875 0.6796875 3.0938780737704916 122
1240 0.1 7.109375 0.0 7.109375 0.6796875 3.1216653963414633 123
1250 0.1 7.08984375 0.0 7.109375 0.6796875 3.1538243447580645 124
1260 0.1 7.390625 0.0 7.390625 0.6796875 3.1853125 125
1270 0.1 7.08984375 0.0 7.390625 0.6796875 3.218687996031746 126
1280 0.1 6.87890625 0.0 7.390625 0.6796875 3.249169537401575 127
1290 0.1 7.30078125 0.0 7.390625 0.6796875 3.27752685546875 128
1300 0.1 7.4609375 0.0 7.4609375 0.6796875 3.3087148740310077 129
1310 0.1 7.55078125 0.0 7.55078125 0.6796875 3.3406550480769233 130
1320 0.1 8.26171875 0.0 8.26171875 0.6796875 3.372793416030534 131
1330 0.1 8.37890625 0.0 8.37890625 0.6796875 3.4098307291666665 132
1340 0.1 9.55859375 0.0 9.55859375 0.6796875 3.4471921992481205 133
1350 0.1 9.3984375 0.0 9.55859375 0.6796875 3.492799673507463 134
1360 0.1 9.1796875 0.0 9.55859375 0.6796875 3.536545138888889 135
1370 0.1 8.609375 0.0 9.55859375 0.6796875 3.5780388327205888 136
1380 0.1 8.94140625 0.0 9.55859375 0.6796875 3.6147639142335772 137
1390 0.1 9.41015625 0.0 9.55859375 0.6796875 3.653362771739131 138
1400 0.1 8.58984375 0.0 9.55859375 0.6796875 3.694778552158273 139
1410 0.1 7.9609375 0.0 9.55859375 0.6796875 3.7297433035714285 140
1420 0.1 8.0 0.0 9.55859375 0.6796875 3.7597517730496453 141
1430 0.1 7.828125 0.0 9.55859375 0.6796875 3.789612676056338 142
1440 0.1 7.3984375 0.0 9.55859375 0.6796875 3.817854020979021 143
1450 0.1 7.2890625 0.0 9.55859375 0.6796875 3.8427191840277777 144
1460 0.1 7.7890625 0.0 9.55859375 0.6796875 3.866487068965517 145
1470 0.1 7.4296875 0.0 9.55859375 0.6796875 3.8933540239726026 146
1480 0.1 7.421875 0.0 9.55859375 0.6796875 3.9174107142857144 147
1490 0.1 7.5703125 0.0 9.55859375 0.6796875 3.941089527027027 148
1500 0.1 8.078125 0.0 9.55859375 0.6796875 3.9654467281879193 149
1510 0.1 8.0 0.0 9.55859375 0.6796875 3.992864583333333 150
1520 0.1 8.6484375 0.0 9.55859375 0.6796875 4.01940190397351 151
1530 0.1 8.71875 0.0 9.55859375 0.6796875 4.049856085526316 152
1540 0.1 8.609375 0.0 9.55859375 0.6796875 4.080371732026144 153
1550 0.1 8.83984375 0.0 9.55859375 0.6796875 4.1097808441558445 154
1560 0.1 8.4609375 0.0 9.55859375 0.6796875 4.140297379032258 155
1570 0.1 8.5 0.0 9.55859375 0.6796875 4.167993790064102 156
1580 0.1 8.80078125 0.0 9.55859375 0.6796875 4.195586186305732 157
1590 0.1 7.96875 0.0 9.55859375 0.6796875 4.224732990506329 158
1600 0.1 7.6015625 0.0 9.55859375 0.6796875 4.2482802672955975 159
1610 0.1 8.05859375 0.0 9.55859375 0.6796875 4.26923828125 160
1620 0.1 7.8203125 0.0 9.55859375 0.6796875 4.292774650621118 161
1630 0.1 7.98046875 0.0 9.55859375 0.6796875 4.314549575617285 162
1640 0.1 7.98046875 0.0 9.55859375 0.6796875 4.337039877300614 163
1650 0.1 8.08984375 0.0 9.55859375 0.6796875 4.359255907012196 164
1660 0.1 7.51953125 0.0 9.55859375 0.6796875 4.381865530303031 165
1670 0.1 7.44921875 0.0 9.55859375 0.6796875 4.4007671310240974 166
1680 0.1 7.30859375 0.0 9.55859375 0.6796875 4.419021332335331 167
1690 0.1 7.4296875 0.0 9.55859375 0.6796875 4.436221168154764 168
1700 0.1 7.62890625 0.0 9.55859375 0.6796875 4.453933986686392 169
1710 0.1 8.12109375 0.0 9.55859375 0.6796875 4.472610294117649 170
1720 0.1 7.640625 0.0 9.55859375 0.6796875 4.4939464546783645 171
1730 0.1 8.12890625 0.0 9.55859375 0.6796875 4.512241097383723 172
1740 0.1 8.6484375 0.0 9.55859375 0.6796875 4.53314667630058 173
1750 0.1 8.78125 0.0 9.55859375 0.6796875 4.556797772988507 174
1760 0.1 9.1015625 0.0 9.55859375 0.6796875 4.580937500000002 175
1770 0.1 9.3203125 0.0 9.55859375 0.6796875 4.606622869318183 176
1780 0.1 8.83984375 0.0 9.55859375 0.6796875 4.633253884180792 177
1790 0.1 8.828125 0.0 9.55859375 0.6796875 4.656886411516855 178
1800 0.1 8.859375 0.0 9.55859375 0.6796875 4.680189420391063 179
1810 0.1 9.1796875 0.0 9.55859375 0.6796875 4.703407118055557 180
1820 0.1 9.51953125 0.0 9.55859375 0.6796875 4.728137948895029 181
1830 0.1 9.2890625 0.0 9.55859375 0.6796875 4.754464285714287 182
1840 0.1 9.078125 0.0 9.55859375 0.6796875 4.779243510928963 183
1850 0.1 9.51171875 0.0 9.55859375 0.6796875 4.80260699728261 184
1860 0.1 11.359375 0.0 11.359375 0.6796875 4.828061655405406 185
1870 0.1 11.98828125 0.0 11.98828125 0.6796875 4.863176243279571 186
1880 0.1 11.37109375 0.0 11.98828125 0.6796875 4.90127840909091 187
1890 0.1 11.80078125 0.0 11.98828125 0.6796875 4.935692320478725 188
1900 0.1 11.69140625 0.0 11.98828125 0.6796875 4.972015542328044 189
1910 0.1 11.921875 0.0 11.98828125 0.6796875 5.007380756578948 190
1920 0.1 11.8203125 0.0 11.98828125 0.6796875 5.04358229712042 191
1930 0.1 11.78125 0.0 11.98828125 0.6796875 5.078877766927084 192
1940 0.1 12.2109375 0.0 12.2109375 0.6796875 5.113605084196892 193
1960 0.1 11.390625 0.0 12.2109375 0.6796875 5.150189271907217 194
1970 0.1 11.0390625 0.0 12.2109375 0.6796875 5.182191506410257 195
1980 0.1 11.28125 0.0 12.2109375 0.6796875 5.212073501275511 196
1990 0.1 11.01171875 0.0 12.2109375 0.6796875 5.242881503807107 197
2000 0.1 11.78125 0.0 12.2109375 0.6796875 5.272017045454546 198
2010 0.1 11.5 0.0 12.2109375 0.6796875 5.3047267587939695 199
2020 0.1 11.66015625 0.0 12.2109375 0.6796875 5.335703125 200
2030 0.1 11.69921875 0.0 12.2109375 0.6796875 5.367168065920398 201
2040 0.1 12.12890625 0.0 12.2109375 0.6796875 5.398514851485149 202
2050 0.1 11.69921875 0.0 12.2109375 0.6796875 5.431669488916256 203
2060 0.1 11.4609375 0.0 12.2109375 0.6796875 5.462392769607843 204
2070 0.1 11.76171875 0.0 12.2109375 0.6796875 5.491653963414634 205
2080 0.1 11.96875 0.0 12.2109375 0.6796875 5.522091171116505 206
2090 0.1 11.4296875 0.0 12.2109375 0.6796875 5.5532344504830915 207
2100 0.1 11.37109375 0.0 12.2109375 0.6796875 5.581486628605769 208
2110 0.1 11.8515625 0.0 12.2109375 0.6796875 5.609188098086125 209
2120 0.1 12.109375 0.0 12.2109375 0.6796875 5.6389136904761905 210
2130 0.1 11.9609375 0.0 12.2109375 0.6796875 5.669579383886256 211
2140 0.1 11.94921875 0.0 12.2109375 0.6796875 5.699255601415095 212
2150 0.1 11.1796875 0.0 12.2109375 0.6796875 5.728598151408451 213
2160 0.1 11.3984375 0.0 12.2109375 0.6796875 5.754070531542056 214
2170 0.1 11.41015625 0.0 12.2109375 0.6796875 5.780323401162791 215
2180 0.1 11.94921875 0.0 12.2109375 0.6796875 5.80638744212963 216
2190 0.1 11.78125 0.0 12.2109375 0.6796875 5.834695420506913 217
2200 0.1 12.1796875 0.0 12.2109375 0.6796875 5.86197319380734 218
2210 0.1 12.30859375 0.0 12.30859375 0.6796875 5.890821204337899 219
2220 0.1 12.78125 0.0 12.78125 0.6796875 5.919992897727273 220
2230 0.1 13.0390625 0.0 13.0390625 0.6796875 5.951039309954751 221
2240 0.1 12.5 0.0 13.0390625 0.6796875 5.982967342342342 222
2250 0.1 12.3515625 0.0 13.0390625 0.6796875 6.0121917040358746 223
2260 0.1 11.8984375 0.0 13.0390625 0.6796875 6.040492466517857 224
2270 0.1 12.69921875 0.0 13.0390625 0.6796875 6.066527777777778 225
2280 0.1 13.0703125 0.0 13.0703125 0.6796875 6.095875967920354 226
2290 0.1 13.1015625 0.0 13.1015625 0.6796875 6.126600357929515 227
2300 0.1 14.5390625 0.0 14.5390625 0.6796875 6.157192297149122 228
2310 0.1 14.12890625 0.0 14.5390625 0.6796875 6.193794350436681 229
2320 0.1 14.51953125 0.0 14.5390625 0.6796875 6.228294836956522 230
2330 0.1 13.890625 0.0 14.5390625 0.6796875 6.2641876352813854 231
2340 0.1 13.83984375 0.0 14.5390625 0.6796875 6.2970602101293105 232
2350 0.1 13.30859375 0.0 14.5390625 0.6796875 6.329432671673819 233
2360 0.1 12.75 0.0 14.5390625 0.6796875 6.359258146367521 234
2370 0.1 12.73828125 0.0 14.5390625 0.6796875 6.386452792553191 235
2380 0.1 12.8203125 0.0 14.5390625 0.6796875 6.413367319915254 236
2390 0.1 12.91015625 0.0 14.5390625 0.6796875 6.440400843881856 237
2400 0.1 13.62890625 0.0 14.5390625 0.6796875 6.46758469012605 238
2410 0.1 13.21875 0.0 14.5390625 0.6796875 6.4975483786610875 239
2420 0.1 12.75 0.0 14.5390625 0.6796875 6.525553385416667 240
2430 0.1 12.640625 0.0 14.5390625 0.6796875 6.55138096473029 241
2440 0.1 11.390625 0.0 14.5390625 0.6796875 6.576543130165289 242
2450 0.1 11.73046875 0.0 14.5390625 0.6796875 6.596354166666667 243
2460 0.1 12.08984375 0.0 14.5390625 0.6796875 6.617395619877049 244
2470 0.1 11.51953125 0.0 14.5390625 0.6796875 6.6397321428571425 245
2480 0.1 11.2890625 0.0 14.5390625 0.6796875 6.659568724593496 246
2490 0.1 12.3203125 0.0 14.5390625 0.6796875 6.678311614372469 247
2500 0.1 11.6015625 0.0 14.5390625 0.6796875 6.701061617943548 248
2510 0.1 11.62890625 0.0 14.5390625 0.6796875 6.72074234437751 249
2520 0.1 11.8515625 0.0 14.5390625 0.6796875 6.740375 250
2530 0.1 11.671875 0.0 14.5390625 0.6796875 6.760738296812749 251
2540 0.1 11.30078125 0.0 14.5390625 0.6796875 6.780226934523809 252
2550 0.1 11.171875 0.0 14.5390625 0.6796875 6.798094738142293 253
2560 0.1 11.28125 0.0 14.5390625 0.6796875 6.815314345472441 254
2570 0.1 11.23046875 0.0 14.5390625 0.6796875 6.832827818627451 255
2580 0.1 12.05859375 0.0 14.5390625 0.6796875 6.850006103515625 256
2590 0.1 11.890625 0.0 14.5390625 0.6796875 6.87027298151751 257
2600 0.1 12.2890625 0.0 14.5390625 0.6796875 6.889731710271318 258
2610 0.1 12.5703125 0.0 14.5390625 0.6796875 6.910578547297297 259
2620 0.1 12.76953125 0.0 14.5390625 0.6796875 6.932346754807693 260
2630 0.1 12.23828125 0.0 14.5390625 0.6796875 6.954711446360153 261
2640 0.1 11.2890625 0.0 14.5390625 0.6796875 6.974877743320611 262
2650 0.1 10.76171875 0.0 14.5390625 0.6796875 6.991281487642586 263
2660 0.1 10.87109375 0.0 14.5390625 0.6796875 7.005563446969697 264
2670 0.1 11.01171875 0.0 14.5390625 0.6796875 7.020150353773585 265
2680 0.1 10.921875 0.0 14.5390625 0.6796875 7.03515625 266
2690 0.1 11.328125 0.0 14.5390625 0.6796875 7.049713249063671 267
2700 0.1 11.01953125 0.0 14.5390625 0.6796875 7.065677472014926 268
2710 0.1 11.44140625 0.0 14.5390625 0.6796875 7.080375813197026 269
2720 0.1 11.66015625 0.0 14.5390625 0.6796875 7.096527777777778 270
2730 0.1 12.51953125 0.0 14.5390625 0.6796875 7.113367735239853 271
2740 0.1 12.94140625 0.0 14.5390625 0.6796875 7.13324333639706 272
2750 0.1 13.12890625 0.0 14.5390625 0.6796875 7.15451865842491 273
2760 0.1 12.62890625 0.0 14.5390625 0.6796875 7.17632299270073 274
2770 0.1 11.91015625 0.0 14.5390625 0.6796875 7.196150568181819 275
2780 0.1 12.640625 0.0 14.5390625 0.6796875 7.213230298913044 276
2790 0.1 11.87109375 0.0 14.5390625 0.6796875 7.232823781588449 277
2800 0.1 11.33984375 0.0 14.5390625 0.6796875 7.2495082059352525 278
2810 0.1 11.5390625 0.0 14.5390625 0.6796875 7.264168906810037 279
2820 0.1 11.69921875 0.0 14.5390625 0.6796875 7.279436383928572 280
2830 0.1 11.26171875 0.0 14.5390625 0.6796875 7.295165146797153 281
2840 0.1 11.46875 0.0 14.5390625 0.6796875 7.309230939716312 282
2850 0.1 11.8515625 0.0 14.5390625 0.6796875 7.3239288869257955 283
2860 0.1 11.359375 0.0 14.5390625 0.6796875 7.339871258802817 284
2870 0.1 10.53125 0.0 14.5390625 0.6796875 7.353974780701755 285
2880 0.1 10.609375 0.0 14.5390625 0.6796875 7.365084134615385 286
2890 0.1 10.30078125 0.0 14.5390625 0.6796875 7.376388283972125 287
2900 0.1 11.03125 0.0 14.5390625 0.6796875 7.386542426215278 288
2910 0.1 11.578125 0.0 14.5390625 0.6796875 7.399153871107266 289
2920 0.1 11.87890625 0.0 14.5390625 0.6796875 7.413564116379311 290
2930 0.1 12.609375 0.0 14.5390625 0.6796875 7.428908934707904 291
2940 0.1 13.16015625 0.0 14.5390625 0.6796875 7.446650256849315 292
2950 0.1 12.640625 0.0 14.5390625 0.6796875 7.466150277303754 293
2960 0.1 12.62890625 0.0 14.5390625 0.6796875 7.483750531462585 294
2970 0.1 12.140625 0.0 14.5390625 0.6796875 7.501191737288136 295
2980 0.1 11.87890625 0.0 14.5390625 0.6796875 7.5168654983108105 296
2990 0.1 12.05859375 0.0 14.5390625 0.6796875 7.531552504208754 297
3000 0.1 12.25 0.0 14.5390625 0.6796875 7.546743917785235 298
3010 0.1 12.26953125 0.0 14.5390625 0.6796875 7.562473871237458 299
3020 0.1 11.6796875 0.0 14.5390625 0.6796875 7.5781640625 300
3030 0.1 12.26953125 0.0 14.5390625 0.6796875 7.591790386212624 301
3040 0.1 12.55859375 0.0 14.5390625 0.6796875 7.607279594370861 302
3050 0.1 12.171875 0.0 14.5390625 0.6796875 7.623620565181518 303
3060 0.1 10.9296875 0.0 14.5390625 0.6796875 7.638581928453948 304
3070 0.1 11.80859375 0.0 14.5390625 0.6796875 7.6493724385245905 305
3080 0.1 11.5 0.0 14.5390625 0.6796875 7.66296466503268 306
3090 0.1 11.26953125 0.0 14.5390625 0.6796875 7.675463151465798 307
3100 0.1 11.4609375 0.0 14.5390625 0.6796875 7.687132203733766 308
3110 0.1 11.12109375 0.0 14.5390625 0.6796875 7.699345165857605 309
3120 0.1 11.48046875 0.0 14.5390625 0.6796875 7.710383064516129 310
3130 0.1 10.78125 0.0 14.5390625 0.6796875 7.722505526527331 311
3140 0.1 10.4609375 0.0 14.5390625 0.6796875 7.732309194711538 312
3150 0.1 10.53125 0.0 14.5390625 0.6796875 7.741026857028754 313
3160 0.1 10.078125 0.0 14.5390625 0.6796875 7.749912917993631 314
3170 0.1 9.21875 0.0 14.5390625 0.6796875 7.757304067460318 315
3180 0.1 8.8203125 0.0 14.5390625 0.6796875 7.761928896360759 316
3190 0.1 8.51171875 0.0 14.5390625 0.6796875 7.765267645899054 317
3200 0.1 8.69140625 0.0 14.5390625 0.6796875 7.767614976415095 318
3210 0.1 9.0 0.0 14.5390625 0.6796875 7.770510873824452 319
3220 0.1 10.12890625 0.0 14.5390625 0.6796875 7.77435302734375 320
3230 0.1 10.7890625 0.0 14.5390625 0.6796875 7.781688084112149 321
3240 0.1 9.828125 0.0 14.5390625 0.6796875 7.7910277562111805 322
3250 0.1 9.78125 0.0 14.5390625 0.6796875 7.797334558823529 323
3260 0.1 10.12109375 0.0 14.5390625 0.6796875 7.80345775462963 324
3270 0.1 10.12109375 0.0 14.5390625 0.6796875 7.810588942307692 325
3280 0.1 10.33984375 0.0 14.5390625 0.6796875 7.817676380368098 326
3290 0.1 10.578125 0.0 14.5390625 0.6796875 7.825389430428134 327
3300 0.1 10.28125 0.0 14.5390625 0.6796875 7.8337819169207314 328
3310 0.1 10.33984375 0.0 14.5390625 0.6796875 7.841221029635259 329
3320 0.1 10.140625 0.0 14.5390625 0.6796875 7.8487926136363635 330
3330 0.1 10.640625 0.0 14.5390625 0.6796875 7.855716578549849 331
3340 0.1 10.75 0.0 14.5390625 0.6796875 7.864104856927711 332
3350 0.1 10.140625 0.0 14.5390625 0.6796875 7.872771208708708 333
3360 0.1 9.671875 0.0 14.5390625 0.6796875 7.879561190119761 334
3370 0.1 9.7109375 0.0 14.5390625 0.6796875 7.884911380597015 335
3380 0.1 9.6015625 0.0 14.5390625 0.6796875 7.890345982142857 336
3390 0.1 9.51171875 0.0 14.5390625 0.6796875 7.8954237759643915 337
3400 0.1 9.69140625 0.0 14.5390625 0.6796875 7.900205713757397 338
3410 0.1 10.26171875 0.0 14.5390625 0.6796875 7.905489491150442 339
3420 0.1 10.30859375 0.0 14.5390625 0.6796875 7.912419577205882 340
3430 0.1 10.37109375 0.0 14.5390625 0.6796875 7.919446480938417 341
3440 0.1 10.359375 0.0 14.5390625 0.6796875 7.926615040204679 342
3450 0.1 11.328125 0.0 14.5390625 0.6796875 7.93370763483965 343
3460 0.1 10.66015625 0.0 14.5390625 0.6796875 7.943575127180233 344
3470 0.1 10.8203125 0.0 14.5390625 0.6796875 7.951449275362319 345
3480 0.1 11.25 0.0 14.5390625 0.6796875 7.959740787572255 346
3490 0.1 11.94140625 0.0 14.5390625 0.6796875 7.96922280259366 347
3510 0.1 11.87109375 0.0 14.5390625 0.6796875 7.980637122844827 348
3520 0.1 11.8984375 0.0 14.5390625 0.6796875 7.99178456303725 349
3530 0.1 12.44921875 0.0 14.5390625 0.6796875 8.002946428571429 350
3540 0.1 12.05859375 0.0 14.5390625 0.6796875 8.015613871082621 351
3550 0.1 11.75 0.0 14.5390625 0.6796875 8.027099609375 352
3560 0.1 12.30078125 0.0 14.5390625 0.6796875 8.037646069405099 353
3570 0.1 11.9609375 0.0 14.5390625 0.6796875 8.049688824152541 354
3580 0.1 11.6484375 0.0 14.5390625 0.6796875 8.060706426056337 355
3590 0.1 11.71875 0.0 14.5390625 0.6796875 8.070784322331459 356
3600 0.1 11.98046875 0.0 14.5390625 0.6796875 8.081002713585432 357
3610 0.1 11.609375 0.0 14.5390625 0.6796875 8.091895076815641 358
3620 0.1 12.0703125 0.0 14.5390625 0.6796875 8.10169307103064 359
3630 0.1 12.03125 0.0 14.5390625 0.6796875 8.112717013888888 360
3640 0.1 11.7890625 0.0 14.5390625 0.6796875 8.123571675900276 361
3650 0.1 12.37890625 0.0 14.5390625 0.6796875 8.13369734116022 362
3660 0.1 11.83984375 0.0 14.5390625 0.6796875 8.145392131542698 363
3670 0.1 11.75 0.0 14.5390625 0.6796875 8.155541723901097 364
3680 0.1 11.4609375 0.0 14.5390625 0.6796875 8.165389554794517 365
3690 0.1 11.578125 0.0 14.5390625 0.6796875 8.174393784153002 366
3700 0.1 11.5703125 0.0 14.5390625 0.6796875 8.183668256130787 367
3710 0.1 11.44140625 0.0 14.5390625 0.6796875 8.192871093749996 368
3720 0.1 11.71875 0.0 14.5390625 0.6796875 8.201674712059617 369
3730 0.1 11.921875 0.0 14.5390625 0.6796875 8.211180320945942 370
3740 0.1 11.828125 0.0 14.5390625 0.6796875 8.221182193396222 371
3750 0.1 11.94140625 0.0 14.5390625 0.6796875 8.230878276209674 372
3760 0.1 12.1484375 0.0 14.5390625 0.6796875 8.240826072386056 373
3770 0.1 12.0390625 0.0 14.5390625 0.6796875 8.25127423128342 374
3780 0.1 11.51953125 0.0 14.5390625 0.6796875 8.261374999999997 375
3790 0.1 10.87890625 0.0 14.5390625 0.6796875 8.27004030917553 376
3800 0.1 11.140625 0.0 14.5390625 0.6796875 8.276960377984082 377
3810 0.1 10.94921875 0.0 14.5390625 0.6796875 8.284536210317459 378
3820 0.1 9.94921875 0.0 14.5390625 0.6796875 8.291567034960421 379
3830 0.1 9.1015625 0.0 14.5390625 0.6796875 8.295929276315789 380
3840 0.1 9.890625 0.0 14.5390625 0.6796875 8.298043799212598 381
3850 0.1 9.73046875 0.0 14.5390625 0.6796875 8.302212859947645 382
3860 0.1 10.30859375 0.0 14.5390625 0.6796875 8.305941987597912 383
3870 0.1 10.62109375 0.0 14.5390625 0.6796875 8.3111572265625 384
3880 0.1 10.46875 0.0 14.5390625 0.6796875 8.317157061688311 385
3890 0.1 10.83984375 0.0 14.5390625 0.6796875 8.322731136658032 386
3900 0.1 10.9296875 0.0 14.5390625 0.6796875 8.32923530361757 387
3910 0.1 11.37109375 0.0 14.5390625 0.6796875 8.3359375 388
3920 0.1 11.75 0.0 14.5390625 0.6796875 8.343739958226221 389
3930 0.1 12.33984375 0.0 14.5390625 0.6796875 8.352473958333333 390
3940 0.1 12.62109375 0.0 14.5390625 0.6796875 8.362671835038363 391
3950 0.1 11.359375 0.0 14.5390625 0.6796875 8.37353515625 392
3960 0.1 11.62890625 0.0 14.5390625 0.6796875 8.381132713104325 393
3970 0.1 10.69921875 0.0 14.5390625 0.6796875 8.389375793147208 394
3980 0.1 11.26953125 0.0 14.5390625 0.6796875 8.395223496835444 395
3990 0.1 10.62109375 0.0 14.5390625 0.6796875 8.402481849747474 396
4000 0.1 10.28125 0.0 14.5390625 0.6796875 8.408070292821158 397
4010 0.1 10.21875 0.0 14.5390625 0.6796875 8.412776774497486 398
4020 0.1 10.48046875 0.0 14.5390625 0.6796875 8.417303023182956 399
4030 0.1 9.640625 0.0 14.5390625 0.6796875 8.422460937499999 400
4040 0.1 9.3515625 0.0 14.5390625 0.6796875 8.425498753117205 401
4050 0.1 9.390625 0.0 14.5390625 0.6796875 8.427802394278604 402
4060 0.1 9.5703125 0.0 14.5390625 0.6796875 8.430191532258062 403
4070 0.1 9.23046875 0.0 14.5390625 0.6796875 8.433013613861384 404
4080 0.1 9.44921875 0.0 14.5390625 0.6796875 8.434982638888886 405
4090 0.1 9.921875 0.0 14.5390625 0.6796875 8.43748075738916 406
4100 0.1 9.69921875 0.0 14.5390625 0.6796875 8.441127917690416 407
4110 0.1 11.12109375 0.0 14.5390625 0.6796875 8.444211473651958 408
4120 0.1 11.66015625 0.0 14.5390625 0.6796875 8.450756418092906 409
4130 0.1 11.98828125 0.0 14.5390625 0.6796875 8.458584222560972 410
4140 0.1 13.078125 0.0 14.5390625 0.6796875 8.467172293187344 411
4150 0.1 13.2890625 0.0 14.5390625 0.6796875 8.47836392597087 412
4160 0.1 13.55859375 0.0 14.5390625 0.6796875 8.490012106537526 413
4170 0.1 13.0703125 0.0 14.5390625 0.6796875 8.502255057367146 414
4180 0.1 13.37109375 0.0 14.5390625 0.6796875 8.513262424698791 415
4190 0.1 13.83984375 0.0 14.5390625 0.6796875 8.52493990384615 416
4200 0.1 13.1796875 0.0 14.5390625 0.6796875 8.5376854766187 417
4210 0.1 13.37109375 0.0 14.5390625 0.6796875 8.54879074461722 418
4220 0.1 12.83984375 0.0 14.5390625 0.6796875 8.560299821002381 419
4230 0.1 13.28125 0.0 14.5390625 0.6796875 8.570489211309518 420
4240 0.1 12.8984375 0.0 14.5390625 0.6796875 8.581678666864601 421
4250 0.1 12.94921875 0.0 14.5390625 0.6796875 8.591907953199044 422
4260 0.1 12.87109375 0.0 14.5390625 0.6796875 8.602208924349874 423
4270 0.1 13.4609375 0.0 14.5390625 0.6796875 8.612277048938672 424
4280 0.1 13.609375 0.0 14.5390625 0.6796875 8.6236856617647 425
4290 0.1 14.12109375 0.0 14.5390625 0.6796875 8.635389157863843 426
4300 0.1 13.9609375 0.0 14.5390625 0.6796875 8.648236241217791 427
4310 0.1 12.76171875 0.0 14.5390625 0.6796875 8.66064909462616 428
4320 0.1 12.4296875 0.0 14.5390625 0.6796875 8.67020869755244 429
4330 0.1 12.94921875 0.0 14.5390625 0.6796875 8.67895167151162 430
4340 0.1 12.4609375 0.0 14.5390625 0.6796875 8.688859483758693 431
4350 0.1 12.3203125 0.0 14.5390625 0.6796875 8.697591145833325 432
4360 0.1 11.80078125 0.0 14.5390625 0.6796875 8.705957707852185 433
4370 0.1 11.87890625 0.0 14.5390625 0.6796875 8.713088637672803 434
4380 0.1 11.26953125 0.0 14.5390625 0.6796875 8.720366379310336 435
4390 0.1 11.69921875 0.0 14.5390625 0.6796875 8.726213087729349 436
4400 0.1 11.640625 0.0 14.5390625 0.6796875 8.733016304347817 437
4410 0.1 11.51953125 0.0 14.5390625 0.6796875 8.73965468036529 438
4420 0.1 11.01953125 0.0 14.5390625 0.6796875 8.745986973234617 439
4430 0.1 11.30078125 0.0 14.5390625 0.6796875 8.751154119318175 440
4440 0.1 11.609375 0.0 14.5390625 0.6796875 8.756935586734686 441
4450 0.1 11.53125 0.0 14.5390625 0.6796875 8.763389069570128 442
4460 0.1 11.30078125 0.0 14.5390625 0.6796875 8.769637062641076 443
4470 0.1 10.94140625 0.0 14.5390625 0.6796875 8.77533783783783 444
4480 0.1 10.8203125 0.0 14.5390625 0.6796875 8.780205407303363 445
4490 0.1 11.46875 0.0 14.5390625 0.6796875 8.784779638452907 446
4500 0.1 11.7109375 0.0 14.5390625 0.6796875 8.790784046420573 447
4510 0.1 11.4609375 0.0 14.5390625 0.6796875 8.797302246093741 448
4520 0.1 11.8515625 0.0 14.5390625 0.6796875 8.803234618596873 449
4530 0.1 11.80078125 0.0 14.5390625 0.6796875 8.810008680555546 450
4540 0.1 11.0703125 0.0 14.5390625 0.6796875 8.816640105321499 451
4550 0.1 10.73828125 0.0 14.5390625 0.6796875 8.821626106194682 452
4560 0.1 10.78125 0.0 14.5390625 0.6796875 8.825857133002199 453
4570 0.1 11.6015625 0.0 14.5390625 0.6796875 8.83016416574889 454
4580 0.1 10.578125 0.0 14.5390625 0.6796875 8.836255151098893 455
4590 0.1 10.4609375 0.0 14.5390625 0.6796875 8.840075041118412 456
4600 0.1 10.75 0.0 14.5390625 0.6796875 8.843621786105023 457
4610 0.1 11.390625 0.0 14.5390625 0.6796875 8.847784183951957 458
4620 0.1 11.421875 0.0 14.5390625 0.6796875 8.853324142156854 459
4630 0.1 11.87890625 0.0 14.5390625 0.6796875 8.858907948369556 460
4640 0.1 11.6796875 0.0 14.5390625 0.6796875 8.865458920824285 461
4650 0.1 10.890625 0.0 14.5390625 0.6796875 8.871550324675315 462
4660 0.1 10.828125 0.0 14.5390625 0.6796875 8.875911177105822 463
4670 0.1 11.62109375 0.0 14.5390625 0.6796875 8.88011853448275 464
4680 0.1 11.37109375 0.0 14.5390625 0.6796875 8.8860131048387 465
4690 0.1 11.69140625 0.0 14.5390625 0.6796875 8.891345895922736 466
4700 0.1 11.58984375 0.0 14.5390625 0.6796875 8.897341742505343 467
4710 0.1 12.01171875 0.0 14.5390625 0.6796875 8.903094951923068 468
4720 0.1 11.80078125 0.0 14.5390625 0.6796875 8.909723147654574 469
4730 0.1 11.9296875 0.0 14.5390625 0.6796875 8.915874335106373 470
4740 0.1 11.96875 0.0 14.5390625 0.6796875 8.922273089171965 471
4750 0.1 11.26953125 0.0 14.5390625 0.6796875 8.92872748940677 472
4760 0.1 11.21875 0.0 14.5390625 0.6796875 8.933676334566586 473
4770 0.1 10.7890625 0.0 14.5390625 0.6796875 8.938497165084378 474
4780 0.1 11.3984375 0.0 14.5390625 0.6796875 8.942393092105254 475
4790 0.1 11.1015625 0.0 14.5390625 0.6796875 8.947552849264696 476
4800 0.1 10.94921875 0.0 14.5390625 0.6796875 8.952068592767287 477
4810 0.1 11.08984375 0.0 14.5390625 0.6796875 8.95624673117154 478
4820 0.1 9.69140625 0.0 14.5390625 0.6796875 8.960701004697276 479
4830 0.1 8.19921875 0.0 14.5390625 0.6796875 8.962223307291657 480
4840 0.1 7.01171875 0.0 14.5390625 0.6796875 8.96063701923076 481
4850 0.1 5.9296875 0.0 14.5390625 0.6796875 8.95659362033194 482
4860 0.1 5.08984375 0.0 14.5390625 0.6796875 8.950326733954443 483
4870 0.1 4.37890625 0.0 14.5390625 0.6796875 8.94235052944214 484
4880 0.1 3.7109375 0.0 14.5390625 0.6796875 8.932941365979373 485
4890 0.1 3.140625 0.0 14.5390625 0.6796875 8.922196502057604 486
