20 0.1 39 0 39 39 0 0
30 0.1 424.0 0.0 424 39 39.0 1
40 0.1 675.0 0.0 675 39 231.5 2
50 0.1 768.0 0.0 768 39 379.3333333333333 3
60 0.1 732.0 0.0 768 39 476.5 4
70 0.1 521.0 0.0 768 39 527.6 5
80 0.1 674.0 0.0 768 39 526.5 6
90 0.1 789.0 0.0 789 39 547.5714285714286 7
100 0.1 605.0 0.0 789 39 577.75 8
110 0.1 602.0 0.0 789 39 580.7777777777778 9
120 0.1 649.0 0.0 789 39 582.9 10
130 0.1 788.0 0.0 789 39 588.9090909090909 11
140 0.1 624.0 0.0 789 39 605.5 12
150 0.1 864.0 0.0 864 39 606.9230769230769 13
160 0.1 1159.0 0.0 1159 39 625.2857142857143 14
170 0.1 1641.0 0.0 1641 39 660.8666666666667 15
180 0.1 1692.0 0.0 1692 39 722.125 16
190 0.1 1331.0 0.0 1692 39 779.1764705882352 17
200 0.1 1573.0 0.0 1692 39 809.8333333333334 18
210 0.1 1732.0 0.0 1732 39 850.0 19
220 0.1 1681.0 0.0 1732 39 894.1 20
230 0.1 1387.0 0.0 1732 39 931.5714285714286 21
240 0.1 1345.0 0.0 1732 39 952.2727272727273 22
250 0.1 1972.0 0.0 1972 39 969.3478260869565 23
260 0.1 1978.0 0.0 1978 39 1011.125 24
270 0.1 2480.0 0.0 2480 39 1049.8 25
280 0.1 2337.0 0.0 2480 39 1104.8076923076924 26
290 0.1 2201.0 0.0 2480 39 1150.4444444444443 27
300 0.1 2095.0 0.0 2480 39 1187.9642857142858 28
310 0.1 2063.0 0.0 2480 39 1219.2413793103449 29
320 0.1 2202.0 0.0 2480 39 1247.3666666666666 30
330 0.1 2701.0 0.0 2701 39 1278.1612903225807 31
340 0.1 2032.0 0.0 2701 39 1322.625 32
350 0.1 2921.0 0.0 2921 39 1344.121212121212 33
360 0.1 3068.0 0.0 3068 39 1390.5 34
370 0.1 2610.0 0.0 3068 39 1438.4285714285713 35
380 0.1 2984.0 0.0 3068 39 1470.9722222222222 36
390 0.1 2668.0 0.0 3068 39 1511.8648648648648 37
400 0.1 2884.0 0.0 3068 39 1542.2894736842106 38
410 0.1 3365.0 0.0 3365 39 1576.6923076923078 39
420 0.1 2604.0 0.0 3365 39 1621.4 40
430 0.1 3502.0 0.0 3502 39 1645.3658536585365 41
440 0.1 3130.0 0.0 3502 39 1689.5714285714287 42
450 0.1 3031.0 0.0 3502 39 1723.0697674418604 43
460 0.1 4218.0 0.0 4218 39 1752.7954545454545 44
470 0.1 4477.0 0.0 4477 39 1807.5777777777778 45
480 0.1 3536.0 0.0 4477 39 1865.608695652174 46
490 0.1 3547.0 0.0 4477 39 1901.1489361702127 47
500 0.1 3781.0 0.0 4477 39 1935.4375 48
510 0.1 5196.0 0.0 5196 39 1973.1020408163265 49
520 0.1 4898.0 0.0 5196 39 2037.56 50
530 0.1 5156.0 0.0 5196 39 2093.6470588235293 51
540 0.1 5112.0 0.0 5196 39 2152.5384615384614 52
550 0.1 4646.0 0.0 5196 39 2208.377358490566 53
560 0.1 4604.0 0.0 5196 39 2253.5185185185187 54
570 0.1 4423.0 0.0 5196 39 2296.2545454545457 55
580 0.1 4389.0 0.0 5196 39 2334.232142857143 56
590 0.1 5168.0 0.0 5196 39 2370.280701754386 57
600 0.1 4893.0 0.0 5196 39 2418.5172413793102 58
610 0.1 5022.0 0.0 5196 39 2460.4576271186443 59
620 0.1 5716.0 0.0 5716 39 2503.15 60
630 0.1 6414.0 0.0 6414 39 2555.8196721311474 61
640 0.1 6895.0 0.0 6895 39 2618.048387096774 62
650 0.1 6834.0 0.0 6895 39 2685.936507936508 63
660 0.1 6072.0 0.0 6895 39 2750.75 64
670 0.1 7014.0 0.0 7014 39 2801.846153846154 65
680 0.1 6416.0 0.0 7014 39 2865.6666666666665 66
690 0.1 6498.0 0.0 7014 39 2918.6567164179105 67
700 0.1 7191.0 0.0 7191 39 2971.294117647059 68
710 0.1 6583.0 0.0 7191 39 3032.449275362319 69
720 0.1 7092.0 0.0 7191 39 3083.1714285714284 70
730 0.1 6623.0 0.0 7191 39 3139.633802816901 71
740 0.1 7121.0 0.0 7191 39 3188.0138888888887 72
750 0.1 8011.0 0.0 8011 39 3241.890410958904 73
760 0.1 7146.0 0.0 8011 39 3306.3378378378375 74
770 0.1 7149.0 0.0 8011 39 3357.533333333333 75
780 0.1 7654.0 0.0 8011 39 3407.4210526315787 76
790 0.1 6655.0 0.0 8011 39 3462.5714285714284 77
800 0.1 7354.0 0.0 8011 39 3503.5 78
810 0.1 7747.0 0.0 8011 39 3552.240506329114 79
820 0.1 7857.0 0.0 8011 39 3604.675 80
830 0.1 7711.0 0.0 8011 39 3657.1728395061727 81
840 0.1 7239.0 0.0 8011 39 3706.609756097561 82
850 0.1 7330.0 0.0 8011 39 3749.1686746987953 83
860 0.1 7167.0 0.0 8011 39 3791.7976190476193 84
870 0.1 7044.0 0.0 8011 39 3831.505882352941 85
880 0.1 6176.0 0.0 8011 39 3868.860465116279 86
890 0.1 6509.0 0.0 8011 39 3895.3793103448274 87
900 0.1 7075.0 0.0 8011 39 3925.0795454545455 88
910 0.1 7937.0 0.0 8011 39 3960.4719101123596 89
920 0.1 7150.0 0.0 8011 39 4004.6555555555556 90
930 0.1 6917.0 0.0 8011 39 4039.21978021978 91
940 0.1 6792.0 0.0 8011 39 4070.5 92
950 0.1 6670.0 0.0 8011 39 4099.763440860215 93
960 0.1 6334.0 0.0 8011 39 4127.106382978724 94
970 0.1 6769.0 0.0 8011 39 4150.336842105263 95
980 0.1 7019.0 0.0 8011 39 4177.614583333333 96
990 0.1 7148.0 0.0 8011 39 4206.907216494846 97
1000 0.1 6636.0 0.0 8011 39 4236.91836734694 98
1010 0.1 6585.0 0.0 8011 39 4261.151515151516 99
1020 0.1 7267.0 0.0 8011 39 4284.39 100
1030 0.1 6814.0 0.0 8011 39 4313.920792079209 101
1040 0.1 6829.0 0.0 8011 39 4338.43137254902 102
1050 0.1 6616.0 0.0 8011 39 4362.611650485437 103
1060 0.1 7233.0 0.0 8011 39 4384.278846153846 104
1070 0.1 7003.0 0.0 8011 39 4411.409523809523 105
1080 0.1 7175.0 0.0 8011 39 4435.858490566037 106
1090 0.1 7746.0 0.0 8011 39 4461.457943925233 107
1100 0.1 7333.0 0.0 8011 39 4491.8703703703695 108
1110 0.1 6988.0 0.0 8011 39 4517.935779816513 109
1120 0.1 6748.0 0.0 8011 39 4540.390909090908 110
1130 0.1 6484.0 0.0 8011 39 4560.279279279278 111
1140 0.1 6899.0 0.0 8011 39 4577.455357142856 112
1150 0.1 7585.0 0.0 8011 39 4597.999999999999 113
1160 0.1 7517.0 0.0 8011 39 4624.201754385964 114
1170 0.1 6926.0 0.0 8011 39 4649.35652173913 115
1180 0.1 7472.0 0.0 8011 39 4668.982758620688 116
1190 0.1 6.7e3 0.0 8011 39 4692.94017094017 117
1200 0.1 7573.0 0.0 8011 39 4709.949152542372 118
1210 0.1 7047.0 0.0 8011 39 4734.008403361344 119
1220 0.1 8340.0 0.0 8340 39 4753.283333333332 120
1230 0.1 9290.0 0.0 9290 39 4782.92561983471 121
1240 0.1 10186.0 0.0 10186 39 4819.868852459015 122
1250 0.1 10494.0 0.0 10494 39 4863.495934959348 123
1260 0.1 8668.0 0.0 10494 39 4908.903225806451 124
1270 0.1 10031.0 0.0 10494 39 4938.975999999999 125
1280 0.1 9698.0 0.0 10494 39 4979.388888888888 126
1290 0.1 9877.0 0.0 10494 39 5016.543307086613 127
1300 0.1 10279.0 0.0 10494 39 5054.515624999999 128
1310 0.1 9509.0 0.0 10494 39 5095.0155038759685 129
1320 0.1 9608.0 0.0 10494 39 5128.96923076923 130
1330 0.1 9104.0 0.0 10494 39 5163.16030534351 131
1340 0.1 9960.0 0.0 10494 39 5193.01515151515 132
1350 0.1 9447.0 0.0 10494 39 5228.857142857141 133
1360 0.1 9009.0 0.0 10494 39 5260.335820895521 134
1370 0.1 10328.0 0.0 10494 39 5288.103703703702 135
1380 0.1 9027.0 0.0 10494 39 5325.161764705881 136
1390 0.1 9582.0 0.0 10494 39 5352.182481751823 137
1400 0.1 9297.0 0.0 10494 39 5382.833333333331 138
1410 0.1 9067.0 0.0 10494 39 5410.992805755393 139
1420 0.1 9287.0 0.0 10494 39 5437.10714285714 140
1430 0.1 10274.0 0.0 10494 39 5464.411347517728 141
1440 0.1 9747.0 0.0 10494 39 5498.281690140842 142
1450 0.1 9383.0 0.0 10494 39 5527.993006993004 143
1460 0.1 8764.0 0.0 10494 39 5554.763888888887 144
1470 0.1 10247.0 0.0 10494 39 5576.896551724137 145
1480 0.1 9974.0 0.0 10494 39 5608.883561643835 146
1490 0.1 9564.0 0.0 10494 39 5638.578231292517 147
1500 0.1 10452.0 0.0 10494 39 5665.101351351352 148
1510 0.1 9733.0 0.0 10494 39 5697.228187919463 149
1520 0.1 9131.0 0.0 10494 39 5724.133333333333 150
1530 0.1 9723.0 0.0 10494 39 5746.695364238411 151
1540 0.1 9512.0 0.0 10494 39 5772.855263157895 152
1550 0.1 9493.0 0.0 10494 39 5797.294117647059 153
1560 0.1 9420.0 0.0 10494 39 5821.292207792208 154
1570 0.1 10624.0 0.0 10624 39 5844.509677419355 155
1580 0.1 10016.0 0.0 10624 39 5875.1474358974365 156
1590 0.1 8956.0 0.0 10624 39 5901.522292993632 157
1600 0.1 8897.0 0.0 10624 39 5920.854430379748 158
1610 0.1 9186.0 0.0 10624 39 5939.572327044027 159
1620 0.1 9159.0 0.0 10624 39 5959.862500000001 160
1630 0.1 9217.0 0.0 10624 39 5979.7329192546595 161
1640 0.1 9052.0 0.0 10624 39 5999.716049382717 162
1650 0.1 9160.0 0.0 10624 39 6018.441717791412 163
1660 0.1 9327.0 0.0 10624 39 6037.597560975611 164
1670 0.1 10745.0 0.0 10745 39 6057.533333333334 165
1680 0.1 9373.0 0.0 10745 39 6085.77108433735 166
1690 0.1 9296.0 0.0 10745 39 6105.45508982036 167
1700 0.1 10368.0 0.0 10745 39 6124.446428571429 168
1710 0.1 10757.0 0.0 10757 39 6149.556213017752 169
1720 0.1 9714.0 0.0 10757 39 6176.658823529412 170
1730 0.1 8875.0 0.0 10757 39 6197.3450292397665 171
1740 0.1 9905.0 0.0 10757 39 6212.912790697675 172
1750 0.1 9307.0 0.0 10757 39 6234.254335260116 173
1760 0.1 9498.0 0.0 10757 39 6251.913793103448 174
1770 0.1 9527.0 0.0 10757 39 6270.4628571428575 175
1780 0.1 8759.0 0.0 10757 39 6288.965909090909 176
1790 0.1 9089.0 0.0 10757 39 6302.920903954802 177
1800 0.1 10348.0 0.0 10757 39 6318.573033707865 178
1810 0.1 11045.0 0.0 11045 39 6341.083798882682 179
1820 0.1 10864.0 0.0 11045 39 6367.216666666666 180
1830 0.1 10727.0 0.0 11045 39 6392.060773480663 181
1840 0.1 10960.0 0.0 11045 39 6415.879120879121 182
1850 0.1 10888.0 0.0 11045 39 6440.710382513661 183
1860 0.1 10804.0 0.0 11045 39 6464.880434782609 184
1870 0.1 10744.0 0.0 11045 39 6488.335135135135 185
1880 0.1 10625.0 0.0 11045 39 6511.215053763441 186
1890 0.1 11072.0 0.0 11072 39 6533.213903743315 187
1900 0.1 10796.0 0.0 11072 39 6557.356382978724 188
1910 0.1 11033.0 0.0 11072 39 6579.783068783069 189
1920 0.1 10861.0 0.0 11072 39 6603.221052631579 190
1930 0.1 11069.0 0.0 11072 39 6625.513089005236 191
1940 0.1 10639.0 0.0 11072 39 6648.65625 192
1960 0.1 11256.0 0.0 11256 39 6669.331606217616 193
1970 0.1 11051.0 0.0 11256 39 6692.974226804124 194
1980 0.1 11349.0 0.0 11349 39 6715.323076923077 195
1990 0.1 11190.0 0.0 11349 39 6738.964285714285 196
2000 0.1 11332.0 0.0 11349 39 6761.558375634518 197
2010 0.1 11067.0 0.0 11349 39 6784.641414141414 198
2020 0.1 11307.0 0.0 11349 39 6806.160804020101 199
2030 0.1 10697.0 0.0 11349 39 6828.665 200
2040 0.1 10980.0 0.0 11349 39 6847.910447761194 201
2050 0.1 11028.0 0.0 11349 39 6868.366336633663 202
2060 0.1 10795.0 0.0 11349 39 6888.857142857143 203
2070 0.1 11058.0 0.0 11349 39 6908.004901960784 204
2080 0.1 11141.0 0.0 11349 39 6928.248780487805 205
2090 0.1 10667.0 0.0 11349 39 6948.699029126214 206
2100 0.1 11221.0 0.0 11349 39 6966.661835748792 207
2110 0.1 10984.0 0.0 11349 39 6987.115384615385 208
2120 0.1 11003.0 0.0 11349 39 7006.239234449761 209
2130 0.1 10680.0 0.0 11349 39 7025.271428571428 210
2140 0.1 10986.0 0.0 11349 39 7042.592417061612 211
2150 0.1 10967.0 0.0 11349 39 7061.193396226415 212
2160 0.1 10865.0 0.0 11349 39 7079.530516431925 213
2170 0.1 11084.0 0.0 11349 39 7097.219626168225 214
2180 0.1 10970.0 0.0 11349 39 7115.762790697674 215
2190 0.1 10547.0 0.0 11349 39 7133.606481481482 216
2200 0.1 10996.0 0.0 11349 39 7149.3364055299535 217
2210 0.1 10706.0 0.0 11349 39 7166.981651376147 218
2220 0.1 10746.0 0.0 11349 39 7183.141552511415 219
2230 0.1 11160.0 0.0 11349 39 7199.336363636364 220
2240 0.1 10784.0 0.0 11349 39 7217.257918552036 221
2250 0.1 10627.0 0.0 11349 39 7233.324324324324 222
2260 0.1 11016.0 0.0 11349 39 7248.542600896861 223
2270 0.1 11207.0 0.0 11349 39 7265.361607142857 224
2280 0.1 10714.0 0.0 11349 39 7282.88 225
2290 0.1 10974.0 0.0 11349 39 7298.061946902655 226
2300 0.1 10825.0 0.0 11349 39 7314.255506607929 227
2310 0.1 11084.0 0.0 11349 39 7329.653508771929 228
2320 0.1 10630.0 0.0 11349 39 7346.048034934498 229
2330 0.1 10794.0 0.0 11349 39 7360.326086956522 230
2340 0.1 11113.0 0.0 11349 39 7375.190476190476 231
2350 0.1 11156.0 0.0 11349 39 7391.301724137931 232
2360 0.1 10778.0 0.0 11349 39 7407.459227467811 233
2370 0.1 11115.0 0.0 11349 39 7421.863247863248 234
2380 0.1 10906.0 0.0 11349 39 7437.5787234042555 235
2390 0.1 10858.0 0.0 11349 39 7452.275423728814 236
2400 0.1 10905.0 0.0 11349 39 7466.645569620253 237
2410 0.1 11074.0 0.0 11349 39 7481.09243697479 238
2420 0.1 10980.0 0.0 11349 39 7496.125523012553 239
2430 0.1 11206.0 0.0 11349 39 7510.641666666666 240
2440 0.1 11059.0 0.0 11349 39 7525.9751037344395 241
2450 0.1 11274.0 0.0 11349 39 7540.574380165289 242
2460 0.1 11329.0 0.0 11349 39 7555.938271604939 243
2470 0.1 11467.0 0.0 11467 39 7571.401639344263 244
2480 0.1 11459.0 0.0 11467 39 7587.302040816327 245
2490 0.1 11351.0 0.0 11467 39 7603.040650406504 246
2500 0.1 11085.0 0.0 11467 39 7618.214574898785 247
2510 0.1 11210.0 0.0 11467 39 7632.193548387097 248
2520 0.1 10938.0 0.0 11467 39 7646.562248995984 249
2530 0.1 11452.0 0.0 11467 39 7659.728 250
2540 0.1 11421.0 0.0 11467 39 7674.836653386455 251
2550 0.1 10678.0 0.0 11467 39 7689.702380952381 252
2560 0.1 9880.0 0.0 11467 39 7701.513833992095 253
2570 0.1 10617.0 0.0 11467 39 7710.0905511811025 254
2580 0.1 11186.0 0.0 11467 39 7721.490196078431 255
2590 0.1 11131.0 0.0 11467 39 7735.0234375 256
2600 0.1 10523.0 0.0 11467 39 7748.237354085603 257
2610 0.1 10656.0 0.0 11467 39 7758.992248062015 258
2620 0.1 11238.0 0.0 11467 39 7770.177606177606 259
2630 0.1 10991.0 0.0 11467 39 7783.515384615384 260
2640 0.1 11027.0 0.0 11467 39 7795.80459770115 261
2650 0.1 11017.0 0.0 11467 39 7808.137404580153 262
2660 0.1 11243.0 0.0 11467 39 7820.338403041825 263
2670 0.1 11035.0 0.0 11467 39 7833.30303030303 264
2680 0.1 11467.0 0.0 11467 39 7845.384905660378 265
2690 0.1 11064.0 0.0 11467 39 7859.0 266
2700 0.1 11159.0 0.0 11467 39 7871.003745318352 267
2710 0.1 11171.0 0.0 11467 39 7883.272388059701 268
2720 0.1 11383.0 0.0 11467 39 7895.494423791822 269
2730 0.1 11291.0 0.0 11467 39 7908.4111111111115 270
2740 0.1 11365.0 0.0 11467 39 7920.89298892989 271
2750 0.1 11382.0 0.0 11467 39 7933.555147058823 272
2760 0.1 10967.0 0.0 11467 39 7946.186813186813 273
2770 0.1 11740.0 0.0 11740 39 7957.211678832116 274
2780 0.1 11574.0 0.0 11740 39 7970.967272727273 275
2790 0.1 11026.0 0.0 11740 39 7984.021739130435 276
2800 0.1 11307.0 0.0 11740 39 7995.003610108303 277
2810 0.1 11111.0 0.0 11740 39 8006.917266187051 278
2820 0.1 11364.0 0.0 11740 39 8018.043010752688 279
2830 0.1 11090.0 0.0 11740 39 8029.992857142857 280
2840 0.1 11048.0 0.0 11740 39 8040.88256227758 281
2850 0.1 11267.0 0.0 11740 39 8051.54609929078 282
2860 0.1 10914.0 0.0 11740 39 8062.90812720848 283
2870 0.1 11370.0 0.0 11740 39 8072.947183098591 284
2880 0.1 11206.0 0.0 11740 39 8084.515789473684 285
2890 0.1 11297.0 0.0 11740 39 8095.43006993007 286
2900 0.1 11705.0 0.0 11740 39 8106.585365853659 287
2910 0.1 11283.0 0.0 11740 39 8119.079861111111 288
2920 0.1 11457.0 0.0 11740 39 8130.027681660899 289
2930 0.1 10882.0 0.0 11740 39 8141.5 290
2940 0.1 11447.0 0.0 11740 39 8150.917525773196 291
2950 0.1 11099.0 0.0 11740 39 8162.2054794520545 292
2960 0.1 10844.0 0.0 11740 39 8172.22866894198 293
2970 0.1 11221.0 0.0 11740 39 8181.316326530612 294
2980 0.1 11173.0 0.0 11740 39 8191.620338983051 295
2990 0.1 11270.0 0.0 11740 39 8201.692567567568 296
3000 0.1 11128.0 0.0 11740 39 8212.023569023571 297
3010 0.1 11517.0 0.0 11740 39 8221.808724832217 298
3020 0.1 11710.0 0.0 11740 39 8232.829431438131 299
3030 0.1 11462.0 0.0 11740 39 8244.420000000006 300
3040 0.1 11641.0 0.0 11740 39 8255.109634551502 301
3050 0.1 11606.0 0.0 11740 39 8266.321192052987 302
3060 0.1 11862.0 0.0 11862 39 8277.343234323438 303
3070 0.1 11748.0 0.0 11862 39 8289.134868421059 304
3080 0.1 11679.0 0.0 11862 39 8300.475409836072 305
3090 0.1 11233.0 0.0 11862 39 8311.516339869288 306
3100 0.1 11872.0 0.0 11872 39 8321.03257328991 307
3110 0.1 11719.0 0.0 11872 39 8332.561688311696 308
3120 0.1 11858.0 0.0 11872 39 8343.521035598713 309
3130 0.1 11949.0 0.0 11949 39 8354.858064516136 310
3140 0.1 11754.0 0.0 11949 39 8366.414790996792 311
3150 0.1 11456.0 0.0 11949 39 8377.272435897443 312
3160 0.1 11737.0 0.0 11949 39 8387.10862619809 313
3170 0.1 11610.0 0.0 11949 39 8397.777070063701 314
3180 0.1 11290.0 0.0 11949 39 8407.97460317461 315
3190 0.1 11536.0 0.0 11949 39 8417.094936708869 316
3200 0.1 11613.0 0.0 11949 39 8426.933753943225 317
3210 0.1 12091.0 0.0 12091 39 8436.952830188686 318
3220 0.1 12072.0 0.0 12091 39 8448.407523510978 319
3230 0.1 11575.0 0.0 12091 39 8459.731250000006 320
3240 0.1 11522.0 0.0 12091 39 8469.436137071656 321
3250 0.1 12009.0 0.0 12091 39 8478.916149068327 322
3260 0.1 11647.0 0.0 12091 39 8489.845201238395 323
3270 0.1 11172.0 0.0 12091 39 8499.589506172844 324
3280 0.1 11453.0 0.0 12091 39 8507.812307692311 325
3290 0.1 11476.0 0.0 12091 39 8516.846625766873 326
3300 0.1 11503.0 0.0 12091 39 8525.896024464835 327
3310 0.1 11466.0 0.0 12091 39 8534.972560975613 328
3320 0.1 11853.0 0.0 12091 39 8543.881458966569 329
3330 0.1 11773.0 0.0 12091 39 8553.909090909096 330
3340 0.1 11515.0 0.0 12091 39 8563.634441087617 331
3350 0.1 11588.0 0.0 12091 39 8572.524096385547 332
3360 0.1 11450.0 0.0 12091 39 8581.579579579584 333
3370 0.1 11595.0 0.0 12091 39 8590.167664670664 334
3380 0.1 11579.0 0.0 12091 39 8599.13731343284 335
3390 0.1 11790.0 0.0 12091 39 8608.005952380956 336
3400 0.1 11357.0 0.0 12091 39 8617.44807121662 337
3410 0.1 11470.0 0.0 12091 39 8625.553254437873 338
3420 0.1 11480.0 0.0 12091 39 8633.943952802363 339
3430 0.1 11768.0 0.0 12091 39 8642.314705882356 340
3440 0.1 11363.0 0.0 12091 39 8651.480938416425 341
3450 0.1 11982.0 0.0 12091 39 8659.40935672515 342
3460 0.1 11548.0 0.0 12091 39 8669.096209912539 343
3470 0.1 11721.0 0.0 12091 39 8677.465116279072 344
3480 0.1 11242.0 0.0 12091 39 8686.286956521742 345
3490 0.1 11906.0 0.0 12091 39 8693.673410404626 346
3510 0.1 11338.0 0.0 12091 39 8702.930835734873 347
3520 0.1 11903.0 0.0 12091 39 8710.50287356322 348
3530 0.1 11867.0 0.0 12091 39 8719.650429799429 349
3540 0.1 11454.0 0.0 12091 39 8728.642857142859 350
3550 0.1 11416.0 0.0 12091 39 8736.407407407409 351
3560 0.1 11854.0 0.0 12091 39 8744.019886363638 352
3570 0.1 11759.0 0.0 12091 39 8752.830028328613 353
3580 0.1 11730.0 0.0 12091 39 8761.322033898306 354
3590 0.1 11519.0 0.0 12091 39 8769.684507042255 355
3600 0.1 11701.0 0.0 12091 39 8777.407303370788 356
3610 0.1 11723.0 0.0 12091 39 8785.596638655463 357
3620 0.1 11878.0 0.0 12091 39 8793.801675977653 358
3630 0.1 11758.0 0.0 12091 39 8802.392757660165 359
3640 0.1 11854.0 0.0 12091 39 8810.602777777776 360
3650 0.1 12532.0 0.0 12532 39 8819.033240997229 361
3660 0.1 11885.0 0.0 12532 39 8829.290055248617 362
3670 0.1 11866.0 0.0 12532 39 8837.707988980716 363
3680 0.1 11831.0 0.0 12532 39 8846.027472527472 364
3690 0.1 11938.0 0.0 12532 39 8854.205479452055 365
3700 0.1 12174.0 0.0 12532 39 8862.631147540986 366
3710 0.1 12205.0 0.0 12532 39 8871.653950953681 367
3720 0.1 12298.0 0.0 12532 39 8880.711956521742 368
3730 0.1 11895.0 0.0 12532 39 8889.972899729 369
3740 0.1 11795.0 0.0 12532 39 8898.094594594597 370
3750 0.1 11424.0 0.0 12532 39 8905.90296495957 371
3760 0.1 12092.0 0.0 12532 39 8912.672043010754 372
3770 0.1 11854.0 0.0 12532 39 8921.195710455766 373
3780 0.1 11935.0 0.0 12532 39 8929.037433155083 374
3790 0.1 11661.0 0.0 12532 39 8937.053333333335 375
3800 0.1 12005.0 0.0 12532 39 8944.297872340427 376
3810 0.1 12202.0 0.0 12532 39 8952.416445623343 377
3820 0.1 11860.0 0.0 12532 39 8961.01322751323 378
3830 0.1 12360.0 0.0 12532 39 8968.662269129289 379
3840 0.1 12537.0 0.0 12537 39 8977.586842105264 380
3850 0.1 11593.0 0.0 12537 39 8986.929133858268 381
3860 0.1 12283.0 0.0 12537 39 8993.751308900524 382
3870 0.1 11659.0 0.0 12537 39 9002.339425587468 383
3880 0.1 11957.0 0.0 12537 39 9009.257812500002 384
3890 0.1 11890.0 0.0 12537 39 9016.914285714289 385
3900 0.1 12255.0 0.0 12537 39 9024.357512953371 386
3910 0.1 11998.0 0.0 12537 39 9032.705426356593 387
3920 0.1 11783.0 0.0 12537 39 9040.347938144334 388
3930 0.1 11691.0 0.0 12537 39 9047.398457583551 389
3940 0.1 12286.0 0.0 12537 39 9054.176923076926 390
3950 0.1 11833.0 0.0 12537 39 9062.44245524297 391
3960 0.1 11664.0 0.0 12537 39 9069.510204081636 392
3970 0.1 12141.0 0.0 12537 39 9076.111959287535 393
3980 0.1 12214.0 0.0 12537 39 9083.890862944167 394
3990 0.1 11679.0 0.0 12537 39 9091.815189873423 395
4000 0.1 12277.0 0.0 12537 39 9098.348484848491 396
4010 0.1 11820.0 0.0 12537 39 9106.355163727967 397
4020 0.1 11328.0 0.0 12537 39 9113.173366834179 398
4030 0.1 12316.0 0.0 12537 39 9118.72431077695 399
4040 0.1 12050.0 0.0 12537 39 9126.717500000008 400
4050 0.1 11827.0 0.0 12537 39 9134.007481296767 401
4060 0.1 12260.0 0.0 12537 39 9140.706467661701 402
4070 0.1 11923.0 0.0 12537 39 9148.446650124079 403
4080 0.1 12063.0 0.0 12537 39 9155.314356435652 404
4090 0.1 11996.0 0.0 12537 39 9162.493827160502 405
4100 0.1 12429.0 0.0 12537 39 9169.47290640395 406
4110 0.1 12012.0 0.0 12537 39 9177.48157248158 407
4120 0.1 12112.0 0.0 12537 39 9184.428921568635 408
4130 0.1 12398.0 0.0 12537 39 9191.586797066022 409
4140 0.1 11769.0 0.0 12537 39 9199.407317073177 410
4150 0.1 11920.0 0.0 12537 39 9205.6593673966 411
4160 0.1 11717.0 0.0 12537 39 9212.24757281554 412
4170 0.1 11956.0 0.0 12537 39 9218.312348668287 413
4180 0.1 11754.0 0.0 12537 39 9224.925120772954 414
4190 0.1 11886.0 0.0 12537 39 9231.01927710844 415
4200 0.1 12045.0 0.0 12537 39 9237.401442307699 416
4210 0.1 12078.0 0.0 12537 39 9244.134292565954 417
4220 0.1 12894.0 0.0 12894 39 9250.913875598093 418
4230 0.1 12614.0 0.0 12894 39 9259.608591885448 419
4240 0.1 12884.0 0.0 12894 39 9267.595238095244 420
4250 0.1 12948.0 0.0 12948 39 9276.18527315915 421
4260 0.1 13419.0 0.0 13419 39 9284.886255924175 422
4270 0.1 13129.0 0.0 13419 39 9294.659574468089 423
4280 0.1 12710.0 0.0 13419 39 9303.702830188684 424
4290 0.1 12259.0 0.0 13419 39 9311.717647058827 425
4300 0.1 12854.0 0.0 13419 39 9318.636150234746 426
4310 0.1 12789.0 0.0 13419 39 9326.915690866515 427
4320 0.1 12543.0 0.0 13419 39 9335.004672897201 428
4330 0.1 12949.0 0.0 13419 39 9342.482517482522 429
4340 0.1 13112.0 0.0 13419 39 9350.869767441865 430
4350 0.1 12413.0 0.0 13419 39 9359.596287703022 431
4360 0.1 13387.0 0.0 13419 39 9366.664351851858 432
4370 0.1 13443.0 0.0 13443 39 9375.949191685917 433
4380 0.1 12620.0 0.0 13443 39 9385.3202764977 434
4390 0.1 12609.0 0.0 13443 39 9392.756321839084 435
4400 0.1 12960.0 0.0 13443 39 9400.13302752294 436
4410 0.1 12104.0 0.0 13443 39 9408.279176201377 437
4420 0.1 12536.0 0.0 13443 39 9414.43378995434 438
4430 0.1 12142.0 0.0 13443 39 9421.5444191344 439
4440 0.1 12177.0 0.0 13443 39 9427.727272727276 440
4450 0.1 12736.0 0.0 13443 39 9433.961451247169 441
4460 0.1 12705.0 0.0 13443 39 9441.432126696836 442
4470 0.1 12620.0 0.0 13443 39 9448.799097065466 443
4480 0.1 13306.0 0.0 13443 39 9455.941441441446 444
4490 0.1 12655.0 0.0 13443 39 9464.59325842697 445
4500 0.1 12537.0 0.0 13443 39 9471.746636771304 446
4510 0.1 12630.0 0.0 13443 39 9478.604026845642 447
4520 0.1 12053.0 0.0 13443 39 9485.638392857147 448
4530 0.1 13196.0 0.0 13443 39 9491.356347438757 449
4540 0.1 12869.0 0.0 13443 39 9499.588888888893 450
4550 0.1 12901.0 0.0 13443 39 9507.05986696231 451
4560 0.1 13370.0 0.0 13443 39 9514.568584070801 452
4570 0.1 12639.0 0.0 13443 39 9523.07947019868 453
4580 0.1 13194.0 0.0 13443 39 9529.942731277537 454
4590 0.1 12829.0 0.0 13443 39 9537.995604395608 455
4600 0.1 12959.0 0.0 13443 39 9545.21271929825 456
4610 0.1 12962.0 0.0 13443 39 9552.682713347926 457
4620 0.1 12704.0 0.0 13443 39 9560.12663755459 458
4630 0.1 13413.0 0.0 13443 39 9566.976034858391 459
4640 0.1 12492.0 0.0 13443 39 9575.336956521744 460
4650 0.1 12677.0 0.0 13443 39 9581.663774403474 461
4660 0.1 12340.0 0.0 13443 39 9588.36363636364 462
4670 0.1 13207.0 0.0 13443 39 9594.306695464367 463
4680 0.1 13097.0 0.0 13443 39 9602.092672413797 464
4690 0.1 12437.0 0.0 13443 39 9609.608602150542 465
4700 0.1 12344.0 0.0 13443 39 9615.67596566524 466
4710 0.1 12573.0 0.0 13443 39 9621.5182012848 467
4720 0.1 12355.0 0.0 13443 39 9627.82478632479 468
4730 0.1 12181.0 0.0 13443 39 9633.639658848619 469
4740 0.1 12584.0 0.0 13443 39 9639.059574468089 470
4750 0.1 12712.0 0.0 13443 39 9645.312101910831 471
4760 0.1 12622.0 0.0 13443 39 9651.809322033901 472
4770 0.1 12763.0 0.0 13443 39 9658.088794926009 473
4780 0.1 12389.0 0.0 13443 39 9664.639240506332 474
4790 0.1 12180.0 0.0 13443 39 9670.37473684211 475
4800 0.1 10891.0 0.0 13443 39 9675.647058823533 476
4810 0.1 10717.0 0.0 13443 39 9678.194968553464 477
4820 0.1 3247.0 0.0 13443 39 9680.368200836823 478
4830 0.1 1.0e3 0.0 13443 39 9666.937369519837 479
4840 0.1 182.0 0.0 13443 39 9648.881250000004 480
4850 0.1 80.0 0.0 13443 39 9629.199584199589 481
4860 0.1 44.0 0.0 13443 39 9609.387966804983 482
4870 0.1 35.0 0.0 13443 35 9589.58385093168 483
4880 0.1 33.0 0.0 13443 33 9569.842975206615 484
4890 0.1 34.0 0.0 13443 33 9550.179381443302 485
