10 0.1 270.383056640625 0 270.383056640625 270.383056640625 0 0
20 0.2 15109.717041015625 1800.721923828125 16910.43896484375 270.383056640625 270.383056640625 1
30 1.1 18606.168723366478 3020.9430572711262 23516.18310546875 270.383056640625 10163.272379557291 3
40 1.5 24802.46941731771 5991.905289992398 33299.044921875 270.383056640625 16796.97664969308 14
50 2.4 26149.93182373047 7124.883688802784 41524.43701171875 270.383056640625 20937.748770878232 29
60 1.8 24961.969387478297 6546.541231141896 41524.43701171875 270.383056640625 23297.982606132075 53
70 1.4 25632.981584821428 9067.39740532214 52980.993896484375 270.383056640625 23719.83840985365 71
80 1.6 25678.45751953125 9100.982367350109 53522.008056640625 270.383056640625 24034.944344554227 85
90 2.5 24370.79177734375 6776.32888730764 53522.008056640625 270.383056640625 24295.302867322865 101
100 1.4 27179.658325195313 9800.408661317846 53522.008056640625 270.383056640625 24310.280825660342 126
110 2 24763.97646484375 7633.913406684305 53522.008056640625 270.383056640625 24597.21857561384 140
120 2.1 26468.236130487352 10617.853799733299 55780.211181640625 270.383056640625 24618.06331176758 160
130 1.7 23622.15024701287 9298.365013884631 55780.211181640625 270.383056640625 24832.72424653617 181
140 1.8 27562.27671983507 9878.565770383508 55780.211181640625 270.383056640625 24728.786074859927 198
150 2.4 24875.37629191081 9566.797130668689 60554.905029296875 270.383056640625 24964.910295274523 216
160 3.5 23531.85017438616 6010.5012796296005 60554.905029296875 270.383056640625 24955.95689493815 240
170 4.3 21578.174015488734 5699.144700679867 60554.905029296875 270.383056640625 24774.70694868608 275
180 3.2 24805.98516845703 7516.7934162113515 60554.905029296875 270.383056640625 24342.47136337952 318
190 3.9 26695.846103766027 8614.368683768284 60554.905029296875 270.383056640625 24384.849768415177 350
200 4.7 26824.142261261637 9614.81527921484 61262.92578125 270.383056640625 24616.543488411793 389
210 3.5 26668.400816127232 8009.0891548502 61262.92578125 270.383056640625 24854.518585485057 436
220 5.1 24963.019234451593 8704.865740260588 61262.92578125 270.383056640625 24989.308135532778 471
230 3.3 25931.473477450283 7995.418384787054 61262.92578125 270.383056640625 24986.739679680017 522
240 3.4 25317.22509765625 10442.561265178807 61262.92578125 270.383056640625 25042.91304062852 555
250 4.9 26842.24457908163 11104.987176704619 85115.94213867188 270.383056640625 25058.74769247732 589
260 4.8 25432.74091084798 10437.253846182995 85115.94213867188 270.383056640625 25195.724726087996 638
270 6.9 24092.906016474186 8629.336296325097 85115.94213867188 270.383056640625 25212.308948928345 686
280 5.7 24225.399302700112 7959.566245421814 85115.94213867188 270.383056640625 25110.005899472268 755
290 4.6 25734.387005349865 8593.417896734745 85115.94213867188 270.383056640625 25047.909130979642 812
300 4.9 26061.114222935266 8708.915481809994 85115.94213867188 270.383056640625 25084.713306062426 858
310 5.3 27259.40398363797 9675.791384769758 85115.94213867188 270.383056640625 25137.46263894751 907
320 5.9 26637.02763340837 10200.269442149653 85115.94213867188 270.383056640625 25254.611484018962 960
330 4.9 24606.1302863919 7873.693202257784 85115.94213867188 270.383056640625 25334.65324340461 1019
340 5.4 24029.658465350116 6743.878526822079 85115.94213867188 270.383056640625 25301.22850099485 1068
350 7.1 25745.358714788734 9861.158504234863 85115.94213867188 270.383056640625 25240.029943129597 1122
360 6.7 24956.911916248835 8571.204979664968 85115.94213867188 270.383056640625 25270.103994083325 1193
370 6 26178.327766927083 9578.76138176474 85115.94213867188 270.383056640625 25253.450129627046 1260
380 7.5 25342.24484375 9382.115788406105 85115.94213867188 270.383056640625 25295.490022231592 1320
390 5.3 26071.700084758253 8376.470446844767 85115.94213867188 270.383056640625 25298.003722313228 1395
400 6.6 26440.878787878788 10005.397140733536 85115.94213867188 270.383056640625 25326.322719004933 1448
410 6.7 25892.840470499068 9328.278291916222 85115.94213867188 270.383056640625 25374.909707476316 1514
420 6.6 24451.83074766217 8294.28196117736 85115.94213867188 270.383056640625 25396.858702493726 1581
430 7.3 26571.254076814 10969.494661466064 85115.94213867188 270.383056640625 25358.988729804663 1647
440 6.2 25002.743199502267 7723.689716911706 85115.94213867188 270.383056640625 25410.43952650913 1720
450 8.3 27814.874505835844 9897.856616568326 85115.94213867188 270.383056640625 25396.25480581641 1782
460 9.7 25361.18226230268 9957.262537496614 85115.94213867188 270.383056640625 25503.893108819957 1865
470 8.5 25814.849928193933 8281.728455084572 85115.94213867188 270.383056640625 25496.837577672057 1962
480 6.7 25563.88808520872 8280.626402469958 85115.94213867188 270.383056640625 25510.04278030731 2047
490 7.7 27357.05875862419 10034.382750250465 85115.94213867188 270.383056640625 25511.749324975422 2114
500 9.3 25673.663482337874 8305.436450942301 85115.94213867188 270.383056640625 25576.60045523145 2191
510 11.4 25790.715503358006 8946.179350398383 85115.94213867188 270.383056640625 25580.552671308902 2284
520 10.5 26576.657356770836 9532.258924981834 85115.94213867188 270.383056640625 25590.543731714904 2398
530 11 25592.942325106535 8954.854640389261 85115.94213867188 270.383056640625 25631.910863409223 2503
540 12 26164.013446044923 9202.062220025526 85115.94213867188 270.383056640625 25630.27039681401 2613
550 9.6 24936.62292989095 9459.208834062534 85115.94213867188 270.383056640625 25653.705876472883 2733
560 9.3 25656.509258967584 8214.849884830299 85115.94213867188 270.383056640625 25629.372202781873 2829
570 10.2 26858.087529201133 9707.570996241357 85115.94213867188 270.383056640625 25630.235907855546 2922
580 9.1 27341.99933196686 13339.629298574895 89143.49682617188 270.383056640625 25671.651537940616 3024
590 11 24896.900945490055 8104.789993116764 89143.49682617188 270.383056640625 25720.44821506947 3115
600 10.3 25528.62403291868 7804.295518831086 89143.49682617188 270.383056640625 25692.35823068072 3225
610 10.6 27104.929097877357 9315.982247319565 89143.49682617188 270.383056640625 25687.290735978346 3328
620 13.8 23420.480560745018 7699.329983892637 89143.49682617188 270.383056640625 25731.050103002603 3434
630 13.6 25205.685586368338 8253.377619431098 89143.49682617188 270.383056640625 25641.783978469695 3572
640 13.1 24808.648131858303 8031.198539538082 89143.49682617188 270.383056640625 25625.78899968712 3708
650 14.7 24803.54343876222 8770.567842685761 89143.49682617188 270.383056640625 25597.905318081084 3839
660 12.3 25512.897417270073 9118.67008420403 89143.49682617188 270.383056640625 25568.609985351563 3986
670 14.5 25904.59221275593 9681.551906263947 89143.49682617188 270.383056640625 25566.94226914956 4109
680 14.7 26343.454503481076 9695.913009252217 89143.49682617188 270.383056640625 25578.45125876473 4254
690 12.8 25702.248682022095 9241.176295552988 89143.49682617188 270.383056640625 25604.003514382384 4401
700 15.9 26903.195126707455 10288.616146185926 89143.49682617188 270.383056640625 25606.780149723054 4529
710 14.2 26511.288794289165 9198.4980888621 89143.49682617188 270.383056640625 25650.749855640403 4688
720 15.3 26852.110651552277 11183.186089815865 89143.49682617188 270.383056640625 25676.049344105853 4830
730 14.5 26212.540966796874 11528.720715896192 93547.26489257813 270.383056640625 25712.15959496664 4983
740 15 24850.57038248698 8392.453613157319 93547.26489257813 270.383056640625 25726.30844420911 5128
750 16.5 24892.522064393943 9175.880830578928 93547.26489257813 270.383056640625 25701.420094595942 5278
760 15.8 26526.089238034026 7875.354083369059 93547.26489257813 270.383056640625 25676.89902625434 5443
770 15.3 26392.71138588899 11146.704050577937 94372.20703125 270.383056640625 25700.854043833555 5601
780 14.4 26915.475850423176 9873.638019667129 94372.20703125 270.383056640625 25719.250667631695 5754
790 15.5 27246.87820533014 10866.440967274271 94372.20703125 270.383056640625 25748.456572399748 5898
800 16.7 26176.180557342337 10690.113509227107 94372.20703125 270.383056640625 25786.82686037335 6053
810 16 25423.684518432612 8339.448250996726 94372.20703125 270.383056640625 25797.280568957565 6220
820 16.5 26673.34107481061 9298.961300363117 94372.20703125 270.383056640625 25787.911389007095 6380
830 16.1 26188.79775451281 8463.907011907964 94372.20703125 270.383056640625 25810.233145792055 6545
840 14.9 25984.702343422297 9610.666190644437 94372.20703125 270.383056640625 25819.321857692452 6706
850 16.2 26397.068436234087 9140.858481564335 94372.20703125 270.383056640625 25822.916561175127 6855
860 15.4 25054.14742923092 8654.152861648656 94372.20703125 270.383056640625 25836.17188449842 7017
870 15.7 25459.33408545233 8734.810308766204 94372.20703125 270.383056640625 25819.37760669739 7171
880 12.8 26636.15922164917 8509.844278040098 94372.20703125 270.383056640625 25811.663792172898 7328
890 12.5 25583.572511718758 8602.60210608824 94372.20703125 270.383056640625 25825.81822014674 7456
900 15.6 25937.417461688696 8893.26323941391 94372.20703125 270.383056640625 25821.823930006456 7581
910 16 26729.03420410155 9061.214420609616 94372.20703125 270.383056640625 25824.154625488223 7737
920 15.7 25922.04498563147 9904.323083060524 94372.20703125 270.383056640625 25842.488262638803 7897
930 15.1 26922.62907763349 11570.23285481833 110881.6689453125 270.383056640625 25844.039095207692 8054
940 15.1 26391.44742245706 9244.933191395328 110881.6689453125 270.383056640625 25863.888831630156 8205
950 14.7 25927.90601748512 9089.602458154153 110881.6689453125 270.383056640625 25873.42226236434 8356
960 12.7 23934.473111851014 7332.500341306681 110881.6689453125 270.383056640625 25874.364178394302 8503
970 13.9 24770.26305713242 8952.12854066357 110881.6689453125 270.383056640625 25845.81653465722 8630
980 16.1 24733.74857458268 9835.2100011871 110881.6689453125 270.383056640625 25828.76761991484 8769
990 13.9 25495.089908737074 11188.76479582195 110881.6689453125 270.383056640625 25809.025395245357 8930
1000 14.6 26520.57199974582 9715.083595685186 110881.6689453125 270.383056640625 25804.213725532638 9069
1010 15.9 24799.439376351213 8607.252534466537 110881.6689453125 270.383056640625 25815.563514793095 9215
1020 13.6 25070.7489121381 8916.440431078505 110881.6689453125 270.383056640625 25798.32821097271 9374
1030 13.6 25735.61290067785 8819.579399333905 110881.6689453125 270.383056640625 25787.923291452047 9510
1040 14.8 24921.789083944783 8284.896331511225 110881.6689453125 270.383056640625 25787.185761580047 9646
1050 14.5 25663.601328461747 8836.885777995298 110881.6689453125 270.383056640625 25774.10849914488 9794
1060 15.6 25240.810640775242 9265.604733633909 110881.6689453125 270.383056640625 25772.496310821203 9939
1070 13.3 25854.52663702714 8712.557683285659 110881.6689453125 270.383056640625 25764.280068668933 10095
1080 15.7 26256.340725455306 8899.326045157753 110881.6689453125 270.383056640625 25765.453591702924 10228
1090 17.3 25655.523328836254 9423.853902732442 110881.6689453125 270.383056640625 25772.87480306538 10385
1100 15 26685.188183593753 9426.446937429311 110881.6689453125 270.383056640625 25770.95191946606 10558
1110 14.8 26632.18483094911 12234.217227180943 110881.6689453125 270.383056640625 25783.75874049885 10708
1120 14.9 25841.247104721584 8604.246733935339 110881.6689453125 270.383056640625 25795.32534526918 10856
1130 13.9 25691.157136985723 11174.760803272076 110881.6689453125 270.383056640625 25795.947093761537 11005
1140 14.5 27729.035577182112 10569.954760303031 110881.6689453125 270.383056640625 25794.640040280574 11144
1150 16.8 26534.859093075705 8121.566033913618 110881.6689453125 270.383056640625 25819.486116359123 11289
1160 15.5 26264.873325667853 9695.113290025782 110881.6689453125 270.383056640625 25829.976005517572 11457
1170 16.4 25295.046465617863 8747.616148762903 110881.6689453125 270.383056640625 25835.78112820301 11612
1180 14.5 25685.92152310075 9161.971073259765 110881.6689453125 270.383056640625 25828.25051639391 11776
1190 14.8 25619.489602578655 9834.348730256464 110881.6689453125 270.383056640625 25826.519310620275 11921
1200 15.1 26178.70051059344 8954.638278144948 110881.6689453125 270.383056640625 25823.980542139856 12069
1210 15.6 25531.855307554586 8826.025266778828 110881.6689453125 270.383056640625 25828.363743059374 12220
1220 17.4 24916.25437067843 8221.37493901815 110881.6689453125 270.383056640625 25824.626241771497 12376
1230 17.7 24432.021349201095 7371.506284531866 110881.6689453125 270.383056640625 25812.03208196511 12550
1240 23.3 25358.37463012171 8100.303098652248 110881.6689453125 270.383056640625 25792.839664294075 12727
1250 20.7 25973.549042780043 8654.161270105422 110881.6689453125 270.383056640625 25785.028680269217 12960
1260 18.6 26175.87253627982 8869.038951152821 110881.6689453125 270.383056640625 25787.99243169625 13167
1270 22.7 26962.265562620458 9749.241362080034 110881.6689453125 270.383056640625 25793.395389792 13353
1280 20 25536.44237670899 9859.83754788255 110881.6689453125 270.383056640625 25812.93394128184 13580
1290 22.1 26003.912492708932 9185.988355529324 110881.6689453125 270.383056640625 25808.921001302555 13780
1300 19.3 25745.445313764976 9018.265007331915 110881.6689453125 270.383056640625 25811.99886142689 14001
1310 20.4 25471.295240215222 8588.345273746329 110881.6689453125 270.383056640625 25811.093913230558 14194
1320 20.4 26626.501753264783 10349.05433501466 110881.6689453125 270.383056640625 25806.27943001795 14398
1330 21.1 26412.13286919617 10106.602250633212 110881.6689453125 270.383056640625 25817.738500963187 14602
1340 19.8 26238.579362965593 11495.644190377334 110881.6689453125 270.383056640625 25826.205199923366 14813
1350 20.1 26048.666687315384 9075.29950449767 110881.6689453125 270.383056640625 25831.644550018787 15011
1360 20.3 26003.99933131927 8879.446716941415 110881.6689453125 270.383056640625 25834.51211835935 15212
1370 22.6 25434.610014518807 8851.717392343126 110881.6689453125 270.383056640625 25836.7440939825 15415
1380 18 25359.50000813803 9094.28333147712 110881.6689453125 270.383056640625 25830.93357662691 15641
1390 20.3 25773.00956838824 8688.6793011412 110881.6689453125 270.383056640625 25825.569943333943 15821
1400 19.9 25449.23316043106 10130.067084463564 110881.6689453125 270.383056640625 25824.90408236827 16024
1410 19.1 27368.712702726196 12261.547545887785 120618.669921875 270.383056640625 25820.295901793437 16223
1420 21.4 26087.326593987294 9045.677674024611 120618.669921875 270.383056640625 25838.313911357112 16414
1430 20 25006.476923828115 9479.420767018722 120618.669921875 270.383056640625 25841.518669240373 16628
1440 19.8 25504.060794714722 8119.655133986308 120618.669921875 270.383056640625 25831.594236801433 16828
1450 19.8 26112.3037701231 8880.082247894326 120618.669921875 270.383056640625 25827.785261027137 17026
1460 19.9 27285.222626805906 10882.381823241118 120618.669921875 270.383056640625 25831.055968458688 17224
1470 22.6 26817.634247096237 8987.896949529402 120618.669921875 270.383056640625 25847.665000485955 17423
1480 20.2 25436.991704053224 8273.220686786251 120618.669921875 270.383056640625 25860.08570702649 17649
1490 19.8 26988.244779336328 9013.410736969048 120618.669921875 270.383056640625 25855.29802070076 17851
1500 23.9 25637.631348677758 8527.678288136463 120618.669921875 270.383056640625 25867.7266016864 18049
1510 20.2 26305.16297474474 9824.781936219752 120618.669921875 270.383056640625 25864.719560704933 18288
1520 19.9 26213.539583905847 9528.983245590896 120618.669921875 270.383056640625 25869.531327586275 18490
1530 21.9 25067.298898357236 7852.199553926781 120618.669921875 270.383056640625 25873.194318811467 18689
1540 19.9 25423.31268279875 9217.685414198533 120618.669921875 270.383056640625 25863.86011651194 18908
1550 18.1 26019.857388153923 9345.534504742887 120618.669921875 270.383056640625 25859.271801270985 19107
1560 19.1 25206.22228939995 8295.921713273136 120618.669921875 270.383056640625 25860.77874814084 19288
1570 25.2 25183.6047343905 7637.995670633142 120618.669921875 270.383056640625 25854.36053962811 19479
1580 20.5 26877.83584818026 10477.561097898813 120618.669921875 270.383056640625 25845.793793750057 19731
1590 19.7 25861.99593635985 9047.485214076924 120618.669921875 270.383056640625 25856.406184458232 19936
1600 18 26810.56664767795 10311.355958290858 120618.669921875 270.383056640625 25856.460879790502 20133
1610 20.2 25748.482856977105 8769.769512876817 120618.669921875 270.383056640625 25864.915516634876 20313
1620 18.6 26146.690686953963 10174.312840179378 120618.669921875 270.383056640625 25863.769067829082 20515
1630 21 25884.569069707966 8655.930612604227 120618.669921875 270.383056640625 25866.3111392825 20701
1640 17.7 26115.277979619084 9836.430541591706 120618.669921875 270.383056640625 25866.494495668587 20911
1650 18.9 25533.12943328373 9179.281683067378 120618.669921875 270.383056640625 25868.582634736264 21088
1660 18.8 26971.983652967087 9637.571543314023 120618.669921875 270.383056640625 25865.60286056347 21277
1670 23.8 27081.01096786371 9016.84236215634 120618.669921875 270.383056640625 25875.293034752704 21465
1680 20.6 26129.950075612483 8832.819434264604 120618.669921875 270.383056640625 25888.515209939564 21703
1690 18.2 25691.755679623107 8531.780870511693 120618.669921875 270.383056640625 25890.785308179038 21909
1700 21.7 26607.190200172812 8805.262556465415 120618.669921875 270.383056640625 25889.14557288425 22091
1710 22 26834.178039550774 10785.214898821043 120618.669921875 270.383056640625 25896.130317555293 22308
1720 23.6 26301.574433924787 9110.672720993874 120618.669921875 270.383056640625 25905.290939840404 22528
1730 19.3 25854.02730580068 11753.597379901974 120618.669921875 270.383056640625 25909.39930851919 22764
1740 21.2 25747.415070155883 8846.968803025999 120618.669921875 270.383056640625 25908.93379488393 22957
1750 19.4 24916.301098381125 8647.20967465945 120618.669921875 270.383056640625 25907.455873107316 23169
1760 20.3 26172.16380873807 10606.259355379527 120618.669921875 270.383056640625 25899.225593336017 23363
1770 22 25355.280346679687 8593.690277207152 120618.669921875 270.383056640625 25901.576711800186 23566
1780 17 25498.176515107996 8704.925818218806 120618.669921875 270.383056640625 25896.52394124917 23786
1790 17.7 26022.99910067972 8592.758420810009 120618.669921875 270.383056640625 25893.697131162175 23956
1800 20.1 26186.413864515318 9416.5996284933 120618.669921875 270.383056640625 25894.6454777666 24133
1810 23.5 25965.258963597076 8767.079189569364 120618.669921875 270.383056640625 25897.055498549726 24334
1820 23.1 26405.3151316457 8968.67352527151 120618.669921875 270.383056640625 25897.70785779455 24569
1830 22.2 27806.880495363526 9617.983632238182 120618.669921875 270.383056640625 25902.43597393405 24800
1840 22.3 28534.847596035943 9694.056994874301 120618.669921875 270.383056640625 25919.332572277803 25022
1850 21.2 30561.127229510614 9988.629029475718 120618.669921875 270.383056640625 25942.43654733417 25245
1860 21.4 30211.668940749125 9170.668928483125 120618.669921875 270.383056640625 25980.899933617766 25457
1870 24.1 33083.772222875086 10960.287401032661 120618.669921875 270.383056640625 26016.16870256039 25671
1880 23 33191.30054666268 9891.314694141738 120618.669921875 270.383056640625 26081.902433974243 25912
1890 24.3 31998.49326151781 9076.765346330703 120618.669921875 270.383056640625 26144.451648491817 26142
1900 23.9 32097.047755540665 8955.81439560832 120618.669921875 270.383056640625 26198.366073807916 26385
1910 25.3 32748.98817992681 9365.530233628651 120618.669921875 270.383056640625 26251.317731032006 26624
1920 27.6 32971.544060306274 9267.92633590599 120618.669921875 270.383056640625 26312.481946665088 26877
1930 23.6 33159.176105046674 9413.173376853574 120618.669921875 270.383056640625 26380.168800543663 27153
1940 25.5 33919.188039024186 10176.342345663637 120618.669921875 270.383056640625 26438.580780676664 27389
1950 22.5 32760.858874783018 10927.414115669444 120618.669921875 270.383056640625 26507.5850800139 27644
1960 26.9 33502.07871311572 10147.818839221492 120618.669921875 270.383056640625 26558.07080263843 27869
1970 27.2 31815.355736227597 9323.271463127541 120618.669921875 270.383056640625 26624.45569594707 28138
1980 27.2 33143.92925397087 9448.04366134417 120618.669921875 270.383056640625 26674.153858951515 28410
1990 26.7 32344.11640021506 9388.96791075798 120618.669921875 270.383056640625 26735.508677564067 28682
2000 28.3 32871.32950875112 9925.231530889758 120618.669921875 270.383056640625 26787.237520078415 28949
2010 24.5 32423.4603386081 9277.397685429652 120618.669921875 270.383056640625 26846.138656941934 29232
2020 26.3 33915.83550305962 10861.908275534728 120618.669921875 270.383056640625 26892.49492834025 29477
2030 23.5 32757.677090259276 9050.302136651599 120618.669921875 270.383056640625 26954.604496973443 29740
2040 25 32539.434798828126 9263.73409164193 120618.669921875 270.383056640625 27000.09981171647 29975
2050 26 34229.79998215895 10067.072143778958 120618.669921875 270.383056640625 27045.91730540639 30225
2060 26.1 34165.57883684295 10670.677964493992 120618.669921875 270.383056640625 27107.18709369426 30485
2070 26.6 32845.64795105435 8946.249379822028 120618.669921875 270.383056640625 27167.105139780313 30746
2080 24.3 33321.684827514095 10192.805496227498 120618.669921875 270.383056640625 27215.811846468012 31012
2090 26.7 32198.713112820406 8656.3085983479 120618.669921875 270.383056640625 27263.283519300974 31255
2100 22.3 33465.728357973654 11050.926486487027 120618.669921875 270.383056640625 27305.08796386254 31522
2110 24.8 34336.353131694195 10635.41500837138 120618.669921875 270.383056640625 27348.364788807783 31745
2120 27.1 33594.24820903483 10586.941697836848 120618.669921875 270.383056640625 27402.5335478812 31993
2130 22.6 33321.65752363627 8480.393744628853 120618.669921875 270.383056640625 27454.54057345685 32264
2140 21.7 33411.14539643039 10604.206747658074 122312.77709960938 270.383056640625 27495.35215950611 32490
2150 25.2 33540.59114777097 10320.84198188364 122312.77709960938 270.383056640625 27534.6014679848 32707
2160 26.2 33537.36756955217 10084.51170311664 122312.77709960938 270.383056640625 27580.522442507878 32959
2170 27 33999.119613534436 9792.730700338738 122312.77709960938 270.383056640625 27627.501564848735 33221
2180 23.7 32871.88724308577 9506.898811857398 122312.77709960938 270.383056640625 27678.86870447267 33491
2190 25.8 32429.262066981588 10057.328700257454 122312.77709960938 270.383056640625 27715.35902093529 33728
2200 23 33348.283704144014 9189.220275971056 122312.77709960938 270.383056640625 27751.143961377824 33986
2210 24.6 35170.347506391336 10885.664922228567 122312.77709960938 270.383056640625 27788.76794258066 34216
2220 24.1 33750.61140612845 11060.854455719707 122312.77709960938 270.383056640625 27841.459851718184 34462
2230 24.6 32619.297308696954 9043.112926242826 122312.77709960938 270.383056640625 27882.496808886524 34703
2240 26 33514.91041447568 9553.136319131047 122312.77709960938 270.383056640625 27915.838332905907 34949
2250 24.2 32641.244332305636 8961.617371545277 122312.77709960938 270.383056640625 27957.184543852203 35209
2260 26 32609.813588303787 10119.245945622224 122312.77709960938 270.383056640625 27989.15945200164 35451
2270 24.8 32806.64448005919 11003.64072864587 122312.77709960938 270.383056640625 28022.800909127975 35711
2280 26.2 33312.99429624134 10992.033483428857 140090.93188476563 270.383056640625 28055.793851245136 35959
2290 22.7 33442.205815924404 10611.640765478965 140090.93188476563 270.383056640625 28093.821142501285 36221
2300 23.9 33931.6882916694 11426.792563017334 140090.93188476563 270.383056640625 28127.131154597068 36448
2310 24.6 33057.94841784967 9950.488029152753 140090.93188476563 270.383056640625 28164.945343703843 36687
2320 24.6 32844.68688468623 9868.20029504529 140090.93188476563 270.383056640625 28197.536217887904 36933
2330 23.4 32573.74289070847 9453.886190792286 140090.93188476563 270.383056640625 28228.284733556222 37179
2340 25.5 35001.34169443166 11091.110290022449 140090.93188476563 270.383056640625 28255.46344707221 37413
2350 25.1 32182.35431127054 9762.465258576078 140090.93188476563 270.383056640625 28301.130829281952 37668
2360 26.9 33079.49962607459 9051.248696010329 140090.93188476563 270.383056640625 28326.82209471562 37919
2370 24.7 32884.39642803487 9975.269353653805 140090.93188476563 270.383056640625 28360.300419213774 38188
2380 25.5 33145.70980296416 10030.97357350379 140090.93188476563 270.383056640625 28389.374224708212 38435
2390 24.3 32800.6884263278 9826.829036916448 140090.93188476563 270.383056640625 28420.722520713778 38690
2400 27.7 32431.679863774818 10191.513214176503 140090.93188476563 270.383056640625 28448.06004196989 38933
2410 26.8 32818.980712890625 9596.710798972494 140090.93188476563 270.383056640625 28476.2024212262 39210
2420 27 32065.79646267361 10230.33811647865 140090.93188476563 270.383056640625 28505.683767347233 39478
2430 30 32576.211716308582 11156.063624458191 140090.93188476563 270.383056640625 28529.86688166086 39748
2440 26.1 32814.37330504668 10455.650823164367 140090.93188476563 270.383056640625 28560.17809446535 40048
2450 31 32671.84347987021 10306.149289004596 140090.93188476563 270.383056640625 28587.72392666069 40309
2460 28.5 32760.986732456142 10040.83134561864 140090.93188476563 270.383056640625 28618.893503988907 40619
2470 30.8 32202.948430048957 9833.74173711651 140090.93188476563 270.383056640625 28647.753678302255 40904
2480 30.9 31426.94311049378 8931.51895669967 140090.93188476563 270.383056640625 28674.32360899084 41212
2490 29.9 31737.79819940165 9811.138670569473 140090.93188476563 270.383056640625 28694.80865092057 41521
2500 26.8 32487.775147395347 9310.147976490029 140090.93188476563 270.383056640625 28716.5650802605 41820
2510 27 33036.92141022859 9315.204818205377 140090.93188476563 270.383056640625 28740.57867791285 42088
2520 30.5 31454.79723600794 9178.69799432783 140090.93188476563 270.383056640625 28767.9645917361 42358
2530 31.2 30790.765937218304 8994.469064870469 140090.93188476563 270.383056640625 28787.17289768043 42663
2540 28.6 31681.53563855578 10551.496003914588 140090.93188476563 270.383056640625 28801.719053080917 42975
2550 30.8 32310.88049633472 10248.350516809174 140090.93188476563 270.383056640625 28820.75762231061 43261
2560 28.5 31866.299560546875 9549.4122669966 140090.93188476563 270.383056640625 28845.430161161614 43569
2570 30.1 31500.227243011577 9420.555054964185 140090.93188476563 270.383056640625 28865.06229913819 43854
2580 31 31953.808071604082 10174.974416422441 140090.93188476563 270.383056640625 28883.02594194435 44155
2590 30.4 32367.70664094624 11834.482157502824 140090.93188476563 270.383056640625 28904.434745726976 44465
2600 26 32274.28302001954 9353.854569183457 140090.93188476563 270.383056640625 28927.951792257983 44769
2610 30 32571.060434570314 10196.100833450048 140090.93188476563 270.383056640625 28947.27369856765 45029
2620 28.4 32331.547943545058 8601.2534316216 140090.93188476563 270.383056640625 28971.25693271799 45329
2630 29.5 31328.147028105137 8522.867358318603 140090.93188476563 270.383056640625 28992.17909629142 45613
2640 26.2 31855.638499485627 9092.978955727092 140090.93188476563 270.383056640625 29007.189781572528 45908
2650 26.9 32591.593871616526 10058.872403258796 140090.93188476563 270.383056640625 29023.35381804845 46170
2660 27.6 31943.66183869735 10135.940277244405 140090.93188476563 270.383056640625 29044.02300934046 46439
2670 29.8 32846.15900518431 9632.776042836154 140090.93188476563 270.383056640625 29061.15455845536 46715
2680 32.7 31695.81555063789 9634.960376244764 140090.93188476563 270.383056640625 29085.146461229597 47013
2690 29.3 31950.082350382625 10144.208154749065 140090.93188476563 270.383056640625 29103.179600060113 47340
2700 29.9 31837.550225197265 9228.894567959516 140090.93188476563 270.383056640625 29120.691461707385 47633
2710 29.6 31696.567848824165 10145.893127228665 140090.93188476563 270.383056640625 29137.639237103434 47932
2720 30 32454.83545654297 10476.55213882253 140090.93188476563 270.383056640625 29153.34469594621 48228
2730 30.7 32521.791971511095 9197.95749696928 140090.93188476563 270.383056640625 29173.754505297078 48528
2740 29.2 31296.98400544467 8555.705995859955 140090.93188476563 270.383056640625 29194.801858673298 48835
2750 30.1 32646.792363670564 10495.815919387856 140090.93188476563 270.383056640625 29207.29676344781 49127
2760 29.2 32047.983179379822 9750.639637247446 140090.93188476563 270.383056640625 29228.242142092848 49428
2770 32.2 32165.860426624367 10186.444635289374 140090.93188476563 270.383056640625 29244.802165883833 49720
2780 31.8 31904.786851415094 9641.264724629189 140090.93188476563 270.383056640625 29263.59799258857 50042
2790 29.3 31042.373127699713 9745.963536580082 140090.93188476563 270.383056640625 29280.275872991802 50360
2800 28.1 32581.133067935414 9349.248423048059 140090.93188476563 270.383056640625 29290.46864529807 50653
2810 30.1 31894.47493949206 10417.10358114675 140090.93188476563 270.383056640625 29308.623054980428 50934
2820 29.4 33063.29149726299 10156.481281493563 140090.93188476563 270.383056640625 29323.814650905828 51235
2830 29.1 31508.12621650827 9691.926904100394 140090.93188476563 270.383056640625 29345.15032970474 51529
2840 29.6 33135.37493319123 11345.159882421916 140090.93188476563 270.383056640625 29357.296720732524 51820
2850 27.4 32962.27821873576 9714.018462846601 140090.93188476563 270.383056640625 29378.754836299486 52116
2860 30 31534.309892578123 9805.737509834384 140090.93188476563 270.383056640625 29397.496684109898 52390
2870 30.8 32165.25654185902 9557.061144743837 140090.93188476563 270.383056640625 29409.663014771133 52690
2880 30.3 32945.139124703455 9238.188004472104 140090.93188476563 270.383056640625 29425.677256937688 52998
2890 30.3 31622.786124755054 8857.57160154289 140090.93188476563 270.383056640625 29445.684328961346 53301
2900 31.6 31372.02056034909 9422.35999502763 140090.93188476563 270.383056640625 29457.990534545363 53604
2910 32 30976.329782867433 9998.82192042324 140090.93188476563 270.383056640625 29469.207772827147 53920
2920 30.1 30718.05183648905 9342.948131375402 140090.93188476563 270.383056640625 29478.099348107622 54240
2930 29.9 32136.268602045882 10742.787226298267 140090.93188476563 270.383056640625 29484.942378103457 54541
2940 30.9 32276.952827132634 9384.785202985859 140090.93188476563 270.383056640625 29499.398004306207 54840
2950 30 32318.144305013022 9700.408514024026 140090.93188476563 270.383056640625 29514.96065168428 55149
2960 28.4 31940.273191640073 9418.325292569672 140090.93188476563 270.383056640625 29530.12693233855 55449
2970 31.6 32065.908244845232 10873.314099228577 140090.93188476563 270.383056640625 29542.408373094324 55733
2980 28.9 32693.73601217831 10449.69543616511 140090.93188476563 270.383056640625 29556.635673482793 56049
2990 27.8 32472.0185072645 9697.04913622112 140090.93188476563 270.383056640625 29572.728221991492 56338
3000 27.3 31709.052410642744 9147.193775940159 140090.93188476563 270.383056640625 29586.96452797047 56616
3010 32.3 31749.91583799947 9107.144167524464 140090.93188476563 270.383056640625 29597.148043095884 56889
3020 35.5 29835.369574576365 9604.955787389243 140090.93188476563 270.383056640625 29609.30185694182 57212
3030 31.9 30621.790523517095 10174.646195486685 140090.93188476563 270.383056640625 29610.695954945197 57567
3040 34.4 31488.15098039494 9102.129911394184 140090.93188476563 270.383056640625 29616.267926879245 57886
3050 35 31033.78917759487 9634.680603532957 140090.93188476563 270.383056640625 29627.326277736352 58230
3060 35.5 31163.137152013645 9378.21218404201 140090.93188476563 270.383056640625 29635.72952141936 58580
3070 35.7 30653.401060131084 8893.436774061322 140090.93188476563 270.383056640625 29644.929991579043 58935
3080 34.7 31125.41157747208 10107.652718333995 140090.93188476563 270.383056640625 29651.002044663324 59292
3090 34.7 30862.29662312004 9300.682278499191 140090.93188476563 270.383056640625 29659.580661137185 59639
3100 35.4 30256.40270306431 9380.738052840767 140090.93188476563 270.383056640625 29666.537991827812 59986
3110 32.7 30567.208306455468 9276.815375507744 140090.93188476563 270.383056640625 29669.998583604043 60340
3120 36.5 31036.77198469606 11707.183479539844 140090.93188476563 270.383056640625 29674.83461603308 60667
3130 37.3 30699.714463466607 8929.356907959847 140090.93188476563 270.383056640625 29682.979640603175 61032
3140 36.8 30791.845673934273 11268.286445640795 140090.93188476563 270.383056640625 29689.1557189181 61405
3150 34.1 30301.416927751558 9266.20821832747 140090.93188476563 270.383056640625 29695.724768558655 61773
3160 34.3 30882.61581732302 9520.83382753837 140090.93188476563 270.383056640625 29699.049961370016 62114
3170 34.9 31076.053993553007 9049.435918774354 140090.93188476563 270.383056640625 29705.549842705845 62457
3180 34.3 31401.668607928663 11084.037779434702 140090.93188476563 270.383056640625 29713.165451861747 62806
3190 33.8 31500.725404637804 10751.377650122036 140090.93188476563 270.383056640625 29722.336722705797 63149
3200 32.4 30987.55670919536 10656.053580687476 140090.93188476563 270.383056640625 29731.80472992764 63487
3210 39.4 30810.304525152682 9918.02777424846 140090.93188476563 270.383056640625 29738.18080366544 63811
3220 38.6 31255.056555871517 9703.246270638712 140090.93188476563 270.383056640625 29744.759991365245 64205
3230 34.8 31688.42826685412 9970.132810505216 140090.93188476563 270.383056640625 29753.785621466952 64591
3240 35.6 30852.44429204705 9784.957278579124 140090.93188476563 270.383056640625 29764.15313006109 64939
3250 36.6 31545.10033245816 11358.178278649044 140090.93188476563 270.383056640625 29770.08668781692 65295
3260 35.7 31113.69554022781 9594.661429101114 140090.93188476563 270.383056640625 29779.980764878474 65661
3270 33.7 31067.66566064308 10003.011302894205 140090.93188476563 270.383056640625 29787.192982376728 66018
3280 32.7 31339.45308169677 10382.342200640118 140090.93188476563 270.383056640625 29793.69617418708 66355
3290 33.3 31848.547883088166 10273.483945418559 140090.93188476563 270.383056640625 29801.27636837375 66682
3300 35.1 32303.9159105958 10186.51043712821 140090.93188476563 270.383056640625 29811.449335834764 67015
3310 31.7 31789.616950290812 10117.113806589143 140090.93188476563 270.383056640625 29824.435942843364 67366
3320 36.5 31759.719050326414 10808.865830294071 140090.93188476563 270.383056640625 29833.64006174118 67683
3330 37.6 30694.539247553403 9995.051507726694 140090.93188476563 270.383056640625 29843.971281333725 68048
3340 31.7 31411.263651080688 9791.146477312692 140090.93188476563 270.383056640625 29848.645278108226 68424
3350 34.8 31834.878509872262 9844.184270519358 140090.93188476563 270.383056640625 29855.851312705225 68741
3360 30.5 31235.964564389087 9322.841327424134 140090.93188476563 270.383056640625 29865.819635659882 69089
3370 35.9 31933.93059605675 10486.216561834028 140090.93188476563 270.383056640625 29871.841686604665 69394
3380 33.5 30672.464880188898 9028.547458821085 140090.93188476563 270.383056640625 29882.45470566468 69753
3390 32.8 30762.811325445407 8194.739003268862 140090.93188476563 270.383056640625 29886.230721651234 70088
3400 31.7 31800.703476192823 8573.467074488792 140090.93188476563 270.383056640625 29890.313862386927 70416
3410 33.1 31751.592676076285 9128.008109492497 140090.93188476563 270.383056640625 29898.87554515984 70733
3420 35.9 30695.52065946531 9621.4371776189 140090.93188476563 270.383056640625 29907.505081497977 71064
3430 35.2 30323.300578724255 9487.046457996114 140090.93188476563 270.383056640625 29911.46595674111 71423
3440 39.3 31205.60750822499 11606.82860600992 140090.93188476563 270.383056640625 29913.4856820903 71775
3450 36 30882.63895263672 8941.68668346974 140090.93188476563 270.383056640625 29920.522095426833 72168
3460 33.8 31294.413171170025 10968.189355650014 140090.93188476563 270.383056640625 29925.297658913976 72528
3470 35.8 30528.89728567454 9278.74851463203 140090.93188476563 270.383056640625 29931.64850901063 72866
3480 32.2 30693.817038589383 9803.541086664787 140090.93188476563 270.383056640625 29934.568522422156 73224
3490 35.9 30882.225891283295 9727.249136219614 140090.93188476563 270.383056640625 29937.89267359565 73546
3500 30.7 30901.907255191367 8957.995278337836 140090.93188476563 270.383056640625 29942.47985477622 73905
3510 34.3 31081.37422487131 9794.016006854998 140090.93188476563 270.383056640625 29946.44881143993 74212
3520 39 31503.717749649444 9988.52383887785 140090.93188476563 270.383056640625 29951.67018380673 74555
3530 37.3 31540.265778815137 10550.945380307716 140090.93188476563 270.383056640625 29959.746753967233 74945
3540 30.5 32124.835775806863 10786.581685531793 140090.93188476563 270.383056640625 29967.574014333524 75318
3550 34.3 31066.867025214102 10244.836387611906 140090.93188476563 270.383056640625 29976.2746059161 75623
3560 35.8 31752.63050271146 9676.25741194161 140090.93188476563 270.383056640625 29981.198824643154 75966
3570 38.6 31425.083811705594 10874.170260294206 140090.93188476563 270.383056640625 29989.50777780007 76324
3580 33.2 29938.59907917804 9317.275139909289 140090.93188476563 270.383056640625 29996.731508071058 76710
3590 36.6 32248.748933385625 12513.653849412032 163209.36108398438 270.383056640625 29996.480995799928 77042
3600 35.8 30742.267376947668 10563.14730726456 163209.36108398438 270.383056640625 30007.13015435145 77408
3610 38.2 30819.116859635757 9371.16352927629 163209.36108398438 270.383056640625 30010.514398438707 77766
3620 40.1 30408.33810493298 9637.891725426589 163209.36108398438 270.383056640625 30014.46697739373 78148
3630 36.5 30757.841504575128 9890.198624733886 163209.36108398438 270.383056640625 30016.477726380264 78549
3640 41.1 30330.953336469738 8738.124914423668 163209.36108398438 270.383056640625 30019.90674758108 78914
3650 39.5 30187.163530335245 10544.329915254359 163209.36108398438 270.383056640625 30021.518347304158 79325
3660 40 30010.456138916015 9790.05342431374 163209.36108398438 270.383056640625 30022.33909300533 79720
3670 41.3 30199.337298894334 9835.055606514754 163209.36108398438 270.383056640625 30022.279767223554 80120
3680 38.5 29843.78141931311 9599.718163663303 163209.36108398438 270.383056640625 30023.187777114905 80533
3690 36.9 31602.465322106833 11161.578665658633 163209.36108398438 270.383056640625 30022.334179055713 80918
3700 39.8 30418.468765335467 9533.320045990373 163209.36108398438 270.383056640625 30029.507138960565 81287
3710 39.8 29285.762982392433 9008.839750112014 163209.36108398438 270.383056640625 30031.40230609403 81685
3720 40.2 32030.94875961987 11292.29652326662 163209.36108398438 270.383056640625 30027.78688693497 82083
3730 37.6 30610.855992094 8414.688718176494 163209.36108398438 270.383056640625 30037.54952344851 82485
3740 36.3 30504.61782576296 10230.152311934482 163209.36108398438 270.383056640625 30040.151027560343 82861
3750 39.4 30938.30982498711 9820.490334794655 163209.36108398438 270.383056640625 30042.176902881736 83224
3760 40 30159.938209838867 8853.580829013274 163209.36108398438 270.383056640625 30046.39939530334 83618
3770 37.1 30963.810935789043 9866.244837642456 163209.36108398438 270.383056640625 30046.939940493823 84018
3780 37.9 30734.139317333855 9346.900831878213 163209.36108398438 270.383056640625 30050.97078739632 84389
3790 37.8 30498.078121124752 9575.376507439627 163209.36108398438 270.383056640625 30054.025252204337 84768
3800 41 30243.346865472562 10309.327845851356 163209.36108398438 270.383056640625 30055.99659536141 85146
3810 40.1 30417.347893084672 9214.56988664161 163209.36108398438 270.383056640625 30056.894412121725 85556
3820 40.3 30138.89337415672 9691.80000053236 163209.36108398438 270.383056640625 30058.575972039664 85957
3830 40.9 29650.469903847985 9311.249241425156 163209.36108398438 270.383056640625 30058.950774182475 86360
3840 41.9 30939.77761178028 11116.906384555303 163209.36108398438 270.383056640625 30057.025332193207 86769
3850 37.4 31304.359780377883 9736.035994177348 163209.36108398438 270.383056640625 30061.267581185577 87188
3860 40.1 30663.80631794537 10110.103929401657 163209.36108398438 270.383056640625 30066.57715020522 87562
3870 38.4 29710.278560638428 8841.119718358916 163209.36108398438 270.383056640625 30069.299759669015 87963
3880 39.5 30551.174700850475 9749.062718564046 163209.36108398438 270.383056640625 30067.739274984444 88347
3890 38.1 30428.121610225968 10318.906662294186 163209.36108398438 270.383056640625 30069.891097044092 88742
3900 42.6 29611.65842147612 9658.804521497306 163209.36108398438 270.383056640625 30071.42252917185 89123
3910 36.7 30176.775705280357 9339.07783685483 163209.36108398438 270.383056640625 30069.23535220864 89549
3920 37.6 31046.66489101978 9925.988316984223 163209.36108398438 270.383056640625 30069.674287543592 89916
3930 42.2 30414.703158554872 9993.481985151959 163209.36108398438 270.383056640625 30073.74273731663 90292
3940 39.2 29459.1264847736 9999.779949003461 163209.36108398438 270.383056640625 30075.32887945304 90714
3950 36.3 30993.81829951683 10011.539840547517 163209.36108398438 270.383056640625 30072.677557490555 91106
3960 41.6 30639.2734950139 9955.68222135031 163209.36108398438 270.383056640625 30076.33315763219 91469
3970 39.5 30108.605149821993 9102.25043113084 163209.36108398438 270.383056640625 30078.881812802796 91885
3980 39.1 30882.122489285288 10547.051456888941 163209.36108398438 270.383056640625 30079.009042084574 92280
3990 39.6 30773.095188950047 9764.179211115536 163209.36108398438 270.383056640625 30082.397560152313 92671
4000 41 30623.597960532585 10200.01009237984 163209.36108398438 270.383056640625 30085.336477932018 93067
4010 39 31079.990424053485 9526.096850773038 163209.36108398438 270.383056640625 30087.69734967444 93477
4020 36.5 31488.80524802012 11166.431959046613 163209.36108398438 270.383056640625 30091.820143617017 93867
4030 39.8 30956.216590766333 10699.840838648704 163209.36108398438 270.383056640625 30097.23125197837 94232
4040 38.7 29976.38231097081 8978.97959284768 163209.36108398438 270.383056640625 30100.844019228054 94630
4050 39.5 31086.81794340882 9429.569566817181 163209.36108398438 270.383056640625 30100.33709224556 95017
4060 39.5 30848.364371538766 9502.560942176193 163209.36108398438 270.383056640625 30104.421064242895 95412
4070 38.5 30145.014660486 9576.8269204329 163209.36108398438 270.383056640625 30107.48824729196 95807
4080 42 30850.42961251395 10764.719695869951 163209.36108398438 270.383056640625 30107.638443452553 96192
4090 39.9 30510.296781382167 10269.123382086405 163209.36108398438 270.383056640625 30110.867569140933 96612
4100 42.1 30550.08476202958 10834.440297226149 163209.36108398438 270.383056640625 30112.5103957862 97011
4110 43.2 29724.02554151747 9559.154827951239 163209.36108398438 270.383056640625 30114.401138131514 97432
4120 42.9 31033.19277662442 10743.970077348233 163209.36108398438 270.383056640625 30112.677907344532 97864
4130 39.2 29542.2878922443 10064.069371581198 163209.36108398438 270.383056640625 30116.695496378554 98293
4140 39.1 30685.017736722748 9671.019760663592 163209.36108398438 270.383056640625 30114.413814453026 98685
4150 42.2 30812.05817894235 10521.795762251646 163209.36108398438 270.383056640625 30116.665683054984 99076
4160 36.4 31156.36728207095 10720.703525149418 163209.36108398438 270.383056640625 30119.61504518552 99498
4170 40.8 30418.97711839863 10150.764429551173 163209.36108398438 270.383056640625 30123.394038338338 99862
4180 38.3 30893.463522330898 10100.847527565375 163209.36108398438 270.383056640625 30124.596769929685 100270
4190 38.8 30721.545308221248 9829.91562830627 163209.36108398438 270.383056640625 30127.52242506336 100653
4200 40.7 30072.420995014014 9616.154255627718 163209.36108398438 270.383056640625 30129.803487985 101041
4210 37.2 30648.201133810064 10689.490875652451 163209.36108398438 270.383056640625 30129.573274726587 101448
4220 46.1 30054.531716038502 9778.071087679667 163209.36108398438 270.383056640625 30131.4680848187 101820
4230 41.5 29821.424624082265 9828.919510671409 163209.36108398438 270.383056640625 30131.121317911773 102281
4240 43.3 29900.4048934126 9044.897934934417 163209.36108398438 270.383056640625 30129.869817094415 102696
4250 45.5 30685.595893071768 10167.818622479124 163209.36108398438 270.383056640625 30128.906379923937 103129
4260 44.1 30318.945248281605 11869.57523464128 163209.36108398438 270.383056640625 30131.351677735205 103584
4270 48.8 30186.659789538775 9866.525533123455 163209.36108398438 270.383056640625 30132.146955453165 104025
4280 43.9 30080.95601520234 10316.211909098829 163209.36108398438 270.383056640625 30132.40149089884 104513
4290 44.9 30073.015859896994 9436.660152449378 163209.36108398438 270.383056640625 30132.186301442416 104952
4300 44.1 29213.965142697707 9489.380616377215 163209.36108398438 270.383056640625 30131.934239998463 105401
4310 43.2 30191.35587339048 9914.171918308315 163209.36108398438 270.383056640625 30128.109441034823 105842
4320 40.5 29426.032411024305 9582.2559422319 163209.36108398438 270.383056640625 30128.36653551492 106274
4330 44.1 30113.052069493162 9141.504562520759 163209.36108398438 270.383056640625 30125.70016893463 106679
4340 46.2 29789.615048891537 10108.202549883434 163209.36108398438 270.383056640625 30125.648098248916 107120
4350 44.6 30555.493603625113 10299.302540193394 163209.36108398438 270.383056640625 30124.205038361546 107582
4360 48.7 29910.682848293924 10889.400766505703 163209.36108398438 270.383056640625 30125.985638762435 108028
4370 45.4 29280.828357310023 9418.815683176617 163209.36108398438 270.383056640625 30125.019390234967 108515
4380 44.5 29688.92882834445 10950.680114890743 163209.36108398438 270.383056640625 30121.5022181131 108969
4390 41.2 31037.867709557988 11920.558081068104 163209.36108398438 270.383056640625 30119.742889704972 109414
4400 46.8 30034.39774055155 9837.190263388153 163209.36108398438 270.383056640625 30123.1871326509 109826
4410 43.7 29517.044186659754 9020.743474690948 163209.36108398438 270.383056640625 30122.810381100473 110294
4420 43.3 29985.72156015444 10222.086177632822 163209.36108398438 270.383056640625 30120.419724220552 110731
4430 40.9 29877.60362903996 10279.964294567284 163209.36108398438 270.383056640625 30119.895055217632 111164
4440 45.1 29956.723518591498 9306.831286978919 163209.36108398438 270.383056640625 30119.006872652793 111573
4450 42.9 30046.864819506663 9890.093304390854 163209.36108398438 270.383056640625 30118.353532362486 112024
4460 45.3 29667.953929101128 11174.254972050227 163209.36108398438 270.383056640625 30118.080808132672 112453
4470 42.4 30104.51982606132 9006.809219480074 163209.36108398438 270.383056640625 30116.274814862154 112906
4480 44.8 28664.290178026473 8685.012683434561 163209.36108398438 270.383056640625 30116.230836081144 113330
4490 48.1 29746.205810546875 10799.978912563038 163209.36108398438 270.383056640625 30110.513830906082 113778
4500 44.8 29725.388004847937 9573.566616550846 163209.36108398438 270.383056640625 30108.980191037073 114259
4510 43.5 29803.176621430495 9955.203398403379 163209.36108398438 270.383056640625 30107.482032255022 114707
4520 38.8 30206.668922031047 9130.66456536169 163209.36108398438 270.383056640625 30106.33238352816 115142
4530 45.3 29464.717101916045 9420.992311614047 163209.36108398438 270.383056640625 30106.66935727471 115530
4540 45.8 29957.13784883324 9936.323702069718 163209.36108398438 270.383056640625 30104.162055586727 115983
4550 45.5 29796.995689174106 9401.486950156885 163209.36108398438 270.383056640625 30103.58376197285 116441
4560 44.2 28909.867442135357 8710.00170047439 163209.36108398438 270.383056640625 30102.390414269565 116896
4570 44.8 30513.393095288957 10540.515501782003 163209.36108398438 270.383056640625 30097.898304691396 117338
4580 45.6 29361.820966754043 9035.136733031486 163209.36108398438 270.383056640625 30099.478642475067 117786
4590 46.8 30374.048268375234 9881.62297196724 163209.36108398438 270.383056640625 30096.63386735177 118242
4600 45.4 29340.33570303896 9112.706061906678 163209.36108398438 270.383056640625 30097.72754050213 118710
4610 43.1 30672.69496923035 9821.906187868075 163209.36108398438 270.383056640625 30094.841971922622 119164
4620 44.6 29604.56577838162 9554.564951141581 163209.36108398438 270.383056640625 30096.92445565388 119595
4630 47.3 29153.309974976877 9555.950231399658 163209.36108398438 270.383056640625 30095.09514758361 120041
4640 45.7 30158.856111956375 10614.420518976616 163209.36108398438 270.383056640625 30091.398777148283 120514
4650 41.1 29266.337401155717 8393.767945728818 163209.36108398438 270.383056640625 30091.65361510124 120971
4660 44.9 30058.76692508961 9779.37309891526 163209.36108398438 270.383056640625 30088.85909067479 121382
4670 42.5 29670.673090533088 8965.727235013368 163209.36108398438 270.383056640625 30088.74818801169 121831
4680 47.6 30393.321793756564 9861.860336179945 163209.36108398438 270.383056640625 30087.294828532988 122256
4690 44.2 30160.179373762727 9919.049545158496 163209.36108398438 270.383056640625 30088.4817140677 122732
4700 42 29589.15031156994 9151.143024270854 163209.36108398438 270.383056640625 30088.738995357464 123174
4710 41.7 30237.57573862785 9868.114525581108 163209.36108398438 270.383056640625 30087.041281494407 123594
4720 42.2 30270.996962705496 9669.606067903294 163209.36108398438 270.383056640625 30087.54746940213 124011
4730 43.1 29683.024722212158 9287.540954419175 163209.36108398438 270.383056640625 30088.16961695281 124433
4740 45.1 29883.777867217806 9413.43602422226 163209.36108398438 270.383056640625 30086.771155830043 124864
4750 41.1 30271.544940883516 10052.528205758768 163209.36108398438 270.383056640625 30086.040597052848 125315
4760 42.2 29718.75237834623 9100.445634726306 163209.36108398438 270.383056640625 30086.647013269976 125726
4770 45.1 30989.65971668861 10540.266251647745 163209.36108398438 270.383056640625 30085.416303818078 126148
4780 44.7 30308.903528405517 11317.737603993219 163209.36108398438 270.383056640625 30088.637607139626 126599
4790 39.4 29821.289435527047 8930.818958567987 163209.36108398438 270.383056640625 30089.41259310381 127046
4800 34.2 32937.64354826274 9450.897702172297 163209.36108398438 270.383056640625 30088.583649882803 127440
4810 29.1 34695.01000137589 10337.150956212268 163209.36108398438 270.383056640625 30096.208968669845 127782
4820 13.7 37661.442306184406 9122.081371228327 163209.36108398438 270.383056640625 30106.658096124636 128073
4830 4.1 48648.44650938452 10439.827212208953 163209.36108398438 270.383056640625 30114.730831767552 128210
4840 0.9 55793.9052734375 5967.833469043081 163209.36108398438 270.383056640625 30120.655794089736 128251
4850 0.3 70998.94661458333 20840.88082732729 163209.36108398438 270.383056640625 30122.457285165005 128260
4860 0.1 86785.90209960938 0.0 163209.36108398438 270.383056640625 30123.41336344158 128263
4870 0 0 0 163209.36108398438 270.383056640625 30123.85512799544 128264
4880 0 0 0 163209.36108398438 270.383056640625 30123.85512799544 128264
4890 0 0 0 163209.36108398438 270.383056640625 30123.85512799544 128264
4891 0 0 0 163209.36108398438 270.383056640625 30123.85512799544 128264
