10 0.1 6460.17578125 0 6460.17578125 6460.17578125 0 0
20 0.1 6264.53515625 0.0 6460.17578125 6264.53515625 6460.17578125 1
30 0.1 6263.28515625 0.0 6460.17578125 6263.28515625 6362.35546875 2
40 0.1 6261.64453125 0.0 6460.17578125 6261.64453125 6329.33203125 3
50 0.1 6260.11328125 0.0 6460.17578125 6260.11328125 6312.41015625 4
60 0.1 6258.35546875 0.0 6460.17578125 6258.35546875 6301.95078125 5
70 0.1 6200.05859375 0.0 6460.17578125 6200.05859375 6294.684895833333 6
80 0.1 6191.8125 0.0 6460.17578125 6191.8125 6281.166852678572 7
90 0.1 6192.15234375 0.0 6460.17578125 6191.8125 6269.99755859375 8
100 0.1 6191.64453125 0.0 6460.17578125 6191.64453125 6261.348090277777 9
110 0.1 6191.2734375 0.0 6460.17578125 6191.2734375 6254.377734375 10
120 0.1 6191.6015625 0.0 6460.17578125 6191.2734375 6248.640980113636 11
130 0.1 6190.96875 0.0 6460.17578125 6190.96875 6243.8876953125 12
140 0.1 6190.48046875 0.0 6460.17578125 6190.48046875 6239.817007211538 13
150 0.1 6127.63671875 0.0 6460.17578125 6127.63671875 6236.29296875 14
160 0.1 6125.671875 0.0 6460.17578125 6125.671875 6229.04921875 15
170 0.1 6067.12890625 0.0 6460.17578125 6067.12890625 6222.588134765625 16
180 0.1 6059.59375 0.0 6460.17578125 6059.59375 6213.443474264706 17
190 0.1 6058.40625 0.0 6460.17578125 6058.40625 6204.896267361111 18
200 0.1 5993.44921875 0.0 6460.17578125 5993.44921875 6197.186266447368 19
210 0.1 5992.7890625 0.0 6460.17578125 5992.7890625 6186.9994140625 20
220 0.1 5991.62890625 0.0 6460.17578125 5991.62890625 6177.751302083333 21
230 0.1 5991.515625 0.0 6460.17578125 5991.515625 6169.291193181818 22
240 0.1 5990.95703125 0.0 6460.17578125 5990.95703125 6161.561820652174 23
250 0.1 5989.625 0.0 6460.17578125 5989.625 6154.453287760417 24
260 0.1 5989.2890625 0.0 6460.17578125 5989.2890625 6147.86015625 25
270 0.1 5988.35546875 0.0 6460.17578125 5988.35546875 6141.761268028846 26
280 0.1 5987.34375 0.0 6460.17578125 5987.34375 6136.079571759259 27
290 0.1 5921.64453125 0.0 6460.17578125 5921.64453125 6130.767578125 28
300 0.1 5857.14453125 0.0 6460.17578125 5857.14453125 6123.556438577586 29
310 0.1 5855.6171875 0.0 6460.17578125 5855.6171875 6114.676041666667 30
320 0.1 5793.90234375 0.0 6460.17578125 5793.90234375 6106.319304435484 31
330 0.1 5791.1640625 0.0 6460.17578125 5791.1640625 6096.5562744140625 32
340 0.1 5790.57421875 0.0 6460.17578125 5790.57421875 6087.301964962121 33
350 0.1 5790.6953125 0.0 6460.17578125 5790.57421875 6078.574678308823 34
360 0.1 5790.26953125 0.0 6460.17578125 5790.26953125 6070.349553571428 35
370 0.1 5791.38671875 0.0 6460.17578125 5790.26953125 6062.569552951389 36
380 0.1 5789.6640625 0.0 6460.17578125 5789.6640625 6055.2402871621625 37
390 0.1 5728.29296875 0.0 6460.17578125 5728.29296875 6048.251439144737 38
400 0.1 5723.66796875 0.0 6460.17578125 5723.66796875 6040.047375801282 39
410 0.1 5724.56640625 0.0 6460.17578125 5723.66796875 6032.137890625 40
420 0.1 5724.375 0.0 6460.17578125 5723.66796875 6024.636147103659 41
430 0.1 5724.2890625 0.0 6460.17578125 5723.66796875 6017.48707217262 42
440 0.1 5723.24609375 0.0 6460.17578125 5723.24609375 6010.668513808141 43
450 0.1 5722.87109375 0.0 6460.17578125 5722.87109375 6004.136186079547 44
460 0.1 5722.8203125 0.0 6460.17578125 5722.8203125 5997.885850694446 45
470 0.1 5723.5 0.0 6460.17578125 5722.8203125 5991.906165081523 46
480 0.1 5660.33984375 0.0 6460.17578125 5660.33984375 5986.195395611703 47
490 0.1 5657.36328125 0.0 6460.17578125 5657.36328125 5979.406738281251 48
500 0.1 5657.28515625 0.0 6460.17578125 5657.28515625 5972.834422831634 49
510 0.1 5657.91796875 0.0 6460.17578125 5657.28515625 5966.523437500001 50
520 0.1 5657.3828125 0.0 6460.17578125 5657.28515625 5960.472349877452 51
530 0.1 5656.1171875 0.0 6460.17578125 5656.1171875 5954.643704927886 52
540 0.1 5655.87109375 0.0 6460.17578125 5655.87109375 5949.01112912736 53
550 0.1 5651.97265625 0.0 6460.17578125 5651.97265625 5943.582609953704 54
560 0.1 5526.375 0.0 6460.17578125 5526.375 5938.280610795456 55
570 0.1 5523.72265625 0.0 6460.17578125 5523.72265625 5930.9251534598225 56
580 0.1 5525.1171875 0.0 6460.17578125 5523.72265625 5923.781250000001 57
590 0.1 5523.73828125 0.0 6460.17578125 5523.72265625 5916.907731681035 58
600 0.1 5524.203125 0.0 6460.17578125 5523.72265625 5910.243842690679 59
610 0.1 5524.65234375 0.0 6460.17578125 5523.72265625 5903.8098307291675 60
620 0.1 5311.30859375 0.0 6460.17578125 5311.30859375 5897.594134221313 61
630 0.1 4820.6171875 0.0 6460.17578125 4820.6171875 5888.137915826614 62
640 0.1 4813.55859375 0.0 6460.17578125 4813.55859375 5871.193142361112 63
650 0.1 4741.08203125 0.0 6460.17578125 4741.08203125 5854.667602539063 64
660 0.1 4047.91796875 0.0 6460.17578125 4047.91796875 5837.535516826924 65
670 0.1 3270.5625 0.0 6460.17578125 3270.5625 5810.420099431819 66
680 0.1 3258.09765625 0.0 6460.17578125 3258.09765625 5772.511777052239 67
690 0.1 3257.4375 0.0 6460.17578125 3257.4375 5735.535098805148 68
700 0.1 3256.83203125 0.0 6460.17578125 3256.83203125 5699.62064085145 69
710 0.1 3255.62890625 0.0 6460.17578125 3255.62890625 5664.723660714287 70
720 0.1 3254.0625 0.0 6460.17578125 3254.0625 5630.792748679578 71
730 0.1 3254.33203125 0.0 6460.17578125 3254.0625 5597.782606336807 72
740 0.1 3253.9609375 0.0 6460.17578125 3253.9609375 5565.6805436643845 73
750 0.1 3253.234375 0.0 6460.17578125 3253.234375 5534.4410895270275 74
760 0.1 3253.1484375 0.0 6460.17578125 3253.1484375 5504.025000000001 75
770 0.1 3251.7890625 0.0 6460.17578125 3251.7890625 5474.408203125001 76
780 0.1 3252.8046875 0.0 6460.17578125 3251.7890625 5445.54301948052 77
790 0.1 3252.7265625 0.0 6460.17578125 3251.7890625 5417.430989583334 78
800 0.1 3250.96875 0.0 6460.17578125 3250.96875 5390.02966772152 79
810 0.1 3249.91796875 0.0 6460.17578125 3249.91796875 5363.291406250001 80
820 0.1 3249.79296875 0.0 6460.17578125 3249.79296875 5337.200376157409 81
830 0.1 3250.11328125 0.0 6460.17578125 3249.79296875 5311.744188262197 82
840 0.1 3249.66796875 0.0 6460.17578125 3249.66796875 5286.905261671689 83
850 0.1 3249.609375 0.0 6460.17578125 3249.609375 5262.652436755954 84
860 0.1 3248.36328125 0.0 6460.17578125 3248.36328125 5238.969577205884 85
870 0.1 3247.640625 0.0 6460.17578125 3247.640625 5215.822992369187 86
880 0.1 3247.359375 0.0 6460.17578125 3247.359375 5193.200206537357 87
890 0.1 3247.01171875 0.0 6460.17578125 3247.01171875 5171.088378906251 88
900 0.1 3246.33203125 0.0 6460.17578125 3246.33203125 5149.469540028091 89
910 0.1 3246.90234375 0.0 6460.17578125 3246.33203125 5128.323567708334 90
920 0.1 3246.3125 0.0 6460.17578125 3246.3125 5107.648609203297 91
930 0.1 3245.7265625 0.0 6460.17578125 3245.7265625 5087.416694972827 92
940 0.1 3244.15625 0.0 6460.17578125 3244.15625 5067.613575268818 93
950 0.1 3244.33203125 0.0 6460.17578125 3244.15625 5048.215093085107 94
960 0.1 3245.171875 0.0 6460.17578125 3244.15625 5029.226850328947 95
970 0.1 3246.38671875 0.0 6460.17578125 3244.15625 5010.642944335937 96
980 0.1 3243.1796875 0.0 6460.17578125 3243.1796875 4992.454735824741 97
990 0.1 3243.16796875 0.0 6460.17578125 3243.16796875 4974.604990433672 98
1000 0.1 3241.96875 0.0 6460.17578125 3241.96875 4957.1157275883825 99
1010 0.1 3240.6875 0.0 6460.17578125 3240.6875 4939.9642578124985 100
1020 0.1 3240.92578125 0.0 6460.17578125 3240.6875 4923.139735457919 101
1030 0.1 3240.5859375 0.0 6460.17578125 3240.5859375 4906.647441789214 102
1040 0.1 3241.6875 0.0 6460.17578125 3240.5859375 4890.472087378639 103
1050 0.1 3241.51953125 0.0 6460.17578125 3240.5859375 4874.618389423075 104
1060 0.1 3242.5859375 0.0 6460.17578125 3240.5859375 4859.065066964284 105
1070 0.1 3242.93359375 0.0 6460.17578125 3240.5859375 4843.81526385613 106
1080 0.1 3243.578125 0.0 6460.17578125 3240.5859375 4828.853752920559 107
1090 0.1 3242.40625 0.0 6460.17578125 3240.5859375 4814.175274884257 108
1100 0.1 3243.015625 0.0 6460.17578125 3240.5859375 4799.7553755733925 109
1110 0.1 3242.90625 0.0 6460.17578125 3240.5859375 4785.603196022726 110
1120 0.1 3242.76171875 0.0 6460.17578125 3240.5859375 4771.705025337836 111
1130 0.1 3241.734375 0.0 6460.17578125 3240.5859375 4758.05374581473 112
1140 0.1 3242.765625 0.0 6460.17578125 3240.5859375 4744.634990320795 113
1150 0.1 3244.1796875 0.0 6460.17578125 3240.5859375 4731.460697642542 114
1160 0.1 3243.09375 0.0 6460.17578125 3240.5859375 4718.527819293477 115
1170 0.1 3242.171875 0.0 6460.17578125 3240.5859375 4705.808560075429 116
1180 0.1 4336.35546875 0.0 6460.17578125 3240.5859375 4693.298844818374 117
1190 0.1 4335.515625 0.0 6460.17578125 3240.5859375 4690.273900953388 118
1200 0.1 4334.359375 0.0 6460.17578125 3240.5859375 4687.2927389705865 119
1210 0.1 3343.6015625 0.0 6460.17578125 3240.5859375 4684.351627604165 120
1220 0.1 3233.39453125 0.0 6460.17578125 3233.39453125 4673.271048553717 121
1230 0.1 3226.17578125 0.0 6460.17578125 3226.17578125 4661.468782018441 122
1240 0.1 3223.15234375 0.0 6460.17578125 3223.15234375 4649.799733231705 123
1250 0.1 3222.375 0.0 6460.17578125 3222.375 4638.294512348789 124
1260 0.1 3221.2265625 0.0 6460.17578125 3221.2265625 4626.967156249998 125
1270 0.1 3219.76171875 0.0 6460.17578125 3219.76171875 4615.81048487103 126
1280 0.1 3219.65234375 0.0 6460.17578125 3219.65234375 4604.817974901573 127
1290 0.1 3218.609375 0.0 6460.17578125 3218.609375 4593.996368408201 128
1300 0.1 3217.96484375 0.0 6460.17578125 3217.96484375 4583.334453730618 129
1310 0.1 3216.92578125 0.0 6460.17578125 3216.92578125 4572.831610576921 130
1320 0.1 3215.20703125 0.0 6460.17578125 3215.20703125 4562.481184398853 131
1330 0.1 3215.25390625 0.0 6460.17578125 3215.20703125 4552.274562026513 132
1340 0.1 3215.2890625 0.0 6460.17578125 3215.20703125 4542.221775140975 133
1350 0.1 3215.59765625 0.0 6460.17578125 3215.20703125 4532.319292210819 134
1370 0.1 3216.88671875 0.0 6460.17578125 3215.20703125 4522.565798611109 135
1380 0.1 3217.26171875 0.0 6460.17578125 3215.20703125 4512.965217141543 136
1390 0.1 3215.00390625 0.0 6460.17578125 3215.00390625 4503.507527372261 137
1400 0.1 3214.703125 0.0 6460.17578125 3214.703125 4494.170544610505 138
1410 0.1 3215.12890625 0.0 6460.17578125 3214.703125 4484.965743030574 139
1420 0.1 3214.3671875 0.0 6460.17578125 3214.3671875 4475.895479910712 140
1430 0.1 3214.50390625 0.0 6460.17578125 3214.3671875 4466.948470744679 141
1440 0.1 3215.765625 0.0 6460.17578125 3214.3671875 4458.128438600351 142
1450 0.1 3218.234375 0.0 6460.17578125 3214.3671875 4449.440586756991 143
1460 0.1 3219.54296875 0.0 6460.17578125 3214.3671875 4440.89054361979 144
1470 0.1 3218.19140625 0.0 6460.17578125 3214.3671875 4432.46745689655 145
1480 0.1 3218.015625 0.0 6460.17578125 3214.3671875 4424.150497645546 146
1490 0.1 3217.140625 0.0 6460.17578125 3214.3671875 4415.945498511903 147
1500 0.1 3216.21484375 0.0 6460.17578125 3214.3671875 4407.845465582768 148
1510 0.1 3213.72265625 0.0 6460.17578125 3213.72265625 4399.84794463087 149
1520 0.1 3213.39453125 0.0 6460.17578125 3213.39453125 4391.940442708331 150
1530 0.1 3212.5390625 0.0 6460.17578125 3212.5390625 4384.1355028973485 151
1540 0.1 3211.72265625 0.0 6460.17578125 3211.72265625 4376.427631578945 152
1550 0.1 3210.8984375 0.0 6460.17578125 3210.8984375 4368.8151807598015 153
1560 0.1 3210.7109375 0.0 6460.17578125 3210.7109375 4361.296240868504 154
1570 0.1 3212.33203125 0.0 6460.17578125 3210.7109375 4353.87310987903 155
1580 0.1 3213.5234375 0.0 6460.17578125 3210.7109375 4346.555538862178 156
1590 0.1 3210.58984375 0.0 6460.17578125 3210.58984375 4339.338773885349 157
1600 0.1 3211.0625 0.0 6460.17578125 3210.58984375 4332.194793314872 158
1610 0.1 3209.90234375 0.0 6460.17578125 3209.90234375 4325.143646816036 159
1620 0.1 3210.5546875 0.0 6460.17578125 3209.90234375 4318.173388671874 160
1630 0.1 3211.26953125 0.0 6460.17578125 3209.90234375 4311.293769409936 161
1640 0.1 3211.8046875 0.0 6460.17578125 3209.90234375 4304.503496334875 162
1650 0.1 3210.99609375 0.0 6460.17578125 3209.90234375 4297.799822661042 163
1660 0.1 3213.03125 0.0 6460.17578125 3209.90234375 4291.172970655486 164
1670 0.1 3211.84375 0.0 6460.17578125 3209.90234375 4284.638778409089 165
1680 0.1 3211.203125 0.0 6460.17578125 3209.90234375 4278.176157756023 166
1690 0.1 3209.953125 0.0 6460.17578125 3209.90234375 4271.787097679639 167
1700 0.1 3210.03515625 0.0 6460.17578125 3209.90234375 4265.46665736607 168
1710 0.1 3209.546875 0.0 6460.17578125 3209.546875 4259.221500554732 169
1720 0.1 3210.69921875 0.0 6460.17578125 3209.546875 4253.046943933822 170
1730 0.1 3211.35546875 0.0 6460.17578125 3209.546875 4246.951343201753 171
1740 0.1 3212.12109375 0.0 6460.17578125 3209.546875 4240.930436954941 172
1760 0.1 3210.9765625 0.0 6460.17578125 3209.546875 4234.983562138727 173
1770 0.1 3210.18359375 0.0 6460.17578125 3209.546875 4229.098464439655 174
1780 0.1 3212.11328125 0.0 6460.17578125 3209.546875 4223.27609375 175
1790 0.1 3211.88671875 0.0 6460.17578125 3209.546875 4217.530850497159 176
1800 0.1 3211.88671875 0.0 6460.17578125 3209.546875 4211.849245233051 177
1810 0.1 3213.06640625 0.0 6460.17578125 3209.546875 4206.231478230337 178
1820 0.1 3266.63671875 0.0 6460.17578125 3209.546875 4200.683070006984 179
1830 0.1 3268.125 0.0 6460.17578125 3209.546875 4195.493923611111 180
1840 0.1 3266.41796875 0.0 6460.17578125 3209.546875 4190.37033839779 181
1850 0.1 3264.9453125 0.0 6460.17578125 3209.546875 4185.2936770260985 182
1860 0.1 3265.7890625 0.0 6460.17578125 3209.546875 4180.264450990437 183
1870 0.1 3265.171875 0.0 6460.17578125 3209.546875 4175.294476052988 184
1880 0.1 3264.21484375 0.0 6460.17578125 3209.546875 4170.374894425674 185
1890 0.1 3264.40234375 0.0 6460.17578125 3209.546875 4165.503066196235 186
1900 0.1 3264.51171875 0.0 6460.17578125 3209.546875 4160.684345755346 187
1910 0.1 3265.171875 0.0 6460.17578125 3209.546875 4155.917470079786 188
1920 0.1 3265.546875 0.0 6460.17578125 3209.546875 4151.204530423279 189
1930 0.1 3264.89453125 0.0 6460.17578125 3209.546875 4146.543174342103 190
1940 0.1 3263.203125 0.0 6460.17578125 3209.546875 4141.927212859946 191
1950 0.1 3263.30078125 0.0 6460.17578125 3209.546875 4137.350524902342 192
1960 0.1 3264.68359375 0.0 6460.17578125 3209.546875 4132.821769753884 193
1970 0.1 3265.703125 0.0 6460.17578125 3209.546875 4128.346830702318 194
1980 0.1 3264.1015625 0.0 6460.17578125 3209.546875 4123.923016826921 195
1990 0.1 3263.3125 0.0 6460.17578125 3209.546875 4119.536172672192 196
2000 0.1 3264.12890625 0.0 6460.17578125 3209.546875 4115.189859612942 197
2010 0.1 3264.41796875 0.0 6460.17578125 3209.546875 4110.891571969695 198
2020 0.1 3263.5546875 0.0 6460.17578125 3209.546875 4106.637935772611 199
2030 0.1 3263.50390625 0.0 6460.17578125 3209.546875 4102.422519531247 200
2040 0.1 3262.9375 0.0 6460.17578125 3209.546875 4098.248795087063 201
2050 0.1 3262.390625 0.0 6460.17578125 3209.546875 4094.113590655939 202
2060 0.1 3262.8125 0.0 6460.17578125 3209.546875 4090.0164331896535 203
2070 0.1 3260.92578125 0.0 6460.17578125 3209.546875 4085.961511948528 204
2080 0.1 3260.53125 0.0 6460.17578125 3209.546875 4081.9369474085347 205
2090 0.1 3262.17578125 0.0 6460.17578125 3209.546875 4077.9495411104353 206
2100 0.1 3262.77734375 0.0 6460.17578125 3209.546875 4074.008605072462 207
2110 0.1 3261.41796875 0.0 6460.17578125 3209.546875 4070.1084547776427 208
2120 0.1 3260.26171875 0.0 6460.17578125 3209.546875 4066.2391223086106 209
2130 0.1 3263.3359375 0.0 6460.17578125 3209.546875 4062.4011346726174 210
2140 0.1 3264.0546875 0.0 6460.17578125 3209.546875 4058.6140958234582 211
2150 0.1 3265.6484375 0.0 6460.17578125 3209.546875 4054.8661740860834 212
2170 0.1 3266.40625 0.0 6460.17578125 3209.546875 4051.1609264964773 213
2180 0.1 3265.25390625 0.0 6460.17578125 3209.546875 4047.4938485689236 214
2190 0.1 3264.984375 0.0 6460.17578125 3209.546875 4043.8555232558124 215
2200 0.1 3263.55078125 0.0 6460.17578125 3209.546875 4040.2496383101834 216
2210 0.1 3264.6796875 0.0 6460.17578125 3209.546875 4036.670380904376 217
2220 0.1 3262.91796875 0.0 6460.17578125 3209.546875 4033.129139191512 218
2230 0.1 3262.63671875 0.0 6460.17578125 3209.546875 4029.612193207761 219
2240 0.1 3262.18359375 0.0 6460.17578125 3209.546875 4026.1259410511348 220
2250 0.1 3262.078125 0.0 6460.17578125 3209.546875 4022.6691883484145 221
2260 0.1 3263.80859375 0.0 6460.17578125 3209.546875 4019.243102477476 222
2270 0.1 3262.69140625 0.0 6460.17578125 3209.546875 4015.855503783631 223
2280 0.1 3261.8203125 0.0 6460.17578125 3209.546875 4012.4931640624986 224
2290 0.1 3263.76171875 0.0 6460.17578125 3209.546875 4009.156840277776 225
2300 0.1 3262.59375 0.0 6460.17578125 3209.546875 4005.858631775441 226
2310 0.1 3264.671875 0.0 6460.17578125 3209.546875 4002.5843371420688 227
2320 0.1 3262.86328125 0.0 6460.17578125 3209.546875 3999.347878974779 228
2330 0.1 3264.71484375 0.0 6460.17578125 3209.546875 3996.1317890283826 229
2340 0.1 3263.88671875 0.0 6460.17578125 3209.546875 3992.9517153532593 230
2350 0.1 3264.140625 0.0 6460.17578125 3209.546875 3989.7955898268383 231
2360 0.1 3262.890625 0.0 6460.17578125 3209.546875 3986.6677667025847 232
2370 0.1 3262.50390625 0.0 6460.17578125 3209.546875 3983.561427038625 233
2380 0.1 3263.3359375 0.0 6460.17578125 3209.546875 3980.4799846420924 234
2390 0.1 3263.70703125 0.0 6460.17578125 3209.546875 3977.4283078457433 235
2400 0.1 3264.28125 0.0 6460.17578125 3209.546875 3974.4040651483037 236
2410 0.1 3263.4765625 0.0 6460.17578125 3209.546875 3971.4077663502094 237
2420 0.1 3261.97265625 0.0 6460.17578125 3209.546875 3968.433265493696 238
2430 0.1 3261.5546875 0.0 6460.17578125 3209.546875 3965.4773633629693 239
2440 0.1 3260.921875 0.0 6460.17578125 3209.546875 3962.54435221354 240
2450 0.1 3261.796875 0.0 6460.17578125 3209.546875 3959.633055627592 241
2460 0.1 3262.51953125 0.0 6460.17578125 3209.546875 3956.7494350464863 242
2470 0.1 3262.796875 0.0 6460.17578125 3209.546875 3953.8925218621384 243
2480 0.1 3263.78515625 0.0 6460.17578125 3209.546875 3951.0601626536873 244
2490 0.1 3265.21484375 0.0 6460.17578125 3209.546875 3948.254958545917 245
2510 0.1 3263.109375 0.0 6460.17578125 3209.546875 3945.478372713413 246
2520 0.1 3262.83203125 0.0 6460.17578125 3209.546875 3942.7157451923063 247
2530 0.1 3262.88671875 0.0 6460.17578125 3209.546875 3939.974278603829 248
2540 0.1 3264.171875 0.0 6460.17578125 3209.546875 3937.255051455822 249
2550 0.1 3265.625 0.0 6460.17578125 3209.546875 3934.5627187499986 250
2560 0.1 3262.3203125 0.0 6460.17578125 3209.546875 3931.8976282370504 251
2570 0.1 3262.19140625 0.0 6460.17578125 3209.546875 3929.240575396824 252
2580 0.1 3263.375 0.0 6460.17578125 3209.546875 3926.6040174160066 253
2590 0.1 3262.3515625 0.0 6460.17578125 3209.546875 3923.992879552164 254
2600 0.1 3261.125 0.0 6460.17578125 3209.546875 3921.398207720587 255
2610 0.1 3260.5078125 0.0 6460.17578125 3209.546875 3918.8190155029283 256
2620 0.1 3261.54296875 0.0 6460.17578125 3209.546875 3916.2574933122555 257
2630 0.1 3261.71875 0.0 6460.17578125 3209.546875 3913.7198401162777 258
2640 0.1 3265.0859375 0.0 6460.17578125 3209.546875 3911.2024613899603 259
2650 0.1 3266.4296875 0.0 6460.17578125 3209.546875 3908.717397836537 260
2660 0.1 3262.20703125 0.0 6460.17578125 3209.546875 3906.2565253831403 261
2670 0.1 3262.48046875 0.0 6460.17578125 3209.546875 3903.79832120706 262
2680 0.1 3261.98046875 0.0 6460.17578125 3209.546875 3901.3598502851696 263
2690 0.1 3260.1484375 0.0 6460.17578125 3209.546875 3898.9379586884456 264
2700 0.1 3262.05859375 0.0 6460.17578125 3209.546875 3896.527432193395 265
2710 0.1 3260.84375 0.0 6460.17578125 3209.546875 3894.142210996239 266
2720 0.1 3262.2265625 0.0 6460.17578125 3209.546875 3891.770306647939 267
2730 0.1 3263.78515625 0.0 6460.17578125 3209.546875 3889.4212628264913 268
2740 0.1 3262.94921875 0.0 6460.17578125 3209.546875 3887.095478043679 269
2750 0.1 3262.61328125 0.0 6460.17578125 3209.546875 3884.7838252314796 270
2760 0.1 3263.66796875 0.0 6460.17578125 3209.546875 3882.4879929658655 271
2770 0.1 3264.01171875 0.0 6460.17578125 3209.546875 3880.2129193474248 272
2780 0.1 3262.89453125 0.0 6460.17578125 3209.546875 3877.955772092489 273
2790 0.1 3263.66796875 0.0 6460.17578125 3209.546875 3875.7110230383196 274
2800 0.1 3263.70703125 0.0 6460.17578125 3209.546875 3873.4854119318165 275
2810 0.1 3264.54296875 0.0 6460.17578125 3209.546875 3871.276069972824 276
2820 0.1 3265.1640625 0.0 6460.17578125 3209.546875 3869.085697766244 277
2830 0.1 3264.18359375 0.0 6460.17578125 3209.546875 3866.913317783272 278
2840 0.1 3263.40234375 0.0 6460.17578125 3209.546875 3864.7529961917544 279
2850 0.1 3263.21875 0.0 6460.17578125 3209.546875 3862.605315290177 280
2860 0.1 3261.98046875 0.0 6460.17578125 3209.546875 3860.4722670151227 281
2870 0.1 3261.11328125 0.0 6460.17578125 3209.546875 3858.349955673757 282
2880 0.1 3261.30078125 0.0 6460.17578125 3209.546875 3856.2395787323303 283
2890 0.1 3261.09765625 0.0 6460.17578125 3209.546875 3854.144723811618 284
2900 0.1 3263.42578125 0.0 6460.17578125 3209.546875 3852.0638569078933 285
2910 0.1 3261.8828125 0.0 6460.17578125 3209.546875 3850.00568181818 286
2930 0.1 3261.66015625 0.0 6460.17578125 3209.546875 3847.956473214284 287
2940 0.1 3262.66796875 0.0 6460.17578125 3209.546875 3845.9207221137135 288
2950 0.1 3262.6484375 0.0 6460.17578125 3209.546875 3843.902546496538 289
2960 0.1 3264.62890625 0.0 6460.17578125 3209.546875 3841.898221982757 290
2970 0.1 3263.06640625 0.0 6460.17578125 3209.546875 3839.9144786297234 291
2980 0.1 3265.22265625 0.0 6460.17578125 3209.546875 3837.938971532533 292
2990 0.1 3265.53125 0.0 6460.17578125 3209.546875 3835.984308340442 293
3000 0.1 3265.14453125 0.0 6460.17578125 3209.546875 3834.043991815475 294
3010 0.1 3264.35546875 0.0 6460.17578125 3209.546875 3832.115519067795 295
3020 0.1 3262.51953125 0.0 6460.17578125 3209.546875 3830.1974107896945 296
3030 0.1 3262.06640625 0.0 6460.17578125 3209.546875 3828.286037457911 297
3040 0.1 3261.90625 0.0 6460.17578125 3209.546875 3826.385971581374 298
3050 0.1 3262.265625 0.0 6460.17578125 3209.546875 3824.4980795359515 299
3060 0.1 3263.20703125 0.0 6460.17578125 3209.546875 3822.623971354165 300
3070 0.1 3262.0703125 0.0 6460.17578125 3209.546875 3820.765443313952 301
3080 0.1 3261.2109375 0.0 6460.17578125 3209.546875 3818.9154594370843 302
3090 0.1 3262.35546875 0.0 6460.17578125 3209.546875 3817.0748504537937 303
3100 0.1 3261.68359375 0.0 6460.17578125 3209.546875 3815.250115645558 304
3110 0.1 3263.96484375 0.0 6460.17578125 3209.546875 3813.435143442621 305
3120 0.1 3262.50390625 0.0 6460.17578125 3209.546875 3811.6394888684626 306
3130 0.1 3262.5703125 0.0 6460.17578125 3209.546875 3809.8507736156334 307
3140 0.1 3262.5859375 0.0 6460.17578125 3209.546875 3808.073889001622 308
3150 0.1 3261.70703125 0.0 6460.17578125 3209.546875 3806.308555825241 309
3160 0.1 3262.59375 0.0 6460.17578125 3209.546875 3804.551776713708 310
3170 0.1 3261.86328125 0.0 6460.17578125 3209.546875 3802.8091464027316 311
3180 0.1 3260.7578125 0.0 6460.17578125 3209.546875 3801.075345552883 312
3190 0.1 3260.54296875 0.0 6460.17578125 3209.546875 3799.349091453673 313
3200 0.1 3260.0703125 0.0 6460.17578125 3209.546875 3797.6331483877375 314
3210 0.1 3258.58984375 0.0 6460.17578125 3209.546875 3795.9265997023795 315
3220 0.1 3259.60546875 0.0 6460.17578125 3209.546875 3794.2261669303784 316
3230 0.1 3259.01953125 0.0 6460.17578125 3209.546875 3792.5396663052034 317
3240 0.1 3258.8515625 0.0 6460.17578125 3209.546875 3790.861930031445 318
3250 0.1 3261.90234375 0.0 6460.17578125 3209.546875 3789.1941859326002 319
3260 0.1 3261.0546875 0.0 6460.17578125 3209.546875 3787.5463989257796 320
3270 0.1 3260.875 0.0 6460.17578125 3209.546875 3785.9062378309955 321
3280 0.1 3260.6875 0.0 6460.17578125 3209.546875 3784.2757060364893 322
3290 0.1 3261.69921875 0.0 6460.17578125 3209.546875 3782.654689918729 323
3300 0.1 3260.17578125 0.0 6460.17578125 3209.546875 3781.0468026620356 324
3310 0.1 3262.55859375 0.0 6460.17578125 3209.546875 3779.4441225961523 325
3320 0.1 3260.85546875 0.0 6460.17578125 3209.546875 3777.858584164109 326
3330 0.1 3261.1015625 0.0 6460.17578125 3209.546875 3776.277534881497 327
3340 0.1 3261.16015625 0.0 6460.17578125 3209.546875 3774.7068764291143 328
3350 0.1 3261.5 0.0 6460.17578125 3209.546875 3773.1459441489346 329
3360 0.1 3261.421875 0.0 6460.17578125 3209.546875 3771.595501893938 330
3380 0.1 3261.99609375 0.0 6460.17578125 3209.546875 3770.054191842899 331
3390 0.1 3260.51953125 0.0 6460.17578125 3209.546875 3768.5238963667157 332
3400 0.1 3260.74609375 0.0 6460.17578125 3209.546875 3766.998357732731 333
3410 0.1 3260.72265625 0.0 6460.17578125 3209.546875 3765.482632391466 334
3420 0.1 3259.265625 0.0 6460.17578125 3209.546875 3763.9758861940286 335
3430 0.1 3260.48046875 0.0 6460.17578125 3209.546875 3762.473772321427 336
3440 0.1 3260.57421875 0.0 6460.17578125 3209.546875 3760.9841779488115 337
3450 0.1 3260.51953125 0.0 6460.17578125 3209.546875 3759.5036751109456 338
3460 0.1 3259.44921875 0.0 6460.17578125 3209.546875 3758.031745483037 339
3470 0.1 3260.6953125 0.0 6460.17578125 3209.546875 3756.565326286763 340
3480 0.1 3261.02734375 0.0 6460.17578125 3209.546875 3755.111162023459 341
3490 0.1 3259.640625 0.0 6460.17578125 3209.546875 3753.666472496344 342
3500 0.1 3262.0078125 0.0 6460.17578125 3209.546875 3752.22616390306 343
3510 0.1 3263.265625 0.0 6460.17578125 3209.546875 3750.801110555958 344
3520 0.1 3264.90234375 0.0 6460.17578125 3209.546875 3749.387964221013 345
3530 0.1 3264.16796875 0.0 6460.17578125 3209.546875 3747.9877167630043 346
3540 0.1 3264.14453125 0.0 6460.17578125 3209.546875 3746.593423541065 347
3550 0.1 3261.9765625 0.0 6460.17578125 3209.546875 3745.2070761494238 348
3560 0.1 3262.51953125 0.0 6460.17578125 3209.546875 3743.822461497133 349
3570 0.1 3262.76953125 0.0 6460.17578125 3209.546875 3742.4473102678558 350
3580 0.1 3261.47265625 0.0 6460.17578125 3209.546875 3741.0807069088305 351
3590 0.1 3261.2265625 0.0 6460.17578125 3209.546875 3739.7181840376406 352
3600 0.1 3261.91015625 0.0 6460.17578125 3209.546875 3738.3626836933413 353
3610 0.1 3262.18359375 0.0 6460.17578125 3209.546875 3737.0167725988686 354
3620 0.1 3261.1953125 0.0 6460.17578125 3209.546875 3735.6792143485904 355
3630 0.1 3259.99609375 0.0 6460.17578125 3209.546875 3734.3463943995775 356
3640 0.1 3261.58203125 0.0 6460.17578125 3209.546875 3733.017682072828 357
3650 0.1 3260.95703125 0.0 6460.17578125 3209.546875 3731.7008227129877 358
3660 0.1 3262.88671875 0.0 6460.17578125 3209.546875 3730.389558669915 359
3670 0.1 3261.6875 0.0 6460.17578125 3209.546875 3729.0909396701377 360
3680 0.1 3261.82421875 0.0 6460.17578125 3209.546875 3727.79619329986 361
3690 0.1 3262.296875 0.0 6460.17578125 3209.546875 3726.508977900551 362
3700 0.1 3262.89453125 0.0 6460.17578125 3209.546875 3725.2301566804394 363
3710 0.1 3260.8125 0.0 6460.17578125 3209.546875 3723.960003863323 364
3720 0.1 3260.890625 0.0 6460.17578125 3209.546875 3722.6911065924646 365
3730 0.1 3261.34765625 0.0 6460.17578125 3209.546875 3721.429356642758 366
3740 0.1 3259.890625 0.0 6460.17578125 3209.546875 3720.175728031334 367
3750 0.1 3262.33203125 0.0 6460.17578125 3209.546875 3718.9249532948356 368
3770 0.1 3259.8359375 0.0 6460.17578125 3209.546875 3717.6875741023023 369
3780 0.1 3260.33984375 0.0 6460.17578125 3209.546875 3716.45013724662 370
3790 0.1 3259.125 0.0 6460.17578125 3209.546875 3715.2207294474383 371
3800 0.1 3258.8984375 0.0 6460.17578125 3209.546875 3713.9946656586008 372
3810 0.1 3261.1484375 0.0 6460.17578125 3209.546875 3712.77456853217 373
3820 0.1 3263.96875 0.0 6460.17578125 3209.546875 3711.567012032084 374
3830 0.1 3262.81640625 0.0 6460.17578125 3209.546875 3710.3734166666654 375
3840 0.1 3262.21484375 0.0 6460.17578125 3209.546875 3709.1831054687486 376
3850 0.1 3261.6640625 0.0 6460.17578125 3209.546875 3707.997513262598 377
3860 0.1 3258.375 0.0 6460.17578125 3209.546875 3706.8167369378293 378
3870 0.1 3257.84765625 0.0 6460.17578125 3209.546875 3705.6335133575185 379
3880 0.1 3257.41015625 0.0 6460.17578125 3209.546875 3704.455129523025 380
3890 0.1 3257.53125 0.0 6460.17578125 3209.546875 3703.281783136482 381
3900 0.1 3257.13671875 0.0 6460.17578125 3209.546875 3702.1148969240826 382
3910 0.1 3256.171875 0.0 6460.17578125 3209.546875 3700.953074004568 383
3920 0.1 3257.0234375 0.0 6460.17578125 3209.546875 3699.7947896321602 384
3930 0.1 3258.06640625 0.0 6460.17578125 3209.546875 3698.644734172077 385
3940 0.1 3259.48828125 0.0 6460.17578125 3209.546875 3697.5033395401542 386
3950 0.1 3260.01171875 0.0 6460.17578125 3209.546875 3696.3715176841074 387
3960 0.1 3260.51953125 0.0 6460.17578125 3209.546875 3695.2468790270605 388
3970 0.1 3260.37890625 0.0 6460.17578125 3209.546875 3694.1293280044974 389
3980 0.1 3259.61328125 0.0 6460.17578125 3209.546875 3693.0171474358963 390
3990 0.1 3260.2734375 0.0 6460.17578125 3209.546875 3691.9086976502545 391
4000 0.1 3258.28125 0.0 6460.17578125 3209.546875 3690.8075872927284 392
4010 0.1 3259.1484375 0.0 6460.17578125 3209.546875 3689.707011370864 393
4020 0.1 3259.33984375 0.0 6460.17578125 3209.546875 3688.6142231123085 394
4030 0.1 3258.58984375 0.0 6460.17578125 3209.546875 3687.5274525316445 395
4040 0.1 3260.6796875 0.0 6460.17578125 3209.546875 3686.4442767518926 396
4050 0.1 3261.03125 0.0 6460.17578125 3209.546875 3685.3718218671274 397
4060 0.1 3260.3984375 0.0 6460.17578125 3209.546875 3684.3056395257527 398
4070 0.1 3261.15234375 0.0 6460.17578125 3209.546875 3683.2432154605253 399
4080 0.1 3261.69140625 0.0 6460.17578125 3209.546875 3682.1879882812486 400
4090 0.1 3261.3046875 0.0 6460.17578125 3209.546875 3681.139368375934 401
4100 0.1 3260.4375 0.0 6460.17578125 3209.546875 3680.0950034981333 402
4110 0.1 3259.65234375 0.0 6460.17578125 3209.546875 3679.0536697425546 403
4120 0.1 3259.765625 0.0 6460.17578125 3209.546875 3678.015547648514 404
4130 0.1 3260.01953125 0.0 6460.17578125 3209.546875 3676.9828317901224 405
4140 0.1 3258.1796875 0.0 6460.17578125 3209.546875 3675.9558285868216 406
4150 0.1 3257.46875 0.0 6460.17578125 3209.546875 3674.9293515816944 407
4160 0.1 3259.20703125 0.0 6460.17578125 3209.546875 3673.9061638327194 408
4170 0.1 3257.3515625 0.0 6460.17578125 3209.546875 3672.8922295232264 409
4180 0.1 3257.76953125 0.0 6460.17578125 3209.546875 3671.8787157012184 410
4200 0.1 3259.4375 0.0 6460.17578125 3209.546875 3670.8711507755465 411
4210 0.1 3259.5078125 0.0 6460.17578125 3209.546875 3669.872525409586 412
4220 0.1 3259.09375 0.0 6460.17578125 3209.546875 3668.878906249999 413
4230 0.1 3259.359375 0.0 6460.17578125 3209.546875 3667.8890870320038 414
4240 0.1 3259.58984375 0.0 6460.17578125 3209.546875 3666.904678087348 415
4250 0.1 3259.4765625 0.0 6460.17578125 3209.546875 3665.925555889422 416
4260 0.1 3258.98046875 0.0 6460.17578125 3209.546875 3664.950858063548 417
4270 0.1 3257.75390625 0.0 6460.17578125 3209.546875 3663.979637036482 418
4280 0.1 3260.8515625 0.0 6460.17578125 3209.546875 3663.0101245525047 419
4290 0.1 3259.1015625 0.0 6460.17578125 3209.546875 3662.0526041666653 420
4300 0.1 3259.4296875 0.0 6460.17578125 3209.546875 3661.0954758016615 421
4310 0.1 3258.08203125 0.0 6460.17578125 3209.546875 3660.1436611374397 422
4320 0.1 3258.6640625 0.0 6460.17578125 3209.546875 3659.193160830377 423
4330 0.1 3256.99609375 0.0 6460.17578125 3209.546875 3658.2485167305413 424
4340 0.1 3256.7421875 0.0 6460.17578125 3209.546875 3657.304393382352 425
4350 0.1 3255.765625 0.0 6460.17578125 3209.546875 3656.3641065140832 426
4360 0.1 3257.43359375 0.0 6460.17578125 3209.546875 3655.425936768149 427
4370 0.1 3258.6328125 0.0 6460.17578125 3209.546875 3654.496048116237 428
4380 0.1 3258.0859375 0.0 6460.17578125 3209.546875 3653.5732899912578 429
4390 0.1 3260.25 0.0 6460.17578125 3209.546875 3652.6535519622084 430
4400 0.1 3259.328125 0.0 6460.17578125 3209.546875 3651.74310288573 431
4410 0.1 3261.484375 0.0 6460.17578125 3209.546875 3650.8347348813645 432
4420 0.1 3263.56640625 0.0 6460.17578125 3209.546875 3649.935542364318 433
4430 0.1 3262.296875 0.0 6460.17578125 3209.546875 3649.0452908986163 434
4440 0.1 3261.22265625 0.0 6460.17578125 3209.546875 3648.1562140804585 435
4450 0.1 3260.2890625 0.0 6460.17578125 3209.546875 3647.2687517918566 436
4460 0.1 3261.88671875 0.0 6460.17578125 3209.546875 3646.3832147454223 437
4470 0.1 3260.68359375 0.0 6460.17578125 3209.546875 3645.505368864154 438
4480 0.1 3259.6328125 0.0 6460.17578125 3209.546875 3644.628781677106 439
4490 0.1 3260.40234375 0.0 6460.17578125 3209.546875 3643.7537908380673 440
4500 0.1 3260.3984375 0.0 6460.17578125 3209.546875 3642.884513180271 441
4510 0.1 3259.58203125 0.0 6460.17578125 3209.546875 3642.0191600678722 442
4520 0.1 3259.0390625 0.0 6460.17578125 3209.546875 3641.155870838035 443
4530 0.1 3258.38671875 0.0 6460.17578125 3209.546875 3640.295247395832 444
4540 0.1 3258.40234375 0.0 6460.17578125 3209.546875 3639.437025983145 445
4550 0.1 3260.6640625 0.0 6460.17578125 3209.546875 3638.5826881306043 446
4560 0.1 3258.62109375 0.0 6460.17578125 3209.546875 3637.7372325922806 447
4570 0.1 3258.33203125 0.0 6460.17578125 3209.546875 3636.8909912109366 448
4580 0.1 3257.5625 0.0 6460.17578125 3209.546875 3636.047875487193 449
4600 0.1 3258.359375 0.0 6460.17578125 3209.546875 3635.206796874999 450
4610 0.1 3257.03515625 0.0 6460.17578125 3209.546875 3634.371215008314 451
4620 0.1 3257.16796875 0.0 6460.17578125 3209.546875 3633.5364007190256 452
4630 0.1 3257.375 0.0 6460.17578125 3209.546875 3632.7055653283655 453
4640 0.1 3256.390625 0.0 6460.17578125 3209.546875 3631.8788460214746 454
4650 0.1 3255.08203125 0.0 6460.17578125 3209.546875 3631.053597184065 455
4660 0.1 3255.4140625 0.0 6460.17578125 3209.546875 3630.229098135964 456
4670 0.1 3254.78125 0.0 6460.17578125 3209.546875 3629.4089339442003 457
4680 0.1 3253.203125 0.0 6460.17578125 3209.546875 3628.5909695687765 458
4690 0.1 3254.0859375 0.0 6460.17578125 3209.546875 3627.77313112745 459
4700 0.1 3254.25390625 0.0 6460.17578125 3209.546875 3626.9607676630426 460
4710 0.1 3254.3359375 0.0 6460.17578125 3209.546875 3626.152292909435 461
4720 0.1 3253.8984375 0.0 6460.17578125 3209.546875 3625.3474956033538 462
4730 0.1 3254.875 0.0 6460.17578125 3209.546875 3624.5452298191135 463
4740 0.1 3254.32421875 0.0 6460.17578125 3209.546875 3623.748526737607 464
4750 0.1 3255.0234375 0.0 6460.17578125 3209.546875 3622.954065860214 465
4760 0.1 3254.52734375 0.0 6460.17578125 3209.546875 3622.1645151555786 466
4770 0.1 3254.62890625 0.0 6460.17578125 3209.546875 3621.37728352516 467
4780 0.1 3256.1796875 0.0 6460.17578125 3209.546875 3620.5936331463663 468
4790 0.1 3255.89453125 0.0 6460.17578125 3209.546875 3619.816631130063 469
4800 0.1 3258.01953125 0.0 6460.17578125 3209.546875 3619.0423287898925 470
4810 0.1 3264.0078125 0.0 6460.17578125 3209.546875 3618.275826035031 471
4820 0.1 3265.98046875 0.0 6460.17578125 3209.546875 3617.5252582097446 472
4830 0.1 3267.41015625 0.0 6460.17578125 3209.546875 3616.782034553382 473
4840 0.1 3272.1640625 0.0 6460.17578125 3209.546875 3616.0449630801677 474
