10 3.6 191.2732204861111 161.96431257181973 673.697998046875 45.26904296875 0 0
20 4.8 109.89272054036458 77.84020641665413 673.697998046875 44.743896484375 191.2732204861111 36
30 6.5 114.10211838942308 78.19267396686976 673.697998046875 44.743896484375 144.77007765997024 84
40 5.4 118.1995849609375 78.48309649936809 673.697998046875 44.743896484375 131.39143770973155 149
50 4.4 123.63312877308239 77.25761774885936 673.697998046875 44.743896484375 127.88227490955973 203
60 6.3 133.99974035838292 88.21281639823397 673.697998046875 44.743896484375 127.12534199455972 247
70 6.2 144.0377669795867 115.86131041323448 743.364013671875 44.743896484375 128.52239714591735 310
80 6 111.06031901041666 74.35654617243566 743.364013671875 44.743896484375 131.10829211819558 372
90 5.9 111.79115631620763 76.7534445800151 743.364013671875 44.30322265625 128.32385140878185 432
100 5.6 122.11416190011161 83.03435514483644 743.364013671875 44.30322265625 126.33723427953159 491
110 7 126.53338099888393 80.24086304868518 743.364013671875 44.30322265625 125.90489048931673 547
120 5 114.7023583984375 84.24567475872757 743.364013671875 44.2099609375 125.97619411276844 617
130 9.6 127.06908162434895 79.96708024468677 743.364013671875 44.2099609375 125.13107899175412 667
140 11.1 147.711329004786 106.61980517968425 757.93115234375 44.2099609375 125.37491680660223 763
150 10.9 137.25516279028093 94.61430884197507 757.93115234375 44.2099609375 128.21169226884297 874
160 10.1 141.78893680383672 95.17741950114481 757.93115234375 44.2099609375 129.21447791160668 983
170 14.2 138.3333602690361 98.4347153312639 757.93115234375 44.2099609375 130.38608339879787 1084
180 13.2 131.9072968454072 79.21375043380596 757.93115234375 44.2099609375 131.30656734298532 1226
190 11.8 143.84506173861223 90.0970142806741 757.93115234375 44.2099609375 131.36495931229288 1358
200 12.3 132.21791237931922 83.34922358830389 757.93115234375 44.2099609375 132.36269107808263 1476
210 10.8 136.23764151114003 95.69136125149313 757.93115234375 44.2099609375 132.35155425510084 1599
220 11.4 130.73295941269194 86.36066003964444 757.93115234375 44.2099609375 132.59742269309277 1707
230 10.2 137.80451516544116 81.45543036342936 757.93115234375 44.2099609375 132.4807017628535 1821
240 15.9 139.41299227348665 81.81904316525502 757.93115234375 44.2099609375 132.76308812118108 1923
250 15.5 139.19909274193554 90.48541200527268 757.93115234375 44.2099609375 133.270933827337 2082
260 17.8 145.71444873595496 92.8712950297288 757.93115234375 44.2099609375 133.68169137394528 2237
270 18 133.97765842013897 81.1014683842096 757.93115234375 44.2099609375 134.56857783789468 2415
280 19.8 150.47717038549567 95.81262017628163 757.93115234375 44.2099609375 134.5275892077613 2595
290 19 147.2603913959704 96.83963326069109 757.93115234375 44.2099609375 135.65827917310017 2793
300 19.5 139.22188877203521 84.35186735437699 757.93115234375 44.2099609375 136.39726721277341 2983
310 17.7 141.53554246115814 91.02643351420942 757.93115234375 44.2099609375 136.5705841429358 3178
320 19.6 143.9527812101404 93.83016241429007 757.93115234375 44.2099609375 136.83252084109537 3355
330 16.7 139.66241637818112 83.57622926125131 757.93115234375 44.2099609375 137.22552873530344 3551
340 15.5 140.8379804057459 87.09251355370509 757.93115234375 44.2099609375 137.33498549602442 3718
350 20.5 139.17605992759133 83.30488872815218 757.93115234375 44.2099609375 137.47517764965386 3873
360 20.2 139.7965885577815 84.53241050161697 757.93115234375 44.2099609375 137.56068055965318 4078
370 18.1 137.337117737828 83.48094978904071 757.93115234375 44.2099609375 137.66620705863025 4280
380 21.2 147.850648124263 87.8557116478104 757.93115234375 44.2099609375 137.65285463382298 4461
390 24.8 151.8829611501386 96.04114001486272 757.93115234375 44.2099609375 138.1154979507443 4673
400 22.7 143.11164432475212 84.4264178256715 757.93115234375 44.2099609375 138.80932661838295 4921
410 20.5 150.41941692073175 90.87398275514298 757.93115234375 44.2099609375 138.9990364317757 5148
420 25.1 146.01093769453436 90.01693199534022 757.93115234375 44.2099609375 139.43639454876353 5353
430 27.7 149.9666329394179 91.32506188565957 757.93115234375 44.2099609375 139.73086462898988 5604
440 26.6 149.12646484375014 86.06674809755829 757.93115234375 44.2099609375 140.21297784476755 5881
450 24.1 147.97689274831424 87.08441709617783 757.93115234375 44.2099609375 140.59869242777216 6147
460 22.6 147.56871802405965 90.95325240392057 757.93115234375 44.2099609375 140.87704970348454 6388
470 26.2 151.5465115845659 95.28172330023911 757.93115234375 44.2099609375 141.10570362553625 6614
480 26.4 146.21725278912174 90.12550171511117 757.93115234375 44.2099609375 141.5035354587628 6876
490 28.1 141.23012730065625 83.91695065046102 757.93115234375 44.2099609375 141.67782416677608 7140
500 26.5 156.46434809846707 98.04416789019734 757.93115234375 44.2099609375 141.66087189358115 7421
510 28.3 148.7012408900176 91.8228396918059 757.93115234375 44.2099609375 142.17127017543058 7686
520 29.8 156.1380213795092 91.67016424886506 757.93115234375 44.2099609375 142.403166487669 7969
530 31.8 156.1675580102692 89.42190901247415 757.93115234375 44.2099609375 142.89826588984252 8267
540 30.1 159.18355725057086 93.48600246722835 757.93115234375 44.2099609375 143.38977839937027 8585
550 29.9 163.79124016905308 107.77434219146207 758.22900390625 44.2099609375 143.92476910769926 8886
560 29.1 158.09189335669026 105.63360351857794 861.93896484375 44.2099609375 144.57148384339277 9185
570 31.4 152.08714032021302 89.55037972718553 861.93896484375 44.2099609375 144.98668426217384 9476
580 29.3 150.32757755839378 89.79583108256307 861.93896484375 44.2099609375 145.2144210550466 9790
590 29.7 154.90958576651937 97.60822017063272 861.93896484375 44.2099609375 145.36300330789604 10083
600 31.5 166.94113188244046 101.83088489250179 861.93896484375 44.2099609375 145.6361569678393 10380
610 38.2 193.41285266177192 148.87469477695302 1270.1181640625 44.2099609375 146.26365272268728 10695
620 41.1 313.09511920715494 307.50201183337396 2152.005126953125 44.2099609375 147.88963397905005 11077
630 42.1 172.52139043015129 118.98706634828636 2152.005126953125 44.2099609375 153.8001018088508 11488
640 46 207.27207827360726 133.17286436690844 2152.005126953125 44.2099609375 154.4619258502957 11909
650 47.4 326.920262332707 283.506101598027 2152.005126953125 44.2099609375 156.4259221405959 12369
660 45.3 1005.214038570985 797.086914217754 4900.316162109375 44.2099609375 162.7184018767215 12843
670 50.1 480.5498699865899 665.2381510483133 6183.453125 44.2099609375 191.42256278394936 13296
680 47.2 171.94083727820444 102.15282181982597 6183.453125 44.2099609375 201.921423471673 13797
690 46.9 190.52118765824895 123.30293014425736 6183.453125 44.2099609375 200.92970459275247 14269
700 42.8 175.49273168260805 102.05633050150185 6183.453125 44.2099609375 200.5984795661354 14738
710 42.5 175.74750287224265 113.04074680091635 6183.453125 44.2099609375 199.8899697353198 15166
720 50.6 204.3295444895627 124.08254114437884 6183.453125 44.2099609375 199.23186259550786 15591
730 41.7 169.93274891805314 104.74846272799819 6183.453125 44.2099609375 199.39210531392692 16097
740 45.9 187.441563159552 130.73807248304698 6183.453125 44.2099609375 198.6482182110397 16514
750 40.3 152.99223414721632 94.94882476478219 6183.453125 44.2099609375 198.34515719244354 16973
760 46.3 209.88997958288329 147.88224644051607 6183.453125 44.2099609375 197.29329094087663 17376
770 44.5 189.8630546655547 125.23704865128306 6183.453125 44.2099609375 197.62023005412564 17839
780 50.1 190.6895700785929 116.35423489960118 6183.453125 44.2099609375 197.43143421908331 18284
790 46.8 180.30750920222363 111.1318826724992 6183.453125 44.2099609375 197.25162724892704 18785
800 47 189.1856434923538 127.09964888783647 6183.453125 44.2099609375 196.83975132071546 19253
810 47.2 185.08167072878044 123.49591357669898 6183.453125 44.2099609375 196.65735357801253 19723
820 43.7 191.58105636352258 121.19445552357315 6183.453125 44.2099609375 196.38680530839937 20195
830 48.2 207.4050758963304 150.62003274798647 6183.453125 44.2099609375 196.28501622886705 20632
840 49.4 215.9081141668776 147.3936679028496 6183.453125 44.2099609375 196.53887001117818 21114
850 42.4 174.6428314784787 106.66136236899854 6183.453125 44.2099609375 196.9816877922276 21608
860 44.9 205.22687134604678 159.24910720109884 6183.453125 44.2099609375 196.5517824238076 22032
870 46.3 186.22065408595435 124.28420005960781 6183.453125 44.2099609375 196.7250449533252 22481
880 49.1 206.57829654483834 130.40921011533635 6183.453125 44.2099609375 196.51307088726904 22944
890 39.3 155.44723704874357 90.66474115083524 6183.453125 44.2099609375 196.72395314875257 23435
900 44.6 176.32021725231218 111.89079559043674 6183.453125 44.2099609375 196.04316796211066 23828
910 47.9 177.17651061374602 107.96296308509646 6183.453125 44.2099609375 195.68078697765938 24274
920 43.2 170.72419851797605 102.54118155599002 6183.453125 44.2099609375 195.32270721446648 24753
930 46.4 173.4662417707772 108.26970339402335 6183.453125 44.2099609375 194.9007673392676 25185
940 41.6 161.8693630511944 97.64331728202961 6183.453125 44.2099609375 194.5130087574991 25649
950 46 185.62964822520388 122.13324756146035 6183.453125 44.2099609375 193.9920129158025 26065
960 43.6 165.8579084763834 95.97330528966064 6183.453125 44.2099609375 193.846991699679 26525
970 48.8 180.34823858542515 111.02840878953752 6183.453125 44.2099609375 193.39436604464555 26961
980 44.2 192.7172437296734 142.7883659323706 6183.453125 44.2099609375 193.16242644028475 27449
990 45.2 177.9185672186117 114.620574274016 6183.453125 44.2099609375 193.15537144913742 27891
1000 51.2 322.1834764480589 249.4638180547517 6183.453125 44.2099609375 192.9123825096392 28343
1010 45.8 176.70760108914433 102.01727555220454 6183.453125 44.2099609375 195.2061548228075 28855
1020 41.2 175.1211648589199 122.22323109060423 6183.453125 44.2099609375 194.91712478118714 29313
1030 40.2 160.2997919338854 95.685864027793 6183.453125 44.2099609375 194.64274511800886 29725
1040 49.7 189.86702785069795 116.42434109248681 6183.453125 44.2099609375 194.1844894941493 30127
1050 45 178.23502712673593 110.56906861743673 6183.453125 44.2099609375 194.11442097152664 30624
1060 43.6 168.68202979411546 100.90505006778552 6183.453125 44.2099609375 193.88446257446944 31074
1070 45.3 162.91985127362727 100.69276671250886 6183.453125 44.2099609375 193.53573960740394 31510
1080 42.8 197.05257579767814 145.00416331464368 6183.453125 44.2099609375 193.1018317321982 31963
1090 47.5 171.5608876439145 99.52416780505604 6183.453125 44.2099609375 193.15403507448542 32391
1100 46.1 187.98604214682751 121.30261753163731 6183.453125 44.2099609375 192.84195739452676 32866
1110 46.3 176.58509276289152 104.80873942455024 6183.453125 44.2099609375 192.77478732433775 33327
1120 47.6 216.55539376395097 172.5111183233944 6183.453125 44.2099609375 192.55295161608237 33790
1130 50.2 210.7107833315177 178.21778481147538 6183.453125 44.2099609375 192.88637724096958 34266
1140 46 167.57655931555698 98.70379996169589 6183.453125 44.2099609375 193.14373607258068 34768
1150 39.7 153.69045736087048 88.62002981894652 6183.453125 44.2099609375 192.80988512139893 35228
1160 47.3 186.39257296346466 119.11748626519174 6183.453125 44.2099609375 192.3739437088816 35625
1170 51.5 208.4895602624393 153.28440381355045 6183.453125 44.2099609375 192.29556849799508 36098
1180 46.2 196.5023711233428 130.23312392723938 6183.453125 44.2099609375 192.52335386818294 36613
1190 52.8 268.2023652972596 194.3793423163952 6183.453125 44.2099609375 192.57293730639964 37075
1200 52 435.7475759652945 375.96210730470773 6183.453125 44.2099609375 193.6348828421062 37603
1210 48.1 1804.2623907711798 1143.178787295624 7202.404052734375 44.2099609375 196.93731445619895 38123
1220 55 2578.3273330965903 1699.904613098898 9921.89404296875 44.2099609375 216.96434175149233 38604
1230 54.6 3058.0758530613275 2648.9000949520305 15602.70703125 44.2099609375 250.13463457571984 39154
1240 55.1 3730.242943848543 3840.2685872556544 22297.098876953125 44.2099609375 288.7526674546403 39700
1250 54.7 4648.5428933208195 4561.479002334155 27694.909912109375 44.2099609375 335.8635750667006 40251
1260 54.5 4761.223493495561 4588.669676258927 34929.487060546875 44.2099609375 393.68590917829926 40798
1270 54.4 4989.586305954879 4797.836828670374 34929.487060546875 44.2099609375 451.2605405174113 41343
1280 51.6 4817.73189621563 4241.066579901244 34929.487060546875 44.2099609375 510.20124327478186 41887
1290 57.1 5077.502873676257 4675.434206721792 34929.487060546875 44.2099609375 562.6193697497359 42403
1300 55 5352.786153231532 4090.187629221547 36810.47509765625 0.77392578125 622.6090956477684 42974
1310 58.7 5740.245329718772 4888.480620264402 37667.075927734375 0.77392578125 682.3829533279235 43524
1320 57.5 4994.282055027179 4409.126219274089 37667.075927734375 0.651123046875 749.6896390739149 44111
1330 62.6 5340.358630488098 4819.210180626828 37667.075927734375 0.651123046875 804.3072069737744 44686
1340 63.6 4861.594358816089 4578.930895996634 37667.075927734375 0.651123046875 866.9742309656522 45312
1350 55.7 5866.398228862768 4943.317820504854 37667.075927734375 0.651123046875 922.2667007426365 45948
1360 54.4 5146.323043823238 4307.853023489761 37667.075927734375 0.651123046875 981.4835862638259 46505
1370 55.2 5533.054710941039 4707.757167396355 37667.075927734375 0.651123046875 1029.6391828740052 47049
1380 56.1 5686.398421398032 5043.355196976151 45068.93701171875 0.651123046875 1081.8625683384494 47601
1390 57.4 5507.511821255032 4795.581038450658 45068.93701171875 0.651123046875 1135.497064695877 48162
1400 59.3 5363.677079765231 4694.5208377602075 45068.93701171875 0.651123046875 1186.9895234587002 48736
1410 65 4894.166698091946 4603.710090840327 45068.93701171875 0.585205078125 1237.1988469983983 49329
1420 64.8 5086.206219331722 5049.795877824997 45068.93701171875 0.585205078125 1284.7594044967639 49979
1430 65.1 5066.225759573619 4719.947701408294 45068.93701171875 0.585205078125 1333.4160014907206 50627
1440 59.1 5554.874800473903 4799.932908492373 45068.93701171875 0.567138671875 1380.8058987665888 51278
1450 56.8 5427.526980118013 4502.9036487628555 45068.93701171875 0.567138671875 1428.3656111363862 51869
1460 60.4 5065.9655701087795 4403.771239319374 45068.93701171875 0.567138671875 1471.6847113439032 52437
1470 62.1 5295.637309641078 4572.360773502787 45068.93701171875 0.567138671875 1512.6142873076667 53041
1480 56 5516.369672066828 4693.416264833404 45068.93701171875 0.567138671875 1556.3930748457578 53662
1490 56.7 5507.755388317075 4639.385990023415 45068.93701171875 0.567138671875 1597.2913614165925 54222
1500 55.9 6052.521148081118 4915.760532920468 45068.93701171875 0.567138671875 1637.7599427605226 54789
1510 63 5093.511429656502 4411.785892473843 45068.93701171875 0.567138671875 1682.3478504315171 55348
1520 60.1 5045.791544528653 4375.408506429307 45068.93701171875 0.567138671875 1720.7385227476366 55978
1530 57 5404.131891190382 4899.728436235411 52252.0478515625 0.551025390625 1756.0582856648036 56579
1540 60.4 5499.645234569024 5066.600773352714 52252.0478515625 0.551025390625 1792.4439084254743 57149
1550 58.7 5348.770498662426 4929.813952509464 52252.0478515625 0.551025390625 1831.2150476042304 57753
1560 61.6 5187.816558441561 4497.284773985161 52252.0478515625 0.551025390625 1866.607660730236 58340
1570 60 5397.8716251627575 4850.600059059528 52252.0478515625 0.551025390625 1901.3092124126802 58956
1580 56.3 5525.751056352683 4781.237978496293 52252.0478515625 0.551025390625 1936.5355111508434 59556
1590 64.5 5033.402354726869 4760.886880090785 52252.0478515625 0.551025390625 1970.1476529354477 60119
1600 62 5215.726975176407 4950.497251268158 52252.0478515625 0.551025390625 2002.6636045294092 60764
1610 59.6 5225.208036896366 4451.098469567509 52252.0478515625 0.551025390625 2035.116675196051 61384
1620 62.8 5262.272521583898 5214.834544219184 52252.0478515625 0.551025390625 2065.7926102004617 61980
1630 59 5658.431379104874 5213.203792337029 52252.0478515625 0.551025390625 2097.855435787428 62608
1640 59.2 5222.260806521855 4270.869833986327 52252.0478515625 0.551025390625 2131.096041606557 63198
1650 63.7 5132.496703909929 5096.82487697096 52252.0478515625 0.551025390625 2159.7834462284386 63790
1660 65 4999.649898587741 4497.185364836391 52252.0478515625 0.551025390625 2189.1751351964663 64427
1670 61.3 5373.874144910403 4995.696006300033 52252.0478515625 0.551025390625 2217.2466289070603 65077
1680 62.5 5298.119805859378 4598.551245350608 52252.0478515625 0.551025390625 2246.7033600276272 65690
1690 62.8 4841.922758649113 4259.668649237499 52252.0478515625 0.551025390625 2275.4620915159007 66315
1700 66.5 4828.823488530898 4632.426870883595 52252.0478515625 0.551025390625 2299.5383548886157 66943
1710 65.2 4865.824487604252 4475.765233735396 52252.0478515625 0.551025390625 2324.416691977009 67608
1720 64.4 4975.295940138536 4713.603698851489 52252.0478515625 0.551025390625 2348.691492486077 68260
1730 55.3 5737.10888936766 5388.998748761579 52252.0478515625 0.551025390625 2373.240622642355 68904
1740 57.6 5773.153086768258 4781.7700037878885 52252.0478515625 0.551025390625 2400.022936181654 69457
1750 54.8 5617.804545827157 4616.009670590403 52252.0478515625 0.551025390625 2427.765899737947 70033
1760 54.6 5577.269521412835 4508.800489869366 52252.0478515625 0.551025390625 2452.5337718006394 70581
1770 53.7 5618.202844488331 4691.373465045851 52252.0478515625 0.551025390625 2476.5205239382 71127
1780 52.7 5433.197173435278 4329.341613199432 52252.0478515625 0.551025390625 2500.06209859403 71664
1790 65.7 4856.310052648165 4571.815779991796 52252.0478515625 0.551025390625 2521.4742162325356 72191
1800 68.9 4774.845338862931 4752.337853467232 52252.0478515625 0.551025390625 2542.5315842388645 72848
1810 70.1 4853.444713815649 4987.221527867333 52252.0478515625 0.551025390625 2563.4470985641155 73537
1820 70.4 4218.11463199962 4228.97959081859 52252.0478515625 0.551025390625 2585.070638103049 74238
1830 81.2 4279.614290284398 5020.862808742091 52252.0478515625 0.551025390625 2600.4113412028223 74942
1840 79 3896.4839704682554 4315.6322369500085 52252.0478515625 0.551025390625 2618.410559655369 75754
1850 82.4 4132.403405346919 4949.004571704237 52252.0478515625 0.551025390625 2631.601377936909 76544
1860 73.9 4355.4204742472875 4580.049154598581 52252.0478515625 0.551025390625 2647.5855169942174 77368
1870 77 4272.543472567475 5019.773029961191 52252.0478515625 0.551025390625 2663.743992334584 78107
1880 78.4 4206.851919368812 4568.032657772386 52252.0478515625 0.551025390625 2679.44914846095 78877
1890 80.7 4038.087417167654 4674.202804420907 52252.0478515625 0.551025390625 2694.481394759537 79661
1900 69.2 4386.512468459284 4649.407976355547 52252.0478515625 0.551025390625 2707.956192941216 80468
1910 72 4804.014487372511 5519.35235707237 52252.0478515625 0.551025390625 2722.2681808990587 81160
1920 60.5 5315.81076720687 4829.579417787799 52252.0478515625 0.551025390625 2740.573717546114 81880
1930 68.5 4763.4475593065645 4784.8713759514085 52252.0478515625 0.551025390625 2759.4622235174393 82485
1940 72.3 4489.302044162778 4712.597308637686 52252.0478515625 0.551025390625 2775.967332992196 83170
1950 77.1 4271.168106178054 4722.920042016762 52252.0478515625 0.551025390625 2790.7330583349108 83893
1960 78.4 4284.829788208001 4905.109659934288 52252.0478515625 0.551025390625 2804.214767466148 84664
1970 72.2 4505.916160351021 4645.623634110347 52252.0478515625 0.551025390625 2817.799663265483 85448
1980 73.4 4310.052620952727 4778.7776846048955 52252.0478515625 0.551025390625 2831.9440303409824 86170
1990 69.7 4832.058819326133 5522.898275262686 57589.580078125 0.551025390625 2844.4282854444186 86904
2000 80.8 4047.163129145556 4885.223531554049 57589.580078125 0.551025390625 2860.242927767172 87601
2010 70.1 4666.336234578385 4923.120151251573 57589.580078125 0.551025390625 2871.0905962479123 88409
2020 68.6 4482.319771191124 4656.711852850335 57589.580078125 0.551025390625 2885.213222131311 89110
2030 69.3 4880.137350415421 5033.742762466902 57589.580078125 0.551025390625 2897.414379116645 89796
2040 69.5 4500.630683031701 4480.635680105882 57589.580078125 0.551025390625 2912.59884373787 90489
2050 68.6 4821.760304442643 4970.856091465578 57589.580078125 0.551025390625 2924.7027449519996 91184
2060 69.6 4580.23552589855 4601.886008394493 57589.580078125 0.551025390625 2938.8682123059843 91870
2070 82.1 4023.4787541155983 4686.626486345029 57589.580078125 0.551025390625 2951.209586571486 92566
2080 73 4403.993038647789 4431.703780255663 57589.580078125 0.551025390625 2960.6363053498353 93387
2090 78.9 4198.133673644939 4662.449555299918 57589.580078125 0.551025390625 2971.831417978877 94117
2100 84.1 3833.4292604716297 4782.412033901211 57589.580078125 0.551025390625 2982.0262684595687 94906
2110 78.7 4063.166079529659 4809.165167860863 57589.580078125 0.551025390625 2989.5046219983965 95747
2120 72.5 4420.325809536638 4776.657276572639 57589.580078125 0.551025390625 2998.257720047551 96534
2130 75.8 4445.942784130726 5130.7345620242295 57589.580078125 0.551025390625 3008.8582749049897 97259
2140 76.2 4424.075589397757 5169.506333103431 57589.580078125 0.551025390625 3019.9717558112925 98017
2150 74.9 4285.709070427233 4548.505152761573 57589.580078125 0.551025390625 3030.8032799327443 98779
2160 78.1 4111.291866209696 4478.033523105259 57589.580078125 0.551025390625 3040.2470991301598 99528
2170 76.1 4235.361254337431 5111.112402532729 57589.580078125 0.551025390625 3048.5861909672744 100309
2180 72.7 4634.340082517523 5011.0023198939825 57589.580078125 0.551025390625 3057.5219367199675 101070
2190 67.7 4810.884020581375 4734.900202433287 57589.580078125 0.551025390625 3068.7830425678294 101797
2200 72.5 4442.272161570583 4894.11200012163 57589.580078125 0.551025390625 3080.2923265043905 102474
2210 69.3 4690.068630994656 4702.908905957987 57589.580078125 0.551025390625 3089.8605915110575 103199
2220 75.8 4380.215282752202 4886.9014217920785 57589.580078125 0.551025390625 3100.5346007837843 103892
2230 77.9 4129.5176270158 4728.100928237718 57589.580078125 0.551025390625 3109.8035731386058 104650
2240 78.8 4178.934144305694 4827.034711560321 57589.580078125 0.551025390625 3117.3380963529994 105429
2250 78.7 4200.329807615944 4871.866160899007 57589.580078125 0.551025390625 3125.2138383320303 106217
2260 70.3 4621.900601426356 4800.565959513848 57589.580078125 0.551025390625 3133.121171402069 107004
2270 66 4845.098744895241 4890.1969416395805 57589.580078125 0.551025390625 3142.8383851329045 107707
2280 70.5 4346.2968528368765 4360.060553096423 57589.580078125 0.551025390625 3153.205857125699 108367
2290 73.2 4495.391313730041 5076.797689613529 57589.580078125 0.551025390625 3160.9175443779395 109072
2300 77 4409.343890460128 5051.016249448307 57589.580078125 0.551025390625 3169.813712087365 109804
2310 74.6 4245.118963573959 4471.18041547708 57589.580078125 0.551025390625 3178.4453817144654 110574
2320 74.5 4375.532425807466 4777.338577143593 57589.580078125 0.551025390625 3185.59358951241 111320
2330 77.1 4281.492201432806 4852.861119148211 57589.580078125 0.551025390625 3193.5042166755725 112065
2340 72.2 4628.185848838406 4979.82226720001 57589.580078125 0.551025390625 3200.938357696593 112836
2350 72.6 4438.839792971439 4783.228944526559 57589.580078125 0.5478515625 3210.012775074535 113558
2360 66.2 4673.705405981517 4379.557609092728 57589.580078125 0.5478515625 3217.8190157993363 114284
2370 76.8 4279.09958235423 4988.727998319687 57589.580078125 0.5478515625 3226.2037946546297 114946
2380 79.5 4115.696306874022 4505.493633643466 57589.580078125 0.5478515625 3233.1919202483637 115714
2390 80.8 4047.8650509673803 4912.648682860712 57589.580078125 0.5478515625 3239.2136952817723 116509
2400 82.8 4023.720812516517 4912.849559639931 57589.580078125 0.5478515625 3244.7831378637848 117317
2410 84.9 3964.7824836434397 4635.636156170649 57589.580078125 0.5478515625 3250.242195755464 118145
2420 95.1 3328.266233426165 4113.130159270252 57589.580078125 0.5478515625 3255.3403074620787 118994
2430 98.2 3304.6599991248736 4486.770613964193 57589.580078125 0.5478515625 3255.91851043504 119945
2440 89.8 3616.604832570643 4667.430412219553 57589.580078125 0.5478515625 3256.314320650239 120927
2450 82.7 4268.505069386717 5631.963428707054 57589.580078125 0.5478515625 3258.9701046002046 121825
2460 88.1 3634.514657859499 4566.583785117392 57589.580078125 0.5478515625 3265.777049581766 122652
2470 100 3340.404269775391 4431.676630248822 57589.580078125 0.5478515625 3268.4067746988817 123533
2480 98.9 3273.823675419852 4452.753994296661 57589.580078125 0.5478515625 3268.9849145901276 124533
2490 81.6 4091.7642170027175 5001.95194860237 57589.580078125 0.5478515625 3269.023039655539 125522
2500 91 3374.7132047883747 4292.29029684942 57589.580078125 0.5478515625 3274.3370132875048 126338
2510 89.6 3612.621700014387 4650.363359323177 57589.580078125 0.5478515625 3275.0548425207016 127248
2520 95.7 3606.0396293552462 5014.145549087373 57589.580078125 0.5478515625 3277.4151551714253 128144
2530 82.7 3921.3211048499847 4584.756645387058 57589.580078125 0.5478515625 3279.851182946531 129101
2540 92.1 3390.0580996369436 4125.778282283597 57589.580078125 0.5478515625 3283.934179878787 129928
2550 87 3818.3304244118176 4942.042399700129 57589.580078125 0.5478515625 3284.681148752047 130849
2560 84.2 3839.1750911612976 4837.575804578022 57589.580078125 0.5478515625 3288.2058860323486 131719
2570 84.1 3963.6168841385784 4750.857646911426 57589.580078125 0.5478515625 3291.705528240227 132561
2580 86.9 3876.1393857545495 4888.697399502349 57589.580078125 0.5439453125 3295.9414276293705 133402
2590 92.6 3557.3428707246394 4505.536733593053 57589.580078125 0.5439453125 3299.69646055242 134271
2600 91.9 3574.558904305377 4670.794481155466 57589.580078125 0.5439453125 3301.4611489391405 135197
2610 93.1 3572.8880876158028 4433.397121348988 57589.580078125 0.5439453125 3303.3049941680747 136116
2620 91.5 3471.640815509733 4508.569763965907 57589.580078125 0.5439453125 3305.136350272184 137047
2630 94.5 3468.6667356460803 4727.571936910506 57589.580078125 0.5439453125 3306.240651352861 137962
2640 92.6 3633.0169656642315 4632.805633655162 57589.580078125 0.5439453125 3307.3456543380025 138907
2650 87.1 3783.675516927832 4741.306760093583 57589.580078125 0.5439453125 3309.502310022198 139833
2660 86.4 3848.0126619692205 4631.8875294454965 57589.580078125 0.5439453125 3312.437584521962 140704
2670 86.4 3620.6578566939734 4283.8888089431 57589.580078125 0.5439453125 3315.7062389277203 141568
2680 83.7 3635.3348165532584 4388.418874861946 57589.580078125 0.5439453125 3317.556091473146 142432
2690 92.7 3777.5320722298093 4967.68664956062 57589.580078125 0.541015625 3319.4126046957695 143269
2700 84.1 4164.203717207939 5331.060721891128 60858.64599609375 0.541015625 3322.3577401114817 144196
2710 86.8 3602.8645978655127 4273.068881705768 60858.64599609375 0.541015625 3327.2392011644415 145037
2720 88.6 3661.111118704147 4725.80956301236 60858.64599609375 0.541015625 3328.878917722041 145905
2730 89.9 3755.113247303862 4779.673665747612 60858.64599609375 0.541015625 3330.884202310811 146791
2740 89.7 3544.3999135029094 4566.120988371588 60858.64599609375 0.541015625 3333.4665160182303 147690
2750 85.6 3725.6688526189205 4748.248019288266 60858.64599609375 0.541015625 3334.739892945847 148587
2760 84.1 3872.85411625158 4636.385361504648 60858.64599609375 0.541015625 3336.979109165276 149443
2770 90.8 3604.7194463923124 4692.340373684052 60858.64599609375 0.541015625 3339.977903986811 150284
2780 89.2 3622.524255590054 4519.081572818561 60858.64599609375 0.541015625 3341.5678381136445 151192
2790 93.5 3572.0188949176977 4570.367213290987 60858.64599609375 0.541015625 3343.2156980094187 152084
2800 91.4 3430.8320133534803 4455.255506560426 60858.64599609375 0.541015625 3344.6137661519974 153019
2810 94.6 3627.7662340611787 5227.47154261413 60858.64599609375 0.541015625 3345.125699772093 153933
2820 92.4 3467.8632587911775 4420.854043556356 60858.64599609375 0.541015625 3346.8520664547127 154879
2830 88.5 3837.83996568238 4710.248085457484 60858.64599609375 0.541015625 3347.56973133741 155803
2840 86.9 3654.329732001582 4623.099511127157 60858.64599609375 0.541015625 3350.338859524605 156688
2850 100.1 3356.0268259572467 4602.0356847353105 60858.64599609375 0.541015625 3352.015510312463 157557
2860 92.3 3539.2174311645113 4585.06862242624 60858.64599609375 0.541015625 3352.0408343387526 158558
2870 96.3 3440.2296306099097 4502.484344069066 60858.64599609375 0.541015625 3353.1241232500975 159481
2880 91.1 3554.1795146452214 4471.0970164312175 60858.64599609375 0.541015625 3353.6469387096186 160444
2890 89.1 3569.179598173575 4705.907673747916 60858.64599609375 0.541015625 3354.77913279519 161355
2900 85.6 3781.7423332428275 4820.4522733216145 60858.64599609375 0.541015625 3355.9565474288456 162246
2910 82.2 4253.281648881822 5543.21597886777 60858.64599609375 0.541015625 3358.1911774925898 163102
2920 91.3 3526.822439438151 4304.315410949869 60858.64599609375 0.541015625 3362.679625599529 163924
2930 93.6 3349.953640407985 4430.475528154483 60858.64599609375 0.541015625 3363.588780637747 164837
2940 87.2 3793.3188479362284 4933.6921502569885 60858.64599609375 0.541015625 3363.5117928818695 165773
2950 92.9 3574.125839381224 4566.142846834806 60858.64599609375 0.541015625 3365.760835769489 166645
2960 87.8 3861.8537052649845 4866.508554899221 60858.64599609375 0.541015625 3366.9159737285718 167574
2970 84.3 3865.43353727619 4801.0702532317455 60858.64599609375 0.534912109375 3369.4956719707357 168452
2980 89.8 3538.05663328447 4535.521327010354 60858.64599609375 0.534912109375 3371.9651815277366 169295
2990 101.6 3149.663010003999 4416.533451155623 60858.64599609375 0.534912109375 3372.8415402715013 170193
3000 99.4 3447.741450411454 5040.7308601909035 60858.64599609375 0.534912109375 3371.5171391783824 171209
3010 100.5 3153.4886320351375 4374.352238794246 60858.64599609375 0.534912109375 3371.957125504786 172203
3020 99.3 3349.2305520971017 4510.128471133781 60858.64599609375 0.534912109375 3370.689511792157 173208
3030 108.4 3056.3187226580503 4354.721350108528 60858.64599609375 0.534912109375 3370.5671890329468 174201
3040 110.8 2895.997709088375 4190.3894295946475 60858.64599609375 0.534912109375 3368.623809179848 175285
3050 103 3187.071578475805 4658.4788626645195 60858.64599609375 0.534912109375 3365.655042171513 176393
3060 109.4 2944.283209373569 4450.5136873353 60858.64599609375 0.534912109375 3364.618305290688 177423
3070 105.3 3171.7749257608475 4616.677397717949 60858.64599609375 0.534912109375 3362.042379216794 178517
3080 108.6 3097.2493338962504 4455.692890083008 60858.64599609375 0.534912109375 3360.926649259178 179570
3090 108.9 2996.9912273032164 4461.57043577558 60858.64599609375 0.534912109375 3359.3415728460827 180656
3100 99.7 3214.3884088789805 4690.424495416652 60858.64599609375 0.534912109375 3357.170401555009 181745
3110 107.6 3090.5028981488854 4416.420863403114 60858.64599609375 0.534912109375 3356.391414531238 182742
3120 105.9 3103.225622362633 4583.705747240113 60858.64599609375 0.534912109375 3354.835005237113 183818
3130 106.7 3103.279059598684 4567.714013499041 60858.64599609375 0.534912109375 3353.393753288715 184877
3140 115.1 2945.6399010625964 4588.534347370869 60858.64599609375 0.534912109375 3351.958523444421 185944
3150 107.6 3114.3694360442328 4654.145201761742 60858.64599609375 0.534912109375 3349.4588696088754 187095
3160 106.2 3107.869668676803 4458.190069227673 60858.64599609375 0.534912109375 3348.114580475504 188171
3170 99 3194.9650321575127 4134.082891952992 60858.64599609375 0.534912109375 3346.7662950478557 189233
3180 99.8 3263.4194984206683 4517.7004680057835 60858.64599609375 0.534912109375 3345.9762578270074 190223
3190 104.5 3226.8007525138314 4803.477985516893 60858.64599609375 0.534912109375 3345.5453865007016 191221
3200 107.8 3021.839084830486 4487.79255450413 60858.64599609375 0.534912109375 3344.8999882372736 192266
3210 101.7 3264.1780889430474 4639.152891445617 60858.64599609375 0.534912109375 3343.0987445789624 193344
3220 102.2 3009.553240572636 4173.79129782836 60858.64599609375 0.534912109375 3342.6857897846276 194361
3230 105 3157.939410574776 4903.237268291768 60858.64599609375 0.534912109375 3340.9432560672894 195383
3240 103.7 3317.4514699290303 4667.492738814425 60858.64599609375 0.534912109375 3339.9650393839056 196433
3250 100.9 3084.8361627675154 4343.664990401632 60858.64599609375 0.534912109375 3339.846810936421 197470
3260 110.1 3021.158221973278 4667.082808720713 60858.64599609375 0.534912109375 3338.5504231875793 198479
3270 105.2 3112.5959217376117 4513.543547020652 60858.64599609375 0.533935546875 3336.7995021857905 199580
3280 92.8 3557.730243025155 4611.043324272805 60858.64599609375 0.533935546875 3335.623906235835 200632
3290 103.1 3162.673097123925 4573.071828214854 60858.64599609375 0.533935546875 3336.6465033808067 201560
3300 108.8 3058.0883721744294 4508.132884381046 60858.64599609375 0.533935546875 3335.7611403496217 202591
3310 109.1 2975.133976587563 4417.243521652546 60858.64599609375 0.533935546875 3334.277884973394 203679
3320 106.8 3060.747216842596 4475.298042206789 60858.64599609375 0.533935546875 3332.3643917661425 204770
3330 107.1 3139.4052134851327 4889.794733995091 64905.200927734375 0.533935546875 3330.9550934693348 205838
3340 99 3176.7263701467805 4453.44118226488 64905.200927734375 0.533935546875 3329.963595170744 206909
3350 101.9 3362.0148178265304 4601.773856748622 64905.200927734375 0.533935546875 3329.233890589319 207899
3360 95.4 3473.4023301866323 4745.860390349645 64905.200927734375 0.533935546875 3329.3937799471278 208918
3370 101 3241.843810914294 4611.228371615196 64905.200927734375 0.533935546875 3330.0483892181524 209872
3380 103.8 3149.7361536044377 4597.982355731565 64905.200927734375 0.533935546875 3329.6259414791944 210882
3390 103.5 3327.1523465806154 4755.951283496837 64905.200927734375 0.533935546875 3328.7448278522884 211920
3400 105.5 2833.005100109228 3916.143496692609 64905.200927734375 0.533935546875 3328.7370881039087 212955
3410 106.4 3270.222387787094 4952.1809209632165 64905.200927734375 0.533935546875 3326.2932899293637 214010
3420 104.2 3159.038398493733 4451.002131568352 64905.200927734375 0.533935546875 3326.015899636351 215074
3430 96.6 3359.248660512098 4595.763841057916 64905.200927734375 0.533935546875 3325.210820159632 216116
3440 100.6 3296.638737642503 4699.053101417541 64905.200927734375 0.533935546875 3325.3622862129228 217082
3450 94.2 3563.659731725219 4621.3650584826655 64905.200927734375 0.533935546875 3325.2297897442413 218088
3460 78 3058.9155154497194 4388.373693631146 64905.200927734375 0.533935546875 3326.2552246405844 219030
3470 135.1 3337.131413435069 4384.152620051487 64905.200927734375 0.533935546875 3325.306564556108 219810
3480 104.3 3196.9769864105197 4795.059302497218 64905.200927734375 0.533935546875 3325.3787986789207 221161
3490 101.9 3384.538353318204 4798.659252780223 64905.200927734375 0.533935546875 3324.776095351366 222204
3500 96.3 3125.6974073431807 4356.022051765706 64905.200927734375 0.533935546875 3325.048906579905 223223
3510 102.6 3224.073768541362 4491.900775899214 64905.200927734375 0.533935546875 3324.19258417902 224186
3520 97.1 3292.3748272661082 4417.879929306059 64905.200927734375 0.533935546875 3323.736472138612 225212
3530 97.9 3411.4362501196997 4547.2817409193085 64905.200927734375 0.533935546875 3323.601837098971 226183
3540 103.2 3272.9779305864663 4546.182043687855 64905.200927734375 0.533935546875 3323.9803770411586 227162
3550 110 2988.3405504261373 4426.988236223141 64905.200927734375 0.533935546875 3323.74972012318 228194
3560 98.3 3177.1622107070193 4090.9518428149827 64905.200927734375 0.533935546875 3322.1406501664137 229294
3570 100.7 3376.27940015594 4874.384729200167 64905.200927734375 0.533935546875 3321.5217702696436 230277
3580 104.1 3138.5529850823277 4585.785523189827 64905.200927734375 0.533935546875 3321.7601824957183 231284
3590 108.3 3012.2428252413024 4648.454935679627 64905.200927734375 0.533935546875 3320.93926915231 232325
3600 117.5 2725.76254820479 4481.492956202559 64905.200927734375 0.533935546875 3319.5069350045706 233408
3610 112.4 3021.869062430493 4604.044199695777 64905.200927734375 0.533935546875 3316.532935803905 234583
3620 123.9 2709.5388437783727 4458.048995681677 64905.200927734375 0.533935546875 3315.127792156615 235707
3630 116.2 2860.4816566769323 4597.016168509043 64905.200927734375 0.533935546875 3311.961143607829 236946
3640 123.4 2728.025528522906 4326.982158517278 64905.200927734375 0.533935546875 3309.7578612157477 238108
3650 114.6 2813.385176786785 4135.833632129603 64905.200927734375 0.533935546875 3306.758564399715 239342
3660 123.2 2637.7002246410843 4430.4933994334615 64905.200927734375 0.533935546875 3304.407486997913 240488
3670 120.3 2827.4946147002297 4375.793351789971 64905.200927734375 0.533935546875 3301.0094092748304 241720
3680 124.6 2517.1900940431246 4157.068333882301 64905.200927734375 0.533935546875 3298.664475703809 242923
3690 113.2 3061.999585909893 4658.540770680133 64905.200927734375 0.533935546875 3294.6765940335345 244169
3700 113.2 2858.4897644258654 4322.812982205983 64905.200927734375 0.533935546875 3293.6028504564765 245301
3710 122.4 2705.217229307088 4351.184134531304 64905.200927734375 0.533935546875 3291.604140813747 246433
3720 125.8 2662.3890254713615 4273.6289762571 64905.200927734375 0.533935546875 3288.706029394792 247657
3730 120.2 2813.393471005354 4599.569003824175 64905.200927734375 0.533935546875 3285.540664547613 248915
3740 113.1 2768.155735167646 4268.106789371924 64905.200927734375 0.533935546875 3283.271642743266 250117
3750 118.5 2737.4400402986544 4133.896748418017 64905.200927734375 0.533935546875 3280.952833871283 251248
3760 113.5 2902.1538617239125 4360.858315713861 64905.200927734375 0.533935546875 3278.401413651329 252433
3770 125.7 2666.3865736640455 4356.680779945182 64905.200927734375 0.533935546875 3276.7172856405487 253568
3780 127.3 2617.3689294711667 4165.454528944601 64905.200927734375 0.533935546875 3273.706648124785 254825
3790 124.7 2589.254048583789 4338.767907301467 64905.200927734375 0.533935546875 3270.444155189088 256098
3800 127 2666.8996322511653 4469.888948298187 64905.200927734375 0.533935546875 3267.1433564055997 257345
3810 127.4 2554.0913503697734 4110.146888287455 64905.200927734375 0.533935546875 3264.1956947089616 258615
3820 122.6 2617.512433050504 4271.568862203541 64905.200927734375 0.533935546875 3260.7146973035765 259889
3830 114.7 2987.176969812554 4578.963895473293 64905.200927734375 0.533935546875 3257.6947023742377 261115
3840 127.2 2605.1013530995115 4365.143496136088 64905.200927734375 0.533935546875 3256.5115960178146 262262
3850 118.9 2675.009044291092 4209.82586635253 64905.200927734375 0.533935546875 3253.3674331052794 263534
3860 114.5 2913.6504620547894 4456.984819036499 64905.200927734375 0.533935546875 3250.769743730725 264723
3870 120.4 2766.7438322048265 4334.89425542631 64905.200927734375 0.533935546875 3249.317889511643 265868
3880 119.1 2656.668444936958 4468.255360222061 64905.200927734375 0.533935546875 3247.142374425833 267072
3890 113.1 2770.4740710136207 4599.095855272857 64905.200927734375 0.533935546875 3244.520863259473 268263
3900 114.7 2963.4217428192433 4807.558180826807 64905.200927734375 0.533935546875 3242.530667033759 269394
3910 118.9 2865.2715465908154 4904.114976025687 64905.200927734375 0.533935546875 3241.3473420069645 270541
3920 115.3 3045.170905636791 4891.043532311815 64905.200927734375 0.533935546875 3239.7017595510347 271730
3930 119.3 2777.5322433433303 4330.26898391546 64905.200927734375 0.533935546875 3238.8798172733436 272883
3940 119.2 2654.046102434197 4256.4054314886525 64905.200927734375 0.533935546875 3236.8716602085206 274076
3950 118.2 2914.311010163851 4503.100435369193 64905.200927734375 0.533935546875 3234.3478359177675 275268
3960 109.7 3017.3214459623546 4358.353715344133 64905.200927734375 0.533935546875 3232.9794744489986 276450
3970 117 2762.7954481336806 4221.9166223181255 64905.200927734375 0.533935546875 3232.127089601568 277547
3980 123.8 2671.647097093029 4289.76698894808 64905.200927734375 0.533935546875 3230.1569262440494 278717
3990 108.7 2891.0567452887835 4286.003418126184 64905.200927734375 0.533935546875 3227.6871179945483 279955
4000 115.9 2822.725751927847 4310.514468630214 64905.200927734375 0.533935546875 3226.3851161046846 281042
4010 117.1 2825.8849484698576 4155.885668808246 64905.200927734375 0.533935546875 3224.7272863908247 282201
4020 121.8 2832.9981591235633 4645.456534917495 64905.200927734375 0.533935546875 3223.0791193958307 283372
4030 123.3 2649.657798996036 4214.0292504490435 64905.200927734375 0.533935546875 3221.4096348404646 284590
4040 123.5 2668.239332932693 4386.604852409539 64905.200927734375 0.533935546875 3218.943178279599 285823
4050 113.4 3060.9294651038226 4434.947415867262 64905.200927734375 0.533935546875 3216.573903606873 287058
4060 110 2895.983457475143 4230.271669158892 64905.200927734375 0.533935546875 3215.9614619247222 288192
4070 110.3 2971.9981376253677 4371.175447961461 64905.200927734375 0.533935546875 3214.7447818751716 289292
4080 121 2768.4127501937005 4458.949067412093 64905.200927734375 0.533935546875 3213.8227634223485 290395
4090 122.3 2703.8216733394424 4230.16425515907 64905.200927734375 0.533935546875 3211.9745574039107 291605
4100 117.9 2763.1594894706827 4159.005397222964 64905.200927734375 0.533935546875 3209.8522501887164 292828
4110 125.1 2653.345708394225 4258.592630372519 64905.200927734375 0.533935546875 3208.0609637061275 294007
4120 118.1 2706.740042742183 4333.783085120514 64905.200927734375 0.533935546875 3205.710650473649 295258
4130 115.9 2858.2820100167164 4377.240512039486 64905.200927734375 0.533935546875 3203.722773413846 296439
4140 120.6 2769.390870557695 4485.012958679447 64905.200927734375 0.533935546875 3202.3774490340543 297598
4150 116.6 2772.8376728666367 4536.003071830441 64905.200927734375 0.533935546875 3200.6298759974065 298804
4160 120.5 2875.775633347381 4604.378870115992 64905.200927734375 0.533935546875 3198.9670240160403 299970
4170 116.9 2760.0473534655043 4224.210346734956 64905.200927734375 0.531005859375 3197.6739365228696 301175
4180 122.3 2696.098865774161 4404.035931515645 64905.200927734375 0.531005859375 3195.981872266281 302344
4190 129.5 2448.1154807779335 4035.8092263194335 64905.200927734375 0.531005859375 3193.9679612781306 303567
4200 118.8 2816.68760460234 4800.276954677159 64905.200927734375 0.531005859375 3190.79971150529 304862
4210 139.3 2486.810160245983 4111.317279552583 64905.200927734375 0.526123046875 3189.3475135539725 306050
4220 133.4 2541.2575700065013 4351.182572946072 64905.200927734375 0.526123046875 3186.1643721809114 307443
4230 141 2268.6812539824346 4058.4203256653386 64905.200927734375 0.526123046875 3183.3782006911283 308777
4240 124.9 2438.2428649951203 4010.1347068335585 64905.200927734375 0.526123046875 3179.2203130463877 310187
4250 132.7 2540.7925367664348 4548.180980152939 64905.200927734375 0.526123046875 3176.2486564857586 311436
4260 129.4 2501.6723325278294 4193.926565072103 64905.200927734375 0.526123046875 3173.5525246835073 312763
4270 126.3 2683.0936380780536 4470.065706927591 64905.200927734375 0.526123046875 3170.7841961041427 314057
4280 121.7 2766.8561516215573 4662.045984162411 64905.200927734375 0.526123046875 3168.830773629238 315320
4290 129.2 2561.4990886298447 4205.194594075764 64905.200927734375 0.526123046875 3167.2852888518396 316537
4300 134.8 2318.313739357791 4096.702391893613 64905.200927734375 0.526123046875 3164.8227200784213 317829
4310 135.4 2429.4644358872984 4117.780833708457 64905.200927734375 0.526123046875 3161.2476062512615 319177
4320 125 2679.0553732421836 4406.08757789697 64905.200927734375 0.526123046875 3158.156378218176 320531
4330 127.6 2659.969025136536 4446.376205568683 64905.200927734375 0.526123046875 3156.2952482688625 321781
4340 137.8 2336.700196021181 4029.43187222151 64905.200927734375 0.526123046875 3154.3348751436342 323057
4350 137 2497.2614874401247 4630.092470594213 64905.200927734375 0.526123046875 3150.86206676035 324435
4360 131.6 2450.282776806493 4082.953372248377 64905.200927734375 0.526123046875 3148.1136964355587 325805
4370 134.1 2580.6887551122013 4726.50740906684 64905.200927734375 0.526123046875 3145.306339248977 327121
4380 133.7 2448.615068388591 4027.8752754455772 64905.200927734375 0.526123046875 3143.0011953348335 328462
4390 138.8 2431.9590617682843 4083.6291236551892 64905.200927734375 0.526123046875 3140.186164811008 329799
4400 133.4 2329.509897578067 4028.8706192449936 64905.200927734375 0.526123046875 3137.2179951092285 331187
4410 134.8 2454.7684623197597 4434.024383762073 64905.200927734375 0.526123046875 3133.977650583299 332521
4420 135.4 2515.5798978143475 4355.795567009995 64905.200927734375 0.526123046875 3131.2353355262576 333869
4430 136.5 2348.611400741185 4310.588399265941 64905.200927734375 0.526123046875 3128.748640213997 335223
4440 146 2337.6173856552327 4391.72437420024 64905.200927734375 0.526123046875 3125.584869277777 336588
4450 137.2 2417.178808629341 4445.586137803533 64905.200927734375 0.526123046875 3122.181706040341 338048
4460 130.7 2549.9987344661577 4376.423242538918 64905.200927734375 0.526123046875 3119.3319506480602 339420
4470 123.5 2716.243562001833 4422.2223218247445 64905.200927734375 0.526123046875 3117.148036506974 340727
4480 128.8 2432.8804374363103 4022.9406061153636 64905.200927734375 0.526123046875 3115.700165029986 341962
4490 133.2 2324.798392081046 4157.434529773007 64905.200927734375 0.526123046875 3113.1379747630067 343250
4500 131.2 2639.947032835426 4520.332080791854 64905.200927734375 0.526123046875 3110.0906062871945 344582
4510 139.9 2348.839182354021 4096.391914466471 64905.200927734375 0.526123046875 3108.307319013149 345894
4520 132.8 2588.3505307852456 4358.792043942513 64905.200927734375 0.526123046875 3105.2479543752606 347293
4530 140.3 2295.2305091210796 3998.3498786134114 64905.200927734375 0.526123046875 3103.27893994834 348621
4540 141.4 2318.167597704597 4058.4290623375696 64905.200927734375 0.511962890625 3100.04004219147 350024
4550 131.4 2581.3073396029536 4444.736631948263 64905.200927734375 0.511962890625 3096.894202423134 351438
4560 130.9 2533.648370543177 4272.22580810794 64905.200927734375 0.511962890625 3094.9736431130646 352752
4570 129.5 2503.983457068956 4040.5861106243697 64905.200927734375 0.511962890625 3092.8983657405383 354061
4580 129.8 2539.8343466360548 4237.046524486051 64905.200927734375 0.511962890625 3090.752222698829 355356
4590 135.9 2415.9020246964697 4244.0211387246845 64905.200927734375 0.511962890625 3088.7472223255554 356654
4600 138 2255.4991835442165 3966.3920063179216 64905.200927734375 0.511962890625 3086.1931345589715 358013
4610 145.5 2517.0405120744776 4668.741457537258 64905.200927734375 0.511962890625 3083.003429549691 359393
4620 143 2248.73413478611 3965.9944697220644 64905.200927734375 0.511962890625 3080.72137160583 360848
4630 128 2534.2596189498836 4267.760133652936 64905.200927734375 0.511962890625 3077.437314200599 362278
4640 133.5 2515.375847817182 4376.921677041159 64905.200927734375 0.511962890625 3075.5249165916316 363558
4650 132.1 2508.9498297484156 4310.405408495774 64905.200927734375 0.511962890625 3073.475551416597 364893
4660 127.9 2593.2777881279317 4177.071098201441 64905.200927734375 0.511962890625 3071.439205241072 366214
4670 119.6 2785.6142857784403 4350.357235933687 64905.200927734375 0.511962890625 3069.7750416992153 367493
4680 131.8 2506.3180122433437 4316.62601715327 64905.200927734375 0.511962890625 3068.8532451062024 368689
4690 139.8 2347.828420308865 4130.9244880020715 64905.200927734375 0.511962890625 3066.849441294617 370007
4700 139.2 2315.2818014210593 4002.407578494066 64905.200927734375 0.511962890625 3064.1429850343675 371405
4710 132.8 2553.9582368781766 4279.5093415316305 64905.200927734375 0.511962890625 3061.346785581073 372797
4720 131.8 2484.1885823320695 4246.93444736893 64905.200927734375 0.511962890625 3059.545751187014 374125
4730 131.9 2474.3954598728315 4206.2770612316945 64905.200927734375 0.511962890625 3057.525948584353 375443
4740 125.4 2548.439871123343 4347.136006006033 64905.200927734375 0.511962890625 3055.484476475673 376762
4750 125.9 2864.242494081674 4449.693663071261 64905.200927734375 0.511962890625 3053.802447315236 378016
4760 136.8 2412.5613986902067 4227.7332253545255 64905.200927734375 0.511962890625 3053.1732047310393 379275
4770 139.9 2435.234941985623 4310.766277492326 64905.200927734375 0.511962890625 3050.8708979746725 380643
4780 142.7 2294.792795439241 4024.975456232544 64905.200927734375 0.511962890625 3048.6165000225396 382042
4790 85.8 3759.905911390041 4526.912243618835 64905.200927734375 0.511962890625 3045.811302140989 383469
4800 52.8 6045.20747421727 5427.753699567369 64905.200927734375 0.511962890625 3047.40549972465 384327
4810 20.6 3433.973283193645 5052.098036576823 64905.200927734375 0.511962890625 3051.5183199882094 384855
4820 2.8 143.10532924107142 83.13157159846475 64905.200927734375 0.511962890625 3051.7229258101966 385061
4830 0.3 124.18326822916667 69.12159393992847 64905.200927734375 0.511962890625 3051.5114388741795 385089
4840 0 0 0 64905.200927734375 0.511962890625 3051.48863397428 385092
4841 0 0 0 64905.200927734375 0.511962890625 3051.48863397428 385092
