20 0.1 345 0 345 345 0 0
30 0.1 390.0 0.0 390 345 345.0 1
40 0.1 494.0 0.0 494 345 367.5 2
50 0.1 444.0 0.0 494 345 409.6666666666667 3
60 0.1 316.0 0.0 494 316 418.25 4
70 0.1 523.0 0.0 523 316 397.8 5
80 0.1 494.0 0.0 523 316 418.6666666666667 6
90 0.1 515.0 0.0 523 316 429.42857142857144 7
100 0.1 488.0 0.0 523 316 440.125 8
110 0.1 470.0 0.0 523 316 445.44444444444446 9
120 0.1 516.0 0.0 523 316 447.9 10
130 0.1 420.0 0.0 523 316 454.09090909090907 11
140 0.1 713.0 0.0 713 316 451.25 12
150 0.1 868.0 0.0 868 316 471.38461538461536 13
160 0.1 840.0 0.0 868 316 499.7142857142857 14
170 0.1 903.0 0.0 903 316 522.4 15
180 0.1 1031.0 0.0 1031 316 546.1875 16
190 0.1 1028.0 0.0 1031 316 574.7058823529412 17
200 0.1 873.0 0.0 1031 316 599.8888888888889 18
210 0.1 955.0 0.0 1031 316 614.2631578947369 19
220 0.1 840.0 0.0 1031 316 631.3 20
230 0.1 824.0 0.0 1031 316 641.2380952380952 21
240 0.1 824.0 0.0 1031 316 649.5454545454545 22
250 0.1 1206.0 0.0 1206 316 657.1304347826087 23
260 0.1 1185.0 0.0 1206 316 680.0000000000001 24
270 0.1 1225.0 0.0 1225 316 700.2000000000002 25
280 0.1 1503.0 0.0 1503 316 720.3846153846155 26
290 0.1 1536.0 0.0 1536 316 749.3703703703706 27
300 0.1 1366.0 0.0 1536 316 777.4642857142859 28
310 0.1 1369.0 0.0 1536 316 797.7586206896553 29
320 0.1 1379.0 0.0 1536 316 816.8000000000001 30
330 0.1 1456.0 0.0 1536 316 834.9354838709679 31
340 0.1 1193.0 0.0 1536 316 854.3437500000001 32
350 0.1 1203.0 0.0 1536 316 864.6060606060607 33
360 0.1 1574.0 0.0 1574 316 874.5588235294118 34
370 0.1 1417.0 0.0 1574 316 894.5428571428572 35
380 0.1 1477.0 0.0 1574 316 909.0555555555557 36
390 0.1 1645.0 0.0 1645 316 924.4054054054054 37
400 0.1 1746.0 0.0 1746 316 943.3684210526316 38
410 0.1 1.5e3 0.0 1746 316 963.9487179487179 39
420 0.1 1676.0 0.0 1746 316 977.35 40
430 0.1 2005.0 0.0 2005 316 994.390243902439 41
440 0.1 1911.0 0.0 2005 316 1018.452380952381 42
450 0.1 2201.0 0.0 2201 316 1039.2093023255813 43
460 0.1 1582.0 0.0 2201 316 1065.6136363636363 44
470 0.1 1753.0 0.0 2201 316 1077.0888888888887 45
480 0.1 1850.0 0.0 2201 316 1091.782608695652 46
490 0.1 2058.0 0.0 2201 316 1107.914893617021 47
500 0.1 2152.0 0.0 2201 316 1127.7083333333333 48
510 0.1 1903.0 0.0 2201 316 1148.6122448979593 49
520 0.1 2106.0 0.0 2201 316 1163.7 50
530 0.1 2303.0 0.0 2303 316 1182.1764705882354 51
540 0.1 2328.0 0.0 2328 316 1203.7307692307693 52
550 0.1 2256.0 0.0 2328 316 1224.9433962264152 53
560 0.1 2163.0 0.0 2328 316 1244.037037037037 54
570 0.1 2190.0 0.0 2328 316 1260.7454545454545 55
580 0.1 2340.0 0.0 2340 316 1277.3392857142858 56
590 0.1 2132.0 0.0 2340 316 1295.982456140351 57
600 0.1 2372.0 0.0 2372 316 1310.396551724138 58
610 0.1 2370.0 0.0 2372 316 1328.3898305084747 59
620 0.1 2828.0 0.0 2828 316 1345.75 60
630 0.1 3186.0 0.0 3186 316 1370.049180327869 61
640 0.1 3178.0 0.0 3186 316 1399.3387096774193 62
650 0.1 3449.0 0.0 3449 316 1427.5714285714287 63
660 0.1 3432.0 0.0 3449 316 1459.15625 64
670 0.1 3678.0 0.0 3678 316 1489.5076923076922 65
680 0.1 3.5e3 0.0 3678 316 1522.6666666666667 66
690 0.1 3354.0 0.0 3678 316 1552.1791044776119 67
700 0.1 3354.0 0.0 3678 316 1578.6764705882354 68
710 0.1 3089.0 0.0 3678 316 1604.4057971014493 69
720 0.1 3429.0 0.0 3678 316 1625.6142857142856 70
730 0.1 3333.0 0.0 3678 316 1651.0140845070423 71
740 0.1 3199.0 0.0 3678 316 1674.375 72
750 0.1 3165.0 0.0 3678 316 1695.2602739726028 73
760 0.1 3149.0 0.0 3678 316 1715.1216216216217 74
770 0.1 3447.0 0.0 3678 316 1734.24 75
780 0.1 3451.0 0.0 3678 316 1756.7763157894738 76
790 0.1 3726.0 0.0 3726 316 1778.7792207792209 77
800 0.1 3393.0 0.0 3726 316 1803.7435897435898 78
810 0.1 3551.0 0.0 3726 316 1823.860759493671 79
820 0.1 3338.0 0.0 3726 316 1845.45 80
830 0.1 3286.0 0.0 3726 316 1863.8765432098764 81
840 0.1 3831.0 0.0 3831 316 1881.219512195122 82
850 0.1 3106.0 0.0 3831 316 1904.710843373494 83
860 0.1 3346.0 0.0 3831 316 1919.0119047619048 84
870 0.1 3162.0 0.0 3831 316 1935.8 85
880 0.1 3568.0 0.0 3831 316 1950.0581395348838 86
890 0.1 3270.0 0.0 3831 316 1968.655172413793 87
900 0.1 3007.0 0.0 3831 316 1983.4431818181818 88
910 0.1 3443.0 0.0 3831 316 1994.943820224719 89
920 0.1 3355.0 0.0 3831 316 2011.0333333333333 90
930 0.1 3175.0 0.0 3831 316 2025.8021978021977 91
940 0.1 3278.0 0.0 3831 316 2038.2934782608695 92
950 0.1 3252.0 0.0 3831 316 2051.6236559139784 93
960 0.1 3337.0 0.0 3831 316 2064.3936170212764 94
970 0.1 3227.0 0.0 3831 316 2077.7894736842104 95
980 0.1 3448.0 0.0 3831 316 2089.7604166666665 96
990 0.1 3176.0 0.0 3831 316 2103.762886597938 97
1000 0.1 3668.0 0.0 3831 316 2114.704081632653 98
1010 0.1 3738.0 0.0 3831 316 2130.3939393939395 99
1020 0.1 3022.0 0.0 3831 316 2146.47 100
1030 0.1 2977.0 0.0 3831 316 2155.1386138613857 101
1040 0.1 3588.0 0.0 3831 316 2163.196078431372 102
1050 0.1 3466.0 0.0 3831 316 2177.0291262135916 103
1060 0.1 3078.0 0.0 3831 316 2189.423076923076 104
1070 0.1 3386.0 0.0 3831 316 2197.8857142857137 105
1080 0.1 3229.0 0.0 3831 316 2209.0943396226407 106
1090 0.1 3299.0 0.0 3831 316 2218.6261682242985 107
1100 0.1 3462.0 0.0 3831 316 2228.629629629629 108
1110 0.1 3448.0 0.0 3831 316 2239.94495412844 109
1120 0.1 3446.0 0.0 3831 316 2250.9272727272723 110
1130 0.1 3632.0 0.0 3831 316 2261.6936936936936 111
1140 0.1 3316.0 0.0 3831 316 2273.9285714285716 112
1150 0.1 3114.0 0.0 3831 316 2283.150442477876 113
1160 0.1 3398.0 0.0 3831 316 2290.4385964912276 114
1170 0.1 3466.0 0.0 3831 316 2300.069565217391 115
1180 0.1 3620.0 0.0 3831 316 2310.120689655172 116
1190 0.1 3537.0 0.0 3831 316 2321.316239316239 117
1200 0.1 4068.0 0.0 4068 316 2331.618644067796 118
1210 0.1 3589.0 0.0 4068 316 2346.210084033613 119
1220 0.1 4197.0 0.0 4197 316 2356.566666666666 120
1230 0.1 4269.0 0.0 4269 316 2371.7768595041316 121
1240 0.1 4247.0 0.0 4269 316 2387.3278688524583 122
1250 0.1 4233.0 0.0 4269 316 2402.4471544715443 123
1260 0.1 4262.0 0.0 4269 316 2417.209677419354 124
1270 0.1 4305.0 0.0 4305 316 2431.9679999999994 125
1280 0.1 4342.0 0.0 4342 316 2446.833333333333 126
1290 0.1 4393.0 0.0 4393 316 2461.7559055118104 127
1300 0.1 4233.0 0.0 4393 316 2476.8437499999995 128
1310 0.1 4339.0 0.0 4393 316 2490.457364341085 129
1320 0.1 4337.0 0.0 4393 316 2504.676923076923 130
1330 0.1 4419.0 0.0 4419 316 2518.6641221374043 131
1340 0.1 4468.0 0.0 4468 316 2533.0606060606056 132
1350 0.1 4229.0 0.0 4468 316 2547.6090225563908 133
1370 0.1 4309.0 0.0 4468 316 2560.15671641791 134
1380 0.1 4214.0 0.0 4468 316 2573.111111111111 135
1390 0.1 4414.0 0.0 4468 316 2585.1764705882347 136
1400 0.1 4412.0 0.0 4468 316 2598.525547445255 137
1410 0.1 4.4e3 0.0 4468 316 2611.666666666666 138
1420 0.1 4563.0 0.0 4563 316 2624.532374100719 139
1430 0.1 4457.0 0.0 4563 316 2638.378571428571 140
1440 0.1 4404.0 0.0 4563 316 2651.2765957446804 141
1450 0.1 4446.0 0.0 4563 316 2663.619718309859 142
1460 0.1 4445.0 0.0 4563 316 2676.0839160839155 143
1470 0.1 4364.0 0.0 4563 316 2688.368055555555 144
1480 0.1 4433.0 0.0 4563 316 2699.9241379310342 145
1490 0.1 4239.0 0.0 4563 316 2711.794520547945 146
1500 0.1 4310.0 0.0 4563 316 2722.183673469388 147
1510 0.1 4309.0 0.0 4563 316 2732.912162162162 148
1520 0.1 4357.0 0.0 4563 316 2743.489932885906 149
1530 0.1 4585.0 0.0 4585 316 2754.2466666666664 150
1540 0.1 4340.0 0.0 4585 316 2766.370860927152 151
1550 0.1 4322.0 0.0 4585 316 2776.723684210526 152
1560 0.1 4383.0 0.0 4585 316 2786.8235294117644 153
1570 0.1 4463.0 0.0 4585 316 2797.1883116883114 154
1580 0.1 4330.0 0.0 4585 316 2807.9354838709673 155
1590 0.1 4468.0 0.0 4585 316 2817.692307692307 156
1600 0.1 4444.0 0.0 4585 316 2828.2038216560504 157
1610 0.1 4368.0 0.0 4585 316 2838.430379746835 158
1620 0.1 4372.0 0.0 4585 316 2848.0503144654085 159
1630 0.1 4449.0 0.0 4585 316 2857.575 160
1640 0.1 4372.0 0.0 4585 316 2867.4596273291927 161
1650 0.1 4373.0 0.0 4585 316 2876.746913580247 162
1660 0.1 4486.0 0.0 4585 316 2885.9263803680983 163
1670 0.1 4501.0 0.0 4585 316 2895.682926829268 164
1680 0.1 4417.0 0.0 4585 316 2905.4121212121213 165
1690 0.1 4492.0 0.0 4585 316 2914.5180722891564 166
1700 0.1 4584.0 0.0 4585 316 2923.964071856287 167
1710 0.1 4625.0 0.0 4625 316 2933.8452380952376 168
1720 0.1 4417.0 0.0 4625 316 2943.852071005917 169
1730 0.1 4325.0 0.0 4625 316 2952.517647058823 170
1740 0.1 4342.0 0.0 4625 316 2960.5438596491226 171
1760 0.1 4271.0 0.0 4625 316 2968.5755813953483 172
1770 0.1 4284.0 0.0 4625 316 2976.104046242774 173
1780 0.1 4236.0 0.0 4625 316 2983.620689655172 174
1790 0.1 4252.0 0.0 4625 316 2990.7771428571427 175
1800 0.1 4428.0 0.0 4625 316 2997.943181818182 176
1810 0.1 4651.0 0.0 4651 316 3006.0225988700563 177
1820 0.1 4710.0 0.0 4710 316 3015.2640449438204 178
1830 0.1 4756.0 0.0 4756 316 3024.731843575419 179
1840 0.1 4907.0 0.0 4907 316 3034.35 180
1850 0.1 4893.0 0.0 4907 316 3044.696132596685 181
1860 0.1 4890.0 0.0 4907 316 3054.8516483516482 182
1870 0.1 4622.0 0.0 4907 316 3064.879781420765 183
1880 0.1 4896.0 0.0 4907 316 3073.342391304348 184
1890 0.1 4805.0 0.0 4907 316 3083.1945945945945 185
1900 0.1 4824.0 0.0 4907 316 3092.451612903226 186
1910 0.1 4666.0 0.0 4907 316 3101.711229946524 187
1920 0.1 4548.0 0.0 4907 316 3110.031914893617 188
1930 0.1 4529.0 0.0 4907 316 3117.6402116402114 189
1940 0.1 4701.0 0.0 4907 316 3125.0684210526315 190
1950 0.1 4683.0 0.0 4907 316 3133.3193717277486 191
1960 0.1 4708.0 0.0 4907 316 3141.390625 192
1970 0.1 4954.0 0.0 4954 316 3149.5077720207255 193
1980 0.1 4.8e3 0.0 4954 316 3158.8092783505153 194
1990 0.1 4641.0 0.0 4954 316 3167.225641025641 195
2000 0.1 4861.0 0.0 4954 316 3174.7448979591836 196
2010 0.1 4770.0 0.0 4954 316 3183.304568527919 197
2020 0.1 4580.0 0.0 4954 316 3191.318181818182 198
2030 0.1 4787.0 0.0 4954 316 3198.2964824120604 199
2040 0.1 4521.0 0.0 4954 316 3206.24 200
2050 0.1 4533.0 0.0 4954 316 3212.781094527363 201
2060 0.1 4751.0 0.0 4954 316 3219.3168316831684 202
2070 0.1 4888.0 0.0 4954 316 3226.862068965517 203
2080 0.1 4859.0 0.0 4954 316 3235.0049019607845 204
2090 0.1 4678.0 0.0 4954 316 3242.9268292682927 205
2100 0.1 5008.0 0.0 5008 316 3249.893203883495 206
2110 0.1 4871.0 0.0 5008 316 3258.386473429952 207
2120 0.1 4735.0 0.0 5008 316 3266.139423076923 208
2130 0.1 4766.0 0.0 5008 316 3273.1674641148325 209
2140 0.1 4818.0 0.0 5008 316 3280.2761904761905 210
2150 0.1 4762.0 0.0 5008 316 3287.563981042654 211
2170 0.1 4927.0 0.0 5008 316 3294.5188679245284 212
2180 0.1 4740.0 0.0 5008 316 3302.1830985915494 213
2190 0.1 4733.0 0.0 5008 316 3308.9018691588785 214
2200 0.1 4568.0 0.0 5008 316 3315.525581395349 215
2210 0.1 4626.0 0.0 5008 316 3321.324074074074 216
2220 0.1 4658.0 0.0 5008 316 3327.336405529954 217
2230 0.1 4947.0 0.0 5008 316 3333.440366972477 218
2240 0.1 4813.0 0.0 5008 316 3340.8082191780823 219
2250 0.1 4987.0 0.0 5008 316 3347.5 220
2260 0.1 4827.0 0.0 5008 316 3354.918552036199 221
2270 0.1 4580.0 0.0 5008 316 3361.5495495495497 222
2280 0.1 4630.0 0.0 5008 316 3367.013452914798 223
2290 0.1 4723.0 0.0 5008 316 3372.651785714286 224
2300 0.1 4762.0 0.0 5008 316 3378.653333333333 225
2310 0.1 5053.0 0.0 5053 316 3384.7743362831857 226
2320 0.1 4746.0 0.0 5053 316 3392.123348017621 227
2330 0.1 4728.0 0.0 5053 316 3398.061403508772 228
2340 0.1 4708.0 0.0 5053 316 3403.8689956331878 229
2350 0.1 4804.0 0.0 5053 316 3409.5391304347827 230
2360 0.1 4550.0 0.0 5053 316 3415.5757575757575 231
2370 0.1 4758.0 0.0 5053 316 3420.4655172413795 232
2380 0.1 4833.0 0.0 5053 316 3426.206008583691 233
2390 0.1 4752.0 0.0 5053 316 3432.2179487179487 234
2400 0.1 4968.0 0.0 5053 316 3437.8340425531915 235
2410 0.1 5231.0 0.0 5231 316 3444.3177966101694 236
2420 0.1 5107.0 0.0 5231 316 3451.856540084388 237
2430 0.1 5395.0 0.0 5395 316 3458.8109243697477 238
2440 0.1 5084.0 0.0 5395 316 3466.912133891213 239
2450 0.1 5117.0 0.0 5395 316 3473.65 240
2460 0.1 4927.0 0.0 5395 316 3480.46887966805 241
2470 0.1 5553.0 0.0 5553 316 3486.4462809917354 242
2480 0.1 5436.0 0.0 5553 316 3494.9506172839506 243
2490 0.1 5179.0 0.0 5553 316 3502.905737704918 244
2510 0.1 5311.0 0.0 5553 316 3509.74693877551 245
2520 0.1 5078.0 0.0 5553 316 3517.069105691057 246
2530 0.1 5268.0 0.0 5553 316 3523.388663967611 247
2540 0.1 4939.0 0.0 5553 316 3530.423387096774 248
2550 0.1 5061.0 0.0 5553 316 3536.0803212851406 249
2560 0.1 5143.0 0.0 5553 316 3542.18 250
2570 0.1 4949.0 0.0 5553 316 3548.5577689243028 251
2580 0.1 5036.0 0.0 5553 316 3554.1150793650795 252
2590 0.1 4983.0 0.0 5553 316 3559.9723320158105 253
2600 0.1 5473.0 0.0 5553 316 3565.5748031496064 254
2610 0.1 5107.0 0.0 5553 316 3573.0549019607843 255
2620 0.1 5325.0 0.0 5553 316 3579.046875 256
2630 0.1 5132.0 0.0 5553 316 3585.84046692607 257
2640 0.1 5227.0 0.0 5553 316 3591.8333333333335 258
2650 0.1 4959.0 0.0 5553 316 3598.1467181467183 259
2660 0.1 5268.0 0.0 5553 316 3603.380769230769 260
2670 0.1 5119.0 0.0 5553 316 3609.7586206896553 261
2680 0.1 5069.0 0.0 5553 316 3615.5190839694656 262
2690 0.1 4987.0 0.0 5553 316 3621.0456273764257 263
2700 0.1 5129.0 0.0 5553 316 3626.219696969697 264
2710 0.1 4964.0 0.0 5553 316 3631.890566037736 265
2720 0.1 5142.0 0.0 5553 316 3636.8984962406016 266
2730 0.1 5047.0 0.0 5553 316 3642.5355805243444 267
2740 0.1 5210.0 0.0 5553 316 3647.776119402985 268
2750 0.1 5192.0 0.0 5553 316 3653.5836431226767 269
2760 0.1 5117.0 0.0 5553 316 3659.2814814814815 270
2770 0.1 5019.0 0.0 5553 316 3664.660516605166 271
2780 0.1 5112.0 0.0 5553 316 3669.639705882353 272
2790 0.1 5139.0 0.0 5553 316 3674.923076923077 273
2800 0.1 5308.0 0.0 5553 316 3680.2664233576643 274
2810 0.1 5025.0 0.0 5553 316 3686.1854545454544 275
2820 0.1 5259.0 0.0 5553 316 3691.036231884058 276
2830 0.1 5064.0 0.0 5553 316 3696.696750902527 277
2840 0.1 5209.0 0.0 5553 316 3701.615107913669 278
2850 0.1 5128.0 0.0 5553 316 3707.0179211469535 279
2860 0.1 5369.0 0.0 5553 316 3712.092857142857 280
2870 0.1 5106.0 0.0 5553 316 3717.9893238434165 281
2880 0.1 5134.0 0.0 5553 316 3722.9113475177305 282
2890 0.1 5130.0 0.0 5553 316 3727.8975265017666 283
2900 0.1 5066.0 0.0 5553 316 3732.8345070422533 284
2910 0.1 4935.0 0.0 5553 316 3737.512280701754 285
2930 0.1 5188.0 0.0 5553 316 3741.6993006993007 286
2940 0.1 5201.0 0.0 5553 316 3746.738675958188 287
2950 0.1 4992.0 0.0 5553 316 3751.7881944444443 288
2960 0.1 5213.0 0.0 5553 316 3756.0795847750865 289
2970 0.1 5137.0 0.0 5553 316 3761.103448275862 290
2980 0.1 5038.0 0.0 5553 316 3765.831615120275 291
2990 0.1 5136.0 0.0 5553 316 3770.1883561643835 292
3000 0.1 5347.0 0.0 5553 316 3774.849829351536 293
3010 0.1 5760.0 0.0 5760 316 3780.197278911565 294
3020 0.1 5444.0 0.0 5760 316 3786.908474576271 295
3030 0.1 5296.0 0.0 5760 316 3792.5067567567567 296
3040 0.1 5666.0 0.0 5760 316 3797.5690235690236 297
3050 0.1 5672.0 0.0 5760 316 3803.8389261744965 298
3060 0.1 5411.0 0.0 5760 316 3810.086956521739 299
3070 0.1 5752.0 0.0 5760 316 3815.423333333333 300
3080 0.1 5427.0 0.0 5760 316 3821.8571428571427 301
3090 0.1 5706.0 0.0 5760 316 3827.1721854304637 302
3100 0.1 5439.0 0.0 5760 316 3833.3729372937296 303
3110 0.1 5320.0 0.0 5760 316 3838.654605263158 304
3120 0.1 5623.0 0.0 5760 316 3843.511475409836 305
3130 0.1 5517.0 0.0 5760 316 3849.326797385621 306
3140 0.1 5807.0 0.0 5807 316 3854.758957654723 307
3150 0.1 5825.0 0.0 5825 316 3861.0974025974024 308
3160 0.1 5592.0 0.0 5825 316 3867.453074433657 309
3170 0.1 5330.0 0.0 5825 316 3873.016129032258 310
3180 0.1 5413.0 0.0 5825 316 3877.700964630225 311
3190 0.1 5523.0 0.0 5825 316 3882.621794871795 312
3200 0.1 5583.0 0.0 5825 316 3887.8626198083066 313
3210 0.1 5515.0 0.0 5825 316 3893.2611464968154 314
3220 0.1 5334.0 0.0 5825 316 3898.4095238095238 315
3230 0.1 5497.0 0.0 5825 316 3902.9525316455697 316
3240 0.1 5424.0 0.0 5825 316 3907.981072555205 317
3250 0.1 5485.0 0.0 5825 316 3912.748427672956 318
3260 0.1 5725.0 0.0 5825 316 3917.6771159874606 319
3270 0.1 5456.0 0.0 5825 316 3923.325 320
3280 0.1 5108.0 0.0 5825 316 3928.0996884735205 321
3290 0.1 5376.0 0.0 5825 316 3931.7639751552797 322
3300 0.1 5748.0 0.0 5825 316 3936.235294117647 323
3310 0.1 5689.0 0.0 5825 316 3941.8271604938273 324
3320 0.1 5574.0 0.0 5825 316 3947.203076923077 325
3330 0.1 5422.0 0.0 5825 316 3952.193251533742 326
3340 0.1 5339.0 0.0 5825 316 3956.6880733944954 327
3350 0.1 5387.0 0.0 5825 316 3960.9024390243903 328
3360 0.1 5273.0 0.0 5825 316 3965.2370820668693 329
3380 0.1 5359.0 0.0 5825 316 3969.2 330
3390 0.1 5664.0 0.0 5825 316 3973.3987915407856 331
3400 0.1 5451.0 0.0 5825 316 3978.490963855422 332
3410 0.1 5483.0 0.0 5825 316 3982.912912912913 333
3420 0.1 5610.0 0.0 5825 316 3987.4041916167666 334
3430 0.1 5680.0 0.0 5825 316 3992.24776119403 335
3440 0.1 5235.0 0.0 5825 316 3997.2708333333335 336
3450 0.1 5334.0 0.0 5825 316 4000.9436201780413 337
3460 0.1 5402.0 0.0 5825 316 4004.887573964497 338
3470 0.1 5421.0 0.0 5825 316 4009.008849557522 339
3480 0.1 5.7e3 0.0 5825 316 4013.1617647058824 340
3490 0.1 5490.0 0.0 5825 316 4018.108504398827 341
3500 0.1 5646.0 0.0 5825 316 4022.4122807017543 342
3510 0.1 5280.0 0.0 5825 316 4027.145772594752 343
3520 0.1 5602.0 0.0 5825 316 4030.7877906976746 344
3530 0.1 5170.0 0.0 5825 316 4035.342028985507 345
3540 0.1 5350.0 0.0 5825 316 4038.621387283237 346
3550 0.1 5546.0 0.0 5825 316 4042.400576368876 347
3560 0.1 5643.0 0.0 5825 316 4046.7212643678163 348
3570 0.1 5250.0 0.0 5825 316 4051.295128939828 349
3580 0.1 5494.0 0.0 5825 316 4054.72 350
3590 0.1 5592.0 0.0 5825 316 4058.8205128205127 351
3600 0.1 5920.0 0.0 5920 316 4063.1761363636365 352
3610 0.1 5.8e3 0.0 5920 316 4068.4362606232294 353
3620 0.1 6255.0 0.0 6255 316 4073.3276836158193 354
3630 0.1 6399.0 0.0 6399 316 4079.4732394366197 355
3640 0.1 5997.0 0.0 6399 316 4085.9887640449438 356
3650 0.1 6089.0 0.0 6399 316 4091.341736694678 357
3660 0.1 6304.0 0.0 6399 316 4096.921787709497 358
3670 0.1 6246.0 0.0 6399 316 4103.069637883008 359
3680 0.1 6396.0 0.0 6399 316 4109.022222222222 360
3690 0.1 6157.0 0.0 6399 316 4115.357340720222 361
3700 0.1 5818.0 0.0 6399 316 4120.997237569061 362
3710 0.1 6363.0 0.0 6399 316 4125.672176308541 363
3720 0.1 6622.0 0.0 6622 316 4131.818681318682 364
3730 0.1 6001.0 0.0 6622 316 4138.641095890412 365
3740 0.1 6165.0 0.0 6622 316 4143.729508196722 366
3750 0.1 6044.0 0.0 6622 316 4149.237057220709 367
3770 0.1 6085.0 0.0 6622 316 4154.385869565218 368
3780 0.1 6604.0 0.0 6622 316 4159.617886178862 369
3790 0.1 6459.0 0.0 6622 316 4166.224324324325 370
3800 0.1 6621.0 0.0 6622 316 4172.404312668465 371
3810 0.1 6590.0 0.0 6622 316 4178.986559139787 372
3820 0.1 6609.0 0.0 6622 316 4185.450402144774 373
3830 0.1 6111.0 0.0 6622 316 4191.930481283424 374
3840 0.1 6151.0 0.0 6622 316 4197.048000000002 375
3850 0.1 6558.0 0.0 6622 316 4202.244680851066 376
3860 0.1 6096.0 0.0 6622 316 4208.493368700267 377
3870 0.1 5863.0 0.0 6622 316 4213.486772486774 378
3880 0.1 6137.0 0.0 6622 316 4217.839050131927 379
3890 0.1 5993.0 0.0 6622 316 4222.889473684212 380
3900 0.1 5406.0 0.0 6622 316 4227.535433070868 381
3910 0.1 5823.0 0.0 6622 316 4230.62041884817 382
3920 0.1 6156.0 0.0 6622 316 4234.7780678851195 383
3930 0.1 6019.0 0.0 6622 316 4239.781250000002 384
3940 0.1 6022.0 0.0 6622 316 4244.402597402599 385
3950 0.1 6035.0 0.0 6622 316 4249.007772020727 386
3960 0.1 5954.0 0.0 6622 316 4253.622739018089 387
3970 0.1 5969.0 0.0 6622 316 4258.005154639177 388
3980 0.1 6262.0 0.0 6622 316 4262.403598971724 389
3990 0.1 6159.0 0.0 6622 316 4267.530769230771 390
4000 0.1 5950.0 0.0 6622 316 4272.368286445014 391
4010 0.1 6098.0 0.0 6622 316 4276.647959183675 392
4020 0.1 6145.0 0.0 6622 316 4281.282442748094 393
4030 0.1 6458.0 0.0 6622 316 4286.012690355332 394
4040 0.1 6235.0 0.0 6622 316 4291.511392405065 395
4050 0.1 6018.0 0.0 6622 316 4296.4191919191935 396
4060 0.1 5814.0 0.0 6622 316 4300.755667506299 397
4070 0.1 5725.0 0.0 6622 316 4304.557788944725 398
4080 0.1 6155.0 0.0 6622 316 4308.117794486217 399
4090 0.1 6395.0 0.0 6622 316 4312.7350000000015 400
4100 0.1 6270.0 0.0 6622 316 4317.927680798007 401
4110 0.1 6129.0 0.0 6622 316 4322.783582089554 402
4120 0.1 5917.0 0.0 6622 316 4327.265508684865 403
4130 0.1 6113.0 0.0 6622 316 4331.200495049507 404
4140 0.1 6008.0 0.0 6622 316 4335.600000000001 405
4150 0.1 6149.0 0.0 6622 316 4339.719211822661 406
4160 0.1 6215.0 0.0 6622 316 4344.1646191646205 407
4170 0.1 6001.0 0.0 6622 316 4348.750000000001 408
4180 0.1 6035.0 0.0 6622 316 4352.789731051346 409
4200 0.1 6429.0 0.0 6622 316 4356.892682926831 410
4210 0.1 6385.0 0.0 6622 316 4361.934306569345 411
4220 0.1 6.7e3 0.0 6700 316 4366.844660194177 412
4230 0.1 7054.0 0.0 7054 316 4372.493946731237 413
4240 0.1 7013.0 0.0 7054 316 4378.971014492756 414
4250 0.1 6454.0 0.0 7054 316 4385.318072289159 415
4260 0.1 6748.0 0.0 7054 316 4390.290865384618 416
4270 0.1 6758.0 0.0 7054 316 4395.944844124703 417
4280 0.1 6436.0 0.0 7054 316 4401.595693779907 418
4290 0.1 6409.0 0.0 7054 316 4406.451073985683 419
4300 0.1 6923.0 0.0 7054 316 4411.219047619051 420
4310 0.1 6970.0 0.0 7054 316 4417.185273159148 421
4320 0.1 6804.0 0.0 7054 316 4423.234597156402 422
4330 0.1 6459.0 0.0 7054 316 4428.862884160761 423
4340 0.1 6935.0 0.0 7054 316 4433.65094339623 424
4350 0.1 6757.0 0.0 7054 316 4439.536470588239 425
4360 0.1 6914.0 0.0 7054 316 4444.9765258216 426
4370 0.1 6792.0 0.0 7054 316 4450.758782201409 427
4380 0.1 7005.0 0.0 7054 316 4456.2289719626215 428
4390 0.1 6920.0 0.0 7054 316 4462.170163170168 429
4400 0.1 7178.0 0.0 7178 316 4467.886046511633 430
4410 0.1 6689.0 0.0 7178 316 4474.174013921119 431
4420 0.1 6687.0 0.0 7178 316 4479.300925925931 432
4430 0.1 6807.0 0.0 7178 316 4484.3995381062405 433
4440 0.1 7485.0 0.0 7485 316 4489.751152073737 434
4450 0.1 6907.0 0.0 7485 316 4496.6367816092 435
4460 0.1 6770.0 0.0 7485 316 4502.165137614683 436
4470 0.1 6598.0 0.0 7485 316 4507.3546910755185 437
4480 0.1 6517.0 0.0 7485 316 4512.127853881282 438
4490 0.1 7058.0 0.0 7485 316 4516.694760820049 439
4500 0.1 6748.0 0.0 7485 316 4522.470454545458 440
4510 0.1 7089.0 0.0 7485 316 4527.517006802725 441
4520 0.1 7033.0 0.0 7485 316 4533.312217194574 442
4530 0.1 7158.0 0.0 7485 316 4538.954853273141 443
4540 0.1 6994.0 0.0 7485 316 4544.853603603608 444
4550 0.1 6760.0 0.0 7485 316 4550.357303370791 445
4560 0.1 6699.0 0.0 7485 316 4555.311659192829 446
4570 0.1 6787.0 0.0 7485 316 4560.10738255034 447
4580 0.1 6586.0 0.0 7485 316 4565.078125000005 448
4600 0.1 6916.0 0.0 7485 316 4569.579064587978 449
4610 0.1 6730.0 0.0 7485 316 4574.793333333338 450
4620 0.1 7434.0 0.0 7485 316 4579.572062084261 451
4630 0.1 7289.0 0.0 7485 316 4585.887168141597 452
4640 0.1 6513.0 0.0 7485 316 4591.854304635765 453
4650 0.1 6803.0 0.0 7485 316 4596.085903083704 454
4660 0.1 6638.0 0.0 7485 316 4600.9362637362665 455
4670 0.1 6169.0 0.0 7485 316 4605.403508771932 456
4680 0.1 6505.0 0.0 7485 316 4608.824945295407 457
4690 0.1 6633.0 0.0 7485 316 4612.965065502185 458
4700 0.1 7142.0 0.0 7485 316 4617.366013071897 459
4710 0.1 7175.0 0.0 7485 316 4622.854347826089 460
4720 0.1 6914.0 0.0 7485 316 4628.390455531456 461
4730 0.1 6931.0 0.0 7485 316 4633.337662337664 462
4740 0.1 6519.0 0.0 7485 316 4638.300215982724 463
4750 0.1 6418.0 0.0 7485 316 4642.353448275864 464
4760 0.1 6853.0 0.0 7485 316 4646.172043010754 465
4770 0.1 7106.0 0.0 7485 316 4650.90772532189 466
4780 0.1 7154.0 0.0 7485 316 4656.164882226983 467
4790 0.1 6702.0 0.0 7485 316 4661.5021367521385 468
4800 0.1 4333.0 0.0 7485 316 4665.852878464821 469
4810 0.1 3438.0 0.0 7485 316 4665.1446808510655 470
4820 0.1 467.0 0.0 7485 316 4662.539278131637 471
4830 0.1 115.0 0.0 7485 115 4653.650423728815 472
4840 0.1 29.0 0.0 7485 29 4644.054968287528 473
