20 0.1 375 0 375 375 0 0
30 0.1 411.0 0.0 411 375 375.0 1
40 0.1 530.0 0.0 530 375 393.0 2
50 0.1 480.0 0.0 530 375 438.6666666666667 3
60 0.1 333.0 0.0 530 333 449.0 4
70 0.1 565.0 0.0 565 333 425.8 5
80 0.1 534.0 0.0 565 333 449.0 6
90 0.1 525.0 0.0 565 333 461.14285714285717 7
100 0.1 524.0 0.0 565 333 469.125 8
110 0.1 509.0 0.0 565 333 475.22222222222223 9
120 0.1 556.0 0.0 565 333 478.6 10
130 0.1 453.0 0.0 565 333 485.6363636363636 11
140 0.1 773.0 0.0 773 333 482.9166666666667 12
150 0.1 942.0 0.0 942 333 505.2307692307692 13
160 0.1 909.0 0.0 942 333 536.4285714285714 14
170 0.1 979.0 0.0 979 333 561.2666666666667 15
180 0.1 1109.0 0.0 1109 333 587.375 16
190 0.1 1084.0 0.0 1109 333 618.0588235294117 17
200 0.1 937.0 0.0 1109 333 643.9444444444445 18
210 0.1 1020.0 0.0 1109 333 659.3684210526316 19
220 0.1 913.0 0.0 1109 333 677.4 20
230 0.1 885.0 0.0 1109 333 688.6190476190476 21
240 0.1 881.0 0.0 1109 333 697.5454545454545 22
250 0.1 1298.0 0.0 1298 333 705.5217391304348 23
260 0.1 1266.0 0.0 1298 333 730.2083333333334 24
270 0.1 1328.0 0.0 1328 333 751.64 25
280 0.1 1633.0 0.0 1633 333 773.8076923076923 26
290 0.1 1662.0 0.0 1662 333 805.6296296296297 27
300 0.1 1474.0 0.0 1662 333 836.2142857142857 28
310 0.1 1495.0 0.0 1662 333 858.2068965517242 29
320 0.1 1482.0 0.0 1662 333 879.4333333333333 30
330 0.1 1573.0 0.0 1662 333 898.8709677419355 31
340 0.1 1289.0 0.0 1662 333 919.9375 32
350 0.1 1309.0 0.0 1662 333 931.1212121212121 33
360 0.1 1692.0 0.0 1692 333 942.2352941176471 34
370 0.1 1542.0 0.0 1692 333 963.6571428571428 35
380 0.1 1.6e3 0.0 1692 333 979.7222222222222 36
390 0.1 1789.0 0.0 1789 333 996.4864864864865 37
400 0.1 1887.0 0.0 1887 333 1017.3421052631579 38
410 0.1 1627.0 0.0 1887 333 1039.6410256410256 39
420 0.1 1820.0 0.0 1887 333 1054.325 40
430 0.1 2188.0 0.0 2188 333 1073.0 41
440 0.1 2076.0 0.0 2188 333 1099.547619047619 42
450 0.1 2349.0 0.0 2349 333 1122.2558139534883 43
460 0.1 1707.0 0.0 2349 333 1150.1363636363637 44
470 0.1 1919.0 0.0 2349 333 1162.5111111111112 45
480 0.1 2002.0 0.0 2349 333 1178.9565217391305 46
490 0.1 2225.0 0.0 2349 333 1196.468085106383 47
500 0.1 2330.0 0.0 2349 333 1217.8958333333333 48
510 0.1 2065.0 0.0 2349 333 1240.591836734694 49
520 0.1 2283.0 0.0 2349 333 1257.0800000000002 50
530 0.1 2521.0 0.0 2521 333 1277.1960784313726 51
540 0.1 2524.0 0.0 2524 333 1301.1153846153845 52
550 0.1 2442.0 0.0 2524 333 1324.188679245283 53
560 0.1 2359.0 0.0 2524 333 1344.888888888889 54
570 0.1 2372.0 0.0 2524 333 1363.3272727272727 55
580 0.1 2503.0 0.0 2524 333 1381.3392857142858 56
590 0.1 2317.0 0.0 2524 333 1401.017543859649 57
600 0.1 2576.0 0.0 2576 333 1416.8103448275863 58
610 0.1 2578.0 0.0 2578 333 1436.457627118644 59
620 0.1 3057.0 0.0 3057 333 1455.4833333333333 60
630 0.1 3469.0 0.0 3469 333 1481.7377049180327 61
640 0.1 3460.0 0.0 3469 333 1513.7903225806451 62
650 0.1 3772.0 0.0 3772 333 1544.6825396825398 63
660 0.1 3727.0 0.0 3772 333 1579.484375 64
670 0.1 3991.0 0.0 3991 333 1612.5230769230768 65
680 0.1 3806.0 0.0 3991 333 1648.560606060606 66
690 0.1 3641.0 0.0 3991 333 1680.7611940298507 67
700 0.1 3641.0 0.0 3991 333 1709.5882352941176 68
710 0.1 3362.0 0.0 3991 333 1737.5797101449275 69
720 0.1 3742.0 0.0 3991 333 1760.7857142857142 70
730 0.1 3627.0 0.0 3991 333 1788.6901408450703 71
740 0.1 3495.0 0.0 3991 333 1814.2222222222222 72
750 0.1 3432.0 0.0 3991 333 1837.2465753424658 73
760 0.1 3438.0 0.0 3991 333 1858.7972972972973 74
770 0.1 3747.0 0.0 3991 333 1879.8533333333332 75
780 0.1 3744.0 0.0 3991 333 1904.421052631579 76
790 0.1 4019.0 0.0 4019 333 1928.3116883116884 77
800 0.1 3685.0 0.0 4019 333 1955.1153846153845 78
810 0.1 3859.0 0.0 4019 333 1977.012658227848 79
820 0.1 3642.0 0.0 4019 333 2000.5375 80
830 0.1 3574.0 0.0 4019 333 2020.8024691358025 81
840 0.1 4167.0 0.0 4167 333 2039.7439024390244 82
850 0.1 3369.0 0.0 4167 333 2065.373493975904 83
860 0.1 3628.0 0.0 4167 333 2080.8928571428573 84
870 0.1 3458.0 0.0 4167 333 2099.094117647059 85
880 0.1 3861.0 0.0 4167 333 2114.8953488372094 86
890 0.1 3563.0 0.0 4167 333 2134.9655172413795 87
900 0.1 3267.0 0.0 4167 333 2151.193181818182 88
910 0.1 3751.0 0.0 4167 333 2163.7303370786517 89
920 0.1 3646.0 0.0 4167 333 2181.366666666667 90
930 0.1 3466.0 0.0 4167 333 2197.4615384615386 91
940 0.1 3561.0 0.0 4167 333 2211.25 92
950 0.1 3536.0 0.0 4167 333 2225.7634408602153 93
960 0.1 3620.0 0.0 4167 333 2239.7021276595747 94
970 0.1 3520.0 0.0 4167 333 2254.2315789473687 95
980 0.1 3751.0 0.0 4167 333 2267.416666666667 96
990 0.1 3463.0 0.0 4167 333 2282.711340206186 97
1000 0.1 3994.0 0.0 4167 333 2294.755102040817 98
1010 0.1 4062.0 0.0 4167 333 2311.9191919191926 99
1020 0.1 3286.0 0.0 4167 333 2329.4200000000005 100
1030 0.1 3236.0 0.0 4167 333 2338.8910891089113 101
1040 0.1 3917.0 0.0 4167 333 2347.686274509804 102
1050 0.1 3764.0 0.0 4167 333 2362.9223300970875 103
1060 0.1 3343.0 0.0 4167 333 2376.394230769231 104
1070 0.1 3618.0 0.0 4167 333 2385.6000000000004 105
1080 0.1 3522.0 0.0 4167 333 2397.2264150943397 106
1090 0.1 3583.0 0.0 4167 333 2407.7383177570096 107
1100 0.1 3768.0 0.0 4167 333 2418.6203703703704 108
1110 0.1 3754.0 0.0 4167 333 2431.0 109
1120 0.1 3755.0 0.0 4167 333 2443.0272727272727 110
1130 0.1 3951.0 0.0 4167 333 2454.846846846847 111
1140 0.1 3.6e3 0.0 4167 333 2468.2053571428573 112
1150 0.1 3394.0 0.0 4167 333 2478.221238938053 113
1160 0.1 3705.0 0.0 4167 333 2486.254385964912 114
1170 0.1 3762.0 0.0 4167 333 2496.8521739130433 115
1180 0.1 3943.0 0.0 4167 333 2507.7586206896553 116
1190 0.1 3847.0 0.0 4167 333 2520.025641025641 117
1200 0.1 4433.0 0.0 4433 333 2531.271186440678 118
1210 0.1 3927.0 0.0 4433 333 2547.252100840336 119
1220 0.1 4544.0 0.0 4544 333 2558.75 120
1230 0.1 4654.0 0.0 4654 333 2575.1570247933882 121
1240 0.1 4615.0 0.0 4654 333 2592.1967213114754 122
1250 0.1 4607.0 0.0 4654 333 2608.642276422764 123
1260 0.1 4615.0 0.0 4654 333 2624.7580645161293 124
1270 0.1 4671.0 0.0 4671 333 2640.68 125
1280 0.1 4724.0 0.0 4724 333 2656.7936507936506 126
1290 0.1 4751.0 0.0 4751 333 2673.0708661417325 127
1300 0.1 4605.0 0.0 4751 333 2689.3046875 128
1310 0.1 4687.0 0.0 4751 333 2704.15503875969 129
1320 0.1 4768.0 0.0 4768 333 2719.4076923076923 130
1330 0.1 4808.0 0.0 4808 333 2735.0458015267177 131
1340 0.1 4858.0 0.0 4858 333 2750.75 132
1350 0.1 4579.0 0.0 4858 333 2766.593984962406 133
1370 0.1 4.7e3 0.0 4858 333 2780.1194029850744 134
1380 0.1 4564.0 0.0 4858 333 2794.340740740741 135
1390 0.1 4747.0 0.0 4858 333 2807.3529411764707 136
1400 0.1 4792.0 0.0 4858 333 2821.5109489051097 137
1410 0.1 4816.0 0.0 4858 333 2835.789855072464 138
1420 0.1 4965.0 0.0 4965 333 2850.0359712230215 139
1430 0.1 4888.0 0.0 4965 333 2865.1428571428573 140
1440 0.1 4805.0 0.0 4965 333 2879.4893617021276 141
1450 0.1 4859.0 0.0 4965 333 2893.049295774648 142
1460 0.1 4842.0 0.0 4965 333 2906.7972027972028 143
1470 0.1 4756.0 0.0 4965 333 2920.2361111111113 144
1480 0.1 4810.0 0.0 4965 333 2932.896551724138 145
1490 0.1 4598.0 0.0 4965 333 2945.7534246575347 146
1500 0.1 4688.0 0.0 4965 333 2956.993197278912 147
1510 0.1 4717.0 0.0 4965 333 2968.6891891891896 148
1520 0.1 4710.0 0.0 4965 333 2980.4228187919466 149
1530 0.1 5062.0 0.0 5062 333 2991.953333333334 150
1540 0.1 4723.0 0.0 5062 333 3005.6622516556295 151
1550 0.1 4702.0 0.0 5062 333 3016.96052631579 152
1560 0.1 4770.0 0.0 5062 333 3027.973856209151 153
1570 0.1 4887.0 0.0 5062 333 3039.285714285715 154
1580 0.1 4706.0 0.0 5062 333 3051.206451612904 155
1590 0.1 4890.0 0.0 5062 333 3061.8141025641035 156
1600 0.1 4824.0 0.0 5062 333 3073.4585987261153 157
1610 0.1 4786.0 0.0 5062 333 3084.537974683545 158
1620 0.1 4769.0 0.0 5062 333 3095.2389937106927 159
1630 0.1 4840.0 0.0 5062 333 3105.7000000000007 160
1640 0.1 4768.0 0.0 5062 333 3116.4720496894415 161
1650 0.1 4792.0 0.0 5062 333 3126.666666666667 162
1660 0.1 4904.0 0.0 5062 333 3136.8834355828226 163
1670 0.1 4959.0 0.0 5062 333 3147.658536585366 164
1680 0.1 4833.0 0.0 5062 333 3158.636363636364 165
1690 0.1 4911.0 0.0 5062 333 3168.722891566265 166
1700 0.1 5024.0 0.0 5062 333 3179.1556886227545 167
1710 0.1 5110.0 0.0 5110 333 3190.1369047619046 168
1720 0.1 4805.0 0.0 5110 333 3201.4970414201184 169
1730 0.1 4710.0 0.0 5110 333 3210.929411764706 170
1740 0.1 4748.0 0.0 5110 333 3219.6959064327484 171
1760 0.1 4632.0 0.0 5110 333 3228.5813953488373 172
1770 0.1 4641.0 0.0 5110 333 3236.693641618497 173
1780 0.1 4617.0 0.0 5110 333 3244.764367816092 174
1790 0.1 4624.0 0.0 5110 333 3252.6057142857144 175
1800 0.1 4852.0 0.0 5110 333 3260.3977272727275 176
1810 0.1 5140.0 0.0 5140 333 3269.3898305084745 177
1820 0.1 5194.0 0.0 5194 333 3279.8988764044943 178
1830 0.1 5263.0 0.0 5263 333 3290.59217877095 179
1840 0.1 5481.0 0.0 5481 333 3301.55 180
1850 0.1 5460.0 0.0 5481 333 3313.5911602209944 181
1860 0.1 5504.0 0.0 5504 333 3325.3846153846152 182
1870 0.1 5115.0 0.0 5504 333 3337.289617486339 183
1880 0.1 5472.0 0.0 5504 333 3346.9510869565215 184
1890 0.1 5373.0 0.0 5504 333 3358.437837837838 185
1900 0.1 5372.0 0.0 5504 333 3369.2688172043013 186
1910 0.1 5172.0 0.0 5504 333 3379.9786096256685 187
1920 0.1 4977.0 0.0 5504 333 3389.5106382978724 188
1930 0.1 4979.0 0.0 5504 333 3397.910052910053 189
1940 0.1 5209.0 0.0 5504 333 3406.2315789473682 190
1950 0.1 5202.0 0.0 5504 333 3415.670157068063 191
1960 0.1 5172.0 0.0 5504 333 3424.9739583333335 192
1970 0.1 5452.0 0.0 5504 333 3434.0259067357515 193
1980 0.1 5350.0 0.0 5504 333 3444.4278350515465 194
1990 0.1 5127.0 0.0 5504 333 3454.2 195
2000 0.1 5436.0 0.0 5504 333 3462.734693877551 196
2010 0.1 5266.0 0.0 5504 333 3472.751269035533 197
2020 0.1 5029.0 0.0 5504 333 3481.808080808081 198
2030 0.1 5340.0 0.0 5504 333 3489.5829145728644 199
2040 0.1 5011.0 0.0 5504 333 3498.835 200
2050 0.1 5009.0 0.0 5504 333 3506.3582089552237 201
2060 0.1 5214.0 0.0 5504 333 3513.79702970297 202
2070 0.1 5449.0 0.0 5504 333 3522.1724137931033 203
2080 0.1 5378.0 0.0 5504 333 3531.6176470588234 204
2090 0.1 5223.0 0.0 5504 333 3540.6243902439023 205
2100 0.1 5656.0 0.0 5656 333 3548.7912621359224 206
2110 0.1 5439.0 0.0 5656 333 3558.9710144927535 207
2120 0.1 5242.0 0.0 5656 333 3568.0096153846152 208
2130 0.1 5316.0 0.0 5656 333 3576.0191387559807 209
2140 0.1 5327.0 0.0 5656 333 3584.304761904762 210
2150 0.1 5287.0 0.0 5656 333 3592.563981042654 211
2170 0.1 5482.0 0.0 5656 333 3600.556603773585 212
2180 0.1 5325.0 0.0 5656 333 3609.389671361502 213
2190 0.1 5239.0 0.0 5656 333 3617.4065420560746 214
2200 0.1 5012.0 0.0 5656 333 3624.9488372093024 215
2210 0.1 5125.0 0.0 5656 333 3631.3703703703704 216
2220 0.1 5201.0 0.0 5656 333 3638.253456221198 217
2230 0.1 5475.0 0.0 5656 333 3645.422018348624 218
2240 0.1 5357.0 0.0 5656 333 3653.7762557077626 219
2250 0.1 5559.0 0.0 5656 333 3661.518181818182 220
2260 0.1 5395.0 0.0 5656 333 3670.10407239819 221
2270 0.1 5043.0 0.0 5656 333 3677.873873873874 222
2280 0.1 5157.0 0.0 5656 333 3683.9955156950673 223
2290 0.1 5203.0 0.0 5656 333 3690.5714285714284 224
2300 0.1 5301.0 0.0 5656 333 3697.2933333333335 225
2310 0.1 5612.0 0.0 5656 333 3704.3893805309735 226
2320 0.1 5272.0 0.0 5656 333 3712.79295154185 227
2330 0.1 5246.0 0.0 5656 333 3719.6315789473683 228
2340 0.1 5225.0 0.0 5656 333 3726.296943231441 229
2350 0.1 5321.0 0.0 5656 333 3732.813043478261 230
2360 0.1 5024.0 0.0 5656 333 3739.688311688312 231
2370 0.1 5256.0 0.0 5656 333 3745.2241379310344 232
2380 0.1 5383.0 0.0 5656 333 3751.708154506438 233
2390 0.1 5335.0 0.0 5656 333 3758.6794871794873 234
2400 0.1 5537.0 0.0 5656 333 3765.3872340425532 235
2410 0.1 5819.0 0.0 5819 333 3772.89406779661 236
2420 0.1 5793.0 0.0 5819 333 3781.5274261603377 237
2430 0.1 6130.0 0.0 6130 333 3789.9789915966385 238
2440 0.1 5776.0 0.0 6130 333 3799.7698744769873 239
2450 0.1 5755.0 0.0 6130 333 3808.0041666666666 240
2460 0.1 5564.0 0.0 6130 333 3816.082987551867 241
2470 0.1 6350.0 0.0 6350 333 3823.305785123967 242
2480 0.1 6171.0 0.0 6350 333 3833.703703703704 243
2490 0.1 5853.0 0.0 6350 333 3843.282786885246 244
2510 0.1 6039.0 0.0 6350 333 3851.4857142857145 245
2520 0.1 5755.0 0.0 6350 333 3860.378048780488 246
2530 0.1 6002.0 0.0 6350 333 3868.0485829959516 247
2540 0.1 5564.0 0.0 6350 333 3876.6532258064517 248
2550 0.1 5720.0 0.0 6350 333 3883.429718875502 249
2560 0.1 5842.0 0.0 6350 333 3890.776 250
2570 0.1 5580.0 0.0 6350 333 3898.5498007968126 251
2580 0.1 5726.0 0.0 6350 333 3905.222222222222 252
2590 0.1 5609.0 0.0 6350 333 3912.418972332016 253
2600 0.1 6186.0 0.0 6350 333 3919.0984251968503 254
2610 0.1 5754.0 0.0 6350 333 3927.9882352941177 255
2620 0.1 6056.0 0.0 6350 333 3935.12109375 256
2630 0.1 5803.0 0.0 6350 333 3943.373540856031 257
2640 0.1 5980.0 0.0 6350 333 3950.5813953488373 258
2650 0.1 5631.0 0.0 6350 333 3958.4169884169883 259
2660 0.1 5943.0 0.0 6350 333 3964.85 260
2670 0.1 5766.0 0.0 6350 333 3972.4291187739464 261
2680 0.1 5690.0 0.0 6350 333 3979.2748091603053 262
2690 0.1 5643.0 0.0 6350 333 3985.7794676806084 263
2700 0.1 5787.0 0.0 6350 333 3992.056818181818 264
2710 0.1 5584.0 0.0 6350 333 3998.830188679245 265
2720 0.1 5838.0 0.0 6350 333 4004.7894736842104 266
2730 0.1 5687.0 0.0 6350 333 4011.6554307116103 267
2740 0.1 5875.0 0.0 6350 333 4017.9067164179105 268
2750 0.1 5901.0 0.0 6350 333 4024.8104089219332 269
2760 0.1 5749.0 0.0 6350 333 4031.759259259259 270
2770 0.1 5679.0 0.0 6350 333 4038.0959409594097 271
2780 0.1 5788.0 0.0 6350 333 4044.1286764705883 272
2790 0.1 5842.0 0.0 6350 333 4050.5164835164837 273
2800 0.1 6023.0 0.0 6350 333 4057.0547445255474 274
2810 0.1 5740.0 0.0 6350 333 4064.203636363636 275
2820 0.1 5982.0 0.0 6350 333 4070.2753623188405 276
2830 0.1 5709.0 0.0 6350 333 4077.176895306859 277
2840 0.1 5913.0 0.0 6350 333 4083.046762589928 278
2850 0.1 5872.0 0.0 6350 333 4089.6057347670253 279
2860 0.1 6096.0 0.0 6350 333 4095.9714285714285 280
2870 0.1 5831.0 0.0 6350 333 4103.08896797153 281
2880 0.1 5847.0 0.0 6350 333 4109.2163120567375 282
2890 0.1 5782.0 0.0 6350 333 4115.356890459364 283
2900 0.1 5752.0 0.0 6350 333 4121.225352112676 284
2910 0.1 5550.0 0.0 6350 333 4126.9473684210525 285
2930 0.1 5869.0 0.0 6350 333 4131.923076923077 286
2940 0.1 5944.0 0.0 6350 333 4137.975609756098 287
2950 0.1 5623.0 0.0 6350 333 4144.246527777777 288
2960 0.1 5930.0 0.0 6350 333 4149.363321799308 289
2970 0.1 5783.0 0.0 6350 333 4155.503448275862 290
2980 0.1 5674.0 0.0 6350 333 4161.096219931272 291
2990 0.1 5818.0 0.0 6350 333 4166.277397260274 292
3000 0.1 6165.0 0.0 6350 333 4171.914675767918 293
3010 0.1 6465.0 0.0 6465 333 4178.693877551021 294
3020 0.1 6286.0 0.0 6465 333 4186.44406779661 295
3030 0.1 6098.0 0.0 6465 333 4193.5371621621625 296
3040 0.1 6514.0 0.0 6514 333 4199.949494949495 297
3050 0.1 6427.0 0.0 6514 333 4207.714765100671 298
3060 0.1 6267.0 0.0 6514 333 4215.13712374582 299
3070 0.1 6703.0 0.0 6703 333 4221.9766666666665 300
3080 0.1 6211.0 0.0 6703 333 4230.21926910299 301
3090 0.1 6561.0 0.0 6703 333 4236.778145695365 302
3100 0.1 6288.0 0.0 6703 333 4244.4488448844895 303
3110 0.1 6142.0 0.0 6703 333 4251.17105263158 304
3120 0.1 6556.0 0.0 6703 333 4257.37049180328 305
3130 0.1 6318.0 0.0 6703 333 4264.882352941178 306
3140 0.1 6601.0 0.0 6703 333 4271.570032573292 307
3150 0.1 6721.0 0.0 6721 333 4279.133116883119 308
3160 0.1 6464.0 0.0 6721 333 4287.035598705504 309
3170 0.1 6112.0 0.0 6721 333 4294.058064516132 310
3180 0.1 6216.0 0.0 6721 333 4299.903536977495 311
3190 0.1 6337.0 0.0 6721 333 4306.044871794875 312
3200 0.1 6420.0 0.0 6721 333 4312.533546325882 313
3210 0.1 6375.0 0.0 6721 333 4319.24522292994 314
3220 0.1 6116.0 0.0 6721 333 4325.771428571432 315
3230 0.1 6309.0 0.0 6721 333 4331.436708860762 316
3240 0.1 6213.0 0.0 6721 333 4337.675078864357 317
3250 0.1 6383.0 0.0 6721 333 4343.5723270440285 318
3260 0.1 6594.0 0.0 6721 333 4349.965517241383 319
3270 0.1 6341.0 0.0 6721 333 4356.978125000003 320
3280 0.1 5850.0 0.0 6721 333 4363.158878504676 321
3290 0.1 6187.0 0.0 6721 333 4367.776397515531 322
3300 0.1 6498.0 0.0 6721 333 4373.4086687306535 323
3310 0.1 6598.0 0.0 6721 333 4379.96604938272 324
3320 0.1 6399.0 0.0 6721 333 4386.790769230773 325
3330 0.1 6247.0 0.0 6721 333 4392.963190184053 326
3340 0.1 6158.0 0.0 6721 333 4398.63302752294 327
3350 0.1 6181.0 0.0 6721 333 4403.996951219517 328
3360 0.1 6007.0 0.0 6721 333 4409.398176291797 329
3380 0.1 6151.0 0.0 6721 333 4414.239393939398 330
3390 0.1 6499.0 0.0 6721 333 4419.48640483384 331
3400 0.1 6217.0 0.0 6721 333 4425.750000000004 332
3410 0.1 6343.0 0.0 6721 333 4431.129129129133 333
3420 0.1 6505.0 0.0 6721 333 4436.853293413177 334
3430 0.1 6542.0 0.0 6721 333 4443.026865671645 335
3440 0.1 6.0e3 0.0 6721 333 4449.273809523813 336
3450 0.1 6115.0 0.0 6721 333 4453.8753709198845 337
3460 0.1 6144.0 0.0 6721 333 4458.789940828406 338
3470 0.1 6064.0 0.0 6721 333 4463.761061946906 339
3480 0.1 6577.0 0.0 6721 333 4468.4676470588265 340
3490 0.1 6272.0 0.0 6721 333 4474.651026392965 341
3500 0.1 6402.0 0.0 6721 333 4479.90643274854 342
3510 0.1 6095.0 0.0 6721 333 4485.510204081635 343
3520 0.1 6444.0 0.0 6721 333 4490.188953488374 344
3530 0.1 5942.0 0.0 6721 333 4495.852173913046 345
3540 0.1 6143.0 0.0 6721 333 4500.031791907517 346
3550 0.1 6320.0 0.0 6721 333 4504.76657060519 347
3560 0.1 6521.0 0.0 6721 333 4509.982758620692 348
3570 0.1 6046.0 0.0 6721 333 4515.744985673355 349
3580 0.1 6336.0 0.0 6721 333 4520.117142857145 350
3590 0.1 6423.0 0.0 6721 333 4525.2905982906 351
3600 0.1 6828.0 0.0 6828 333 4530.68181818182 352
3610 0.1 6682.0 0.0 6828 333 4537.189801699718 353
3620 0.1 7077.0 0.0 7077 333 4543.248587570623 354
3630 0.1 7271.0 0.0 7271 333 4550.38591549296 355
3640 0.1 7012.0 0.0 7271 333 4558.028089887643 356
3650 0.1 6842.0 0.0 7271 333 4564.901960784316 357
3660 0.1 7194.0 0.0 7271 333 4571.262569832405 358
3670 0.1 7116.0 0.0 7271 333 4578.568245125351 359
3680 0.1 7448.0 0.0 7448 333 4585.6166666666695 360
3690 0.1 7.0e3 0.0 7448 333 4593.545706371194 361
3700 0.1 6689.0 0.0 7448 333 4600.193370165748 362
3710 0.1 7177.0 0.0 7448 333 4605.947658402206 363
3720 0.1 7552.0 0.0 7552 333 4613.010989010991 364
3730 0.1 6937.0 0.0 7552 333 4621.063013698632 365
3740 0.1 7069.0 0.0 7552 333 4627.390710382516 366
3750 0.1 7095.0 0.0 7552 333 4634.043596730247 367
3770 0.1 7009.0 0.0 7552 333 4640.730978260872 368
3780 0.1 7439.0 0.0 7552 333 4647.149051490517 369
3790 0.1 7388.0 0.0 7552 333 4654.694594594597 370
3800 0.1 7423.0 0.0 7552 333 4662.0619946091665 371
3810 0.1 7514.0 0.0 7552 333 4669.483870967744 372
3820 0.1 7650.0 0.0 7650 333 4677.1099195710485 373
3830 0.1 7021.0 0.0 7650 333 4685.058823529414 374
3840 0.1 7082.0 0.0 7650 333 4691.288000000002 375
3850 0.1 7439.0 0.0 7650 333 4697.646276595747 376
3860 0.1 6978.0 0.0 7650 333 4704.917771883291 377
3870 0.1 6805.0 0.0 7650 333 4710.931216931219 378
3880 0.1 7029.0 0.0 7650 333 4716.4564643799495 379
3890 0.1 6947.0 0.0 7650 333 4722.54210526316 380
3900 0.1 6303.0 0.0 7650 333 4728.3805774278235 381
3910 0.1 6763.0 0.0 7650 333 4732.502617801049 382
3920 0.1 7151.0 0.0 7650 333 4737.804177545694 383
3930 0.1 6892.0 0.0 7650 333 4744.088541666669 384
3940 0.1 6933.0 0.0 7650 333 4749.667532467535 385
3950 0.1 6936.0 0.0 7650 333 4755.3238341968945 386
3960 0.1 6818.0 0.0 7650 333 4760.958656330752 387
3970 0.1 6817.0 0.0 7650 333 4766.260309278354 388
3980 0.1 7163.0 0.0 7650 333 4771.532133676096 389
3990 0.1 7117.0 0.0 7650 333 4777.6641025641065 390
4000 0.1 6819.0 0.0 7650 333 4783.647058823533 391
4010 0.1 6963.0 0.0 7650 333 4788.83928571429 392
4020 0.1 7062.0 0.0 7650 333 4794.371501272269 393
4030 0.1 7311.0 0.0 7650 333 4800.126903553303 394
4040 0.1 7137.0 0.0 7650 333 4806.483544303801 395
4050 0.1 6970.0 0.0 7650 333 4812.36868686869 396
4060 0.1 6672.0 0.0 7650 333 4817.803526448366 397
4070 0.1 6553.0 0.0 7650 333 4822.462311557792 398
4080 0.1 6975.0 0.0 7650 333 4826.799498746871 399
4090 0.1 7.3e3 0.0 7650 333 4832.170000000004 400
4100 0.1 7121.0 0.0 7650 333 4838.324189526188 401
4110 0.1 7152.0 0.0 7650 333 4844.002487562193 402
4120 0.1 6854.0 0.0 7650 333 4849.729528535984 403
4130 0.1 7035.0 0.0 7650 333 4854.69059405941 404
4140 0.1 6923.0 0.0 7650 333 4860.074074074078 405
4150 0.1 6995.0 0.0 7650 333 4865.155172413798 406
4160 0.1 7195.0 0.0 7650 333 4870.388206388212 407
4170 0.1 6874.0 0.0 7650 333 4876.085784313731 408
4180 0.1 6930.0 0.0 7650 333 4880.970660146705 409
4200 0.1 7426.0 0.0 7650 333 4885.968292682933 410
4210 0.1 7402.0 0.0 7650 333 4892.14841849149 411
4220 0.1 7640.0 0.0 7650 333 4898.240291262142 412
4230 0.1 8005.0 0.0 8005 333 4904.878934624703 413
4240 0.1 8048.0 0.0 8048 333 4912.36714975846 414
4250 0.1 7506.0 0.0 8048 333 4919.922891566272 415
4260 0.1 7660.0 0.0 8048 333 4926.13942307693 416
4270 0.1 7686.0 0.0 8048 333 4932.6954436450915 417
4280 0.1 7372.0 0.0 8048 333 4939.282296650726 418
4290 0.1 7302.0 0.0 8048 333 4945.088305489268 419
4300 0.1 7827.0 0.0 8048 333 4950.700000000008 420
4310 0.1 7.9e3 0.0 8048 333 4957.532066508321 421
4320 0.1 7886.0 0.0 8048 333 4964.5047393365 422
4330 0.1 7386.0 0.0 8048 333 4971.411347517737 423
4340 0.1 7902.0 0.0 8048 333 4977.106132075478 424
4350 0.1 7690.0 0.0 8048 333 4983.988235294124 425
4360 0.1 8017.0 0.0 8048 333 4990.340375586861 426
4370 0.1 7740.0 0.0 8048 333 4997.428571428578 427
4380 0.1 7882.0 0.0 8048 333 5003.836448598137 428
4390 0.1 7936.0 0.0 8048 333 5010.545454545461 429
4400 0.1 8139.0 0.0 8139 333 5017.348837209309 430
4410 0.1 7803.0 0.0 8139 333 5024.591647331793 431
4420 0.1 7552.0 0.0 8139 333 5031.023148148154 432
4430 0.1 7.8e3 0.0 8139 333 5036.845265588921 433
4440 0.1 8488.0 0.0 8488 333 5043.211981566827 434
4450 0.1 7950.0 0.0 8488 333 5051.131034482765 435
4460 0.1 7751.0 0.0 8488 333 5057.779816513768 436
4470 0.1 7537.0 0.0 8488 333 5063.9427917620205 437
4480 0.1 7528.0 0.0 8488 333 5069.589041095896 438
4490 0.1 8004.0 0.0 8488 333 5075.189066059232 439
4500 0.1 7749.0 0.0 8488 333 5081.845454545461 440
4510 0.1 8031.0 0.0 8488 333 5087.893424036288 441
4520 0.1 8012.0 0.0 8488 333 5094.552036199101 442
4530 0.1 8129.0 0.0 8488 333 5101.137697516936 443
4540 0.1 8108.0 0.0 8488 333 5107.957207207213 444
4550 0.1 7734.0 0.0 8488 333 5114.698876404501 445
4560 0.1 7715.0 0.0 8488 333 5120.57174887893 446
4570 0.1 7750.0 0.0 8488 333 5126.375838926181 447
4580 0.1 7561.0 0.0 8488 333 5132.2321428571495 448
4600 0.1 7854.0 0.0 8488 333 5137.641425389761 449
4610 0.1 7781.0 0.0 8488 333 5143.677777777784 450
4620 0.1 8375.0 0.0 8488 333 5149.525498891358 451
4630 0.1 8264.0 0.0 8488 333 5156.661504424785 452
4640 0.1 7546.0 0.0 8488 333 5163.520971302434 453
4650 0.1 7861.0 0.0 8488 333 5168.768722466966 454
4660 0.1 7610.0 0.0 8488 333 5174.685714285721 455
4670 0.1 7199.0 0.0 8488 333 5180.02631578948 456
4680 0.1 7423.0 0.0 8488 333 5184.444201312916 457
4690 0.1 7566.0 0.0 8488 333 5189.331877729263 458
4700 0.1 8133.0 0.0 8488 333 5194.5098039215745 459
4710 0.1 8138.0 0.0 8488 333 5200.897826086963 460
4720 0.1 7.8e3 0.0 8488 333 5207.26898047723 461
4730 0.1 7780.0 0.0 8488 333 5212.880952380959 462
4740 0.1 7630.0 0.0 8488 333 5218.425485961129 463
4750 0.1 7489.0 0.0 8488 333 5223.622844827592 464
4760 0.1 7677.0 0.0 8488 333 5228.49462365592 465
4770 0.1 7994.0 0.0 8488 333 5233.748927038632 466
4780 0.1 8206.0 0.0 8488 333 5239.659528907929 467
4790 0.1 7614.0 0.0 8488 333 5245.99786324787 468
4800 0.1 4705.0 0.0 8488 333 5251.046908315571 469
4810 0.1 3767.0 0.0 8488 333 5249.885106382984 470
4820 0.1 505.0 0.0 8488 333 5246.73673036094 471
4830 0.1 121.0 0.0 8488 121 5236.690677966108 472
4840 0.1 25.0 0.0 8488 25 5225.875264270619 473
