0 0 0
10 11 12
20 19 19
30 21 28
40 15 28
50 20 28
60 26 29
70 19 29
80 15 29
90 20 29
100 24 29
110 23 29
120 23 29
130 36 38
140 34 40
150 32 40
160 38 44
170 38 45
180 51 51
190 38 52
200 47 52
210 37 52
220 42 52
230 41 52
240 51 55
250 61 63
260 62 67
270 74 80
280 64 80
290 71 80
300 60 80
310 68 80
320 71 80
330 61 80
340 60 80
350 68 80
360 62 80
370 78 80
380 69 84
390 83 87
400 74 92
410 72 92
420 100 100
430 102 105
440 91 105
450 84 105
460 82 105
470 87 105
480 84 105
490 88 105
500 85 105
510 102 112
520 109 112
530 102 123
540 113 123
550 104 123
560 120 126
570 102 126
580 96 126
590 115 126
600 115 126
610 145 145
620 136 161
630 154 161
640 156 164
650 200 202
660 202 208
670 163 208
680 154 208
690 163 208
700 136 208
710 157 208
720 135 208
730 169 208
740 166 208
750 149 208
760 163 208
770 162 208
780 163 208
790 166 208
800 172 208
810 158 208
820 169 208
830 173 208
840 167 208
850 155 208
860 139 208
870 175 208
880 162 208
890 140 208
900 153 208
910 152 208
920 148 208
930 160 208
940 161 208
950 155 208
960 162 208
970 158 208
980 152 208
990 173 208
1000 170 208
1010 149 208
1020 134 208
1030 167 208
1040 169 208
1050 137 208
1060 152 208
1070 141 208
1080 144 208
1090 177 208
1100 152 208
1110 158 208
1120 199 208
1130 164 208
1140 150 208
1150 166 208
1160 159 208
1170 182 208
1180 172 208
1190 216 217
1200 248 251
1210 327 327
1220 353 361
1230 398 404
1240 434 436
1250 457 461
1260 450 461
1270 448 461
1280 455 465
1290 487 497
1300 504 508
1310 486 517
1320 518 523
1330 525 545
1340 517 545
1350 475 545
1360 491 545
1370 497 545
1380 502 545
1390 516 545
1400 538 547
1410 557 563
1420 545 563
1430 526 563
1440 484 563
1450 500 563
1460 523 563
1470 520 563
1480 500 563
1490 520 563
1500 523 563
1510 544 563
1520 513 563
1530 525 563
1540 556 563
1550 541 568
1560 515 568
1570 524 568
1580 511 568
1590 554 568
1600 518 568
1610 525 568
1620 534 568
1630 517 568
1640 541 568
1650 535 568
1660 532 568
1670 537 568
1680 524 568
1690 565 568
1700 547 568
1710 544 568
1720 551 568
1730 501 568
1740 480 568
1750 470 568
1760 468 568
1770 489 568
1780 502 568
1790 540 568
1800 554 568
1810 539 568
1820 593 594
1830 602 608
1840 607 626
1850 593 626
1860 577 626
1870 587 626
1880 579 626
1890 561 626
1900 571 626
1910 542 626
1920 553 626
1930 584 626
1940 612 626
1950 590 628
1960 582 628
1970 540 628
1980 569 628
1990 564 628
2000 582 628
2010 542 628
2020 536 628
2030 562 628
2040 558 628
2050 540 628
2060 579 628
2070 601 628
2080 593 628
2090 600 628
2100 586 628
2110 569 628
2120 572 628
2130 583 628
2140 585 628
2150 598 628
2160 574 628
2170 572 628
2180 568 628
2190 545 628
2200 560 628
2210 575 628
2220 601 628
2230 592 628
2240 579 628
2250 553 628
2260 565 628
2270 570 628
2280 583 628
2290 566 628
2300 572 628
2310 571 628
2320 576 628
2330 540 628
2340 558 628
2350 544 628
2360 578 628
2370 584 628
2380 585 628
2390 597 628
2400 607 628
2410 639 639
2420 639 646
2430 625 656
2440 613 656
2450 615 656
2460 624 656
2470 678 698
2480 639 698
2490 612 698
2500 636 698
2510 632 698
2520 615 698
2530 634 698
2540 624 698
2550 605 698
2560 600 698
2570 628 698
2580 644 698
2590 674 698
2600 625 698
2610 641 698
2620 638 698
2630 643 698
2640 625 698
2650 642 698
2660 620 698
2670 628 698
2680 624 698
2690 619 698
2700 610 698
2710 626 698
2720 617 698
2730 614 698
2740 612 698
2750 600 698
2760 608 698
2770 626 698
2780 625 698
2790 656 698
2800 632 698
2810 659 698
2820 625 698
2830 634 698
2840 656 698
2850 645 698
2860 659 698
2870 633 698
2880 641 698
2890 597 698
2900 586 698
2910 620 698
2920 628 698
2930 619 698
2940 641 698
2950 611 698
2960 613 698
2970 607 698
2980 629 698
2990 666 698
3000 680 711
3010 650 711
3020 654 711
3030 679 711
3040 684 711
3050 658 711
3060 696 711
3070 697 711
3080 695 711
3090 669 711
3100 647 711
3110 667 711
3120 700 711
3130 735 735
3140 675 742
3150 698 742
3160 659 742
3170 657 742
3180 686 742
3190 673 742
3200 660 742
3210 676 742
3220 663 742
3230 664 742
3240 638 742
3250 676 742
3260 679 742
3270 644 742
3280 642 742
3290 692 742
3300 711 742
3310 669 742
3320 678 742
3330 666 742
3340 640 742
3350 649 742
3360 653 742
3370 664 742
3380 695 742
3390 697 742
3400 657 742
3410 661 742
3420 659 742
3430 663 742
3440 647 742
3450 668 742
3460 784 784
3470 695 785
3480 654 785
3490 657 785
3500 674 785
3510 677 785
3520 665 785
3530 644 785
3540 694 785
3550 677 785
3560 636 785
3570 663 785
3580 703 785
3590 710 785
3600 704 785
3610 702 785
3620 757 785
3630 712 785
3640 740 785
3650 751 785
3660 759 785
3670 736 785
3680 731 785
3690 727 785
3700 713 785
3710 758 788
3720 754 788
3730 750 788
3740 731 788
3750 684 788
3760 730 788
3770 790 793
3780 765 794
3790 758 795
3800 778 795
3810 748 795
3820 735 795
3830 730 795
3840 762 795
3850 712 795
3860 705 795
3870 714 795
3880 714 795
3890 708 795
3900 702 795
3910 728 795
3920 715 795
3930 714 795
3940 711 795
3950 695 795
3960 726 795
3970 737 795
3980 738 795
3990 698 795
4000 764 795
4010 733 795
4020 730 795
4030 754 795
4040 717 795
4050 697 795
4060 709 795
4070 712 795
4080 752 795
4090 723 795
4100 726 795
4110 725 795
4120 700 795
4130 711 795
4140 718 795
4150 727 795
4160 703 795
4170 709 795
4180 738 795
4190 743 795
4200 749 795
4210 761 795
4220 799 817
4230 789 817
4240 744 817
4250 758 817
4260 775 817
4270 744 817
4280 765 817
4290 805 817
4300 814 827
4310 761 827
4320 752 827
4330 756 827
4340 785 827
4350 750 827
4360 789 827
4370 795 827
4380 786 827
4390 808 827
4400 766 827
4410 762 827
4420 766 827
4430 830 837
4440 791 839
4450 754 839
4460 756 839
4470 758 839
4480 786 839
4490 763 839
4500 792 839
4510 788 839
4520 797 839
4530 782 839
4540 786 839
4550 766 839
4560 763 839
4570 767 839
4580 764 839
4590 805 839
4600 755 839
4610 806 839
4620 795 839
4630 745 839
4640 732 839
4650 740 839
4660 736 839
4670 767 839
4680 783 839
4690 785 839
4700 807 839
4710 789 839
4720 820 839
4730 746 839
4740 739 839
4750 772 839
4760 824 839
4770 805 839
4780 821 839
4790 533 839
4800 183 839
4810 23 839
4820 3 839
4830 0 839
4840 0 839
4841 0 839
