10 1.9 19
20 2 39
30 2.2 61
40 1.4 75
50 1.8 93
60 2.4 117
70 1.9 136
80 1.7 153
90 2 173
100 2.2 195
110 2.4 219
120 1.6 235
130 3.7 272
140 3.8 310
150 3.4 344
160 3.6 380
170 4.7 427
180 5.1 478
190 3.4 512
200 4.5 557
210 3.1 588
220 3.9 627
230 3.4 661
240 6 721
250 5.5 776
260 6.2 838
270 6.7 905
280 6.2 967
290 6.7 1034
300 6 1094
310 6.4 1158
320 6.4 1222
330 4.9 1271
340 5.4 1325
350 7 1395
360 6.5 1460
370 7 1530
380 6.8 1598
390 8.6 1684
400 7 1754
410 6.9 1823
420 9.8 1921
430 8.9 2010
440 8.6 2096
450 7.4 2170
460 7.4 2244
470 9.6 2340
480 8.5 2425
490 9 2515
500 9.1 2606
510 10.1 2707
520 10.8 2815
530 10.1 2916
540 10.9 3025
550 9.6 3121
560 10 3221
570 9.6 3317
580 9.7 3414
590 10.9 3523
600 10.3 3626
610 14.4 3770
620 13.2 3902
630 15 4052
640 16.3 4215
650 17.8 4393
660 15.4 4547
670 13.5 4682
680 15.8 4840
690 15.7 4997
700 12.7 5124
710 15.9 5283
720 15.2 5435
730 15.7 5592
740 14.8 5740
750 12.7 5867
760 16.5 6032
770 15 6182
780 16.8 6350
790 16.1 6511
800 16.1 6672
810 14.1 6813
820 15.7 6970
830 16.6 7136
840 15.5 7291
850 13.8 7429
860 14.1 7570
870 16.7 7737
880 15.9 7896
890 12.2 8018
900 15.7 8175
910 15.8 8333
920 13.8 8471
930 15.9 8630
940 14.1 8771
950 14.8 8919
960 14.9 9068
970 16.3 9231
980 14.1 9372
990 16.8 9540
1000 16.9 9709
1010 14 9849
1020 12.9 9978
1030 16 10138
1040 16.3 10301
1050 13.5 10436
1060 15 10586
1070 14.6 10732
1080 14.5 10877
1090 17.4 11051
1100 14 11191
1110 16.1 11352
1120 18.3 11535
1130 14 11675
1140 14.3 11818
1150 14.9 11967
1160 15 12117
1170 18.3 12300
1180 14.7 12447
1190 20.9 12656
1200 19.4 12850
1210 21.3 13063
1220 19.8 13261
1230 21 13471
1240 20.6 13677
1250 20.4 13881
1260 17 14051
1270 18.7 14238
1280 18.9 14427
1290 20.4 14631
1300 19.8 14829
1310 16.7 14996
1320 23.3 15229
1330 20.2 15431
1340 19.6 15627
1350 15.7 15784
1360 20.6 15990
1370 18.3 16173
1380 19.7 16370
1390 19.7 16567
1400 21.1 16778
1410 22 16998
1420 21.1 17209
1430 18.7 17396
1440 19 17586
1450 20.8 17794
1460 21.2 18006
1470 19 18196
1480 17.4 18370
1490 20.9 18579
1500 20.4 18783
1510 19.4 18977
1520 19.3 19170
1530 21.1 19381
1540 20.8 19589
1550 18.8 19777
1560 19 19967
1570 20.8 20175
1580 18.3 20358
1590 23.8 20596
1600 17.1 20767
1610 21.5 20982
1620 21.2 21194
1630 19 21384
1640 21.4 21598
1650 19.8 21796
1660 21.7 22013
1670 21.3 22226
1680 20.1 22427
1690 22.3 22650
1700 21.4 22864
1710 22.2 23086
1720 19.9 23285
1730 16.5 23450
1740 19 23640
1750 17.3 23813
1760 17.9 23992
1770 19.9 24191
1780 19.1 24382
1790 22.9 24611
1800 23.7 24848
1810 23.6 25084
1820 26.2 25346
1830 26.6 25612
1840 26.1 25873
1850 27.5 26148
1860 22.4 26372
1870 28 26652
1880 24.5 26897
1890 26 27157
1900 23.8 27395
1910 22.1 27616
1920 20.7 27823
1930 26.8 28091
1940 24 28331
1950 24 28571
1960 25.4 28825
1970 22 29045
1980 26.3 29308
1990 23.1 29539
2000 27.1 29810
2010 20.9 30019
2020 22.9 30248
2030 26 30508
2040 23.6 30744
2050 21.3 30957
2060 26.2 31219
2070 27.3 31492
2080 22.8 31720
2090 26.8 31988
2100 26.8 32256
2110 26.7 32523
2120 24.1 32764
2130 26.4 33028
2140 24.7 33275
2150 25.3 33528
2160 24.3 33771
2170 26.6 34037
2180 23.1 34268
2190 22.1 34489
2200 23.5 34724
2210 26.3 34987
2220 25.7 35244
2230 25.1 35495
2240 24.7 35742
2250 25.1 35993
2260 24.4 36237
2270 23.1 36468
2280 24.3 36711
2290 23.9 36950
2300 24.7 37197
2310 25.7 37454
2320 25.3 37707
2330 24.1 37948
2340 24.5 38193
2350 23.8 38431
2360 24.3 38674
2370 25 38924
2380 26.6 39190
2390 27.5 39465
2400 28.1 39746
2410 30.4 40050
2420 30.1 40351
2430 30.9 40660
2440 29.8 40958
2450 28.2 41240
2460 31.3 41553
2470 35.2 41905
2480 29.2 42197
2490 27.2 42469
2500 33.2 42801
2510 29.5 43096
2520 30.6 43402
2530 28.8 43690
2540 28.7 43977
2550 29.5 44272
2560 28.2 44554
2570 29.7 44851
2580 29.7 45148
2590 31.1 45459
2600 28.4 45743
2610 31.5 46058
2620 30.3 46361
2630 31.7 46678
2640 29.5 46973
2650 30 47273
2660 27.8 47551
2670 30.5 47856
2680 26.2 48118
2690 30.4 48422
2700 27.9 48701
2710 29.4 48995
2720 29.6 49291
2730 30.1 49592
2740 29.3 49885
2750 30 50185
2760 27 50455
2770 32.6 50781
2780 30.1 51082
2790 32.1 51403
2800 28.7 51690
2810 33.2 52022
2820 27.5 52297
2830 30.3 52600
2840 31.3 52913
2850 33.4 53247
2860 30.8 53555
2870 29.3 53848
2880 30.4 54152
2890 27.7 54429
2900 28.9 54718
2910 30.2 55020
2920 29.5 55315
2930 30.7 55622
2940 29.6 55918
2950 30.3 56221
2960 28 56501
2970 28.8 56789
2980 31.4 57103
2990 36.3 57466
3000 33.1 57797
3010 32.8 58125
3020 33.3 58458
3030 38.3 58841
3040 34.9 59190
3050 33.9 59529
3060 39.6 59925
3070 34.7 60272
3080 34.7 60619
3090 34.9 60968
3100 33.4 61302
3110 37.5 61677
3120 36.3 62040
3130 37 62410
3140 34.5 62755
3150 37.3 63128
3160 32.7 63455
3170 33.7 63792
3180 35.5 64147
3190 32.5 64472
3200 35.7 64829
3210 35.3 65182
3220 32.8 65510
3230 34.8 65858
3240 33 66188
3250 37.6 66564
3260 37.4 66938
3270 32.5 67263
3280 31.5 67578
3290 36.7 67945
3300 36.3 68308
3310 35.7 68665
3320 34.7 69012
3330 34 69352
3340 31.9 69671
3350 35.1 70022
3360 32 70342
3370 33.8 70680
3380 37.5 71055
3390 32.6 71381
3400 33.4 71715
3410 36.6 72081
3420 34.8 72429
3430 32.3 72752
3440 32.3 73075
3450 32.8 73403
3460 36.1 73764
3470 34.2 74106
3480 33.1 74437
3490 34.3 74780
3500 35 75130
3510 34.1 75471
3520 31.6 75787
3530 32.3 76110
3540 37.1 76481
3550 33.8 76819
3560 31 77129
3570 35.4 77483
3580 36.7 77850
3590 38 78230
3600 37.6 78606
3610 38.1 78987
3620 42.8 79415
3630 36.8 79783
3640 42.6 80209
3650 38.2 80591
3660 42.2 81013
3670 37.4 81387
3680 41.9 81806
3690 37.9 82185
3700 36.7 82552
3710 43.7 82989
3720 40.3 83392
3730 40.3 83795
3740 37.9 84174
3750 38.5 84559
3760 40.2 84961
3770 44.8 85409
3780 40 85809
3790 41.1 86220
3800 43.6 86656
3810 41.4 87070
3820 39.5 87465
3830 37.8 87843
3840 43.7 88280
3850 35.9 88639
3860 40.6 89045
3870 38.8 89433
3880 38.4 89817
3890 37.4 90191
3900 39 90581
3910 41.8 90999
3920 37.6 91375
3930 39.9 91774
3940 38 92154
3950 39.6 92550
3960 37.7 92927
3970 39.9 93326
3980 41 93736
3990 35.7 94093
4000 40.3 94496
4010 38.9 94885
4020 42.3 95308
4030 39.7 95705
4040 38.5 96090
4050 37.7 96467
4060 37.9 96846
4070 37.2 97218
4080 41.6 97634
4090 38.9 98023
4100 41.3 98436
4110 40.4 98840
4120 37.8 99218
4130 38.9 99607
4140 40.1 100008
4150 40.4 100412
4160 39.9 100811
4170 38.4 101195
4180 40.7 101602
4190 43.7 102039
4200 43.3 102472
4210 44 102912
4220 46.9 103381
4230 45.6 103837
4240 42.5 104262
4250 43.7 104699
4260 44.1 105140
4270 40.2 105542
4280 41.6 105958
4290 45.3 106411
4300 43.8 106849
4310 44.7 107296
4320 40.4 107700
4330 42.7 108127
4340 45.9 108586
4350 45.5 109041
4360 45.5 109496
4370 45.4 109950
4380 43.1 110381
4390 47.8 110859
4400 41.9 111278
4410 44.7 111725
4420 44.9 112174
4430 47.6 112650
4440 46.9 113119
4450 44 113559
4460 43.6 113995
4470 42.5 114420
4480 42.8 114848
4490 45.6 115304
4500 46.3 115767
4510 45.4 116221
4520 45.8 116679
4530 46.6 117145
4540 45.7 117602
4550 43.3 118035
4560 43.9 118474
4570 43 118904
4580 42.9 119333
4590 46.9 119802
4600 43.6 120238
4610 50.1 120739
4620 47.3 121212
4630 39.8 121610
4640 44.4 122054
4650 44.2 122496
4660 42.4 122920
4670 41.8 123338
4680 44.9 123787
4690 45.8 124245
4700 47 124715
4710 43 125145
4720 45.5 125600
4730 39.9 125999
4740 44.4 126443
4750 43.4 126877
4760 47.6 127353
4770 45.9 127812
4780 48 128292
4790 7.2 128364
4800 0 128364
4810 0 128364
4820 0 128364
4830 0 128364
4840 0 128364
4841 0 128364
