10 0.3 335.5723470052083 211.09241327429922 633.26611328125 167.390869140625 0 0
20 5.3 287.61818709463444 314.2883343761916 1394.64208984375 39.68701171875 335.5723470052083 3
30 5.4 101.85900426793981 60.10704789038289 1394.64208984375 32.674072265625 290.1871599469866 56
40 5.3 90.51219321196936 62.481254770559296 1394.64208984375 30.2470703125 197.73515625 110
50 6.7 366.7866939715485 624.0499787592648 2276.162841796875 30.2470703125 162.87124802291027 163
60 7.4 73.95739086254225 34.613075911133976 2276.162841796875 28.701171875 222.272704016644 230
70 8.9 85.60292584708564 50.042202809357484 2276.162841796875 28.450927734375 186.16963436729029 304
80 7 76.13937290736605 50.43646882554937 2276.162841796875 26.986083984375 163.39498536398696 393
90 7.4 78.2127157675253 49.033388001369474 2276.162841796875 26.986083984375 150.2029921200054 463
100 8.8 82.91716142134229 55.82895000916889 2276.162841796875 25.148193359375 140.28254435448673 537
110 9.4 76.48747350814493 41.283528195619475 2276.162841796875 25.148193359375 132.2054984375 625
120 7.3 77.28298239511984 46.317772468754974 2276.162841796875 25.148193359375 124.92108349541466 719
130 8.8 66.9551474831321 41.622157102391846 2276.162841796875 25.148193359375 120.53019791420061 792
140 14.9 73.68585655673235 43.20209372031718 2276.162841796875 17.262939453125 115.17269287109377 880
150 19 77.80959344161185 46.180926728341056 2276.162841796875 17.262939453125 109.1653667186741 1029
160 17 85.78213752297792 50.79547421223115 2276.162841796875 17.262939453125 104.27808458361106 1219
170 13 316.38017953725955 559.45966728253 2276.162841796875 17.262939453125 102.01436176121535 1389
180 15.6 72.74173051883015 39.45210080554753 2276.162841796875 17.262939453125 120.36035011597885 1519
190 18 75.17931043836809 47.8618657941982 2276.162841796875 17.262939453125 115.92542196245336 1675
200 16.4 74.35572182259907 42.25240883879512 2276.162841796875 17.262939453125 111.97162138329684 1855
210 19.1 70.04195895369763 40.12173681811795 2276.162841796875 17.262939453125 108.91614464830207 2019
220 15.9 74.94200662097089 47.43183147871017 2276.162841796875 16.329833984375 105.55642995704892 2210
230 18.6 72.42786038306441 42.38363547074329 2276.162841796875 15.616943359375 103.50168394166843 2369
240 16.2 69.01141884886187 40.09611893486663 2276.162841796875 15.616943359375 101.23955823446673 2555
250 16.8 73.65608723958334 48.22129420960972 2276.162841796875 15.616943359375 99.31796876797134 2717
260 19 76.36277497944074 49.03667625887232 2276.162841796875 15.616943359375 97.82362003425585 2885
270 21.9 72.15077411529684 44.561528337100434 2276.162841796875 15.379150390625 96.49758407964939 3075
280 24.6 76.36661982342481 47.36833604139014 2276.162841796875 15.379150390625 94.87889817127258 3294
290 20.8 71.3644420917217 42.724779808614976 2276.162841796875 15.379150390625 93.59245170981197 3540
300 23 70.65604301120925 44.57840197852327 2276.162841796875 15.379150390625 92.35888020485926 3748
310 25.1 77.91902701693228 48.55461702168865 2276.162841796875 15.379150390625 91.10406558581967 3978
320 24.1 77.05615234375003 49.4932337578274 2276.162841796875 15.379150390625 90.32150595451422 4229
330 25.1 75.38892282432772 48.28732990828839 2276.162841796875 15.026123046875 89.6063045629719 4470
340 24.7 77.85775398532384 55.90766192893631 2276.162841796875 15.026123046875 88.85041326528079 4721
350 23.8 75.82790753019961 50.07902122372716 2276.162841796875 15.026123046875 88.30387807161144 4968
360 27.5 77.50804953835227 53.4502161740591 2276.162841796875 15.026123046875 87.73352060160452 5206
370 30.4 74.41171746504936 51.13980679031515 2276.162841796875 15.026123046875 87.22047470808248 5481
380 32.2 88.98570564222629 61.69005661815615 2276.162841796875 15.026123046875 86.54737838969318 5785
390 33.7 81.32024295252222 52.43804376126832 2276.162841796875 15.026123046875 86.67594255791253 6107
400 29.2 79.44588857154321 54.591296892514166 2276.162841796875 15.026123046875 86.39585708817069 6444
410 37.1 80.83404689079349 52.72652357898914 2276.162841796875 12.4169921875 86.09458173085845 6736
420 34.1 82.70590505292346 57.055313939883646 2276.162841796875 12.4169921875 85.8199710054238 7107
430 31.5 79.47757161458327 52.908548090167244 2276.162841796875 12.4169921875 85.67739628874781 7448
440 35.4 79.55802753685562 52.16699684721144 2276.162841796875 12.4169921875 85.4258254047646 7763
450 35.6 77.55178592981923 51.579249106899184 2276.162841796875 12.4169921875 85.16991799497775 8117
460 30.7 77.1501782942284 49.173140819582336 2276.162841796875 12.4169921875 84.84983596792753 8473
470 35.9 76.81362617513926 49.922812124641645 2276.162841796875 12.4169921875 84.58061103560115 8780
480 36.6 80.21763135566093 52.86422640428486 2276.162841796875 12.4169921875 84.27550680484222 9139
490 36 78.98626098632816 52.59073915082662 2276.162841796875 12.4169921875 84.1192540521436 9505
500 42.4 85.02479869914501 55.48790639661841 2276.162841796875 12.4169921875 83.93193752870786 9865
510 41.3 76.99018353700063 51.710007558282825 2276.162841796875 12.4169921875 83.97697330830407 10289
520 39.4 81.78205244190198 52.410551113402605 2276.162841796875 12.4169921875 83.7073466800525 10702
530 40.7 80.04187341638513 52.546756554923526 2276.162841796875 12.4169921875 83.63898277145198 11096
540 42.7 83.35997706107285 55.7915917798806 2276.162841796875 12.4169921875 83.5117095811962 11503
550 36.3 77.85693628400486 50.92623736447494 2276.162841796875 12.4169921875 83.50627875252121 11930
560 38.6 83.63700716483157 55.65192851962702 2276.162841796875 12.4169921875 83.33945931738971 12293
570 39.2 76.53365964305637 49.087829984603204 2276.162841796875 12.4169921875 83.34851787635434 12679
580 32.5 78.17706505408651 53.753195080399315 2276.162841796875 12.4169921875 83.14413990776335 13071
590 39.6 76.89118972932457 50.13281899452161 2276.162841796875 12.4169921875 83.0236338367388 13396
600 46.5 80.87945070984549 55.14864301067811 2276.162841796875 12.4169921875 82.84755728029042 13792
610 60.4 84.13925554894449 56.235005160299636 2276.162841796875 12.4169921875 82.78336638772838 14257
620 59.8 85.38191432378764 57.460352596981515 2276.162841796875 12.4169921875 82.83847419025678 14861
630 61.4 83.1575764708877 54.78288215177416 2276.162841796875 12.4169921875 82.93686200317168 15459
640 64.2 79.86483584014796 51.84366043820808 2276.162841796875 12.4169921875 82.94529345238325 16073
650 66.2 82.63590666894822 52.541572960378694 2276.162841796875 12.4169921875 82.82697734188041 16715
660 61 86.19128978291494 59.54269698276565 2276.162841796875 12.4169921875 82.8196982496619 17377
670 61.5 80.43561991869922 52.52369161199144 2276.162841796875 12.4169921875 82.9340403208958 17987
680 61.3 98.55779242710032 178.83044245240853 3067.193115234375 12.4169921875 82.85144014095005 18602
690 56.9 79.76549027213309 55.02608667905353 3067.193115234375 12.4169921875 83.35250670100261 19215
700 59.3 82.5106890776507 52.644703891580185 3067.193115234375 12.4169921875 83.24934190379139 19784
710 58.1 76.33133748722571 50.51213056220567 3067.193115234375 12.4169921875 83.227846044445 20377
720 62.9 80.11051419353632 54.48452885321842 3067.193115234375 11.942138671875 83.03666026947867 20958
730 63.3 86.66781023215347 129.45677075645847 3067.193115234375 11.942138671875 82.9513984970338 21587
740 57.9 85.803394271508 140.5068193158963 3219.2490234375 11.942138671875 83.05727107256624 22220
750 69.3 89.96601971162524 65.22831800952834 3219.2490234375 11.942138671875 83.12701120731721 22799
760 57.8 87.11819954314448 54.13813418225455 3219.2490234375 11.942138671875 83.32875788250388 23492
770 60.1 73.81298340656195 49.23824528525042 3219.2490234375 11.19384765625 83.41975486130946 24070
780 57.1 86.43598470337132 135.47781219677003 3219.2490234375 11.19384765625 83.18572828580366 24671
790 59.6 81.7266673657718 54.97053181047985 3219.2490234375 11.19384765625 83.2592524286779 25242
800 63.2 79.63706255562697 52.32802969659912 3219.2490234375 11.19384765625 83.22390059426765 25838
810 61.3 80.16130526419761 51.0788518703347 3219.2490234375 11.19384765625 83.13826094030388 26470
820 65.1 78.64690177671363 52.29995117860427 3219.2490234375 11.19384765625 83.0708801542221 27083
830 58.8 86.65967378162202 60.81858979150416 3219.2490234375 11.19384765625 82.96703613879849 27734
840 61.5 79.05920826981712 54.0223343504331 3219.2490234375 11.19384765625 83.04369989608895 28322
850 56 77.33187255859373 50.95444738697669 3219.2490234375 10.73388671875 82.95901722856442 28937
860 56 78.9845284598214 54.96803950905992 3219.2490234375 10.73388671875 82.85218599097472 29497
870 56.7 86.478553946897 135.1903600579459 3219.2490234375 10.73388671875 82.780126629846 30057
880 58.4 75.81267558058646 51.18504902563413 3219.2490234375 10.276123046875 82.84860260583764 30624
890 63 78.17593354724693 53.77455092980104 3219.2490234375 10.276123046875 82.71693824468836 31208
900 56.4 77.78898761289344 52.013328478895794 3219.2490234375 10.276123046875 82.62708231908411 31838
910 58.1 75.71577282903935 51.507182599270244 3219.2490234375 10.276123046875 82.54286883182124 32402
920 60.3 78.77217468970255 51.837901375491725 3219.2490234375 10.276123046875 82.42260861359924 32983
930 59.8 79.22185197402796 52.86368002096855 3219.2490234375 10.276123046875 82.35706905377938 33586
940 59.2 80.81440611143367 131.27307040637083 3219.2490234375 10.276123046875 82.30222293238658 34184
950 57.1 75.39543854668352 51.756466823723486 3219.2490234375 10.276123046875 82.27689547787762 34776
960 61.2 76.69507713567198 50.7298673308687 3219.2490234375 10.276123046875 82.16573153446765 35347
970 64.2 80.82558357975563 57.417915668378186 3219.2490234375 8.97412109375 82.07262437097415 35959
980 57.1 84.46558258537655 61.16477660316744 3219.2490234375 8.97412109375 82.05075064654142 36601
990 61.4 79.82842361499908 52.73003924007548 3219.2490234375 8.97412109375 82.08784493894093 37172
1000 57.3 137.54391804373918 221.4486885080826 3219.2490234375 1.15087890625 82.05113068781881 37786
1010 54 75.90353280526625 49.75367179312023 3219.2490234375 1.15087890625 82.88007219189718 38359
1020 64.3 79.66474366373448 54.66888922438754 3219.2490234375 1.15087890625 82.78322314002487 38899
1030 61.6 84.7200004280387 59.10565040193109 3219.2490234375 1.15087890625 82.73251295077661 39542
1040 56.8 78.72921280122144 53.5378357858081 3219.2490234375 1.15087890625 82.76299983473481 40158
1050 60.8 80.71841109426391 54.2498749350066 3219.2490234375 1.15087890625 82.70674115391579 40726
1060 57.5 79.58365574048914 52.85067731375554 3219.2490234375 1.15087890625 82.67749393186449 41334
1070 60.1 83.0690568616108 131.93952980220834 3219.2490234375 1.15087890625 82.63504584290888 41909
1080 57.8 77.99362362132355 52.70965507604527 3219.2490234375 1.15087890625 82.6411818255539 42510
1090 59.9 77.18541685687082 52.851954417167434 3219.2490234375 1.15087890625 82.57883758488259 43088
1100 65.9 81.34026090074927 56.75815533399925 3219.2490234375 1.15087890625 82.50488746205248 43687
1110 65.1 85.8488038234447 59.85928177394349 3219.2490234375 1.15087890625 82.48758062707527 44346
1120 55.9 83.06481431336657 56.7342560838418 3219.2490234375 1.15087890625 82.53620956457858 44997
1130 60.6 216.53572631433056 409.189076436897 3219.2490234375 1.141845703125 82.54269586834916 45556
1140 59.2 76.61064354149069 53.0194730637375 3219.2490234375 1.141845703125 84.30171359830594 46162
1150 58.2 77.54931011396589 53.48784383893026 3219.2490234375 1.141845703125 84.20432912909186 46754
1160 61.2 83.09740093954244 56.698984171544424 3219.2490234375 1.141845703125 84.12250512480752 47336
1170 62.9 80.65344451758745 52.72861952524412 3219.2490234375 1.141845703125 84.10942087183801 47948
1180 57.4 78.73690827798346 53.00469822773195 3219.2490234375 1.141845703125 84.06467111111125 48577
1190 57.1 74.76033044070165 51.241443045225054 3219.2490234375 1.141845703125 84.00245191178234 49151
1200 68.4 77.92345370465543 54.124621610106104 3219.2490234375 1.141845703125 83.89631677321216 49722
1210 84.9 96.1706560222505 69.44491051391003 3219.2490234375 1.141845703125 83.81526613759551 50406
1220 70.9 90.60515677340449 64.69729452124733 3219.2490234375 1.141845703125 84.01992375172237 51255
1230 77.9 83.85537253540193 58.61721054974788 3219.2490234375 1.141845703125 84.10977307456844 51964
1240 84.1 87.0295285328106 58.791157153845575 3219.2490234375 1.141845703125 84.10601564666311 52743
1250 85.1 95.09514513026951 65.83407949442307 3219.2490234375 1.141845703125 84.15190013339888 53584
1260 78.7 84.35367631730469 58.112476265567324 3219.2490234375 1.141845703125 84.32297942966667 54435
1270 87 87.4318019823096 60.31936933846156 3219.2490234375 1.141845703125 84.32341690839927 55222
1280 78.7 93.29914516657402 61.72117546677868 3219.2490234375 1.141845703125 84.37162868573475 56092
1290 79.8 86.82598035616385 60.47290048762611 3219.2490234375 1.141845703125 84.49515328128707 56879
1300 78.9 92.76673647417618 64.28774429435245 3219.2490234375 1.141845703125 84.52740183800381 57677
1310 77.1 81.64759614897454 55.59071321480867 3219.2490234375 1.141845703125 84.63859184634951 58466
1320 75 83.6216790364583 57.566777347691996 3219.2490234375 1.141845703125 84.59966250011868 59237
1330 79.1 93.48643028751181 120.72438225956235 3219.2490234375 1.141845703125 84.5874350575437 59987
1340 72.5 87.86761988146546 60.109496671010945 3219.2490234375 1.141845703125 84.70325172191082 60778
1350 70.5 79.93892501939268 55.601879674970256 3219.2490234375 1.141845703125 84.74055342939951 61503
1360 76.6 91.3771682619737 65.52055375091196 3219.2490234375 1.141845703125 84.6861368265662 62208
1370 78.1 92.07726128611158 64.49540947402684 3219.2490234375 1.141845703125 84.76752486098552 62974
1380 78.6 89.40814628309877 61.10104024530118 3219.2490234375 1.141845703125 84.85706927551024 63755
1390 76 87.97007542660366 63.92087550056601 3219.2490234375 1.141845703125 84.91249368058553 64541
1400 76.4 88.03994671087611 61.68496879033277 3219.2490234375 1.141845703125 84.94807907938454 65301
1410 76.5 84.55016435610695 57.84231786369225 3219.2490234375 1.141845703125 84.98383457579655 66065
1420 82.8 97.61617054225167 68.0348917258081 3219.2490234375 1.141845703125 84.97887037232412 66830
1430 76.1 89.78886840659905 63.112631555899654 3219.2490234375 1.141845703125 85.13352591255143 67658
1440 77.3 83.74436581551181 55.366120899477565 3219.2490234375 1.141845703125 85.18530561757446 68419
1450 79.9 82.89830366571488 54.97790752610818 3219.2490234375 1.141845703125 85.1692077093337 69192
1460 80.4 91.85459117984301 62.39709777356356 3219.2490234375 1.141845703125 85.14328362865403 69991
1470 81.7 87.75683444337126 60.83241751166954 3219.2490234375 1.141845703125 85.21950216486641 70795
1480 78.7 91.83838138798428 62.961254996019484 3219.2490234375 1.141845703125 85.248449833854 71612
1490 75.8 218.5651021267933 408.5376912419087 3219.2490234375 1.01611328125 85.32008447152994 72399
1500 81.4 149.06718755998537 328.19646704328704 3219.2490234375 1.01611328125 86.70067311489544 73157
1510 71.7 91.3361046869552 65.03675811047513 3219.2490234375 1.01611328125 87.38697372943767 73971
1520 71.7 87.34661158690729 59.53013483410875 3219.2490234375 1.01611328125 87.42488513282966 74688
1530 74.4 87.0732825494582 60.75548483745906 3219.2490234375 1.01611328125 87.42414085682108 75405
1540 76 85.00855231034132 56.318126461899176 3219.2490234375 1.01611328125 87.42071285933355 76149
1550 76.4 91.01986007290992 60.63460547955205 3219.2490234375 1.01611328125 87.39687635102848 76909
1560 77.5 85.38717237903222 60.8356046768786 3219.2490234375 1.01611328125 87.43251240942094 77673
1570 76.8 87.48685646057125 61.87598922333343 3219.2490234375 1.01611328125 87.41230617696694 78448
1580 77.7 91.63755800303656 60.14336656305839 3219.2490234375 1.01611328125 87.41302894279465 79216
1590 85 94.68356244255516 62.275729387741855 3219.2490234375 1.01611328125 87.45406327179603 79993
1600 87.6 93.03416547383341 63.75029493088306 3219.2490234375 1.01611328125 87.53007571931957 80843
1610 82.6 92.88096045985934 60.3489511724243 3219.2490234375 1.01611328125 87.58907769713323 81719
1620 74.6 86.051164806049 58.7964896248493 3219.2490234375 1.01611328125 87.6420317847462 82545
1630 78.3 95.76884372755036 67.47327900151265 3219.2490234375 1.01611328125 87.6277831052237 83291
1640 74.9 86.84264892252166 62.24562377707596 3219.2490234375 1.01611328125 87.70360262692223 84074
1650 83.8 93.16513753449422 63.18130962040355 3219.2490234375 1.01611328125 87.69600027467584 84823
1660 86.1 106.89598163245864 83.94709526457495 3219.2490234375 1.01611328125 87.74950346777105 85661
1670 80.2 94.44224643469445 66.28720213758093 3219.2490234375 1.01611328125 87.94003440440909 86522
1680 77.2 89.7598475322823 63.85569672924667 3219.2490234375 1.01611328125 87.99975193966044 87324
1690 85.7 92.12235205704853 60.619023825688984 3219.2490234375 1.01611328125 88.01517595207308 88096
1700 79.4 103.71859072437815 81.04960009228307 3219.2490234375 1.01611328125 88.05474572399717 88953
1710 74.7 89.47629646188922 61.911574334646964 3219.2490234375 1.01611328125 88.1933252077716 89747
1720 83.4 95.94950211705638 70.9998418804667 3219.2490234375 1.01611328125 88.20391573893195 90494
1730 77.1 87.42976539700867 59.37609348382192 3219.2490234375 1.01611328125 88.27464781495854 91328
1740 84 95.42446027483265 65.34484881936523 3219.2490234375 1.01611328125 88.26757494398015 92099
1750 83.7 99.16341583361336 66.92038870555233 3219.2490234375 1.01611328125 88.3322602071949 92939
1760 80.5 94.26802485685172 62.248911440076 3219.2490234375 1.01611328125 88.42893395377519 93776
1770 74.8 87.0844736354237 58.62712453995607 3219.2490234375 1.01611328125 88.47863175964504 94581
1780 74.7 97.05553888732 75.23825567871609 3219.2490234375 1.01611328125 88.4676924832767 95329
1790 87.8 92.38323321157816 62.36720926623838 3219.2490234375 1.01611328125 88.53446380248046 96076
1800 86.5 95.31317089279268 67.09977155422553 3219.2490234375 1.01611328125 88.56931764596487 96954
1810 97.1 106.0434338994915 71.12908756162658 3219.2490234375 1.01611328125 88.62895261522961 97819
1820 98.7 108.79004400962512 73.87041257905368 3219.2490234375 1.01611328125 88.80011833369319 98790
1830 101.9 114.99604726984174 81.51378567453888 3219.2490234375 1.01611328125 88.99785986372662 99777
1840 103.4 135.74544727318076 90.04502493544732 3219.2490234375 1.01611328125 89.26068927131057 100796
1850 104.1 113.68958305190324 80.89831370166078 3219.2490234375 1.01611328125 89.73270380311783 101830
1860 100 106.63543994140623 72.68431074515006 3219.2490234375 1.01611328125 89.97513472434913 102871
1870 97 108.31879404598905 76.42877275350872 3219.2490234375 1.01611328125 90.13552891731018 103871
1880 100.3 156.92728674328572 138.42588168135754 3219.2490234375 1.01611328125 90.30376240587685 104841
1890 105.4 158.119974270265 133.59660558474806 3219.2490234375 1.01611328125 90.93510093154124 105844
1900 99.7 144.37385104532333 109.95185918404775 3219.2490234375 1.01611328125 91.59753480775048 106898
1910 104 108.33476961576027 77.19590920258554 3219.2490234375 1.01611328125 92.0852125248723 107895
1920 104.9 124.08948882678452 87.31898644697775 3219.2490234375 1.01611328125 92.24034668170458 108935
1930 104.9 112.51704911485636 75.51133804582365 3219.2490234375 1.01611328125 92.54411586731511 109984
1940 102.8 131.07845819970552 94.82063449026211 3219.2490234375 1.01611328125 92.7328129841783 111033
1950 97.8 105.77392453308732 117.85566571329494 3219.2490234375 1.01611328125 93.08457964056689 112061
1960 99.1 112.49798380739155 75.50967392837212 3219.2490234375 1.01611328125 93.19436634519879 113039
1970 89.7 103.3522668878902 73.79839859929561 3219.2490234375 1.01611328125 93.36212820527976 114030
1980 99.2 332.1014143420806 538.7263846118626 3603.54296875 1.01611328125 93.44010078264019 114927
1990 103.5 116.47812334880734 76.30206056290659 3603.54296875 1.01611328125 95.48249265153972 115919
2000 103.4 133.97839072133408 97.01903914389565 3603.54296875 1.01611328125 95.66829628178469 116954
2010 95.8 117.39063646798344 81.6663032464206 3603.54296875 1.01611328125 96.0040307433443 117988
2020 97.8 104.96379579259327 68.32446168543551 3603.54296875 1.01611328125 96.17628006895596 118946
2030 101.1 120.37827018035979 82.28947542929856 3603.54296875 1.01611328125 96.24794370907567 119924
2040 99.3 110.04073362167985 77.58130680780205 3603.54296875 1.01611328125 96.44966992615484 120935
2050 109.1 159.58522566560197 109.21543548103897 3603.54296875 1.01611328125 96.56035759633441 121928
2060 100.2 124.75864530704214 88.24732558133583 3603.54296875 1.01611328125 97.11929671194721 123019
2070 99.4 125.59790260115379 95.1861949487455 3603.54296875 1.01611328125 97.34260266249015 124021
2080 95 132.41531943873332 92.88659366819365 3603.54296875 1.01611328125 97.56726184850008 125015
2090 109.3 240.44342303472376 427.6726889132737 3603.54296875 1.01611328125 97.83007814438166 125965
2100 113.1 182.0469427808632 128.49452109117465 3603.54296875 1.01611328125 99.05689098548685 127058
2110 108.8 128.0367826573989 85.01772351041943 3603.54296875 1.01611328125 99.78910473690523 128189
2120 105.2 130.37478185153284 90.53720768686183 3603.54296875 1.01611328125 100.0268382361162 129277
2130 100.4 130.51707233565756 94.68667669840656 3603.54296875 1.01611328125 100.27180318392841 130329
2140 99.3 119.94504696941084 91.0188694874115 3603.54296875 1.01611328125 100.50301887403171 131333
2150 100.8 133.64032587929395 89.93048024886333 3603.54296875 1.01611328125 100.64891562825017 132326
2160 88.3 256.39595130237825 424.01321629988826 3603.54296875 1.01611328125 100.89832944267899 133334
2170 104.3 149.638519960076 209.42201056531323 3603.54296875 1.01611328125 101.9213324907438 134217
2180 105.5 150.7640569460901 111.86372747747438 3603.54296875 1.01611328125 102.28928330052136 135260
2190 97.6 128.60905806744674 88.9048403747737 3603.54296875 1.01611328125 102.66445027551366 136315
2200 99.6 116.33797274057167 83.64578284561158 3603.54296875 1.01611328125 102.84889016745797 137291
2210 102.9 121.9068054258534 85.98581056703085 3603.54296875 1.01611328125 102.94604410270006 138287
2220 97.8 117.98480861172354 79.14379020434455 3603.54296875 1.01611328125 103.08608992228665 139316
2230 92.4 116.90972371947716 85.97915276034313 3603.54296875 1.01611328125 103.18995000809409 140294
2240 101.5 141.748409117149 92.19183103879986 3603.54296875 1.01611328125 103.27971951983706 141218
2250 103 137.31424927942953 99.26050233640986 3603.54296875 1.01611328125 103.5542389347497 142233
2260 102.3 148.1038029615714 146.670942714696 3603.54296875 1.01611328125 103.79695904151154 143263
2270 96.1 266.92136334628645 447.519346619446 3603.54296875 1.01611328125 104.111098329663 144286
2280 105.9 176.51786491530936 352.22661957018846 3603.54296875 1.01611328125 105.18830243495243 145247
2290 100.6 125.5456365809051 87.02427609809467 3603.54296875 1.01611328125 105.70460393090406 146306
2300 112.5 169.0111631944444 108.12832187294553 3603.54296875 1.01611328125 105.84009919840366 147312
2310 108.5 149.55968619491657 114.94807007040603 3603.54296875 1.01611328125 106.31887098034176 148437
2320 105.2 156.29842803142824 143.39457699836083 3603.54296875 1.01611328125 106.63264610713122 149522
2330 103.2 141.43054459446148 100.14323865508366 3603.54296875 1.01611328125 106.97964095739992 150574
2340 103.5 118.31828247660027 84.27491787605048 3603.54296875 1.01611328125 107.21415233922814 151606
2350 104.5 141.81558621785283 106.81783500675617 3603.54296875 1.01611328125 107.28944518120494 152641
2360 94.6 124.89954826242072 87.7187069772481 3603.54296875 1.01611328125 107.52420838268911 153686
2370 101.2 124.95887629693678 81.76195532778435 3603.54296875 1.01611328125 107.63050637745233 154632
2380 97.7 297.72232439866957 475.5969182741005 3603.54296875 1.013916015625 107.7431757406049 155644
2390 100.9 127.06054808481451 91.56568685186495 3603.54296875 1.013916015625 108.9282634889843 156621
2400 106.2 144.2825405889537 107.76429225547795 3603.54296875 1.013916015625 109.04432943555027 157630
2410 116.3 172.44969548547667 124.25006541584445 3603.54296875 1.013916015625 109.2801509025739 158692
2420 122.4 188.11131655624487 119.63263992552916 3603.54296875 1.013916015625 109.73973102424614 159855
2430 119 187.68184127166506 119.8316006926801 3603.54296875 1.013916015625 110.33525757141346 161079
2440 125.3 201.26191534847618 140.9839756388975 3603.54296875 1.013916015625 110.90247888049468 162269
2450 119.2 402.8962740290084 458.5491214335786 3838.825927734375 1.013916015625 111.59486506641694 163522
2460 132 429.22753166429925 653.913319425233 3840.2119140625 1.013916015625 113.70295107904131 164714
2470 127.4 281.4782919891212 163.8264970755223 3840.2119140625 1.013916015625 116.21142793542339 166034
2480 127.1 263.85841572519195 173.20108533415532 3840.2119140625 1.013916015625 117.46988530030977 167308
2490 125.7 246.82256783885242 162.9083415137645 3840.2119140625 0.947998046875 118.57358043535046 168579
2500 115 203.30400263247276 142.9309291348775 3840.2119140625 0.947998046875 119.52278423882088 169836
2510 132.7 606.4476922731609 797.0142390842362 3862.8271484375 0.947998046875 120.08627131467914 170986
2520 126 179.72289709666418 124.32031296723025 3862.8271484375 0.947998046875 123.83179025760222 172313
2530 124.5 257.68698465737964 191.846601556987 3862.8271484375 0.947998046875 124.23751461920925 173573
2540 118.9 183.4394921382202 131.50041668697676 3862.8271484375 0.947998046875 125.18790067898297 174818
2550 121 213.4163307883521 161.8270905470265 3862.8271484375 0.947998046875 125.58141424517655 176007
2560 121.3 212.4261533984051 129.028565226936 3862.8271484375 0.947998046875 126.18113238179573 177217
2570 121.1 234.68795542004284 153.67374597569454 3862.8271484375 0.947998046875 126.7674419177098 178430
2580 123.9 465.73824223479136 715.0135375044707 3862.8271484375 0.947998046875 127.49495814090676 179641
2590 125.8 243.2871986474066 164.1014354448025 3862.8271484375 0.947998046875 129.81187227730837 180880
2600 127.8 224.147379175225 169.68170387661078 3862.8271484375 0.947998046875 130.59562943162862 182138
2610 125.3 257.9299622312699 189.34514043296392 3862.8271484375 0.947998046875 131.2474762507301 183416
2620 126.2 243.6344061849989 167.03895241413258 3862.8271484375 0.947998046875 132.10703121086752 184669
2630 120.4 178.02986180505076 137.3840805149175 3862.8271484375 0.947998046875 132.86401927212333 185931
2640 116.6 192.31521904816145 133.62830958274066 3862.8271484375 0.947998046875 133.15460988536856 187135
2650 109.5 323.5762862532111 430.1302931062075 3862.8271484375 0.947998046875 133.52094500989693 188301
2660 126.4 338.13588241383985 585.0836516717111 3862.8271484375 0.947998046875 134.61975701575466 189396
2670 124.1 188.5705379513749 136.00211078718243 3862.8271484375 0.947998046875 135.96898801598115 190660
2680 128.3 262.0646483613847 184.40806246666736 3862.8271484375 0.947998046875 136.30915572469462 191901
2690 131.4 284.69452842584684 199.85531716105172 3862.8271484375 0.926025390625 137.14434030029545 193184
2700 132.1 317.6925892508633 195.1825737495259 3862.8271484375 0.926025390625 138.14116775968822 194498
2710 122.9 250.57514704059463 153.8186270649739 3862.8271484375 0.926025390625 139.35242625753492 195819
2720 97.2 168.97969639154127 127.94186355606483 3862.8271484375 0.926025390625 140.04612892816533 197048
2730 123.6 426.19153464110576 662.2421573723582 3862.8271484375 0.926025390625 140.1881520953929 198020
2740 114.9 181.67790223495976 123.8882957081441 3862.8271484375 0.926025390625 141.96225265360195 199256
2750 116.4 175.8111788300715 122.35556086582727 3862.8271484375 0.926025390625 142.18995795720704 200405
2760 122.5 253.79254942602017 161.46597452548158 3862.8271484375 0.926025390625 142.38411033726555 201569
2770 116.1 165.8837960018975 114.81529094476099 3862.8271484375 0.926025390625 143.0570855627837 202794
2780 115.2 181.7968404557969 124.03125335947905 3862.8271484375 0.926025390625 143.18702506326082 203955
2790 109.4 166.60798625492743 158.86441286194102 3862.8271484375 0.926025390625 143.40388020390546 205107
2800 114.9 193.53362001264685 143.6038093108441 3862.8271484375 0.926025390625 143.52698965545912 206201
2810 125.7 280.0112089097926 207.8885230716598 3862.8271484375 0.926025390625 143.80409415644976 207350
2820 121.1 189.51575503361104 131.27903285318556 3862.8271484375 0.926025390625 144.62483527848764 208607
2830 112.3 468.85932912852076 740.9089236224088 3862.8271484375 0.926025390625 144.88393079852622 209818
2840 117.9 196.841336962932 137.56619089227357 3862.8271484375 0.926025390625 146.6086992045003 210941
2850 127.2 210.79974480395043 143.75309941716912 3862.8271484375 0.926025390625 146.88790097669147 212120
2860 127.1 209.4220626674986 151.87355635998455 3862.8271484375 0.926025390625 147.26887057887092 213392
2870 114.4 199.18067131842758 139.04509088978924 3862.8271484375 0.926025390625 147.63687394761467 214663
2880 118.7 196.83173712944932 134.35858695391696 3862.8271484375 0.926025390625 147.91010931158436 215807
2890 113.4 169.2945311208252 121.26276198048701 3862.8271484375 0.926025390625 148.1777202695823 216994
2900 124.5 244.97158967902863 164.01958914901996 3862.8271484375 0.926025390625 148.2875019734686 218128
2910 123.8 213.44595539049882 144.45664506950175 3862.8271484375 0.926025390625 148.83620983265558 219373
2920 124.9 236.88748361970826 155.66213354147763 3862.8271484375 0.926025390625 149.1987795367982 220611
2930 110.2 437.3884926465373 732.2157279724236 3862.8271484375 0.926025390625 149.69243856230779 221860
2940 122.1 203.94679134034607 144.02435206887992 3862.8271484375 0.926025390625 151.11438961944225 222962
2950 118.1 188.7863922506749 126.4648293702284 3862.8271484375 0.926025390625 151.40213830021298 224183
2960 115.7 257.69577208364836 213.20880262345895 3862.8271484375 0.926025390625 151.59804715839573 225364
2970 127.1 234.05487247830183 158.29271862562257 3862.8271484375 0.926025390625 152.13996189362345 226521
2980 116.9 187.25265902347067 124.16351703194 3862.8271484375 0.926025390625 152.59701855651383 227792
2990 130.2 263.95413625222005 173.0256702058177 3862.8271484375 0.926025390625 152.77395892498652 228961
3000 129.6 220.8803111888746 145.67399992344755 3862.8271484375 0.926025390625 153.40261655074514 230263
3010 128.9 252.2512515758345 180.1368505751004 3862.8271484375 0.926025390625 153.78027879773626 231559
3020 132 254.32396388198399 183.50499869954555 3862.8271484375 0.926025390625 154.3253944264338 232848
3030 133.5 698.6027173674514 871.4004028119514 3862.8271484375 0.926025390625 154.88908422043352 234168
3040 140 343.8961964634487 252.4507158679228 3862.8271484375 0.926025390625 157.9712432598142 235503
3050 143.5 328.0358929251957 277.9967289182663 3862.8271484375 0.926025390625 159.06998381812323 236903
3060 146.9 257.35641955225685 185.97908287055822 3862.8271484375 0.926025390625 160.08730409255975 238338
3070 140.9 394.71521264665733 263.93933252954605 3862.8271484375 0.926025390625 160.68315129722976 239807
3080 132.3 301.76663643973217 219.13131284740945 3862.8271484375 0.926025390625 162.05018820374235 241216
3090 130.2 591.9666583036311 767.1762961899673 3862.8271484375 0.926025390625 162.81231248485267 242539
3100 148.5 420.6875397858798 409.13455740288293 3862.8271484375 0.926025390625 165.10380143977022 243841
3110 140.7 396.24352654278795 270.3630296010365 3862.8271484375 0.926025390625 166.65089327448797 245326
3120 142.2 321.0921857487801 210.69480616650094 3862.8271484375 0.926025390625 167.96014998116482 246733
3130 135.7 351.5846705594832 228.86294813374474 3862.8271484375 0.926025390625 168.83764088347004 248155
3140 139.3 339.33105889379976 220.26142788402743 3862.8271484375 0.926025390625 169.83153183569019 249512
3150 130.5 278.9909662356318 178.24792320580383 3862.8271484375 0.926025390625 170.77257661834474 250905
3160 143 741.3455003004805 903.0476158910635 3862.8271484375 0.926025390625 171.33252665383327 252210
3170 141.5 307.14355296212455 227.46952251336688 3862.8271484375 0.926025390625 174.54620963883053 253640
3180 142.2 304.80855924067157 211.58506118089437 3862.8271484375 0.926025390625 175.28183623232002 255055
3190 148.9 389.8761311794301 282.8635166827476 3862.8271484375 0.926025390625 175.99997860032136 256477
3200 143.7 393.22383481890466 283.3605044562391 3862.8271484375 0.926025390625 177.23448854035334 257966
3210 147.4 465.5896363795371 362.4820904854861 3862.8271484375 0.926025390625 178.43099239960816 259403
3220 135.6 698.643539743788 891.8894706542543 3862.8271484375 0.926025390625 180.05348821651197 260877
3230 133 366.4127885632049 221.08764218322239 3862.8271484375 0.926025390625 182.73510384029305 262233
3240 138.8 351.13054716346596 219.54456054456784 3862.8271484375 0.926025390625 183.66198401953474 263563
3250 144.3 336.7902613776632 213.05756215592388 3862.8271484375 0.926025390625 184.53930233742662 264951
3260 135 322.8529627821186 216.39613927309117 3862.8271484375 0.926025390625 185.36401360680605 266394
3270 140.2 422.1250938600544 246.34063743502193 3862.8271484375 0.926025390625 186.05725073401217 267744
3280 146.5 339.7786237801298 232.32714206224463 3862.8271484375 0.926025390625 187.28694434291853 269146
3290 139.4 843.2606420092811 926.7557887204557 4222.156005859375 0.926025390625 188.11248473253872 270611
3300 148.2 373.81814241602353 247.32170926244402 4222.156005859375 0.926025390625 191.47005731849774 272005
3310 144.5 301.55851535467013 217.14137535834703 4222.156005859375 0.926025390625 192.45818422074368 273487
3320 143 409.63182723038665 261.2310543327795 4222.156005859375 0.926025390625 193.03159865954498 274932
3330 138.3 351.1154110812658 226.00916863202545 4222.156005859375 0.926025390625 194.15236897838878 276362
3340 139.1 315.0900287422502 215.23817025255622 4222.156005859375 0.926025390625 194.9339487988294 277745
3350 131.3 266.2063127737054 179.74235292204656 4222.156005859375 0.926025390625 195.53271465920318 279136
3360 135.5 283.0458206007836 185.09838042284602 4222.156005859375 0.926025390625 195.8635927665394 280449
3370 133.6 678.1510117582218 883.5710233944627 4222.156005859375 0.926025390625 196.28279163779533 281804
3380 143.1 404.0196936691997 264.85486569098384 4222.156005859375 0.926025390625 198.5564934887556 283140
3390 140.1 353.8816811931204 220.76107242241295 4222.156005859375 0.926025390625 199.5896902637545 284571
3400 135.4 271.3655327891317 197.28486329189866 4222.156005859375 0.926025390625 200.3455792294296 285972
3410 142.2 493.24234098925353 344.1338079175644 4222.156005859375 0.926025390625 200.68025488398172 287326
3420 145.1 320.86863736889404 243.17363469750504 4222.156005859375 0.926025390625 202.12103814981108 288748
3430 142.9 303.9494979142984 228.03336654582952 4222.156005859375 0.926025390625 202.71477819187493 290199
3440 141.9 391.0220817366987 270.68323537776877 4222.156005859375 0.926025390625 203.21083623322673 291628
3450 140.5 717.4149556550268 928.2173362059456 4222.156005859375 0.926025390625 204.12026085579384 293047
3460 138.4 375.9148968823386 225.33647749086478 4222.156005859375 0.926025390625 206.56948533446243 294452
3470 146.1 493.83449020229097 313.11612348171633 4222.156005859375 0.926025390625 207.36172850156265 295836
3480 144.9 386.0584532301374 252.4697423269025 4222.156005859375 0.926025390625 208.76953518930173 297297
3490 145.6 400.02141428517797 256.34202836407803 4222.156005859375 0.926025390625 209.6294350448351 298746
3500 148.1 368.52803710278073 275.202754721845 4222.156005859375 0.926025390625 210.55284901867253 300202
3510 150.7 475.260740567456 306.522042569278 4222.156005859375 0.926025390625 211.3283691956549 301683
3520 135.1 882.7882624921934 957.0903903880643 4222.156005859375 0.926025390625 212.64023991585447 303190
3530 139 415.7364191069018 377.3818079188029 4222.156005859375 0.926025390625 215.6131400458883 304541
3540 142.7 355.8565970663435 235.60041796374028 4222.156005859375 0.926025390625 216.5224018006461 305931
3550 148.3 391.67782195612807 265.426956324887 4222.156005859375 0.926025390625 217.16930182161235 307358
3560 139.4 390.8416138570996 239.6100815386127 4222.156005859375 0.926025390625 218.00726095061236 308841
3570 132 303.65930675159785 201.38960585100102 4222.156005859375 0.926025390625 218.7838692892964 310235
3580 135.9 340.8501132855618 230.3347647712184 4222.156005859375 0.926025390625 219.1434705714143 311555
3590 143.7 343.45641401764715 237.2626732544319 4222.156005859375 0.926025390625 219.67204815966068 312914
3600 151.4 394.18157467155544 268.0734812258409 4222.156005859375 0.926025390625 220.23790649552703 314351
3610 154 870.0088979745844 1014.7686921007358 4222.156005859375 0.926025390625 221.07165101808732 315865
3620 164.2 457.233282314584 342.9011661677661 4222.156005859375 0.926025390625 224.22019423672916 317405
3630 164.3 499.9156561751083 396.1870406359017 4222.156005859375 0.926025390625 225.41941407149906 319047
3640 157.5 400.8808237227183 282.0168439980106 4222.156005859375 0.926025390625 226.82574830635588 320690
3650 160.1 382.8214755609287 283.819536106393 4222.156005859375 0.926025390625 227.6764045792393 322265
3660 155.1 508.51544272092593 348.8947063926993 4222.156005859375 0.926025390625 228.44334911383595 323866
3670 143.3 515.075221890265 326.1392944275463 4222.156005859375 0.926025390625 229.77822657009852 325417
3680 153.9 806.5104709201403 1019.6908739198275 4222.156005859375 0.926025390625 231.02904680657946 326850
3690 155.3 420.1491592318797 310.68740950508766 4222.156005859375 0.926025390625 233.72604917788536 328389
3700 160.4 513.7595951527428 377.4907774611941 4222.156005859375 0.926025390625 234.6035218546402 329942
3710 182.8 366.18621532348385 328.7726694248676 4222.156005859375 0.926025390625 235.95406247817408 331546
3720 149.5 473.72471486987894 321.98964114054235 4222.156005859375 0.926025390625 236.6681684834451 333374
3730 155.5 445.11083764569923 315.2820419369836 4222.156005859375 0.926025390625 237.72649140031027 334869
3740 151.6 415.6073659932076 285.818479495978 4222.156005859375 0.926025390625 238.6850516053241 336424
3750 134.1 738.6344164365447 760.9278679630276 4222.156005859375 0.926025390625 239.47872571496498 337940
3760 169.5 628.8004383008386 835.670735873778 4222.156005859375 0.926025390625 241.45162658845226 339281
3770 153.3 453.60585558468875 302.2525448140683 4222.156005859375 0.926025390625 243.37714696482038 340976
3780 166.4 465.800894517165 340.84093920012117 4222.156005859375 0.926025390625 244.31808752496408 342509
3790 158.9 502.4434066974122 340.02953419287235 4222.156005859375 0.926025390625 245.38890769631692 344173
3800 159.4 395.00605986438404 287.48187414972955 4222.156005859375 0.926025390625 246.57023936061992 345762
3810 163.1 361.8259427031442 271.12059493821147 4222.156005859375 0.926025390625 247.2514042113293 347356
3820 165.1 446.75677708349104 318.59633664992975 4222.156005859375 0.926025390625 247.7868713556073 348987
3830 153.4 1005.1680207930144 1089.2894078356173 4321.69384765625 0.926025390625 248.723733060148 350638
3840 160.6 527.0251426839295 382.4365939257976 4321.69384765625 0.926025390625 252.01867285485687 352172
3850 168.7 491.0525851699115 356.62338473206427 4321.69384765625 0.926025390625 253.26708397862797 353778
3860 162.7 418.68562235301744 306.7642521357593 4321.69384765625 0.926025390625 254.395589290008 355465
3870 154.9 529.7417660461385 346.6699565435209 4321.69384765625 0.926025390625 255.14413555761834 357092
3880 164.9 540.9622021750849 416.5179261377202 4321.69384765625 0.926025390625 256.3301453267934 358641
3890 160.8 541.4690486471451 438.66368883541367 4321.69384765625 0.926025390625 257.63286885989965 360290
3900 148.8 963.9509050922993 1041.1926934506766 4321.69384765625 0.926025390625 258.8940213865726 361898
3910 161.3 480.8827118468595 334.1688304060265 4321.69384765625 0.926025390625 261.78110190963656 363386
3920 153.9 578.377768196171 426.70744079418284 4321.69384765625 0.926025390625 262.7493535947884 364999
3930 153.1 500.72424069235745 350.77655213392586 4321.69384765625 0.926025390625 264.0745971713658 366538
3940 157.4 424.2368435502207 314.0854521436242 4321.69384765625 0.926025390625 265.05895229019035 368069
3950 153.5 544.0520741614937 376.97697263357674 4321.69384765625 0.926025390625 265.7367576343827 369643
3960 171.4 537.8492487191879 403.5092607107944 4321.69384765625 0.926025390625 266.88772566284644 371178
3970 160 1011.2635617065419 1094.7770529988566 4412.10302734375 0.926025390625 268.1332017001939 372892
3980 162.7 552.7406273708787 410.1793226045625 4412.10302734375 0.926025390625 271.3081922901402 374492
3990 168 497.3438620431077 382.0812874745997 4412.10302734375 0.926025390625 272.5256010673526 376119
4000 163.8 464.2808487627825 353.73785737664394 4412.10302734375 0.926025390625 273.52532493755683 377799
4010 164.2 425.1812802127739 326.63876410700016 4412.10302734375 0.926025390625 274.3488016887058 379437
4020 161.3 373.79336228107536 292.69005348653724 4412.10302734375 0.926025390625 274.9987113655353 381079
4030 160.4 390.19022238105924 284.1971473850903 4412.10302734375 0.926025390625 275.4151187425559 382692
4040 140 600.9781166294639 665.964239376835 4412.10302734375 0.926025390625 275.89417464278944 384296
4050 170.7 772.48785132222 964.9881106426167 4441.425048828125 0.926025390625 277.0741648910195 385696
4060 170.1 496.5031138335455 350.72320550950093 4441.425048828125 0.926025390625 279.25708852025843 387403
4070 164 470.80384848990093 348.30294914579 4441.425048828125 0.926025390625 280.2067973103451 389104
4080 161.8 546.5819209491361 376.4940411896053 4441.425048828125 0.926025390625 281.0067562705197 390744
4090 169.5 553.2044714463481 409.47580803039466 4441.425048828125 0.926025390625 282.10191996234005 392362
4100 174.4 539.8288383833849 446.52572399599177 4441.425048828125 0.926025390625 283.2680426927202 394057
4110 158.1 380.6965384534612 295.73534474510313 4441.425048828125 0.926025390625 284.398514893863 395801
4120 152.7 942.5707240376363 1202.4394470541458 9464.8330078125 0.926025390625 284.7816403883437 397382
4130 161.4 478.1025050280261 417.80117110642163 10124.43994140625 0.926025390625 287.29961799910825 398909
4140 159.3 469.19830946793655 329.1013771338264 10124.43994140625 0.926025390625 288.0685023320047 400523
4150 168.5 458.17486206416913 349.3732461355932 10124.43994140625 0.926025390625 288.7860559303881 402116
4160 159 500.6775528817807 360.6968649054366 10124.43994140625 0.926025390625 289.49288958938206 403801
4170 159.3 487.14026484276917 343.11516678912693 10124.43994140625 0.926025390625 290.3211852709214 405391
4180 151.7 383.28889544794396 268.85845546702996 10124.43994140625 0.926025390625 291.0915664007888 406984
4190 146 437.1111214415668 294.3012549145442 10124.43994140625 0.926025390625 291.4339482998895 408501
4200 164.3 933.771244692209 1057.9904315498343 10124.43994140625 0.926025390625 291.9527505098237 409961
4210 177.6 498.4468728830148 414.04405639182767 10124.43994140625 0.926025390625 294.51469788142765 411604
4220 184.5 509.54119823424736 429.5917516506569 10124.43994140625 0.926025390625 295.3908494678683 413380
4230 185.6 531.397786633722 462.09695122006485 10124.43994140625 0.926025390625 296.3423995755785 415225
4240 178.8 560.4344987634573 445.7408395640988 10124.43994140625 0.926025390625 297.3883901586545 417081
4250 180.9 523.0923539852824 425.6725151606061 10124.43994140625 0.926025390625 298.5112386916932 418869
4260 172.7 1130.0670515898678 1213.0753286747395 10124.43994140625 0.926025390625 299.4769826516011 420678
4270 196 526.6945317482471 557.1654483780738 10126.84814453125 0.926025390625 302.8728445591457 422405
4280 197.6 483.0060884421654 439.5354056717226 10126.84814453125 0.926025390625 303.90660207187796 424365
4290 185.1 509.1299309547623 442.4483706592038 10126.84814453125 0.926025390625 304.73669015880296 426341
4300 173.2 523.6814686552747 402.5742175622989 10126.84814453125 0.926025390625 305.6202468079541 428192
4310 185.2 465.70628656836357 383.38732343422424 10126.84814453125 0.926025390625 306.49873239200986 429924
4320 179.7 1048.528688221686 1159.7364698489873 10126.84814453125 0.926025390625 307.18161516070154 431776
4330 195.7 498.2530946102932 472.2380170490994 10126.84814453125 0.926025390625 310.2542250563606 433573
4340 192 400.3238704681393 366.2534496875125 10126.84814453125 0.926025390625 311.0989746435694 435530
4350 180.5 497.15076691265597 413.5337927846963 10126.84814453125 0.926025390625 311.4905892280549 437450
4360 165.7 536.9983626223501 401.2196882718624 10126.84814453125 0.926025390625 312.25350967453977 439255
4370 178 530.3862215535027 422.06420083162135 10126.84814453125 0.926025390625 313.0981276965816 440912
4380 186 542.7221455235652 489.6602937608785 10126.84814453125 0.926025390625 313.9718114475085 442692
4390 172.2 1065.173785166459 1164.1499630842536 10126.84814453125 0.926025390625 314.9288999801919 444552
4400 190.6 484.89293793140905 442.03886437326463 10126.84814453125 0.926025390625 317.8238069034963 446274
4410 189 516.1748970475782 444.7690619917705 10126.84814453125 0.926025390625 318.5343110842701 448180
4420 173.3 537.1097218402867 443.1417336098005 10126.84814453125 0.926025390625 319.36427244021615 450070
4430 179.9 532.4412457061645 429.21074399247425 10126.84814453125 0.926025390625 320.1994879297333 451803
4440 192.8 506.23738560340223 448.6479151035809 10126.84814453125 0.926025390625 321.04124551069594 453602
4450 185.1 1049.5250698524428 1174.5072942551049 10126.84814453125 0.926025390625 321.82507568236133 455530
4460 189.3 521.4651289031558 459.9965186101235 10126.84814453125 0.926025390625 324.77004429541876 457381
4470 191.5 529.6381572036142 442.4560215711665 10126.84814453125 0.926025390625 325.5807668600805 459274
4480 184.6 553.1526948839976 468.34275982004436 10126.84814453125 0.926025390625 326.42807653682445 461189
4490 177.1 548.705282563479 432.91358551089644 10126.84814453125 0.926025390625 327.3319685654376 463035
4500 190.5 528.9716140707006 456.9449290906388 10126.84814453125 0.926025390625 328.17544334650864 464806
4510 170.2 1009.2461184222592 1118.1268258363618 10126.84814453125 0.926025390625 328.99504413849684 466711
4520 178.8 526.0407078548833 440.19009254665895 10126.84814453125 0.926025390625 331.46676744342426 468413
4530 182.3 407.3778177283325 352.999600774888 10126.84814453125 0.926025390625 332.2066599690796 470201
4540 186.4 435.3725156333823 367.2570653350536 10126.84814453125 0.926025390625 332.49697787790444 472024
4550 185.2 488.3474160641367 409.0204920307147 10126.84814453125 0.926025390625 332.90163045905484 473888
4560 179.1 457.6492975129553 357.84706525750056 10126.84814453125 0.926025390625 333.5067626634955 475740
4570 156.6 712.8324022938621 768.620012168886 10126.84814453125 0.926025390625 333.9723644357687 477531
4580 211.7 727.8911054392277 980.567571823654 10126.84814453125 0.926025390625 335.21072497504525 479097
4590 185.8 499.9412040258763 414.96219771915366 10126.84814453125 0.926025390625 336.9382398965618 481214
4600 186.7 519.5716489312732 434.92349890835027 10126.84814453125 0.926025390625 337.5651847564425 483072
4610 188.8 498.4036589800301 441.99881295221905 10126.84814453125 0.926025390625 338.26590395744387 484939
4620 167.9 571.1572267079085 430.845219083241 10126.84814453125 0.926025390625 338.8869460966076 486827
4630 183.8 534.0124859732035 452.3825210200164 10126.84814453125 0.926025390625 339.6852613704146 488506
4640 173 1084.8113343343578 1166.106711508125 10126.84814453125 0.926025390625 340.4136753793959 490344
4650 167.5 544.3715136718757 441.8603089716061 10126.84814453125 0.926025390625 343.0307775835198 492074
4660 190.2 505.8093948444481 440.3673916378892 10126.84814453125 0.926025390625 343.7138082994261 493749
4670 186 466.15928285660283 392.1102620754678 10126.84814453125 0.926025390625 344.33583025763585 495651
4680 182.9 503.9690337851114 401.88044979625096 10126.84814453125 0.926025390625 344.7912807337742 497511
4690 185.8 513.1100310786547 429.5794249082078 10126.84814453125 0.926025390625 345.3743225696594 499340
4700 169.7 1046.2904884999264 1128.0481524191703 10126.84814453125 0.926025390625 345.99613859129096 501198
4710 191.3 472.3169393265241 420.52370885656205 10126.84814453125 0.926025390625 348.3592551698908 502895
4720 181.4 486.6491428699093 395.3906132791128 10126.84814453125 0.926025390625 348.8290002012525 504808
4730 176 523.7585210626772 431.8694156408844 10126.84814453125 0.926025390625 349.32247608425985 506622
4740 184.6 524.1891123068026 443.2991313007278 10126.84814453125 0.926025390625 349.92636732974455 508382
4750 179.4 557.4426544427607 457.135787422602 10126.84814453125 0.926025390625 350.5568482661645 510228
4760 168.6 942.8625969032659 1025.9352825543165 10126.84814453125 0.926025390625 351.2817255883905 512022
4770 198.6 648.3035892359801 796.3213937468572 10126.84814453125 0.926025390625 353.22330592009035 513708
4780 183.2 531.2459563542673 441.1955714036291 10126.84814453125 0.926025390625 354.35969579987443 515694
4790 133.4 616.3031869685285 438.61504369520327 10126.84814453125 0.926025390625 354.9858587933001 517526
4800 48.8 102.7466600762039 61.660825513709895 10126.84814453125 0.926025390625 355.6577111538324 518860
4810 14.7 68.22785960087158 51.14679370475761 10126.84814453125 0.926025390625 355.420065889143 519348
4820 3 46.972493489583336 36.46237800838051 10126.84814453125 0.926025390625 355.3387999398569 519495
4830 0.4 27.86407470703125 22.12335550019369 10126.84814453125 0.926025390625 355.3209933103521 519525
4830 0 0 0 10126.84814453125 0.926025390625 355.31847212736824 519529
