10 0.1 6506.25390625 0 6506.25390625 6506.25390625 0 0
20 0.1 6505.65625 0.0 6506.25390625 6505.65625 6506.25390625 1
30 0.1 6420.50390625 0.0 6506.25390625 6420.50390625 6505.955078125 2
40 0.1 6330.97265625 0.0 6506.25390625 6330.97265625 6477.471354166667 3
50 0.1 6252.890625 0.0 6506.25390625 6252.890625 6440.8466796875 4
60 0.1 6244.3515625 0.0 6506.25390625 6244.3515625 6403.25546875 5
70 0.1 6242.2109375 0.0 6506.25390625 6242.2109375 6376.771484375 6
80 0.1 6241.01171875 0.0 6506.25390625 6241.01171875 6357.548549107143 7
90 0.1 6239.8203125 0.0 6506.25390625 6239.8203125 6342.9814453125 8
100 0.1 6239.5 0.0 6506.25390625 6239.5 6331.519097222223 9
110 0.1 6239.640625 0.0 6506.25390625 6239.5 6322.3171875 10
120 0.1 6236.73828125 0.0 6506.25390625 6236.73828125 6314.801136363636 11
130 0.1 6235.9375 0.0 6506.25390625 6235.9375 6308.2958984375 12
140 0.1 6235.15234375 0.0 6506.25390625 6235.15234375 6302.729867788462 13
150 0.1 6155.41015625 0.0 6506.25390625 6155.41015625 6297.902901785715 14
160 0.1 6152.79296875 0.0 6506.25390625 6152.79296875 6288.403385416666 15
170 0.1 6065.984375 0.0 6506.25390625 6065.984375 6279.927734375 16
180 0.1 6063.8359375 0.0 6506.25390625 6063.8359375 6267.342830882353 17
190 0.1 6063.77734375 0.0 6506.25390625 6063.77734375 6256.036892361111 18
200 0.1 6064.09765625 0.0 6506.25390625 6063.77734375 6245.91796875 19
210 0.1 6064.48828125 0.0 6506.25390625 6063.77734375 6236.826953125 20
220 0.1 6064.5546875 0.0 6506.25390625 6063.77734375 6228.620349702381 21
230 0.1 6024.21484375 0.0 6506.25390625 6024.21484375 6221.162819602273 22
240 0.1 5976.8828125 0.0 6506.25390625 5976.8828125 6212.599864130435 23
250 0.1 5975.3515625 0.0 6506.25390625 5975.3515625 6202.7783203125 24
260 0.1 5975.14453125 0.0 6506.25390625 5975.14453125 6193.68125 25
270 0.1 5974.078125 0.0 6506.25390625 5974.078125 6185.275991586538 26
280 0.1 5974.21875 0.0 6506.25390625 5974.078125 6177.45384837963 27
290 0.1 5975.09765625 0.0 6506.25390625 5974.078125 6170.195452008928 28
300 0.1 5974.9296875 0.0 6506.25390625 5974.078125 6163.467941810345 29
310 0.1 5973.875 0.0 6506.25390625 5973.875 6157.183333333333 30
320 0.1 5974.6171875 0.0 6506.25390625 5973.875 6151.270161290323 31
330 0.1 5974.3828125 0.0 6506.25390625 5973.875 6145.749755859375 32
340 0.1 5973.8125 0.0 6506.25390625 5973.8125 6140.556818181818 33
350 0.1 5973.73828125 0.0 6506.25390625 5973.73828125 6135.652573529412 34
360 0.1 5812.2421875 0.0 6506.25390625 5812.2421875 6131.026450892857 35
370 0.1 5801.1875 0.0 6506.25390625 5801.1875 6122.171332465277 36
380 0.1 5719.05859375 0.0 6506.25390625 5719.05859375 6113.49609375 37
390 0.1 5711.53125 0.0 6506.25390625 5711.53125 6103.116159539473 38
400 0.1 5625.87109375 0.0 6506.25390625 5625.87109375 6093.075520833333 39
410 0.1 5625.6328125 0.0 6506.25390625 5625.6328125 6081.39541015625 40
420 0.1 5626.20703125 0.0 6506.25390625 5625.6328125 6070.279249237805 41
430 0.1 5625.28515625 0.0 6506.25390625 5625.28515625 6059.706101190476 42
440 0.1 5624.5078125 0.0 6506.25390625 5624.5078125 6049.603288517442 43
450 0.1 5624.6328125 0.0 6506.25390625 5624.5078125 6039.942027698864 44
460 0.1 5623.484375 0.0 6506.25390625 5623.484375 6030.712934027778 45
470 0.1 5624.0234375 0.0 6506.25390625 5623.484375 6021.860139266304 46
480 0.1 5624.00390625 0.0 6506.25390625 5623.484375 6013.395528590426 47
490 0.1 5624.34765625 0.0 6506.25390625 5623.484375 6005.283203125 48
500 0.1 5624.16796875 0.0 6506.25390625 5623.484375 5997.509008290816 49
510 0.1 5623.18359375 0.0 6506.25390625 5623.18359375 5990.0421875 50
520 0.1 5623.8828125 0.0 6506.25390625 5623.18359375 5982.848881740196 51
530 0.1 5623.296875 0.0 6506.25390625 5623.18359375 5975.945688100962 52
540 0.1 5536.01171875 0.0 6506.25390625 5536.01171875 5969.291936910377 53
550 0.1 5536.5859375 0.0 6506.25390625 5536.01171875 5961.268229166667 54
560 0.1 5536.57421875 0.0 6506.25390625 5536.01171875 5953.546732954545 55
570 0.1 5535.18359375 0.0 6506.25390625 5535.18359375 5946.100795200893 56
580 0.1 5278.97265625 0.0 6506.25390625 5278.97265625 5938.891721491228 57
590 0.1 5276.00390625 0.0 6506.25390625 5276.00390625 5927.513806573276 58
600 0.1 5274.44921875 0.0 6506.25390625 5274.44921875 5916.471265889831 59
610 0.1 5271.54296875 0.0 6506.25390625 5271.54296875 5905.7708984375 60
620 0.1 5271.92578125 0.0 6506.25390625 5271.54296875 5895.373719262295 61
630 0.1 5272.546875 0.0 6506.25390625 5271.54296875 5885.318107358871 62
640 0.1 5272.00390625 0.0 6506.25390625 5271.54296875 5875.591579861111 63
650 0.1 5272.27734375 0.0 6506.25390625 5271.54296875 5866.1605224609375 64
660 0.1 5272.125 0.0 6506.25390625 5271.54296875 5857.023858173077 65
670 0.1 5102.953125 0.0 6506.25390625 5102.953125 5848.161754261364 66
680 0.1 5100.859375 0.0 6506.25390625 5100.859375 5837.039237406716 67
690 0.1 5101.24609375 0.0 6506.25390625 5100.859375 5826.213062959559 68
700 0.1 5012.078125 0.0 6506.25390625 5012.078125 5815.706295289855 69
710 0.1 5010.390625 0.0 6506.25390625 5010.390625 5804.225892857143 70
720 0.1 5011.1171875 0.0 6506.25390625 5010.390625 5793.04511443662 71
730 0.1 5009.77734375 0.0 6506.25390625 5009.77734375 5782.185004340277 72
740 0.1 5007.91015625 0.0 6506.25390625 5007.91015625 5771.604077482877 73
750 0.1 5009.09375 0.0 6506.25390625 5007.91015625 5761.283889358108 74
760 0.1 5009.1484375 0.0 6506.25390625 5007.91015625 5751.2546875 75
770 0.1 5010.234375 0.0 6506.25390625 5007.91015625 5741.4901315789475 76
780 0.1 5010.83984375 0.0 6506.25390625 5007.91015625 5731.993303571428 77
790 0.1 5010.23828125 0.0 6506.25390625 5007.91015625 5722.7477463942305 78
800 0.1 5010.171875 0.0 6506.25390625 5007.91015625 5713.728639240507 79
810 0.1 5009.98828125 0.0 6506.25390625 5007.91015625 5704.934179687501 80
820 0.1 5008.07421875 0.0 6506.25390625 5007.91015625 5696.354600694445 81
830 0.1 5008.5546875 0.0 6506.25390625 5007.91015625 5687.960937500001 82
840 0.1 5007.9921875 0.0 6506.25390625 5007.91015625 5679.775320030121 83
850 0.1 5009.03515625 0.0 6506.25390625 5007.91015625 5671.777901785715 84
860 0.1 5008.8046875 0.0 6506.25390625 5007.91015625 5663.980928308824 85
870 0.1 5008.18359375 0.0 6506.25390625 5007.91015625 5656.362599927326 86
880 0.1 5009.0 0.0 6506.25390625 5007.91015625 5648.912266522989 87
890 0.1 5008.125 0.0 6506.25390625 5007.91015625 5641.640536221591 88
900 0.1 5007.30078125 0.0 6506.25390625 5007.30078125 5634.522384129214 89
910 0.1 5007.7890625 0.0 6506.25390625 5007.30078125 5627.553255208333 90
920 0.1 5007.328125 0.0 6506.25390625 5007.30078125 5620.742659684066 91
930 0.1 5006.96875 0.0 6506.25390625 5006.96875 5614.075110394022 92
940 0.1 5007.29296875 0.0 6506.25390625 5006.96875 5607.547085013441 93
950 0.1 5006.3046875 0.0 6506.25390625 5006.3046875 5601.161402925532 94
960 0.1 5007.9765625 0.0 6506.25390625 5006.3046875 5594.899753289474 95
970 0.1 5007.91796875 0.0 6506.25390625 5006.3046875 5588.785970052083 96
980 0.1 5004.7265625 0.0 6506.25390625 5004.7265625 5582.797640141753 97
990 0.1 5003.890625 0.0 6506.25390625 5003.890625 5576.898955676021 98
1000 0.1 5004.7265625 0.0 6506.25390625 5003.890625 5571.110992739899 99
1010 0.1 5008.5546875 0.0 6506.25390625 5003.890625 5565.4471484375 100
1020 0.1 5005.26171875 0.0 6506.25390625 5003.890625 5559.933361695545 101
1030 0.1 5005.23046875 0.0 6506.25390625 5003.890625 5554.495404411765 102
1040 0.1 5006.51171875 0.0 6506.25390625 5003.890625 5549.1627351334955 103
1050 0.1 5005.41796875 0.0 6506.25390625 5003.890625 5543.944936899038 104
1060 0.1 5006.77734375 0.0 6506.25390625 5003.890625 5538.816108630952 105
1070 0.1 5005.640625 0.0 6506.25390625 5003.890625 5533.796875 106
1080 0.1 5006.05078125 0.0 6506.25390625 5003.890625 5528.860835280374 107
1090 0.1 5005.125 0.0 6506.25390625 5003.890625 5524.020001446759 108
1100 0.1 5007.69921875 0.0 6506.25390625 5003.890625 5519.25949684633 109
1110 0.1 5005.59765625 0.0 6506.25390625 5003.890625 5514.608948863636 110
1120 0.1 5005.140625 0.0 6506.25390625 5003.890625 5510.023261542793 111
1130 0.1 5004.9921875 0.0 6506.25390625 5003.890625 5505.515380859375 112
1140 0.1 5005.078125 0.0 6506.25390625 5003.890625 5501.085972068584 113
1150 0.1 5005.31640625 0.0 6506.25390625 5003.890625 5496.735026041667 114
1160 0.1 5003.69921875 0.0 6506.25390625 5003.69921875 5492.461820652174 115
1170 0.1 5004.76171875 0.0 6506.25390625 5003.69921875 5488.2483499461205 116
1180 0.1 5004.90234375 0.0 6506.25390625 5003.69921875 5484.115985576923 117
1190 0.1 5004.57421875 0.0 6506.25390625 5003.69921875 5480.054853019068 118
1200 0.1 5003.921875 0.0 6506.25390625 5003.69921875 5476.059217436975 119
1210 0.1 5001.703125 0.0 6506.25390625 5001.703125 5472.124739583333 120
1220 0.1 4999.4140625 0.0 6506.25390625 4999.4140625 5468.236957644628 121
1230 0.1 4999.5390625 0.0 6506.25390625 4999.4140625 5464.394147028688 122
1240 0.1 4999.01953125 0.0 6506.25390625 4999.01953125 5460.614837398374 123
1250 0.1 4999.27734375 0.0 6506.25390625 4999.01953125 5456.892294606855 124
1260 0.1 4999.5625 0.0 6506.25390625 4999.01953125 5453.231375 125
1270 0.1 4998.125 0.0 6506.25390625 4998.125 5449.630828373016 126
1280 0.1 4997.83203125 0.0 6506.25390625 4997.83203125 5446.075664370079 127
1290 0.1 4998.8125 0.0 6506.25390625 4997.83203125 5442.573760986328 128
1300 0.1 5078.35546875 0.0 6506.25390625 4997.83203125 5439.13375121124 129
1310 0.1 5078.53125 0.0 6506.25390625 4997.83203125 5436.358533653846 130
1320 0.1 5079.76171875 0.0 6506.25390625 4997.83203125 5433.627027671756 131
1330 0.1 5076.6171875 0.0 6506.25390625 4997.83203125 5430.946229876894 132
1340 0.1 5077.1328125 0.0 6506.25390625 4997.83203125 5428.282101738721 133
1350 0.1 5076.85546875 0.0 6506.25390625 4997.83203125 5425.661584654851 134
1360 0.1 5078.3203125 0.0 6506.25390625 4997.83203125 5423.077835648148 135
1370 0.1 5078.76953125 0.0 6506.25390625 4997.83203125 5420.542853860294 136
1380 0.1 5076.21484375 0.0 6506.25390625 4997.83203125 5418.048158074817 137
1390 0.1 5076.30859375 0.0 6506.25390625 4997.83203125 5415.571105072464 138
1400 0.1 5077.4765625 0.0 6506.25390625 4997.83203125 5413.130367580935 139
1410 0.1 5079.0625 0.0 6506.25390625 4997.83203125 5410.732840401785 140
1420 0.1 5078.04296875 0.0 6506.25390625 4997.83203125 5408.380568484043 141
1430 0.1 5078.41796875 0.0 6506.25390625 4997.83203125 5406.054247359155 142
1440 0.1 5076.90234375 0.0 6506.25390625 4997.83203125 5403.7630845716785 143
1450 0.1 5076.4296875 0.0 6506.25390625 4997.83203125 5401.493218315973 144
1460 0.1 5075.57421875 0.0 6506.25390625 4997.83203125 5399.251400862069 145
1470 0.1 5075.9765625 0.0 6506.25390625 4997.83203125 5397.034433861301 146
1480 0.1 5076.1484375 0.0 6506.25390625 4997.83203125 5394.850366709184 147
1490 0.1 5077.96484375 0.0 6506.25390625 4997.83203125 5392.696975295608 148
1500 0.1 5075.875 0.0 6506.25390625 4997.83203125 5390.584679110738 149
1510 0.1 5077.296875 0.0 6506.25390625 4997.83203125 5388.486614583333 150
1520 0.1 5074.66796875 0.0 6506.25390625 4997.83203125 5386.425755380795 151
1530 0.1 5076.33984375 0.0 6506.25390625 4997.83203125 5384.374717310855 152
1540 0.1 5075.79296875 0.0 6506.25390625 4997.83203125 5382.36141748366 153
1550 0.1 5077.8984375 0.0 6506.25390625 4997.83203125 5380.370713271104 154
1560 0.1 5076.25 0.0 6506.25390625 4997.83203125 5378.419279233871 155
1570 0.1 5076.375 0.0 6506.25390625 4997.83203125 5376.48229667468 156
1590 0.1 5075.58984375 0.0 6506.25390625 4997.83203125 5374.5707852308915 157
1600 0.1 5076.67578125 0.0 6506.25390625 4997.83203125 5372.678500791139 158
1610 0.1 5075.9921875 0.0 6506.25390625 4997.83203125 5370.816848466981 159
1620 0.1 5075.19140625 0.0 6506.25390625 4997.83203125 5368.974194335938 160
1630 0.1 5075.27734375 0.0 6506.25390625 4997.83203125 5367.149456521739 161
1640 0.1 5075.5 0.0 6506.25390625 4997.83203125 5365.347776813272 162
1650 0.1 5073.9296875 0.0 6506.25390625 4997.83203125 5363.569569593558 163
1660 0.1 5075.1953125 0.0 6506.25390625 4997.83203125 5361.803472751524 164
1670 0.1 5075.0703125 0.0 6506.25390625 4997.83203125 5360.066453598485 165
1680 0.1 5074.50390625 0.0 6506.25390625 4997.83203125 5358.349609375 166
1690 0.1 5074.83984375 0.0 6506.25390625 4997.83203125 5356.649934505988 167
1700 0.1 5075.125 0.0 6506.25390625 4997.83203125 5354.972493489583 168
1710 0.1 5073.46875 0.0 6506.25390625 4997.83203125 5353.316591161242 169
1720 0.1 5075.5703125 0.0 6506.25390625 4997.83203125 5351.670427389706 170
1730 0.1 5074.5625 0.0 6506.25390625 4997.83203125 5350.0558068347955 171
1740 0.1 5074.20703125 0.0 6506.25390625 4997.83203125 5348.4541015625 172
1750 0.1 5074.0703125 0.0 6506.25390625 4997.83203125 5346.868858381503 173
1760 0.1 5073.57421875 0.0 6506.25390625 4997.83203125 5345.301050646552 174
1770 0.1 5073.25390625 0.0 6506.25390625 4997.83203125 5343.748325892857 175
1780 0.1 5073.06640625 0.0 6506.25390625 4997.83203125 5342.21142578125 176
1790 0.1 5075.2890625 0.0 6506.25390625 4997.83203125 5340.690832450565 177
1800 0.1 5073.8828125 0.0 6506.25390625 4997.83203125 5339.199811271067 178
1810 0.1 5073.7890625 0.0 6506.25390625 4997.83203125 5337.717593400838 179
1820 0.1 5073.0703125 0.0 6506.25390625 4997.83203125 5336.251323784722 180
1830 0.1 5072.6328125 0.0 6506.25390625 4997.83203125 5334.797285048343 181
1840 0.1 5072.109375 0.0 6506.25390625 4997.83203125 5333.356820913462 182
1850 0.1 5072.640625 0.0 6506.25390625 4997.83203125 5331.929239241804 183
1860 0.1 5073.46875 0.0 6506.25390625 4997.83203125 5330.52006199049 184
1870 0.1 5073.52734375 0.0 6506.25390625 4997.83203125 5329.13059543919 185
1880 0.1 5074.3515625 0.0 6506.25390625 4997.83203125 5327.756384408603 186
1890 0.1 5073.765625 0.0 6506.25390625 4997.83203125 5326.401278409092 187
1900 0.1 5073.52734375 0.0 6506.25390625 4997.83203125 5325.057471742022 188
1910 0.1 5073.55859375 0.0 6506.25390625 4997.83203125 5323.726624503969 189
1920 0.1 5073.80078125 0.0 6506.25390625 4997.83203125 5322.409950657895 190
1930 0.1 5075.140625 0.0 6506.25390625 4997.83203125 5321.1083319698955 191
1940 0.1 5074.15625 0.0 6506.25390625 4997.83203125 5319.827250162761 192
1950 0.1 5074.19140625 0.0 6506.25390625 4997.83203125 5318.554343426165 193
1960 0.1 5072.68359375 0.0 6506.25390625 4997.83203125 5317.294740657216 194
1970 0.1 5074.59375 0.0 6506.25390625 4997.83203125 5316.04032451923 195
1980 0.1 5073.0234375 0.0 6506.25390625 4997.83203125 5314.808454241071 196
1990 0.1 5074.94140625 0.0 6506.25390625 4997.83203125 5313.58111913071 197
2000 0.1 5072.72265625 0.0 6506.25390625 4997.83203125 5312.375868055556 198
2010 0.1 5072.92578125 0.0 6506.25390625 4997.83203125 5311.171580559046 199
2020 0.1 5072.984375 0.0 6506.25390625 4997.83203125 5309.9803515625 200
2030 0.1 5072.0 0.0 6506.25390625 4997.83203125 5308.80126710199 201
2040 0.1 5073.203125 0.0 6506.25390625 4997.83203125 5307.628983601485 202
2050 0.1 5072.76171875 0.0 6506.25390625 4997.83203125 5306.474176416256 203
2060 0.1 5072.18359375 0.0 6506.25390625 4997.83203125 5305.32852711397 204
2070 0.1 5074.33203125 0.0 6506.25390625 4997.83203125 5304.191234756097 205
2080 0.1 5074.515625 0.0 6506.25390625 4997.83203125 5303.075413379855 206
2090 0.1 5075.49609375 0.0 6506.25390625 4997.83203125 5301.971259812802 207
2100 0.1 5074.0703125 0.0 6506.25390625 4997.83203125 5300.882436899038 208
2110 0.1 5073.4609375 0.0 6506.25390625 4997.83203125 5299.797211423445 209
2120 0.1 5071.09375 0.0 6506.25390625 4997.83203125 5298.719419642857 210
2130 0.1 5072.09765625 0.0 6506.25390625 4997.83203125 5297.640625 211
2140 0.1 5072.94921875 0.0 6506.25390625 4997.83203125 5296.576743071934 212
2150 0.1 5072.29296875 0.0 6506.25390625 4997.83203125 5295.526848591549 213
2160 0.1 5073.68359375 0.0 6506.25390625 4997.83203125 5294.483699620327 214
2170 0.1 5071.92578125 0.0 6506.25390625 4997.83203125 5293.456722383721 215
2180 0.1 5071.1328125 0.0 6506.25390625 4997.83203125 5292.431116174768 216
2190 0.1 5073.0390625 0.0 6506.25390625 4997.83203125 5291.411308323733 217
2200 0.1 5072.3515625 0.0 6506.25390625 4997.83203125 5290.409600774083 218
2210 0.1 5072.13671875 0.0 6506.25390625 4997.83203125 5289.413901969178 219
2220 0.1 5072.26171875 0.0 6506.25390625 4997.83203125 5288.426278409091 220
2230 0.1 5069.69140625 0.0 6506.25390625 4997.83203125 5287.448158229638 221
2240 0.1 5070.2734375 0.0 6506.25390625 4997.83203125 5286.467271959459 222
2250 0.1 5069.71484375 0.0 6506.25390625 4997.83203125 5285.497792881166 223
2260 0.1 5070.2265625 0.0 6506.25390625 4997.83203125 5284.534476143973 224
2270 0.1 5069.1015625 0.0 6506.25390625 4997.83203125 5283.581996527778 225
2280 0.1 5070.4296875 0.0 6506.25390625 4997.83203125 5282.632968058629 226
2290 0.1 5071.8515625 0.0 6506.25390625 4997.83203125 5281.698151844714 227
2300 0.1 5070.4609375 0.0 6506.25390625 4997.83203125 5280.7777720668855 228
2310 0.1 5070.67578125 0.0 6506.25390625 4997.83203125 5279.8593579421395 229
2320 0.1 5069.91796875 0.0 6506.25390625 4997.83203125 5278.949864130434 230
2330 0.1 5071.8671875 0.0 6506.25390625 4997.83203125 5278.044964150433 231
2340 0.1 5070.95703125 0.0 6506.25390625 4997.83203125 5277.156266837284 232
2350 0.1 5070.03515625 0.0 6506.25390625 4997.83203125 5276.271291577254 233
2360 0.1 5070.0390625 0.0 6506.25390625 4997.83203125 5275.389940571581 234
2370 0.1 5070.65625 0.0 6506.25390625 4997.83203125 5274.5161070478725 235
2380 0.1 5068.88671875 0.0 6506.25390625 4997.83203125 5273.65229409428 236
2390 0.1 5069.65234375 0.0 6506.25390625 4997.83203125 5272.788304324895 237
2400 0.1 5070.49609375 0.0 6506.25390625 4997.83203125 5271.934791885505 238
2410 0.1 5069.32421875 0.0 6506.25390625 4997.83203125 5271.091952144351 239
2420 0.1 5070.72265625 0.0 6506.25390625 4997.83203125 5270.251253255208 240
2430 0.1 5068.44140625 0.0 6506.25390625 4997.83203125 5269.4233337655605 241
2440 0.1 5068.203125 0.0 6506.25390625 4997.83203125 5268.592829932852 242
2450 0.1 5071.6875 0.0 6506.25390625 4997.83203125 5267.768180941358 243
2460 0.1 5072.2890625 0.0 6506.25390625 4997.83203125 5266.964571593237 244
2470 0.1 5070.875 0.0 6506.25390625 4997.83203125 5266.169977678572 245
2480 0.1 5069.90234375 0.0 6506.25390625 4997.83203125 5265.376095655488 246
2490 0.1 5069.3046875 0.0 6506.25390625 4997.83203125 5264.584703947368 247
2500 0.1 5068.46875 0.0 6506.25390625 4997.83203125 5263.797284526209 248
2510 0.1 5068.81640625 0.0 6506.25390625 4997.83203125 5263.012832580322 249
2520 0.1 5068.11328125 0.0 6506.25390625 4997.83203125 5262.236046875 250
2530 0.1 5069.70703125 0.0 6506.25390625 4997.83203125 5261.4626494023905 251
2540 0.1 5069.484375 0.0 6506.25390625 4997.83203125 5260.701714409723 252
2550 0.1 5068.69921875 0.0 6506.25390625 4997.83203125 5259.945914649209 253
2560 0.1 5068.0859375 0.0 6506.25390625 4997.83203125 5259.192974901574 254
2570 0.1 5069.328125 0.0 6506.25390625 4997.83203125 5258.443535539216 255
2580 0.1 5069.71875 0.0 6506.25390625 4997.83203125 5257.704803466797 256
2590 0.1 5069.49609375 0.0 6506.25390625 4997.83203125 5256.973340223735 257
2600 0.1 5070.71875 0.0 6506.25390625 4997.83203125 5256.246684229651 258
2610 0.1 5068.875 0.0 6506.25390625 4997.83203125 5255.530360159267 259
2620 0.1 5067.54296875 0.0 6506.25390625 4997.83203125 5254.812454927885 260
2630 0.1 5068.4140625 0.0 6506.25390625 4997.83203125 5254.094947318008 261
2640 0.1 5067.34375 0.0 6506.25390625 4997.83203125 5253.386241650764 262
2650 0.1 5067.98046875 0.0 6506.25390625 4997.83203125 5252.678855750951 263
2670 0.1 5067.87109375 0.0 6506.25390625 4997.83203125 5251.979240648674 264
2680 0.1 5070.47265625 0.0 6506.25390625 4997.83203125 5251.284492924528 265
2690 0.1 5068.6015625 0.0 6506.25390625 4997.83203125 5250.604749177632 266
2700 0.1 5067.53515625 0.0 6506.25390625 4997.83203125 5249.923089302434 267
2710 0.1 5067.90234375 0.0 6506.25390625 4997.83203125 5249.242537313433 268
2720 0.1 5071.02734375 0.0 6506.25390625 4997.83203125 5248.568410199814 269
2730 0.1 5067.84765625 0.0 6506.25390625 4997.83203125 5247.910850694445 270
2740 0.1 5068.76171875 0.0 6506.25390625 4997.83203125 5247.246410862547 271
2750 0.1 5069.00390625 0.0 6506.25390625 4997.83203125 5246.590217141545 272
2760 0.1 5067.34375 0.0 6506.25390625 4997.83203125 5245.93971783425 273
2770 0.1 5067.3359375 0.0 6506.25390625 4997.83203125 5245.287907732665 274
2780 0.1 5067.16015625 0.0 6506.25390625 4997.83203125 5244.640809659092 275
2790 0.1 5067.5625 0.0 6506.25390625 4997.83203125 5243.997763813407 276
2800 0.1 5066.55859375 0.0 6506.25390625 4997.83203125 5243.360813402528 277
2810 0.1 5067.50390625 0.0 6506.25390625 4997.83203125 5242.7248341951445 278
2820 0.1 5065.96484375 0.0 6506.25390625 4997.83203125 5242.096802195341 279
2830 0.1 5065.84765625 0.0 6506.25390625 4997.83203125 5241.467759486608 280
2840 0.1 5065.359375 0.0 6506.25390625 4997.83203125 5240.842776912812 281
2850 0.1 5065.25 0.0 6506.25390625 4997.83203125 5240.220495345746 282
2860 0.1 5067.1953125 0.0 6506.25390625 4997.83203125 5239.60222504417 283
2870 0.1 5066.9296875 0.0 6506.25390625 4997.83203125 5238.995158450705 284
2880 0.1 5066.859375 0.0 6506.25390625 4997.83203125 5238.391419956141 285
2890 0.1 5067.328125 0.0 6506.25390625 4997.83203125 5237.79165756119 286
2900 0.1 5064.96484375 0.0 6506.25390625 4997.83203125 5237.197707970384 287
2910 0.1 5065.5625 0.0 6506.25390625 4997.83203125 5236.599677191841 288
2920 0.1 5066.3828125 0.0 6506.25390625 4997.83203125 5236.007853049308 289
2930 0.1 5065.83984375 0.0 6506.25390625 4997.83203125 5235.422939116379 290
2940 0.1 5065.42578125 0.0 6506.25390625 4997.83203125 5234.840179338488 291
2950 0.1 5064.32421875 0.0 6506.25390625 4997.83203125 5234.2599930436645 292
2960 0.1 5064.70703125 0.0 6506.25390625 4997.83203125 5233.68000746587 293
2970 0.1 5067.5078125 0.0 6506.25390625 4997.83203125 5233.105269451531 294
2980 0.1 5066.8046875 0.0 6506.25390625 4997.83203125 5232.543922139831 295
2990 0.1 5065.7578125 0.0 6506.25390625 4997.83203125 5231.983992293075 296
3000 0.1 5066.53125 0.0 6506.25390625 4997.83203125 5231.424308186028 297
3010 0.1 5065.41015625 0.0 6506.25390625 4997.83203125 5230.870975776007 298
3020 0.1 5064.27734375 0.0 6506.25390625 4997.83203125 5230.317595108696 299
3030 0.1 5063.69921875 0.0 6506.25390625 4997.83203125 5229.764127604167 300
3040 0.1 5066.5390625 0.0 6506.25390625 4997.83203125 5229.212416943522 301
3050 0.1 5065.953125 0.0 6506.25390625 4997.83203125 5228.673763451987 302
3060 0.1 5065.29296875 0.0 6506.25390625 4997.83203125 5228.136731641915 303
3070 0.1 5065.60546875 0.0 6506.25390625 4997.83203125 5227.601061369244 304
3080 0.1 5064.62890625 0.0 6506.25390625 4997.83203125 5227.069928278689 305
3090 0.1 5065.07421875 0.0 6506.25390625 4997.83203125 5226.539075265524 306
3100 0.1 5065.41015625 0.0 6506.25390625 4997.83203125 5226.013131107493 307
3110 0.1 5066.01953125 0.0 6506.25390625 4997.83203125 5225.4916928774355 308
3120 0.1 5066.71484375 0.0 6506.25390625 4997.83203125 5224.975601739483 309
3130 0.1 5065.265625 0.0 6506.25390625 4997.83203125 5224.465083165323 310
3140 0.1 5065.0703125 0.0 6506.25390625 4997.83203125 5223.953187801448 311
3150 0.1 5065.31640625 0.0 6506.25390625 4997.83203125 5223.443947816507 312
3160 0.1 5065.3984375 0.0 6506.25390625 4997.83203125 5222.9387480031955 313
3170 0.1 5065.0078125 0.0 6506.25390625 4997.83203125 5222.437027269109 314
3180 0.1 5065.8515625 0.0 6506.25390625 4997.83203125 5221.937251984128 315
3190 0.1 5063.15625 0.0 6506.25390625 4997.83203125 5221.443309928799 316
3200 0.1 5066.20703125 0.0 6506.25390625 4997.83203125 5220.94398166404 317
3210 0.1 5066.0078125 0.0 6506.25390625 4997.83203125 5220.457387480348 318
3220 0.1 5065.21484375 0.0 6506.25390625 4997.83203125 5219.973219533701 319
3230 0.1 5065.7890625 0.0 6506.25390625 4997.83203125 5219.489599609377 320
3240 0.1 5064.1015625 0.0 6506.25390625 4997.83203125 5219.0107817367625 321
3250 0.1 5063.125 0.0 6506.25390625 4997.83203125 5218.529697204971 322
3260 0.1 5063.58203125 0.0 6506.25390625 4997.83203125 5218.048568111457 323
3270 0.1 5064.72265625 0.0 6506.25390625 4997.83203125 5217.571819540897 324
3280 0.1 5064.01953125 0.0 6506.25390625 4997.83203125 5217.101514423079 325
3290 0.1 5063.0859375 0.0 6506.25390625 4997.83203125 5216.631937787578 326
3300 0.1 5064.9765625 0.0 6506.25390625 4997.83203125 5216.162378153671 327
3310 0.1 5065.421875 0.0 6506.25390625 4997.83203125 5215.701445788874 328
3320 0.1 5067.125 0.0 6506.25390625 4997.83203125 5215.244668977965 329
3330 0.1 5066.65625 0.0 6506.25390625 4997.83203125 5214.795821496215 330
3340 0.1 5064.88671875 0.0 6506.25390625 4997.83203125 5214.348269920697 331
3350 0.1 5063.1953125 0.0 6506.25390625 4997.83203125 5213.898084525605 332
3360 0.1 5062.94140625 0.0 6506.25390625 4997.83203125 5213.445523648651 333
3370 0.1 5064.4609375 0.0 6506.25390625 4997.83203125 5212.994912518715 334
3380 0.1 5061.5078125 0.0 6506.25390625 4997.83203125 5212.551527518659 335
3390 0.1 5063.09375 0.0 6506.25390625 4997.83203125 5212.101992652531 336
3400 0.1 5061.8203125 0.0 6506.25390625 4997.83203125 5211.659831695105 337
3410 0.1 5064.08203125 0.0 6506.25390625 4997.83203125 5211.216519508137 338
3420 0.1 5063.19140625 0.0 6506.25390625 4997.83203125 5210.782494469027 339
3430 0.1 5063.44140625 0.0 6506.25390625 4997.83203125 5210.348403033089 340
3440 0.1 5063.96875 0.0 6506.25390625 4997.83203125 5209.917590725807 341
3450 0.1 5062.95703125 0.0 6506.25390625 4997.83203125 5209.490839729533 342
3460 0.1 5062.96875 0.0 6506.25390625 4997.83203125 5209.063627459913 343
3470 0.1 5062.48046875 0.0 6506.25390625 4997.83203125 5208.638933048692 344
3480 0.1 5063.359375 0.0 6506.25390625 4997.83203125 5208.215285326087 345
3490 0.1 5063.30078125 0.0 6506.25390625 4997.83203125 5207.796626625723 346
3500 0.1 5064.42578125 0.0 6506.25390625 4997.83203125 5207.3802120857345 347
3510 0.1 5063.73046875 0.0 6506.25390625 4997.83203125 5206.969423491379 348
3520 0.1 5063.26171875 0.0 6506.25390625 4997.83203125 5206.558996686962 349
3530 0.1 5061.71875 0.0 6506.25390625 4997.83203125 5206.149575892857 350
3540 0.1 5063.0390625 0.0 6506.25390625 4997.83203125 5205.738092058404 351
3550 0.1 5062.94921875 0.0 6506.25390625 4997.83203125 5205.332697088067 352
3560 0.1 5061.8515625 0.0 6506.25390625 4997.83203125 5204.929344458214 353
3570 0.1 5062.02734375 0.0 6506.25390625 4997.83203125 5204.525169932907 354
3580 0.1 5062.05078125 0.0 6506.25390625 4997.83203125 5204.123767605632 355
3590 0.1 5060.1875 0.0 6506.25390625 4997.83203125 5203.724686183285 356
3600 0.1 5061.19921875 0.0 6506.25390625 4997.83203125 5203.322621235992 357
3610 0.1 5061.828125 0.0 6506.25390625 4997.83203125 5202.925628491618 358
3620 0.1 5062.6171875 0.0 6506.25390625 4997.83203125 5202.532599233981 359
3630 0.1 5062.0234375 0.0 6506.25390625 4997.83203125 5202.143945312498 360
3640 0.1 5062.9921875 0.0 6506.25390625 4997.83203125 5201.755799861493 361
3650 0.1 5061.8515625 0.0 6506.25390625 4997.83203125 5201.372474965467 362
3660 0.1 5061.00390625 0.0 6506.25390625 4997.83203125 5200.9881198347075 363
3670 0.1 5060.1484375 0.0 6506.25390625 4997.83203125 5200.603547819365 364
3680 0.1 5060.5 0.0 6506.25390625 4997.83203125 5200.218739297943 365
3690 0.1 5061.80078125 0.0 6506.25390625 4997.83203125 5199.836994108605 366
3700 0.1 5063.01171875 0.0 6506.25390625 4997.83203125 5199.4608736376 367
3720 0.1 5063.66015625 0.0 6506.25390625 4997.83203125 5199.090087890623 368
3730 0.1 5061.58984375 0.0 6506.25390625 4997.83203125 5198.723069105689 369
3740 0.1 5060.828125 0.0 6506.25390625 4997.83203125 5198.35243876689 370
3750 0.1 5061.95703125 0.0 6506.25390625 4997.83203125 5197.981753285039 371
3760 0.1 5062.43359375 0.0 6506.25390625 4997.83203125 5197.616095430107 372
3770 0.1 5059.6640625 0.0 6506.25390625 4997.83203125 5197.253675854557 373
3780 0.1 5061.296875 0.0 6506.25390625 4997.83203125 5196.885789187833 374
3790 0.1 5061.59765625 0.0 6506.25390625 4997.83203125 5196.52421875 375
3800 0.1 5060.28125 0.0 6506.25390625 4997.83203125 5196.165371509309 376
3810 0.1 5061.91015625 0.0 6506.25390625 4997.83203125 5195.80493617374 377
3820 0.1 5062.83203125 0.0 6506.25390625 4997.83203125 5195.450717179233 378
3830 0.1 5060.66796875 0.0 6506.25390625 4997.83203125 5195.1007998021105 379
3840 0.1 5060.2109375 0.0 6506.25390625 4997.83203125 5194.747029194078 380
3850 0.1 5062.453125 0.0 6506.25390625 4997.83203125 5194.393916092519 381
3860 0.1 5060.796875 0.0 6506.25390625 4997.83203125 5194.048521351439 382
3870 0.1 5061.04296875 0.0 6506.25390625 4997.83203125 5193.7006058257175 383
3880 0.1 5061.53125 0.0 6506.25390625 4997.83203125 5193.355143229166 384
3890 0.1 5061.87890625 0.0 6506.25390625 4997.83203125 5193.012743506493 385
3900 0.1 5060.3125 0.0 6506.25390625 4997.83203125 5192.673018539508 386
3910 0.1 5060.25390625 0.0 6506.25390625 4997.83203125 5192.331001695737 387
3920 0.1 5059.7421875 0.0 6506.25390625 4997.83203125 5191.990596810567 388
3930 0.1 5060.62890625 0.0 6506.25390625 4997.83203125 5191.6506266066835 389
3940 0.1 5058.61328125 0.0 6506.25390625 4997.83203125 5191.314673477564 390
3950 0.1 5059.9296875 0.0 6506.25390625 4997.83203125 5190.975283727621 391
3960 0.1 5059.11328125 0.0 6506.25390625 4997.83203125 5190.640983737244 392
3970 0.1 5058.06640625 0.0 6506.25390625 4997.83203125 5190.30630764949 393
3980 0.1 5058.75 0.0 6506.25390625 4997.83203125 5189.9706733819785 394
3990 0.1 5058.5625 0.0 6506.25390625 4997.83203125 5189.638469145569 395
4000 0.1 5060.02734375 0.0 6506.25390625 4997.83203125 5189.307469223484 396
4010 0.1 5061.109375 0.0 6506.25390625 4997.83203125 5188.981826590049 397
4020 0.1 5061.15625 0.0 6506.25390625 4997.83203125 5188.66053902324 398
4030 0.1 5062.1640625 0.0 6506.25390625 4997.83203125 5188.340979401628 399
4040 0.1 5058.35546875 0.0 6506.25390625 4997.83203125 5188.0255371093735 400
4050 0.1 5058.46875 0.0 6506.25390625 4997.83203125 5187.70217035536 401
4060 0.1 5059.38671875 0.0 6506.25390625 4997.83203125 5187.380694185322 402
4070 0.1 5058.7578125 0.0 6506.25390625 4997.83203125 5187.063091268608 403
4080 0.1 5057.76953125 0.0 6506.25390625 4997.83203125 5186.745503944923 404
4090 0.1 5059.31640625 0.0 6506.25390625 4997.83203125 5186.427044753084 405
4100 0.1 5060.44140625 0.0 6506.25390625 4997.83203125 5186.113964362682 406
4110 0.1 5060.5625 0.0 6506.25390625 4997.83203125 5185.805186578622 407
4120 0.1 5059.2578125 0.0 6506.25390625 4997.83203125 5185.498219209557 408
4130 0.1 5058.9609375 0.0 6506.25390625 4997.83203125 5185.189562958433 409
4140 0.1 5058.42578125 0.0 6506.25390625 4997.83203125 5184.881688262193 410
4150 0.1 5061.1484375 0.0 6506.25390625 4997.83203125 5184.574009656324 411
4160 0.1 5058.09765625 0.0 6506.25390625 4997.83203125 5184.274433024876 412
4170 0.1 5058.81640625 0.0 6506.25390625 4997.83203125 5183.968920248181 413
4180 0.1 5059.5390625 0.0 6506.25390625 4997.83203125 5183.666619489732 414
4190 0.1 5059.203125 0.0 6506.25390625 4997.83203125 5183.367516942769 415
4200 0.1 5058.4296875 0.0 6506.25390625 4997.83203125 5183.069044846752 416
4210 0.1 5057.3203125 0.0 6506.25390625 4997.83203125 5182.770149505393 417
4220 0.1 5058.51953125 0.0 6506.25390625 4997.83203125 5182.4700302781075 418
4230 0.1 5059.48046875 0.0 6506.25390625 4997.83203125 5182.174205698088 419
4240 0.1 5058.9609375 0.0 6506.25390625 4997.83203125 5181.882077752974 420
4250 0.1 5058.1640625 0.0 6506.25390625 4997.83203125 5181.590103548097 421
4260 0.1 5058.4765625 0.0 6506.25390625 4997.83203125 5181.2976247778415 422
4270 0.1 5058.49609375 0.0 6506.25390625 4997.83203125 5181.007267656617 423
4280 0.1 5058.85546875 0.0 6506.25390625 4997.83203125 5180.718326208725 424
4290 0.1 5059.33984375 0.0 6506.25390625 4997.83203125 5180.431590073527 425
4300 0.1 5059.59765625 0.0 6506.25390625 4997.83203125 5180.147337147885 426
4310 0.1 5057.51953125 0.0 6506.25390625 4997.83203125 5179.865019394026 427
4320 0.1 5058.2265625 0.0 6506.25390625 4997.83203125 5179.579165449764 428
4330 0.1 5057.578125 0.0 6506.25390625 4997.83203125 5179.296292249415 429
4340 0.1 5058.109375 0.0 6506.25390625 4997.83203125 5179.013226744184 430
4350 0.1 5056.75390625 0.0 6506.25390625 4997.83203125 5178.732707366587 431
4360 0.1 5058.9453125 0.0 6506.25390625 4997.83203125 5178.450349030669 432
4370 0.1 5056.40625 0.0 6506.25390625 4997.83203125 5178.174355874709 433
4380 0.1 5057.24609375 0.0 6506.25390625 4997.83203125 5177.893784202187 434
4390 0.1 5057.15625 0.0 6506.25390625 4997.83203125 5177.616433189653 435
4400 0.1 5058.0859375 0.0 6506.25390625 4997.83203125 5177.340148365824 436
4410 0.1 5058.42578125 0.0 6506.25390625 4997.83203125 5177.06725543478 437
4420 0.1 5059.78515625 0.0 6506.25390625 4997.83203125 5176.796384489153 438
4430 0.1 5058.02734375 0.0 6506.25390625 4997.83203125 5176.52984410592 439
4440 0.1 5056.1875 0.0 6506.25390625 4997.83203125 5176.260520241475 440
4450 0.1 5057.87109375 0.0 6506.25390625 4997.83203125 5175.988245819159 441
4460 0.1 5055.8828125 0.0 6506.25390625 4997.83203125 5175.721012443437 442
4470 0.1 5057.16015625 0.0 6506.25390625 4997.83203125 5175.450497319411 443
4480 0.1 5057.4296875 0.0 6506.25390625 4997.83203125 5175.184077632318 444
4490 0.1 5057.08984375 0.0 6506.25390625 4997.83203125 5174.919461025279 445
4500 0.1 5056.9140625 0.0 6506.25390625 4997.83203125 5174.655269058294 446
4510 0.1 5056.1328125 0.0 6506.25390625 4997.83203125 5174.391865911631 447
4520 0.1 5056.265625 0.0 6506.25390625 4997.83203125 5174.127894810265 448
4530 0.1 5056.26953125 0.0 6506.25390625 4997.83203125 5173.865395322938 449
4540 0.1 5055.2109375 0.0 6506.25390625 4997.83203125 5173.604071180554 450
4550 0.1 5055.46484375 0.0 6506.25390625 4997.83203125 5173.341558689022 451
4560 0.1 5055.8515625 0.0 6506.25390625 4997.83203125 5173.08076949668 452
4570 0.1 5055.49609375 0.0 6506.25390625 4997.83203125 5172.8219853752735 453
4580 0.1 5055.0546875 0.0 6506.25390625 4997.83203125 5172.563558301209 454
4590 0.1 5055.29296875 0.0 6506.25390625 4997.83203125 5172.3052970467015 455
4600 0.1 5055.4375 0.0 6506.25390625 4997.83203125 5172.048691063595 456
4610 0.1 5056.65234375 0.0 6506.25390625 4997.83203125 5171.793524343543 457
4620 0.1 5057.92578125 0.0 6506.25390625 4997.83203125 5171.542124385915 458
4630 0.1 5058.24609375 0.0 6506.25390625 4997.83203125 5171.294594226578 459
4640 0.1 5057.15234375 0.0 6506.25390625 4997.83203125 5171.048836616846 460
4650 0.1 5058.421875 0.0 6506.25390625 4997.83203125 5170.801772640996 461
4660 0.1 5058.13671875 0.0 6506.25390625 4997.83203125 5170.558526109306 462
4670 0.1 5056.7890625 0.0 6506.25390625 4997.83203125 5170.315714430343 463
4680 0.1 5055.83203125 0.0 6506.25390625 4997.83203125 5170.071044921873 464
4690 0.1 5054.80078125 0.0 6506.25390625 4997.83203125 5169.825369623654 465
4700 0.1 5055.24609375 0.0 6506.25390625 4997.83203125 5169.578535743024 466
4710 0.1 5055.421875 0.0 6506.25390625 4997.83203125 5169.333712526764 467
4720 0.1 5054.7109375 0.0 6506.25390625 4997.83203125 5169.0903111645275 468
4730 0.1 5055.11328125 0.0 6506.25390625 4997.83203125 5168.846431902983 469
4740 0.1 5056.73046875 0.0 6506.25390625 4997.83203125 5168.604446476062 470
4750 0.1 5055.4765625 0.0 6506.25390625 4997.83203125 5168.366922107217 471
4760 0.1 5055.43359375 0.0 6506.25390625 4997.83203125 5168.127747616523 472
4770 0.1 5054.19921875 0.0 6506.25390625 4997.83203125 5167.889493591436 473
4780 0.1 5053.66015625 0.0 6506.25390625 4997.83203125 5167.649640690926 474
4790 0.1 5056.546875 0.0 6506.25390625 4997.83203125 5167.409662828945 475
4800 0.1 5056.03515625 0.0 6506.25390625 4997.83203125 5167.176757812498 476
4810 0.1 5057.890625 0.0 6506.25390625 4997.83203125 5166.943756551361 477
4820 0.1 5058.75390625 0.0 6506.25390625 4997.83203125 5166.715611924684 478
4830 0.1 5060.65234375 0.0 6506.25390625 4997.83203125 5166.490222142483 479
4840 0.1 5062.30859375 0.0 6506.25390625 4997.83203125 5166.269726562498 480
4850 0.1 5062.99609375 0.0 6506.25390625 4997.83203125 5166.053591151245 481
4860 0.1 5064.06640625 0.0 6506.25390625 4997.83203125 5165.8397789159735 482
4870 0.1 5063.83984375 0.0 6506.25390625 4997.83203125 5165.629067999481 483
4880 0.1 5064.71484375 0.0 6506.25390625 4997.83203125 5165.418759684915 484
