10 0.4 4
20 4 44
30 7 114
40 8.8 202
50 9 292
60 8.4 376
70 6.8 444
80 7.3 517
90 6.3 580
100 9 670
110 10.1 771
120 7 841
130 10.1 942
140 13.9 1081
150 13.3 1214
160 14 1354
170 13.2 1486
180 14.5 1631
190 14.7 1778
200 13.7 1915
210 16.2 2077
220 13.7 2214
230 12 2334
240 17.6 2510
250 17.2 2682
260 21.8 2900
270 23.1 3131
280 21.9 3350
290 22.9 3579
300 28 3859
310 26.7 4126
320 25.2 4378
330 23.5 4613
340 21.9 4832
350 24.8 5080
360 25.3 5333
370 25 5583
380 26 5843
390 26.6 6109
400 25.6 6365
410 30.4 6669
420 31.3 6982
430 28 7262
440 31.2 7574
450 30.4 7878
460 36.9 8247
470 34.6 8593
480 32.2 8915
490 37.2 9287
500 35.1 9638
510 39.6 10034
520 34.9 10383
530 39.9 10782
540 40.1 11183
550 41.2 11595
560 39.8 11993
570 39.5 12388
580 36.6 12754
590 41.5 13169
600 45 13619
610 43.1 14050
620 52.2 14572
630 56.7 15139
640 54 15679
650 57.3 16252
660 57 16822
670 52.4 17346
680 51 17856
690 58.6 18442
700 65.4 19096
710 66.5 19761
720 54.9 20310
730 61.5 20925
740 61.1 21536
750 69.1 22227
760 64.7 22874
770 61 23484
780 55.6 24040
790 62.2 24662
800 58.1 25243
810 64.2 25885
820 54.1 26426
830 55.7 26983
840 59.3 27576
850 61.2 28188
860 66.2 28850
870 54.3 29393
880 58.7 29980
890 65.9 30639
900 54.6 31185
910 57.2 31757
920 65.2 32409
930 57.1 32980
940 58.4 33564
950 59.2 34156
960 67.6 34832
970 62.3 35455
980 57.1 36026
990 57.6 36602
1000 58.4 37186
1010 61.3 37799
1020 58.5 38384
1030 58.1 38965
1040 66.6 39631
1050 60.3 40234
1060 63.6 40870
1070 60 41470
1080 63.6 42106
1090 60.2 42708
1100 59.4 43302
1110 58.4 43886
1120 58.2 44468
1130 55.4 45022
1140 57.1 45593
1150 66.8 46261
1160 62.8 46889
1170 60.5 47494
1180 53.5 48029
1190 53.9 48568
1200 54.4 49112
1210 65.9 49771
1220 70.6 50477
1230 73.7 51214
1240 78.3 51997
1250 76.9 52766
1260 83.1 53597
1270 74 54337
1280 78.3 55120
1290 69 55810
1300 73.9 56549
1310 85.7 57406
1320 78.2 58188
1330 80.5 58993
1340 79.9 59792
1350 67 60462
1360 76.1 61223
1370 75.6 61979
1380 91.2 62891
1390 82.2 63713
1400 83.9 64552
1410 73.2 65284
1420 83 66114
1430 78.2 66896
1440 79.2 67688
1450 81.5 68503
1460 77.9 69282
1470 72.6 70008
1480 87.7 70885
1490 69.9 71584
1500 81.4 72398
1510 81.4 73212
1520 73.5 73947
1530 84.4 74791
1540 80.9 75600
1550 78.5 76385
1560 74.5 77130
1570 79.7 77927
1580 80.5 78732
1590 74.4 79476
1600 79.5 80271
1610 70.6 80977
1620 80.7 81784
1630 84.1 82625
1640 83 83455
1650 87.9 84334
1660 85.6 85190
1670 80.1 85991
1680 75.3 86744
1690 75.4 87498
1700 80.6 88304
1710 71.6 89020
1720 78.5 89805
1730 79.9 90604
1740 76 91364
1750 70.9 92073
1760 78.3 92856
1770 77.8 93634
1780 82.5 94459
1790 76.5 95224
1800 75.9 95983
1810 79.4 96777
1820 86.3 97640
1830 76.3 98403
1840 95.2 99355
1850 95.1 100306
1860 95.2 101258
1870 89.5 102153
1880 99.8 103151
1890 95.8 104109
1900 97.2 105081
1910 94.2 106023
1920 93.3 106956
1930 103.1 107987
1940 112.1 109108
1950 101.7 110125
1960 98.9 111114
1970 96.3 112077
1980 99.6 113073
1990 89.4 113967
2000 97.1 114938
2010 98.4 115922
2020 88 116802
2030 104.9 117851
2040 88.7 118738
2050 95 119688
2060 104.9 120737
2070 102 121757
2080 98.2 122739
2090 98.6 123725
2100 85.8 124583
2110 96.1 125544
2120 92.9 126473
2130 101.1 127484
2140 98 128464
2150 95.6 129420
2160 95.7 130377
2170 91.9 131296
2180 97 132266
2190 92 133186
2200 90.1 134087
2210 94.8 135035
2220 97.7 136012
2230 110.2 137114
2240 88 137994
2250 100.1 138995
2260 95.6 139951
2270 101.9 140970
2280 95.4 141924
2290 98 142904
2300 97.5 143879
2310 98.9 144868
2320 103.3 145901
2330 95.1 146852
2340 96.4 147816
2350 106.7 148883
2360 105.3 149936
2370 108.9 151025
2380 92.3 151948
2390 102.6 152974
2400 91.1 153885
2410 98.7 154872
2420 97.7 155849
2430 112.2 156971
2440 110.7 158078
2450 110.9 159187
2460 125 160437
2470 114.8 161585
2480 116.3 162748
2490 122.5 163973
2500 114.4 165117
2510 116.1 166278
2520 119.1 167469
2530 114.5 168614
2540 123.9 169853
2550 110.1 170954
2560 123.6 172190
2570 110.4 173294
2580 118 174474
2590 112.7 175601
2600 117.4 176775
2610 114.4 177919
2620 122 179139
2630 117 180309
2640 118.8 181497
2650 103.9 182536
2660 125.6 183792
2670 121.4 185006
2680 114.5 186151
2690 116.3 187314
2700 126.4 188578
2710 103.7 189615
2720 126.1 190876
2730 113.5 192011
2740 120.5 193216
2750 115.6 194372
2760 110.1 195473
2770 122.7 196700
2780 114.4 197844
2790 124.5 199089
2800 104.9 200138
2810 119 201328
2820 122.3 202551
2830 114.1 203692
2840 116 204852
2850 117 206022
2860 119.8 207220
2870 116.1 208381
2880 115.7 209538
2890 110.7 210645
2900 117.5 211820
2910 122.4 213044
2920 124.1 214285
2930 118.8 215473
2940 117.7 216650
2950 113.8 217788
2960 117.3 218961
2970 111.6 220077
2980 115.6 221233
2990 121.6 222449
3000 113.1 223580
3010 115.8 224738
3020 121.9 225957
3030 116.6 227123
3040 117.6 228299
3050 126.5 229564
3060 123 230794
3070 118 231974
3080 126.7 233241
3090 109.5 234336
3100 133 235666
3110 121.2 236878
3120 106.3 237941
3130 131.3 239254
3140 141.1 240665
3150 136.7 242032
3160 113.7 243169
3170 134.3 244512
3180 137.7 245889
3190 138.4 247273
3200 123.9 248512
3210 137.8 249890
3220 130.1 251191
3230 107.4 252265
3240 133.3 253598
3250 141.2 255010
3260 140.1 256411
3270 118 257591
3280 128.9 258880
3290 140.3 260283
3300 142 261703
3310 127.4 262977
3320 135.6 264333
3330 130.9 265642
3340 144.7 267089
3350 121.1 268300
3360 130.8 269608
3370 140.4 271012
3380 136.4 272376
3390 122.6 273602
3400 133.5 274937
3410 140.3 276340
3420 142.5 277765
3430 134.2 279107
3440 119.5 280302
3450 130.8 281610
3460 141.1 283021
3470 126.3 284284
3480 141.2 285696
3490 118.1 286877
3500 137.8 288255
3510 144.9 289704
3520 133.5 291039
3530 116.9 292208
3540 125.3 293461
3550 134.7 294808
3560 147.6 296284
3570 136.7 297651
3580 127.6 298927
3590 120.3 300130
3600 139.1 301521
3610 145.1 302972
3620 137.4 304346
3630 131.4 305660
3640 123.3 306893
3650 133.8 308231
3660 137.1 309602
3670 137.8 310980
3680 135 312330
3690 135 313680
3700 137.1 315051
3710 115.3 316204
3720 137.9 317583
3730 139.9 318982
3740 132.2 320304
3750 140.8 321712
3760 137.1 323083
3770 109.7 324180
3780 133.3 325513
3790 141.9 326932
3800 138.5 328317
3810 140.8 329725
3820 112.7 330852
3830 131 332162
3840 131.2 333474
3850 125.9 334733
3860 127 336003
3870 133.2 337335
3880 121.9 338554
3890 132.1 339875
3900 143.6 341311
3910 137.4 342685
3920 139.1 344076
3930 143.1 345507
3940 118.7 346694
3950 129.5 347989
3960 130.5 349294
3970 130.1 350595
3980 121.5 351810
3990 137.3 353183
4000 117.3 354356
4010 136.7 355723
4020 139.6 357119
4030 132.6 358445
4040 137.9 359824
4050 138.7 361211
4060 131.4 362525
4070 115.4 363679
4080 133.6 365015
4090 128.3 366298
4100 127.3 367571
4110 132.3 368894
4120 130.2 370196
4121 22.3 370419
