2550 0.1 1
2560 0 1
2570 0 1
2580 0 1
2590 0 1
2600 0 1
2610 0 1
2620 0 1
2630 0 1
2640 0 1
2650 0 1
2660 0 1
2670 0 1
2680 0 1
2690 0 1
2700 0 1
2710 0 1
2720 0 1
2730 0 1
2740 0 1
2750 0 1
2760 0 1
2770 0 1
2780 0 1
2790 0 1
2800 0 1
2810 0 1
2820 0 1
2830 0 1
2840 0 1
2850 0 1
2860 0 1
2870 0 1
2880 0 1
2890 0 1
2900 0 1
2910 0 1
2920 0.1 2
2930 0 2
2940 0 2
2950 0 2
2960 0 2
2970 0 2
2980 0 2
2990 0 2
3000 0 2
3010 0 2
3020 0 2
3030 0 2
3040 0 2
3050 0 2
3060 0 2
3070 0 2
3080 0 2
3090 0 2
3100 0 2
3110 0.1 3
3120 0 3
3130 0 3
3140 0 3
3150 0 3
3160 0 3
3170 0 3
3180 0 3
3190 0.1 4
3200 0 4
3210 0 4
3220 0 4
3230 0 4
3240 0 4
3250 0 4
3260 0 4
3270 0 4
3280 0 4
3290 0 4
3300 0.1 5
3310 0 5
3320 0.1 6
3330 0 6
3340 0 6
3350 0.1 7
3360 0 7
3370 0 7
3380 0 7
3390 0 7
3400 0 7
3410 0 7
3420 0 7
3430 0 7
3440 0 7
3450 0 7
3460 0 7
3470 0 7
3480 0.1 8
3490 0 8
3500 0 8
3510 0.1 9
3520 0 9
3530 0 9
3540 0 9
3550 0 9
3560 0 9
3570 0 9
3580 0 9
3590 0 9
3600 0 9
3610 0 9
3620 0 9
3630 0 9
3640 0 9
3650 0 9
3660 0 9
3670 0 9
3680 0 9
3690 0 9
3700 0 9
3710 0 9
3720 0 9
3730 0 9
3740 0 9
3750 0 9
3760 0 9
3770 0 9
3780 0 9
3790 0 9
3800 0 9
3810 0 9
3820 0 9
3830 0 9
3840 0 9
3850 0 9
3860 0 9
3870 0 9
3880 0 9
3890 0 9
3900 0 9
3910 0 9
3920 0 9
3930 0 9
3940 0 9
3950 0 9
3960 0 9
3970 0 9
3980 0 9
3990 0 9
4000 0.1 10
4010 0 10
4020 0 10
4030 0 10
4040 0 10
4050 0 10
4060 0 10
4070 0 10
4080 0 10
4090 0 10
4100 0 10
4110 0.1 11
4120 0 11
4121 0 11
