170 0.1 1
180 0 1
190 0 1
200 0 1
210 0 1
220 0 1
230 0 1
240 0 1
250 0.1 2
260 0 2
270 0.1 3
280 0 3
290 0 3
300 0 3
310 0 3
320 0.1 4
330 0 4
340 0 4
350 0 4
360 0 4
370 0 4
380 0.1 5
390 0.1 6
400 0 6
410 0 6
420 0 6
430 0 6
440 0 6
450 0 6
460 0 6
470 0 6
480 0 6
490 0 6
500 0 6
510 0 6
520 0 6
530 0.1 7
540 0 7
550 0 7
560 0 7
570 0.1 8
580 0.1 9
590 0 9
600 0 9
610 0 9
620 0 9
630 0 9
640 0.1 10
650 0 10
660 0 10
670 0 10
680 0 10
690 0 10
700 0.3 13
710 0.1 14
720 0.1 15
730 0.3 18
740 0.1 19
750 0.2 21
760 0.1 22
770 0.2 24
780 0 24
790 0.2 26
800 0 26
810 0.1 27
820 0.2 29
830 0.1 30
840 0 30
850 0.2 32
860 0.1 33
870 0.1 34
880 0.2 36
890 0 36
900 0 36
910 0 36
920 0 36
930 0.1 37
940 0.2 39
950 0 39
960 0 39
970 0.2 41
980 0.1 42
990 0.1 43
1000 0.1 44
1010 0 44
1020 0.2 46
1030 0 46
1040 0 46
1050 0 46
1060 0 46
1070 0.1 47
1080 0.1 48
1090 0 48
1100 0.2 50
1110 0.2 52
1120 0 52
1130 0 52
1140 0.2 54
1150 0 54
1160 0 54
1170 0.1 55
1180 0 55
1190 0 55
1200 0 55
1210 0.3 58
1220 0 58
1230 0.1 59
1240 0 59
1250 0 59
1260 0.2 61
1270 0.1 62
1280 0.3 65
1290 0.2 67
1300 0.3 70
1310 0 70
1320 0.1 71
1330 0.1 72
1340 0.2 74
1350 0 74
1360 0.1 75
1370 0 75
1380 0.2 77
1390 0.1 78
1400 0 78
1410 0.3 81
1420 0 81
1430 0 81
1440 0.1 82
1450 0.1 83
1460 0 83
1470 0.4 87
1480 0.1 88
1490 0.1 89
1500 0 89
1510 0.1 90
1520 0.2 92
1530 0.1 93
1540 0.2 95
1550 0.2 97
1560 0 97
1570 0.4 101
1580 0.3 104
1590 0.2 106
1600 0.6 112
1610 0 112
1620 0.3 115
1630 0 115
1640 0 115
1650 0.1 116
1660 0 116
1670 0.1 117
1680 0.3 120
1690 0.1 121
1700 0.2 123
1710 0.2 125
1720 0.1 126
1730 0.4 130
1740 0.1 131
1750 0 131
1760 0.1 132
1770 0.1 133
1780 0 133
1790 0.1 134
1800 0 134
1810 0.1 135
1820 0.2 137
1830 0.2 139
1840 0.3 142
1850 0.2 144
1860 0.3 147
1870 0.3 150
1880 0.3 153
1890 0.2 155
1900 0.2 157
1910 0.2 159
1920 0.5 164
1930 0.2 166
1940 0.2 168
1950 0.2 170
1960 0 170
1970 0.4 174
1980 0.3 177
1990 0.3 180
2000 0 180
2010 0.1 181
2020 0 181
2030 0.2 183
2040 0.2 185
2050 0.1 186
2060 0.3 189
2070 0 189
2080 0.3 192
2090 0.3 195
2100 0.2 197
2110 0.2 199
2120 0.1 200
2130 1 210
2140 0.3 213
2150 0.5 218
2160 0.4 222
2170 0.2 224
2180 0.3 227
2190 0.7 234
2200 0.1 235
2210 0.3 238
2220 0.1 239
2230 0.3 242
2240 0.2 244
2250 0.1 245
2260 0 245
2270 0.1 246
2280 0.1 247
2290 0.1 248
2300 0.3 251
2310 0.3 254
2320 0.2 256
2330 0.2 258
2340 0.2 260
2350 0.4 264
2360 0.4 268
2370 0.1 269
2380 0.1 270
2390 0.2 272
2400 0 272
2410 0.2 274
2420 0.3 277
2430 0.4 281
2440 0.2 283
2450 0.2 285
2460 0.5 290
2470 0.4 294
2480 0.3 297
2490 0.3 300
2500 0.3 303
2510 0.3 306
2520 0.4 310
2530 0.2 312
2540 0.4 316
2550 0.4 320
2560 0.6 326
2570 0.5 331
2580 0.5 336
2590 0.3 339
2600 0.6 345
2610 0.4 349
2620 0.2 351
2630 0.5 356
2640 0.6 362
2650 0.6 368
2660 0.3 371
2670 0.7 378
2680 0.3 381
2690 0.4 385
2700 0.5 390
2710 0.7 397
2720 0.9 406
2730 0.4 410
2740 0.8 418
2750 0.3 421
2760 0.9 430
2770 0.8 438
2780 0.5 443
2790 0.7 450
2800 0.1 451
2810 0.5 456
2820 0.4 460
2830 0.5 465
2840 0.5 470
2850 0.2 472
2860 0.9 481
2870 0 481
2880 0.7 488
2890 0.2 490
2900 0.2 492
2910 0.5 497
2920 0.7 504
2930 0.3 507
2940 0.3 510
2950 0.5 515
2960 0.4 519
2970 0.5 524
2980 0.2 526
2990 0.2 528
3000 0.4 532
3010 0.6 538
3020 0.6 544
3030 0.4 548
3040 0.7 555
3050 0.5 560
3060 0.4 564
3070 0.2 566
3080 0.2 568
3090 0.5 573
3100 0.7 580
3110 0.5 585
3120 0.2 587
3130 0.6 593
3140 0.4 597
3150 0.6 603
3160 0.6 609
3170 0.5 614
3180 0.6 620
3190 0.5 625
3200 0.3 628
3210 0.6 634
3220 0.7 641
3230 0.2 643
3240 0.7 650
3250 0.5 655
3260 1 665
3270 0.4 669
3280 0.5 674
3290 0.8 682
3300 0.4 686
3310 0.6 692
3320 0.3 695
3330 0.3 698
3340 1.1 709
3350 0.4 713
3360 0.3 716
3370 0.5 721
3380 1.1 732
3390 0.3 735
3400 0.2 737
3410 0.8 745
3420 0.3 748
3430 0.7 755
3440 0.6 761
3450 0.5 766
3460 0.8 774
3470 1 784
3480 0.5 789
3490 0.7 796
3500 0.3 799
3510 0.7 806
3520 0.2 808
3530 0.6 814
3540 0.8 822
3550 1.1 833
3560 0.4 837
3570 0.7 844
3580 0.4 848
3590 0.3 851
3600 0.5 856
3610 0.8 864
3620 0.8 872
3630 0.5 877
3640 1 887
3650 0.6 893
3660 0.5 898
3670 0.5 903
3680 1.2 915
3690 0.4 919
3700 0.7 926
3710 0.6 932
3720 1 942
3730 0.3 945
3740 0.5 950
3750 0.6 956
3760 0.5 961
3770 0.6 967
3780 0.1 968
3790 0.6 974
3800 0.6 980
3810 0.2 982
3820 0.6 988
3830 0.7 995
3840 0.6 1001
3850 1.4 1015
3860 0.7 1022
3870 0.2 1024
3880 1.4 1038
3890 0.4 1042
3900 1.3 1055
3910 0.6 1061
3920 0.9 1070
3930 0.4 1074
3940 1 1084
3950 0.5 1089
3960 0.2 1091
3970 0.4 1095
3980 1 1105
3990 0.7 1112
4000 0.8 1120
4010 0.3 1123
4020 0.3 1126
4030 0.5 1131
4040 0.5 1136
4050 0.4 1140
4060 0.5 1145
4070 0.4 1149
4080 0.7 1156
4090 0.5 1161
4100 0.4 1165
4110 0.7 1172
4120 0.5 1177
4121 0 1177
