10 0 0
20 27 27
30 35 8
40 33 -2
50 39 6
60 35 -4
70 33 -2
80 22 -11
90 33 11
100 34 1
110 30 -4
120 23 -7
130 37 14
140 50 13
150 53 3
160 54 1
170 67 13
180 54 -13
190 61 7
200 64 3
210 57 -7
220 53 -4
230 53 0
240 76 23
250 74 -2
260 74 0
270 86 12
280 92 6
290 111 19
300 110 -1
310 104 -6
320 91 -13
330 98 7
340 100 2
350 103 3
360 103 0
370 114 11
380 116 2
390 108 -8
400 112 4
410 123 11
420 126 3
430 126 0
440 127 1
450 146 19
460 141 -5
470 146 5
480 147 1
490 156 9
500 176 20
510 167 -9
520 183 16
530 198 15
540 221 23
550 216 -5
560 220 4
570 199 -21
580 194 -5
590 180 -14
600 231 51
610 282 51
620 300 18
630 318 18
640 334 16
650 318 -16
660 321 3
670 372 51
680 402 30
690 408 6
700 399 -9
710 389 -10
720 420 31
730 419 -1
740 406 -13
750 391 -15
760 385 -6
770 379 -6
780 366 -13
790 376 10
800 378 2
810 364 -14
820 372 8
830 398 26
840 426 28
850 410 -16
860 395 -15
870 377 -18
880 373 -4
890 362 -11
900 365 3
910 375 10
920 372 -3
930 358 -14
940 360 2
950 395 35
960 390 -5
970 379 -11
980 376 -3
990 378 2
1000 403 25
1010 418 15
1020 410 -8
1030 405 -5
1040 374 -31
1050 385 11
1060 376 -9
1070 384 8
1080 378 -6
1090 365 -13
1100 370 5
1110 361 -9
1120 346 -15
1130 343 -3
1140 354 11
1150 374 20
1160 389 15
1170 380 -9
1180 363 -17
1190 355 -8
1200 388 33
1210 428 40
1220 498 70
1230 526 28
1240 559 33
1250 557 -2
1260 532 -25
1270 546 14
1280 553 7
1290 564 11
1300 638 74
1310 623 -15
1320 603 -20
1330 557 -46
1340 521 -36
1350 551 30
1360 562 11
1370 634 72
1380 631 -3
1390 630 -1
1400 596 -34
1410 599 3
1420 567 -32
1430 592 25
1440 619 27
1450 589 -30
1460 598 9
1470 618 20
1480 619 1
1490 616 -3
1500 607 -9
1510 589 -18
1520 593 4
1530 582 -11
1540 617 35
1550 602 -15
1560 625 23
1570 618 -7
1580 620 2
1590 596 -24
1600 553 -43
1610 614 61
1620 659 45
1630 675 16
1640 645 -30
1650 640 -5
1660 610 -30
1670 581 -29
1680 552 -29
1690 555 3
1700 546 -9
1710 536 -10
1720 527 -9
1730 533 6
1740 525 -8
1750 542 17
1760 566 24
1770 581 15
1780 579 -2
1790 600 21
1800 589 -11
1810 641 52
1820 679 38
1830 727 48
1840 749 22
1850 768 19
1860 794 26
1870 834 40
1880 836 2
1890 847 11
1900 886 39
1910 897 11
1920 922 25
1930 943 21
1940 911 -32
1950 848 -63
1960 802 -46
1970 807 5
1980 769 -38
1990 782 13
2000 788 6
2010 784 -4
2020 840 56
2030 817 -23
2040 859 42
2050 835 -24
2060 860 25
2070 828 -32
2080 802 -26
2090 782 -20
2100 823 41
2110 852 29
2120 876 24
2130 853 -23
2140 830 -23
2150 811 -19
2160 819 8
2170 805 -14
2180 805 0
2190 843 38
2200 882 39
2210 874 -8
2220 864 -10
2230 812 -52
2240 824 12
2250 806 -18
2260 819 13
2270 838 19
2280 862 24
2290 857 -5
2300 864 7
2310 857 -7
2320 855 -2
2330 852 -3
2340 853 1
2350 897 44
2360 875 -22
2370 845 -30
2380 850 5
2390 839 -11
2400 885 46
2410 954 69
2420 1055 101
2430 1115 60
2440 1151 36
2450 1163 12
2460 1145 -18
2470 1152 7
2480 1142 -10
2490 1147 5
2500 1191 44
2510 1180 -11
2520 1202 22
2530 1226 24
2540 1201 -25
2550 1236 35
2560 1204 -32
2570 1198 -6
2580 1205 7
2590 1189 -16
2600 1207 18
2610 1179 -28
2620 1199 20
2630 1219 20
2640 1221 2
2650 1260 39
2660 1276 16
2670 1267 -9
2680 1293 26
2690 1236 -57
2700 1187 -49
2710 1212 25
2720 1161 -51
2730 1199 38
2740 1188 -11
2750 1142 -46
2760 1170 28
2770 1157 -13
2780 1195 38
2790 1175 -20
2800 1246 71
2810 1227 -19
2820 1231 4
2830 1212 -19
2840 1212 0
2850 1230 18
2860 1221 -9
2870 1246 25
2880 1225 -21
2890 1239 14
2900 1237 -2
2910 1202 -35
2920 1168 -34
2930 1173 5
2940 1181 8
2950 1196 15
2960 1170 -26
2970 1188 18
2980 1188 0
2990 1197 9
3000 1200 3
3010 1251 51
3020 1259 8
3030 1306 47
3040 1362 56
3050 1395 33
3060 1426 31
3070 1532 106
3080 1614 82
3090 1685 71
3100 1755 70
3110 1761 6
3120 1808 47
3130 1835 27
3140 1812 -23
3150 1814 2
3160 1913 99
3170 1900 -13
3180 1934 34
3190 1954 20
3200 2009 55
3210 2011 2
3220 2003 -8
3230 2066 63
3240 2091 25
3250 2043 -48
3260 2020 -23
3270 2052 32
3280 2087 35
3290 2044 -43
3300 2025 -19
3310 2104 79
3320 2134 30
3330 2169 35
3340 2150 -19
3350 2158 8
3360 2223 65
3370 2182 -41
3380 2168 -14
3390 2210 42
3400 2219 9
3410 2224 5
3420 2221 -3
3430 2241 20
3440 2274 33
3450 2262 -12
3460 2221 -41
3470 2241 20
3480 2286 45
3490 2342 56
3500 2365 23
3510 2265 -100
3520 2309 44
3530 2307 -2
3540 2306 -1
3550 2276 -30
3560 2201 -75
3570 2205 4
3580 2273 68
3590 2287 14
3600 2267 -20
3610 2225 -42
3620 2216 -9
3630 2250 34
3640 2304 54
3650 2311 7
3660 2353 42
3670 2434 81
3680 2493 59
3690 2620 127
3700 2671 51
3710 2778 107
3720 2779 1
3730 2848 69
3740 2920 72
3750 2976 56
3760 3048 72
3770 3118 70
3780 3180 62
3790 3212 32
3800 3305 93
3810 3308 3
3820 3391 83
3830 3336 -55
3840 3360 24
3850 3313 -47
3860 3307 -6
3870 3281 -26
3880 3256 -25
3890 3307 51
3900 3334 27
3910 3351 17
3920 3420 69
3930 3417 -3
3940 3420 3
3950 3370 -50
3960 3406 36
3970 3393 -13
3980 3333 -60
3990 3307 -26
4000 3331 24
4010 3288 -43
4020 3345 57
4030 3397 52
4040 3467 70
4050 3487 20
4060 3484 -3
4070 3438 -46
4080 3468 30
4090 3468 0
4100 3460 -8
4110 3399 -61
4120 3360 -39
4121 3334 -26
