10 0.1 1.22998046875 0.0 1.22998046875 1.22998046875 0 0
20 2.8 0.69720458984375 0.11825726514096 1.22998046875 0.557861328125 1.22998046875 1
30 1.7 0.7047765395220589 0.12327005583989509 1.22998046875 0.557861328125 0.715576171875 29
40 1.9 0.6853669819078947 0.10192306214112204 1.22998046875 0.556884765625 0.7115850033967391 46
50 2.9 0.6622945851293103 0.09072228323660396 1.22998046875 0.539794921875 0.7039212740384615 65
60 1.8 0.6649441189236112 0.08947401913785982 1.22998046875 0.539794921875 0.6910789976728723 94
70 1.4 1.3478480747767858 2.47156242394062 10.25390625 0.525146484375 0.6868787493024554 112
80 1.3 2.1932279146634617 3.4995547401972638 10.4580078125 0.525146484375 0.7603197854662699 126
90 2.5 0.6556250000000001 0.09028094733779364 10.4580078125 0.509033203125 0.8943327759667267 139
100 2 0.70806884765625 0.170558567511297 10.4580078125 0.509033203125 0.8579443954839939 164
110 2.3 0.7289720618206522 0.12735778829605238 10.4580078125 0.509033203125 0.8416535750679348 184
120 1.5 0.6688639322916666 0.07335958834468038 10.4580078125 0.509033203125 0.8291334069293478 207
130 3.2 0.664886474609375 0.08126942214463438 10.4580078125 0.509033203125 0.8183043883727478 222
140 4.1 0.9371129477896342 1.7105630221811543 11.73388671875 0.509033203125 0.7989761472687008 254
150 3.5 0.697509765625 0.15034542501487078 11.73388671875 0.509033203125 0.8181748212394068 295
160 3.5 86.69898158482144 501.54813663610577 3011.201904296875 0.509033203125 0.8053770123106061 330
170 4 0.744390869140625 0.26903465791248216 3011.201904296875 0.509033203125 9.041750053510276 365
180 3 0.6665690104166667 0.07830253604394186 3011.201904296875 0.509033203125 8.222257788387347 405
190 4.2 0.9240548270089286 1.4915013971112492 3011.201904296875 0.509033203125 7.701175803699714 435
200 3.5 0.9368722098214286 1.6097256444192893 3011.201904296875 0.509033203125 7.104448170531971 477
210 3.1 1.0123802923387097 1.7918930694950244 3011.201904296875 0.509033203125 6.682836532592774 512
220 3.8 0.6657586348684211 0.10923890484112131 3011.201904296875 0.509033203125 6.3591088282688775 543
230 3 101.01560872395834 540.0172255246258 3011.201904296875 0.509033203125 5.986738247633392 581
240 5.3 57.466801481426884 409.31872303120844 3011.201904296875 0.509033203125 10.652640235014323 611
250 4.5 0.6718478732638887 0.09953401956904831 3011.201904296875 0.509033203125 14.389312744140625 664
260 5.3 0.6545179834905658 0.08604385657338467 3011.201904296875 0.509033203125 13.518669698739421 709
270 6.9 0.9686155457427539 1.7375838505472982 3011.201904296875 0.509033203125 12.623918988886155 762
280 5.2 0.7005943885216346 0.12434087828658484 3011.201904296875 0.509033203125 11.65615011093562 831
290 7 0.6463413783482144 0.0977401503154988 3011.201904296875 0.509033203125 11.010975821506937 883
300 6.6 0.7941783558238635 1.1965990193617255 3011.201904296875 0.509033203125 10.2496700386936 953
310 6.2 1.0081275201612907 1.7183125050341719 3011.201904296875 0.509033203125 9.637243688282016 1019
320 5.7 0.6922200520833334 0.16799438065192562 3011.201904296875 0.509033203125 9.142326757270467 1081
330 6.5 0.8573692908653846 1.2597085072405327 3011.201904296875 0.509033203125 8.719078881878845 1138
340 5.3 0.8699191111438681 1.3208123168987382 3011.201904296875 0.509033203125 8.294298230660328 1203
350 6.3 0.7255588107638888 0.21672662086748026 3011.201904296875 0.509033203125 7.981008347432325 1256
360 6.8 0.6636603860294118 0.11809224027898567 3011.201904296875 0.509033203125 7.634462994278336 1319
370 7.2 0.8516337076822917 1.57999612204197 3011.201904296875 0.509033203125 7.292707711393746 1387
380 6.1 0.6548371862192623 0.06987974076318199 3011.201904296875 0.509033203125 6.974847993595785 1459
390 6.1 0.9876889088114753 2.5089356488659074 3011.201904296875 0.509033203125 6.7212159809313325 1520
400 7.1 0.6700697348151409 0.13964478531524904 3011.201904296875 0.509033203125 6.499998301361876 1581
410 8.2 37.55268673780487 330.29280778141526 3011.201904296875 0.509033203125 6.249438417448547 1652
420 7.4 0.841552734375 1.142558039195456 3011.201904296875 0.509033203125 7.729753505262399 1734
430 7.6 0.8508268657483553 1.2784266597645035 3011.201904296875 0.5029296875 7.447824933887583 1808
440 7.8 0.8049535506810899 1.1015518794167056 3011.201904296875 0.5029296875 7.181703992709992 1884
450 9 0.7655761718749998 1.0303055193156163 3011.201904296875 0.5029296875 6.9281940362990575 1962
460 8.8 0.6711314808238634 0.13512478294786467 3011.201904296875 0.5029296875 6.6579037790874755 2052
470 8.3 0.7825089420180726 1.0685474497865473 3011.201904296875 0.5029296875 6.41171875 2140
480 9 0.8007351345486112 1.373906215836314 3011.201904296875 0.5029296875 6.201541325770355 2223
490 9.3 0.9378491473454301 1.437095614368297 3011.201904296875 0.5029296875 5.9913932249446065 2313
500 10.6 0.7783548607016509 1.1486477153019856 3011.201904296875 0.5029296875 5.796056733167083 2406
510 8.6 0.7073122956031975 0.238208302978362 3011.201904296875 0.5029296875 5.584322498102857 2512
520 10.5 0.9118071056547622 1.7831292715121625 3011.201904296875 0.5029296875 5.422881821653677 2598
530 11.2 0.7003784179687501 0.4434075176347674 3011.201904296875 0.5029296875 5.247645844894563 2703
540 10.4 0.7641085111177883 0.9467287959073429 3011.201904296875 0.5029296875 5.066724370004442 2815
550 10.3 0.7852700242718448 1.11144606645282 3011.201904296875 0.5029296875 4.913428018745719 2919
560 9.9 1.1100112452651512 2.0507986561950915 3011.201904296875 0.5029296875 4.77272640609489 3022
570 8.7 0.7847465427442526 1.0606275418623072 3011.201904296875 0.5029296875 4.6565428748798485 3121
580 9.2 0.6676025390625 0.15387246521538844 3011.201904296875 0.5029296875 4.551540916994625 3208
590 9.3 0.9825137558803761 1.9648877288724667 3011.201904296875 0.5029296875 4.443261422821972 3300
600 15.4 0.9464254007711039 1.586476280653183 3011.201904296875 0.5029296875 4.348404501800585 3393
610 13.9 0.7386641468075542 1.114127169175871 3011.201904296875 0.4912109375 4.200700870123522 3547
620 13.6 0.7897320915670956 0.8556661964558633 3011.201904296875 0.4912109375 4.070146582402166 3686
630 15.4 1.025209897524351 1.5914591718908775 3011.201904296875 0.4912109375 3.9534180709543456 3822
640 14.8 0.7712270375844593 0.7005786304702216 3011.201904296875 0.4912109375 3.840001557194733 3976
650 12.2 0.9198318231301229 1.815064344087563 3011.201904296875 0.4912109375 3.729870948828506 4124
660 15.6 1.0125544621394238 1.881769847616852 3011.201904296875 0.4912109375 3.649130305084935 4246
670 15.6 0.7516589042467947 0.9304282810030606 3011.201904296875 0.4912109375 3.555694177983731 4402
680 15.6 1.2292245718149037 2.3133106778174977 3011.201904296875 0.4912109375 3.4597245635249854 4558
690 14.5 0.8329152074353449 1.0195228789278166 3011.201904296875 0.4912109375 3.3859108175116694 4714
700 14.8 0.8167180241765201 1.0186079437222377 3011.201904296875 0.4912109375 3.3097255194130755 4859
710 16.7 0.8458405454715568 1.0840095232027684 3011.201904296875 0.4912109375 3.2360356633525584 5007
720 15.9 0.886784775452044 1.7855711969659835 3011.201904296875 0.4912109375 3.158887888964053 5174
730 15 1.2170166015625006 2.6646258423247615 3011.201904296875 0.4912109375 3.0911465810607326 5333
740 14.6 0.768456027932363 0.947770373739871 3011.201904296875 0.4912109375 3.039875470915787 5483
750 15.7 1.0684044710390124 2.520335956026103 3011.201904296875 0.4912109375 2.9809614118154886 5629
760 16.2 0.7495644651813271 0.7003390518545395 3011.201904296875 0.4912109375 2.9290652072351384 5786
770 15 1.2967594401041658 3.2941314014018332 3011.201904296875 0.4912109375 2.8697042253567395 5948
780 13.4 0.8495109899720149 1.3188741339236396 3011.201904296875 0.4912109375 2.831012569438752 6098
790 16.3 0.80324212758819 1.2116295907298948 3011.201904296875 0.4912109375 2.7884064700086264 6232
800 14 0.9118076869419647 1.9529192234326398 3011.201904296875 0.4912109375 2.7378072850493567 6395
810 15.4 1.0931031858766236 2.3516864013245016 3011.201904296875 0.4912109375 2.6986887014632766 6535
820 14 0.8814296177455357 1.2763452064524274 3011.201904296875 0.4912109375 2.661723509446481 6689
830 15.8 1.0315204089200949 2.542923672633087 3011.201904296875 0.4912109375 2.6252260508378806 6829
840 15.9 0.9385901876965409 1.614149837405517 3011.201904296875 0.4912109375 2.589186907940641 6987
850 15 0.8157014973958332 1.1542759423116604 3011.201904296875 0.4912109375 2.552460784442347 7146
860 14.9 0.7558151347525166 0.890546524655255 3011.201904296875 0.4912109375 2.5167543846264233 7296
870 13.4 1.0272726941464556 2.3973605964799742 3011.201904296875 0.4912109375 2.4815119469862337 7445
880 14.7 0.9727093962585034 1.8893219176095002 3011.201904296875 0.4912109375 2.455800367637965 7579
890 15 0.8703727213541667 1.4521909525190182 3011.201904296875 0.4912109375 2.427582095208146 7726
900 14.2 1.0457626127860913 1.9801374090957664 3011.201904296875 0.4912109375 2.3979247302921864 7876
910 15.4 0.8413878601866881 1.6954438595973274 3011.201904296875 0.4912109375 2.3739777334493497 8018
920 15 0.9033186848958333 1.8533865300762504 3011.201904296875 0.4912109375 2.3450963285934456 8172
930 14.9 0.7982120385906041 1.1398164358373382 3011.201904296875 0.4912109375 2.319108988223986 8322
940 13.8 0.9863422780797098 2.0547336342101046 3011.201904296875 0.4912109375 2.292357288838391 8471
950 17.5 0.7180371093749999 0.5717537098057177 3011.201904296875 0.4912109375 2.2714222125827637 8609
960 16 0.7541671752929692 0.8824410797070389 3011.201904296875 0.4912109375 2.2404747634637565 8784
970 15.2 0.8977002595600329 1.888912872888837 3011.201904296875 0.4912109375 2.213886076734404 8944
980 14.4 0.9315677218967018 1.898833564735307 3011.201904296875 0.4912109375 2.1918917666848765 9096
990 13.9 0.7587398830935254 0.849322273593618 3011.201904296875 0.4912109375 2.172250352999866 9240
1000 17.2 1.1185302734375002 2.616958241151858 3011.201904296875 0.4912109375 2.15130164254918 9379
1010 15.6 0.7084131485376605 0.1899611578603428 3011.201904296875 0.4912109375 2.132702891058529 9551
1020 14.5 0.8786941002155172 1.438053460432933 3011.201904296875 0.4912109375 2.109813306240021 9707
1030 14.6 1.5530704864083904 3.8556337603201243 3011.201904296875 0.4912109375 2.091693910698653 9852
1040 13.9 0.8777575595773381 1.44105596494825 3011.201904296875 0.4912109375 2.0838284356089973 9998
1050 15.6 1.0920566656650639 2.4471698497954546 3011.201904296875 0.4912109375 2.0672906185261914 10137
1060 15.2 0.8184878700657894 1.127421969029019 3011.201904296875 0.4912109375 2.052510039817716 10293
1070 16.5 1.092147549715909 2.691725632300225 3011.201904296875 0.4912109375 2.034552034092269 10445
1080 14.9 0.8841708394505033 1.800306034554801 3011.201904296875 0.4912109375 2.019896356437029 10610
1090 14.4 0.7010328504774309 0.32882049392580043 3011.201904296875 0.4912109375 2.0041678405869505 10759
1100 15.4 0.8023951146509742 1.1138681892031477 3011.201904296875 0.4912109375 1.9869568492473402 10903
1110 14.4 1.044676038953993 2.329161204922905 3011.201904296875 0.4912109375 1.9704584765307045 11057
1120 13.3 0.6701403166118424 0.1309820359955366 3011.201904296875 0.4912109375 1.9585566221417172 11201
1130 13.7 0.9817749914461674 1.66181939111581 3011.201904296875 0.4912109375 1.9434375672065247 11334
1140 14.9 0.8769711488045302 1.6018756080430623 3011.201904296875 0.4912109375 1.931952276222376 11471
1150 17.5 1.1641196986607139 2.4339887523793613 3011.201904296875 0.4912109375 1.9184245492012693 11620
1160 17.8 0.8870973051264042 1.406941009321908 3011.201904296875 0.4912109375 1.9072330825760386 11795
1170 13.9 0.9666001573741008 1.9878411455182443 3011.201904296875 0.4912109375 1.8920669447337237 11973
1180 11.6 0.8722113247575431 1.2634257607309105 3011.201904296875 0.4912109375 1.8814460824943755 12112
1190 13.4 0.7275263088852612 0.3641887739247567 3011.201904296875 0.4912109375 1.871872053062132 12228
1200 17 1.021929572610294 1.7611120965138036 3011.201904296875 0.4912109375 1.859467722879338 12362
1210 18.3 0.9719678534836067 1.8985059616440425 3011.201904296875 0.4912109375 1.8481062893056277 12532
1220 23.1 0.9648088727678571 1.944375121789714 3011.201904296875 0.4912109375 1.8354965107955663 12715
1230 19.3 0.8253281351198184 1.2070914231795433 3011.201904296875 0.4912109375 1.8199605271415882 12946
1240 22 0.9251509232954546 1.4645414001570334 3011.201904296875 0.4912109375 1.8053502788989364 13139
1250 18.4 0.9699839716372286 1.8577854304420962 3011.201904296875 0.4912109375 1.7908548931490476 13359
1260 18.4 1.171411928923234 2.19021928341139 3011.201904296875 0.4912109375 1.77970224974964 13543
1270 20.1 0.8180617906560945 1.1064853758523527 3011.201904296875 0.4912109375 1.7715485804095032 13727
1280 20.9 0.9559250242972488 2.066806340550413 3011.201904296875 0.4912109375 1.7577884680645552 13928
1290 18.1 0.8476144358598068 1.0609136363449525 3011.201904296875 0.4912109375 1.7459337987749346 14137
1300 23.4 0.8533340845352564 1.2850095608167609 3011.201904296875 0.4912109375 1.734577757100983 14318
1310 18.5 0.7924738703547297 0.8620126592216845 3011.201904296875 0.4912109375 1.7204071263024412 14552
1320 17.8 0.9388688333918541 1.8630749204028358 3011.201904296875 0.4912109375 1.7087583747010078 14737
1330 19 1.199378083881579 2.6526439211595823 3011.201904296875 0.4912109375 1.699570286309923 14915
1340 17.3 1.2800067173952303 2.6478563469180094 3011.201904296875 0.4912109375 1.6932785604932141 15105
1350 19.3 17.092033425761002 215.66205258455543 3011.201904296875 0.4912109375 1.6885988884905991 15278
1360 20.2 1.2893271871132428 2.7739493258619823 3011.201904296875 0.4912109375 1.8807560125092915 15471
1370 23.2 1.1031115301724135 2.0715714593748844 3011.201904296875 0.4912109375 1.8731334372059034 15673
1380 21.6 0.8038680465133102 0.528894332508279 3011.201904296875 0.4912109375 1.8619014295082128 15905
1390 19.7 1.2694668067893402 2.730569212637894 3011.201904296875 0.4912109375 1.8477251866742137 16121
1400 19.1 1.6485218627290577 3.63969716661092 3011.201904296875 0.4912109375 1.8407441288952384 16318
1410 18.9 0.7087647776124334 0.1702115470243802 3011.201904296875 0.4912109375 1.8385202235806983 16509
1420 19.4 1.2749350636275778 2.344121969175873 3011.201904296875 0.4912109375 1.8257328371099832 16698
1430 22.5 0.9811762152777775 1.833752162707065 3011.201904296875 0.4912109375 1.819407075325968 16892
1440 20 0.9806237792968754 1.6695925200500814 3011.201904296875 0.4912109375 1.808388675868654 17117
1450 18.8 1.301094217503324 2.8105707039990375 3011.201904296875 0.4912109375 1.7988285338513095 17317
1460 20.3 0.8740655307112067 1.351960741058293 3011.201904296875 0.4912109375 1.793482972498929 17505
1470 19.1 0.8949453943062827 1.6057388769412064 3011.201904296875 0.4912109375 1.7829430052139217 17708
1480 21.6 1.2443813747829855 2.3276932986607224 3011.201904296875 0.4912109375 1.7734671940689772 17899
1490 18.6 1.00734128234207 1.387974517040976 3011.201904296875 0.4912109375 1.7671584699748137 18115
1500 18.6 0.9074050739247311 1.7403935163757969 3011.201904296875 0.4912109375 1.7594361598879502 18301
1510 19 1.1865491365131584 2.7295434210300766 3011.201904296875 0.4912109375 1.7508637694520137 18487
1520 19.3 1.0253855650906738 1.6823338623109634 3011.201904296875 0.4912109375 1.7451230305614862 18677
1530 19.9 1.1012643785332912 1.7805445164686522 3011.201904296875 0.4912109375 1.7377616457795115 18870
1540 23.6 1.1163061109639836 2.1089955657422617 3011.201904296875 0.4912109375 1.7311192966168916 19069
1550 19.5 0.9002278645833336 0.9628140268055572 3011.201904296875 0.4912109375 1.7236033208689463 19305
1560 19.5 47.175174028445525 370.05891820699753 3011.201904296875 0.4912109375 1.7153695663060902 19500
1570 18.9 0.9020854001322751 1.3509882664088695 3011.201904296875 0.4912109375 2.165466640188659 19695
1580 20.5 1.1326934070121948 1.9602487087935205 3011.201904296875 0.4912109375 2.153458037574967 19884
1590 16.2 1.0320818865740742 1.9271374679682016 3011.201904296875 0.4912109375 2.1430415534659835 20089
1600 18.1 1.390472580714779 3.533966263906635 3011.201904296875 0.4912109375 2.134154315006821 20251
1610 24.3 0.9337735902134772 2.0464272397540624 3011.201904296875 0.4912109375 2.127566296510988 20432
1620 20.5 1.042068407012195 2.2152198546025788 3011.201904296875 0.4912109375 2.1135352625264514 20675
1630 21.1 0.8774506627665876 1.0000302631220201 3011.201904296875 0.4912109375 2.1030155927285383 20880
1640 19.9 0.9256094927763822 1.579374187199774 3011.201904296875 0.4912109375 2.090754713670079 21091
1650 21.1 0.9598984560130336 1.9955753479108576 3011.201904296875 0.4912109375 2.079863971586573 21290
1660 19.4 1.1613429747905921 2.0811478684464633 3011.201904296875 0.4912109375 2.0688731933071436 21501
1670 17.6 1.0858806263316767 2.073536063952581 3011.201904296875 0.4912109375 2.0607579196315404 21695
1680 18 0.7772705078125003 0.861528301318972 3011.201904296875 0.4912109375 2.0529129009483174 21871
1690 20.1 1.2549629780783589 2.2317323733140007 3011.201904296875 0.47998046875 2.0424999658993648 22051
1700 17.8 1.1387281096383421 2.282889357619762 3011.201904296875 0.47998046875 2.035386226255646 22252
1710 18.4 1.0718874724014946 2.126262160503404 3011.201904296875 0.47998046875 2.0282705265339396 22430
1720 19 1.0559840152138158 1.8025723467064039 3011.201904296875 0.47998046875 2.0204888655292357 22614
1730 20.3 0.9730038196582511 2.09337136144649 3011.201904296875 0.47998046875 2.0124527349574093 22804
1740 18.8 1.3172438601230048 3.3612032977109445 3011.201904296875 0.47998046875 2.0032812597626544 23007
1750 19.4 16.408936805331837 215.38028138418247 3011.201904296875 0.47998046875 1.9977207928028675 23195
1760 20.8 0.9664447490985574 1.7762977894746752 3011.201904296875 0.47998046875 2.1172545867414976 23389
1770 20.4 0.7355980966605393 0.24061144523992256 3011.201904296875 0.47998046875 2.1071105664749497 23597
1780 20 1.4193115234374998 3.8081525073990203 3011.201904296875 0.47998046875 2.095355239226425 23801
1790 19.9 1.22449159861809 2.6707660903060355 3011.201904296875 0.47998046875 2.0897217763224716 24001
1800 18.3 1.0375843152322404 1.7853062248242804 3011.201904296875 0.47998046875 2.0826068670099436 24200
1810 24.8 0.9708527595766131 1.6689171708753532 3011.201904296875 0.47998046875 2.0747637333932714 24383
1820 24.3 0.7950133021476339 0.49874720708946685 3011.201904296875 0.47998046875 2.0636488813163547 24631
1830 21.2 1.0138181290536554 1.7893854595197989 3011.201904296875 0.47998046875 2.051255279734864 24874
1840 25.4 1.0129740557332676 1.4577820138413558 3011.201904296875 0.47998046875 2.042487972234887 25086
1850 23.8 26.289416401326154 275.12942051433845 3021.556884765625 0.47998046875 2.0321684562604827 25340
1860 25.6 12.884287834167466 187.64711228522614 3021.556884765625 0.47998046875 2.2578790282725882 25578
1870 26.4 12.49812917998342 184.42704365135708 3021.556884765625 0.47998046875 2.3631805942054323 25834
1880 24.2 1.3704117704028926 2.0840285807624452 3021.556884765625 0.47998046875 2.465702872795569 26098
1890 24.9 1.2907489332329318 2.640680271007975 3021.556884765625 0.47998046875 2.455639833813829 26340
1900 27.4 1.0267093407846715 1.668294714567334 3021.556884765625 0.47998046875 2.4447308927387743 26589
1910 23.1 1.7170928030303034 3.3236311802658527 3021.556884765625 0.47998046875 2.4302672101554657 26863
1920 26.8 12.307025055387127 183.30072603004515 3021.556884765625 0.47998046875 2.424186775814065 27094
1930 26.5 1.3884369472287732 2.5633033343602714 3021.556884765625 0.47998046875 2.520985279539143 27362
1940 23.1 1.547796604437229 2.621525361276691 3021.556884765625 0.47998046875 2.5101218014900515 27627
1950 22.7 1.307911877064978 3.1357054800128497 3021.556884765625 0.47998046875 2.5021421503837553 27858
1960 22.9 1.8449131328466162 3.720247848614918 3021.556884765625 0.47998046875 2.4924896571651916 28085
1970 24 1.3371215820312492 2.5661563517729973 3021.556884765625 0.47998046875 2.487252141304877 28314
1980 22.5 1.427917751736111 2.953988954539837 3021.556884765625 0.47998046875 2.4775851477409043 28554
1990 23.8 1.1406865480567232 2.2181786492697846 3021.556884765625 0.47998046875 2.4693786372957507 28779
2000 25 0.8647734375 0.9973301918969258 3021.556884765625 0.47998046875 2.4584805872823483 29017
2010 24.6 1.1302053560086391 1.8603531783836735 3021.556884765625 0.47998046875 2.4448670707809788 29267
2020 26.2 1.1856857183325378 2.1157082012754014 3021.556884765625 0.47998046875 2.433908958022737 29513
2030 22.6 1.9141640452157078 3.7059496219849457 3021.556884765625 0.47998046875 2.4229254319505675 29775
2040 26.5 1.2832823555424524 2.623465375803099 3021.556884765625 0.47998046875 2.419092890588544 30001
2050 23.1 1.3260429349296536 2.6099174380074635 3021.556884765625 0.47998046875 2.409148074894788 30266
2060 25.8 1.4002685546874998 2.908063847272489 3021.556884765625 0.47998046875 2.4009440781957045 30497
2070 22.9 1.7832244473253274 3.2957352778020828 3021.556884765625 0.47998046875 2.39254953145322 30755
2080 24.2 1.0255106776213845 2.1857838468986595 3021.556884765625 0.47998046875 2.38804606371938 30984
2090 23.6 1.2536972821769066 2.117331813406983 3021.556884765625 0.47998046875 2.3774864799290865 31226
2100 25.3 1.1529941483448611 2.447546198838708 3021.556884765625 0.47998046875 2.3690568107831482 31462
2110 26 1.1485595703124993 2.1453727816177617 3021.556884765625 0.47998046875 2.3593559167709492 31715
2120 23.1 1.5032245586444806 2.931889972735767 3021.556884765625 0.47998046875 2.3495105047278155 31975
2130 23.7 1.0917906942246838 1.7330086634279807 3021.556884765625 0.47998046875 2.343440454006048 32206
2140 22.2 1.1698272980011262 2.2705478101703473 3021.556884765625 0.47998046875 2.3342970026276864 32443
2150 23.9 1.5556558904288709 2.8487989964916194 3021.556884765625 0.47998046875 2.3263829577959982 32665
2160 24.7 2.254122714764678 4.803462398873484 3021.556884765625 0.47998046875 2.320784739673559 32904
2170 22.8 0.8839154159813597 1.1939266462336275 3021.556884765625 0.47998046875 2.320288057215941 33151
2180 24.1 1.1652710467453324 2.4868689926080805 3021.556884765625 0.47998046875 2.310476709895725 33379
2190 25.9 12.71805716849662 187.08521369811186 3021.556884765625 0.47998046875 2.302267472393665 33620
2200 25.7 1.136653202517023 2.4848811175246017 3021.556884765625 0.47998046875 2.381894661250794 33879
2210 23.1 1.1009199134199137 2.228514567055822 3021.556884765625 0.47998046875 2.3725196010535075 34136
2220 21.8 1.0644105683772935 1.7664863954324903 3021.556884765625 0.47998046875 2.3639724620002482 34367
2230 24.4 1.6265388863985655 2.8184506168951384 3021.556884765625 0.47998046875 2.355780919631886 34585
2240 24 1.0666788736979158 2.005607803447566 3021.556884765625 0.47998046875 2.3506721006560634 34829
2250 23.9 13.929765134675746 194.31101810510646 3021.556884765625 0.47998046875 2.341884899011592 35069
2260 24.5 38.3642069913903 330.49969819415185 3021.556884765625 0.47998046875 2.420323308899542 35308
2270 28.1 65.76558068977977 617.7626436289804 9018.06591796875 0.47998046875 2.668016935378608 35553
2280 23.3 14.015280269246245 196.44337142808467 9018.06591796875 0.47998046875 3.1628100205766523 35834
2290 25.1 1.765254412039342 4.099660658460818 9018.06591796875 0.47998046875 3.232919138827131 36067
2300 25.4 1.2103098471333666 2.0917381378848003 9018.06591796875 0.47998046875 3.2227758532270503 36318
2310 24.2 26.13258954513172 272.15508648254803 9018.06591796875 0.47998046875 3.2087988663095235 36572
2320 25.3 13.32165768589427 188.30716645022926 9018.06591796875 0.47998046875 3.35949037889373 36814
2330 24.3 1.6401839393647124 3.3122907785407207 9018.06591796875 0.47998046875 3.427486934554321 37067
2340 25.4 13.776785302349905 188.39378355306962 9018.06591796875 0.47998046875 3.415846231583775 37310
2350 27.9 1.6474556871639772 2.9100467918648847 9018.06591796875 0.47998046875 3.4859047590029686 37564
2360 25.6 1.5178928375244134 2.516544021021947 9018.06591796875 0.47998046875 3.472350672618615 37843
2370 23.4 27.614635500133524 276.63157766750265 9018.06591796875 0.47998046875 3.4592180128169376 38099
2380 24.6 1.1968825425558942 2.097998310337603 9018.06591796875 0.47998046875 3.606672365255622 38333
2390 25.4 1.227054625984252 1.8957953994819274 9018.06591796875 0.47998046875 3.5913062775813915 38579
2400 26.4 12.853881835937496 185.70023443960534 9018.06591796875 0.47998046875 3.575842112579829 38833
2410 28.9 1.230690081639273 2.474231451027857 9018.06591796875 0.47998046875 3.638491484321048 39097
2420 34.3 1.438038817647595 2.6556641625711337 9018.06591796875 0.47998046875 3.6208239221066814 39386
2430 28.7 1.5488664048889376 2.718439924763919 9018.06591796875 0.47998046875 3.6019788645711412 39729
2440 30 1.4469368489583336 2.169259886572284 9018.06591796875 0.47998046875 3.5872536727496502 40016
2450 28.3 3.559667796212455 4.836436516319405 9018.06591796875 0.47998046875 3.571327116366641 40316
2460 28.8 3.3289888170030384 4.752735698386112 9018.06591796875 0.47998046875 3.5712458437342205 40599
2470 29.5 1.8414319054555084 3.199152537827058 9018.06591796875 0.47998046875 3.569539432804131 40887
2480 30.1 1.4452751894725913 2.4432714783661273 9018.06591796875 0.47998046875 3.5571604390552154 41182
2490 30.8 2.964660644531251 4.326699148025968 9018.06591796875 0.47998046875 3.5418366326737005 41483
2500 31.2 2.1092944022936684 3.714879725093047 9018.06591796875 0.47998046875 3.537582841083457 41791
2510 28.9 3.3686920482807086 4.593959230508156 9018.06591796875 0.47998046875 3.5269986548520147 42103
2520 31.2 2.459874862279646 3.6394937286954168 9018.06591796875 0.47998046875 3.525919427419973 42392
2530 29.4 2.222583173894559 3.1345575058793957 9018.06591796875 0.47998046875 3.5181307915937325 42704
2540 29.4 13.98754467607355 175.00759003663316 9018.06591796875 0.47998046875 3.5092724493544756 42998
2550 30.1 4.32551894077035 5.103016803070284 9018.06591796875 0.47998046875 3.5804313709717586 43292
2560 28 13.694477190290176 179.4378228497649 9018.06591796875 0.47998046875 3.5855760354479216 43593
2570 27.6 13.078216995018114 180.80969138324636 9018.06591796875 0.47998046875 3.650091621875926 43873
2580 30 3.91921630859375 5.0692199908033375 9018.06591796875 0.47998046875 3.7090320871862894 44149
2590 27.8 3.064092183284621 4.534220633381639 9018.06591796875 0.47998046875 3.710450685274486 44449
2600 29.4 3.116944189785289 4.162283445653974 9018.06591796875 0.47998046875 3.7064332536659905 44727
2610 29.2 12.703143394156678 175.88302079138404 9018.06591796875 0.47998046875 3.7025837215636175 45021
2620 32.1 30.951190128504667 288.88727190986594 9018.06591796875 0.47998046875 3.7605839295480186 45313
2630 29.9 22.618134667642142 245.0334082989353 9018.06591796875 0.47998046875 3.9518488765144273 45634
2640 29 3.6409954202586206 4.813138203053408 9018.06591796875 0.47998046875 4.073356712962018 45933
2650 30.6 3.713509752859477 5.366231471957549 9018.06591796875 0.47998046875 4.070644107227125 46223
2660 32 3.8116699218750014 5.078192413484159 9018.06591796875 0.47998046875 4.068295397552803 46529
2670 28.5 3.853743489583333 4.939056987376128 9018.06591796875 0.47998046875 4.06654252871426 46849
2680 28.8 3.068834092881944 4.243918225782454 9018.06591796875 0.47998046875 4.065255820050614 47134
2690 26.2 4.7989753548425576 5.672996491638449 9018.06591796875 0.47998046875 4.05920442075441 47422
2700 27.8 14.133400018266634 180.75889564381092 9018.06591796875 0.47998046875 4.063269096216433 47684
2710 29.5 1.596092094809323 2.74155856716361 9018.06591796875 0.47998046875 4.121638146638225 47962
2720 29.2 2.9634023169948622 4.236445612185002 9018.06591796875 0.47998046875 4.1061992240924905 48257
2730 32.1 1.5121537918613714 2.814765649326622 9018.06591796875 0.47998046875 4.099325824086877 48549
2740 26.3 25.58846523734554 261.1230976090917 9018.06591796875 0.47998046875 4.082332121972198 48870
2750 27.2 3.2102329029756436 4.702744209693417 9018.06591796875 0.47998046875 4.197450535448745 49133
2760 29.8 2.807506586881292 4.0509142466467445 9018.06591796875 0.47998046875 4.192015393336961 49405
2770 31.7 2.229190284897476 3.311024753150606 9018.06591796875 0.47998046875 4.183714413027447 49703
2780 29.7 2.383273654513888 4.975365086975184 9018.06591796875 0.47998046875 4.171327684746416 50020
2790 31.7 2.906116762371845 4.696285501582772 9018.06591796875 0.47998046875 4.160773556976893 50317
2800 29 1.7087301320043107 3.0594385283361376 9018.06591796875 0.47998046875 4.152918633330928 50634
2810 29.1 3.181867147229382 3.7998709903762338 9018.06591796875 0.47998046875 4.138999564416768 50924
2820 29.8 2.9826004745176182 3.7618210968904995 9018.06591796875 0.47998046875 4.133561205861627 51215
2830 28.2 3.7619291264960113 5.174443969619513 9018.06591796875 0.47998046875 4.12690295846892 51513
2840 29.6 2.2066782358530403 4.141342420280049 9018.06591796875 0.47998046875 4.124915843484532 51795
2850 30.8 2.473087459415585 4.188949470735303 9018.06591796875 0.47998046875 4.1140157200110155 52091
2860 28.5 2.643311403508774 3.5558930155314847 9018.06591796875 0.47998046875 4.1043703850950175 52399
2870 30.4 2.769686247173109 3.807849794705055 9018.06591796875 0.47998046875 4.096466622856917 52684
2880 28.4 3.264920946577905 4.068770452614924 9018.06591796875 0.47998046875 4.0888546874336535 52988
2890 28.9 2.762264476102942 4.342418883341313 9018.06591796875 0.47998046875 4.084462188890272 53272
2900 28.3 3.684213159783569 5.100263830166252 9018.06591796875 0.427001953125 4.077327984170503 53561
2910 27.7 3.4745388650722027 4.041309073284934 9018.06591796875 0.427001953125 4.075261802324773 53844
2920 30.1 2.9159823699647 4.393339519747309 9018.06591796875 0.427001953125 4.072187205520964 54121
2930 30 3.056170247395834 4.847918674977586 9018.06591796875 0.427001953125 4.065792408278996 54422
2940 30.9 2.9578355708940123 4.513258595872755 9018.06591796875 0.427001953125 4.060257401366512 54722
2950 29.2 2.889875856164384 4.406983570082569 9018.06591796875 0.427001953125 4.054067284057795 55031
2960 27.3 3.781704298305861 5.297994387614972 9018.06591796875 0.427001953125 4.047922572148736 55323
2970 29.5 2.646536513506355 3.946477916311269 9018.06591796875 0.427001953125 4.046615327225377 55596
2980 30.1 3.9346927883617115 6.1070486087391584 9018.06591796875 0.427001953125 4.039225528330258 55891
2990 29.7 4.104301478324917 5.824298491075495 9018.06591796875 0.427001953125 4.038665584659797 56192
3000 28.6 2.7577954272290217 4.278964346259832 9018.06591796875 0.427001953125 4.039010675923911 56489
3010 33.4 2.5300154086358524 3.7185294048379576 9018.06591796875 0.427001953125 4.032556645785175 56775
3020 31.8 2.9245943273388373 4.097384427489161 9018.06591796875 0.427001953125 4.023769085624642 57109
3030 32.5 13.182056039663452 166.467885469075 9018.06591796875 0.427001953125 4.017682443920655 57427
3040 32.3 4.120451274671049 6.628031755773772 9018.06591796875 0.427001953125 4.06925505471537 57752
3050 34.7 4.417952567768374 5.444488845286428 9018.06591796875 0.427001953125 4.069539796498335 58075
3060 32.3 3.994527621904018 5.118372458572072 9018.06591796875 0.427001953125 4.071609209247482 58422
3070 38.1 2.834373333948491 4.307920215617057 9018.06591796875 0.427001953125 4.0711853884506155 58745
3080 36.2 4.265469208606697 5.307369612029828 9018.06591796875 0.427001953125 4.063215537745928 59126
3090 34.1 4.276419452208575 5.407948485648855 9018.06591796875 0.427001953125 4.064446304099674 59488
3100 36 5.5143534342447955 5.590470350265087 9018.06591796875 0.427001953125 4.065654461406417 59829
3110 26.6 6.00310682712641 6.556518404900698 9018.06591796875 0.427001953125 4.074319360810326 60189
3120 32.3 15.434865095297994 166.7346258573697 9018.06591796875 0.427001953125 4.0828059618530865 60455
3130 33.6 7.231840587797619 7.269059396713773 9018.06591796875 0.427001953125 4.14313560580489 60778
3140 35.1 7.07588947872151 6.627404360202897 9018.06591796875 0.427001953125 4.160117064618739 61114
3150 34.1 6.493786227318545 6.668275078743452 9018.06591796875 0.427001953125 4.176767778315154 61465
3160 35.2 5.452513261274854 6.495622965453003 9018.06591796875 0.427001953125 4.189551380086991 61806
3170 33 7.488490619081439 7.428065156917546 9018.06591796875 0.427001953125 4.196703517899953 62158
3180 36.8 7.610749617866848 7.87869900406356 9018.06591796875 0.427001953125 4.214087491517127 62488
3190 35.2 6.922720475630327 6.280550266972721 9018.06591796875 0.427001953125 4.2339737658982 62856
3200 34.5 6.432173488451085 6.7670860228245555 9018.06591796875 0.427001953125 4.248947168660915 63208
3210 32 7.340182495117185 7.499501519326332 9018.06591796875 0.427001953125 4.260798899976944 63553
3220 34.4 6.821668048237646 6.42092504676877 9018.06591796875 0.427001953125 4.276226431961427 63873
3230 32.1 6.3422364802375375 6.721096848320345 9018.06591796875 0.427001953125 4.289861947728265 64217
3240 35.5 7.574962175396127 7.32192582494363 9018.06591796875 0.427001953125 4.300070076659057 64538
3250 29.2 8.221088566192211 6.947593289326943 9018.06591796875 0.427001953125 4.317985517385355 64893
3260 34.8 6.610867204337282 6.674347181773116 9018.06591796875 0.427001953125 4.335469694577219 65185
3270 30.1 7.786952021906149 8.489884521993776 9018.06591796875 0.427001953125 4.3475527417961235 65533
3280 36.1 7.301497440919321 6.888878954994225 9018.06591796875 0.427001953125 4.363278038501672 65834
3290 34.4 8.731766811637 7.8831179774205555 9018.06591796875 0.427001953125 4.379301865139225 66195
3300 34.4 7.394157232240191 7.407914014703706 9018.06591796875 0.427001953125 4.401803675229476 66539
3310 37.4 6.784538717830882 6.834785683589543 9018.06591796875 0.427001953125 4.417194277080644 66883
3320 33.7 8.414095824833078 7.287295805277585 9018.06591796875 0.427001953125 4.43035851010978 67257
3330 35.6 15.145943973841293 159.09404724908111 9018.06591796875 0.427001953125 4.450220028514694 67594
3340 35.8 7.370033988739526 6.581806899233823 9018.06591796875 0.427001953125 4.5062564924519455 67950
3350 31.3 6.41356953873802 6.905489576987713 9018.06591796875 0.427001953125 4.521265456902244 68308
3360 34.8 8.119356001930676 7.740894424257951 9018.06591796875 0.427001953125 4.529896796836296 68621
3370 32.2 7.052693432162266 6.844360734069786 9018.06591796875 0.427001953125 4.548008293354628 68969
3380 33.9 7.244263775580753 6.533134883537564 9018.06591796875 0.427001953125 4.55964773591854 69291
3390 33.9 6.361724223359147 6.933778265929274 9018.06591796875 0.427001953125 4.572718033741971 69630
3400 35 8.286996372767863 7.407765698320482 9018.06591796875 0.427001953125 4.5813857737165335 69969
3410 35.7 8.23674118084735 9.706043297498283 9018.06591796875 0.427001953125 4.599829774764158 70319
3420 36 7.208951144748263 6.833932107697627 9018.06591796875 0.427001953125 4.6182006131247295 70676
3430 32.8 7.00201416015625 6.2115496197528755 9018.06591796875 0.427001953125 4.631330155770493 71036
3440 31.6 6.7737859412084624 7.135985249747393 9018.06591796875 0.427001953125 4.64222618673062 71364
3450 31.8 7.22295029358294 7.090303659018459 9018.06591796875 0.427001953125 4.651623129844669 71680
3460 33.2 8.25974650555347 7.417231321620429 9018.06591796875 0.427001953125 4.662980140290358 71998
3470 37.1 7.392959142309637 7.3897442352502 9018.06591796875 0.427001953125 4.679489561460929 72330
3480 36.9 8.966103489159893 8.116952046844139 9018.06591796875 0.427001953125 4.69333665042112 72701
3490 33.5 6.4376588736007445 7.757783062117682 9018.06591796875 0.427001953125 4.714913918294319 73070
3500 34.1 8.324758580003662 7.205113830309786 9018.06591796875 0.427001953125 4.72277604703252 73405
3510 28.3 8.88525218087456 7.264082029792843 9018.06591796875 0.427001953125 4.73943154080497 73746
3520 33.7 7.045575331509644 6.791527153102806 9018.06591796875 0.427001953125 4.755280292525779 74029
3530 30.4 7.647672954358552 7.688828929492076 9018.06591796875 0.427001953125 4.765659086976704 74366
3540 34.4 8.311155097429136 8.279227219653526 9018.06591796875 0.427001953125 4.777392476767572 74670
3550 33.6 8.561815534319193 8.278504149511987 9018.06591796875 0.427001953125 4.793597643023306 75014
3560 31.6 7.5519687314576744 7.019870823807711 9018.06591796875 0.427001953125 4.810400844237313 75350
3570 34 6.814888987821691 7.027500928005637 9018.06591796875 0.427001953125 4.821850312325512 75666
3580 33.7 7.882473456045996 7.003195962368302 9018.06591796875 0.427001953125 4.830765834122063 76006
3590 33.4 7.96123646262163 8.049264080411955 9018.06591796875 0.427001953125 4.844236950905375 76343
3600 33.7 8.061376373562686 7.011389642077986 9018.06591796875 0.427001953125 4.857814397035417 76677
3610 35.5 7.660485667913733 6.648534003793848 9018.06591796875 0.427001953125 4.871832632500263 77014
3620 31.1 7.215049424738746 6.213587827347555 9018.06591796875 0.427001953125 4.8846280909858555 77369
3630 35.3 6.663731907312322 6.769726857795563 9018.06591796875 0.427001953125 4.893958176397765 77680
3640 36.2 6.707000901027279 6.805929320099936 9018.06591796875 0.427001953125 4.901964149857877 78033
3650 37.4 7.240220013786766 6.766100167418221 9018.06591796875 0.427001953125 4.91029916234494 78395
3660 37.5 15.377646484374996 155.22883665069824 9018.06591796875 0.427001953125 4.921361768172604 78769
3670 40.5 6.9565923996913615 6.823996275816971 9018.06591796875 0.427001953125 4.970905723097499 79144
3680 36.9 7.621507928946477 7.497374105286466 9018.06591796875 0.427001953125 4.981015254380362 79549
3690 40.5 7.214988425925924 6.875543693294449 9018.06591796875 0.427001953125 4.9932070234050485 79918
3700 38.2 7.872353438931606 7.2680813429964815 9018.06591796875 0.427001953125 5.004409561507721 80323
3710 37.5 7.452164713541666 7.512328526611085 9018.06591796875 0.427001953125 5.017984365561694 80705
3720 33.6 8.256615048363082 7.872821793726674 9018.06591796875 0.427001953125 5.029242599780892 81080
3730 38.2 8.772406613015383 7.818251426944065 9018.06591796875 0.427001953125 5.042561813973723 81416
3740 38.2 9.334092384857673 12.94600907160449 9018.06591796875 0.427001953125 5.059980341483368 81798
3750 37.2 8.61979166666666 7.710458385165382 9018.06591796875 0.427001953125 5.079847837231348 82180
3760 40.9 16.42076472723105 148.27959418565325 9018.06591796875 0.427001953125 5.09579971125681 82552
3770 30.8 7.4476706764914775 6.839822453551598 9018.06591796875 0.427001953125 5.151632098662139 82961
3780 40 8.476788940429694 7.535558602163396 9018.06591796875 0.427001953125 5.160124813621745 83269
3790 39.4 18.015639251863906 150.87409683332268 9018.06591796875 0.427001953125 5.175980932981641 83669
3800 39.7 8.906290587610194 7.521015668871074 9018.06591796875 0.427001953125 5.236159910387154 84063
3810 31.3 8.553692217452069 8.018101208130757 9018.06591796875 0.427001953125 5.253411175824728 84460
3820 35.1 7.511054492743945 7.165975934479421 9018.06591796875 0.427001953125 5.265596517455075 84773
3830 26.2 915.9656824010019 1831.3014011776972 9039.35107421875 0.427001953125 5.274855430914574 85124
3840 31.1 2078.5180758264687 2867.2236165670906 9045.23193359375 0.427001953125 8.069236203712958 85386
3850 30.7 2478.6641945108913 3402.4236560717254 9057.010009765625 0.427001953125 15.583030025231528 85697
3860 31.8 2252.284898290094 3201.331726689022 9083.990966796875 0.427001953125 24.375248032499766 86004
3870 32.4 2498.555905942565 3291.5082180110603 9083.990966796875 0.427001953125 32.58260269043071 86322
3880 32.7 2760.673552626862 3290.7862499086955 9083.990966796875 0.427001953125 41.803747927991495 86646
3890 41.8 1555.3110830498656 2797.2993671746717 9083.990966796875 0.427001953125 52.02612068892339 86973
3900 40.2 2529.95353554493 3327.209614616121 9083.990966796875 0.427001953125 59.21648484846927 87391
3910 36.9 2380.2224795953994 3304.1703304742523 9083.990966796875 0.427001953125 70.52987309559578 87793
3920 37.4 1963.9864998067758 2670.6432718862957 9083.990966796875 0.427001953125 80.19703776743202 88162
3930 32.1 2475.850275627922 3208.784798643375 9083.990966796875 0.427001953125 88.1546737437887 88536
3940 28.5 2627.672954358552 3390.4742512281514 9083.990966796875 0.427001953125 96.78033394168878 88857
3950 27.4 3455.6832337762316 3758.0646738398427 9083.990966796875 0.427001953125 104.87196747940172 89142
3960 32.3 2422.693217274574 3136.517466293156 9083.990966796875 0.427001953125 115.13995404741338 89416
3970 32.8 3202.8269720310104 3389.4123752124474 9083.990966796875 0.427001953125 123.44559266632348 89739
3980 26.6 3459.3971176721107 3513.9949536779222 9083.990966796875 0.427001953125 134.6598786138028 90067
3990 35.7 2537.813068293722 3237.9504083151633 9083.990966796875 0.427001953125 144.45010041081505 90333
4000 36.4 3282.2127417260463 3727.387096029875 9083.990966796875 0.427001953125 153.87154246103225 90690
4010 34.2 3025.3749892920814 3374.520422143291 9083.990966796875 0.427001953125 166.3774861486513 91054
4020 39.5 2758.990091599089 3400.1625960210845 9083.990966796875 0.427001953125 177.07573493497733 91396
4030 37.2 2976.316370153939 3475.0810612901773 9083.990966796875 0.427001953125 188.18636855790686 91791
4040 38.7 2839.9223014575264 3524.2748048226604 9083.990966796875 0.427001953125 199.44017280249224 92163
4050 32.7 3072.8958348265483 3596.8855276189133 9083.990966796875 0.427001953125 210.48141087693307 92550
4060 30.9 3233.182568991455 3580.875617849296 9083.990966796875 0.427001953125 220.55935823345325 92877
4070 25 3210.5346923828124 3613.0231211245027 9083.990966796875 0.427001953125 230.54906239635565 93186
4080 35.7 3253.818897578564 3550.0230859198446 9083.990966796875 0.427001953125 238.52239609532194 93436
4090 33.8 2805.5186341415483 3247.53355799736 9083.990966796875 0.427001953125 249.99938106253182 93793
4100 34.8 3019.3376913838 3441.9148613247694 9083.990966796875 0.427001953125 259.17558770583435 94131
4110 34.6 3469.5888241453667 3736.0468259527293 9083.990966796875 0.427001953125 269.34225344192316 94479
4120 33.5 2891.3477130946826 3444.5245374138462 9083.990966796875 0.427001953125 281.0193988515028 94825
4121 4.4 3018.043357155539 3845.896743530048 9083.990966796875 0.427001953125 290.20876397625545 95160
