10 0.6 193.19144694010416 102.5660004636793 356.68701171875 85.94482421875 0 0
20 4 836.2303771972656 1202.1795060722698 4273.62109375 51.22998046875 193.19144694010416 6
30 7.1 516.6410788952463 769.214208293051 4273.62109375 39.0 752.3557341202446 46
40 8.9 122.35293133339185 73.90132892118069 4273.62109375 32.64990234375 609.315216846955 117
50 9 92.4536485460069 57.33016766343939 4273.62109375 31.2470703125 398.92859834837674 206
60 8.6 87.59273369367733 50.23091477922771 4273.62109375 23.35009765625 305.7436473949535 296
70 6.9 87.89129019474638 48.7341630927505 4273.62109375 23.35009765625 256.6311380276505 382
80 7.4 89.84847115181587 46.37949113298781 4273.62109375 23.35009765625 230.81506374722835 451
90 6.3 67.21904451884917 42.789967541445826 4273.62109375 21.506103515625 210.9454868861607 525
100 9.1 84.2740974845467 45.22306579568955 4273.62109375 21.506103515625 195.54622520394875 588
110 10.2 84.90786563648895 46.18556187464018 4273.62109375 21.506103515625 180.63346581887424 679
120 7 78.99388950892858 41.18248346132814 4273.62109375 21.506103515625 168.13153083986873 781
130 10.1 80.46412341429453 49.38660276906428 4273.62109375 21.506103515625 160.79940993133076 851
140 13.9 88.27263833464475 62.55521212136193 4273.62109375 19.06494140625 152.2764436096704 952
150 13.5 78.08557942708336 45.04073127988068 4273.62109375 18.77294921875 144.12197162687613 1091
160 14.2 100.73630233549736 251.91392294007298 4273.62109375 18.77294921875 136.85042762445195 1226
170 13.3 75.75302697662124 45.875605975528266 4273.62109375 18.77294921875 133.10173918071544 1368
180 14.7 85.9467258583121 52.78648361752748 4273.62109375 18.77294921875 128.02020771959317 1501
190 14.7 81.65756038743622 51.14784163918314 4273.62109375 18.77294921875 124.26729398560754 1648
200 13.7 78.28222478045164 50.079342296864844 4273.62109375 18.77294921875 120.77780605305534 1795
210 16.7 88.66185792477548 52.175689394169275 4273.62109375 17.160888671875 117.76440303320716 1932
220 14 75.98556954520083 50.730224601508795 4273.62109375 17.160888671875 115.44895518513279 2099
230 12.3 98.92326441819105 268.6131583449458 4273.62109375 17.160888671875 112.98139199192579 2239
240 17.6 99.14159185236149 228.79082619819363 4273.62109375 17.160888671875 112.24932184308187 2362
250 17.6 76.30779890580612 49.475769992238156 4273.62109375 17.160888671875 111.34035396350473 2538
260 21.8 88.26154404386466 54.680100015478196 4273.62109375 17.160888671875 109.06853020147268 2714
270 23.3 79.10869706444484 49.38321087183748 4273.62109375 16.18896484375 107.52148962085927 2932
280 22 81.94287442294036 49.82032062755254 4273.62109375 16.18896484375 105.42980536631121 3165
290 23 134.41511548913041 150.056358953672 4273.62109375 16.18896484375 103.90332831829302 3385
300 28.3 243.68394831465326 257.61541249823665 4273.62109375 16.18896484375 105.84460385060079 3615
310 26.9 176.47943773234203 161.89486229133945 4273.62109375 16.18896484375 115.8519241387811 3898
320 25.5 91.45186121323528 57.00725320835893 4273.62109375 16.18896484375 119.7657233124475 4167
330 23.5 77.63803607047872 51.65549780651599 4273.62109375 16.18896484375 118.13297007063404 4422
340 22 78.47990722656245 47.589211285415615 4273.62109375 16.18896484375 116.08952805001208 4657
350 25.1 94.78903721053285 56.50902884039649 4273.62109375 16.18896484375 114.39296939076276 4877
360 25.7 77.81101235712549 49.27656791740052 4273.62109375 15.564208984375 113.4334165480877 5128
370 25.3 182.52824407886604 197.19948323780488 4273.62109375 15.564208984375 111.7333315198468 5385
380 26.3 235.5790310123574 239.24971358851244 4273.62109375 15.564208984375 114.9101872980362 5638
390 27 298.6565438729746 327.29239122387304 4273.62109375 15.564208984375 120.28824286435827 5901
400 25.6 174.28954505920413 171.2369963205463 4273.62109375 15.564208984375 128.0923979887022 6171
410 30.5 235.66062211834017 289.2342391395992 4273.62109375 15.564208984375 129.93252085318773 6427
420 31.5 378.27909691220236 407.04846405777624 4273.62109375 15.564208984375 134.72263833474915 6732
430 28.1 254.45350207128539 289.9962036471775 4273.62109375 15.564208984375 145.60958092761103 7047
440 31.5 397.28640097966263 441.5772993355661 4273.62109375 15.564208984375 149.78331753260184 7328
450 30.6 508.516569648693 565.1251603287499 4273.62109375 15.564208984375 159.98395488518906 7643
460 36.9 647.8532192157862 637.1133567301755 4273.62109375 15.564208984375 173.4008601710907 7949
470 34.8 504.7856059458063 520.5317394387514 4273.62109375 15.564208984375 194.44833798877434 8318
480 32.7 498.8669523186639 563.1849202653767 4273.62109375 15.564208984375 206.91053153239852 8666
490 37.6 617.8459005152924 636.5754520676667 4273.62109375 15.564208984375 217.52653838184906 8993
500 35.6 740.907367149096 785.4525837956361 4273.62109375 15.564208984375 233.592295683821 9369
510 40.5 819.6707049334491 908.4727910305303 4273.62109375 15.564208984375 252.16341809427217 9725
520 35.3 852.1974039483006 921.9280588161783 4273.62109375 15.551025390625 274.8525050804387 10130
530 40.5 804.0364263840665 854.8018475999044 4273.62109375 14.044921875 294.293767057006 10483
540 40.2 1219.304928604051 1103.987998758455 4273.62109375 14.044921875 313.2546209353546 10888
550 41.6 1338.8252851046054 1288.125777779968 4273.62109375 14.044921875 345.51611107555084 11290
560 40 1156.4051745605445 1172.5075063499776 4273.62109375 14.044921875 380.8156682595664 11706
570 40 1140.5723956298832 1175.3546588956415 4273.62109375 14.044921875 406.4422833694616 12106
580 36.8 1025.3866086213486 1042.7084321491598 4273.62109375 14.044921875 429.92317613326844 12506
590 41.8 868.8215729197817 891.7838161313377 4273.62109375 14.044921875 446.94434617797975 12874
600 45.3 1013.681062879415 985.3178493135163 4273.62109375 14.044921875 460.2113248702814 13292
610 43.4 1568.7830338016638 1439.290833601002 4279.468017578125 14.044921875 478.4522700371157 13745
620 52.7 1853.2383891907318 1605.8011913807863 4400.821044921875 14.044921875 511.8258190514195 14179
630 57.5 1815.2602055027169 1515.8383408797413 4400.821044921875 14.044921875 559.8962953511215 14706
640 54.4 1923.849160587086 1647.2154803270041 5004.087158203125 14.044921875 607.133665178827 15281
650 58 2081.5299564756197 1798.8095600398449 5082.31103515625 14.044921875 652.3970604080272 15825
660 57.8 1997.9075408196368 1625.9694304269806 5082.31103515625 14.044921875 702.9241606652172 16405
670 53 2071.707932267099 1759.1812447637103 5082.31103515625 14.044921875 746.9976690989012 16983
680 51.7 2411.541740019042 1962.147808343296 5761.342041015625 12.902099609375 787.0876844862788 17513
690 59.8 2995.735908431752 2273.302210014749 6220.2041015625 12.902099609375 833.6679810315056 18030
700 66.2 2645.155680584399 2115.4012492704237 6220.2041015625 12.902099609375 903.0751433991966 18628
710 67.4 2480.5254547390828 1846.1768520505168 6220.2041015625 12.902099609375 962.8603852663092 19290
720 55.9 2662.900548726803 2228.2381497974134 6407.497802734375 12.902099609375 1014.0979256802868 19964
730 62.5 2731.4775523437497 2077.8187105138413 6407.497802734375 12.902099609375 1059.0075717497211 20523
740 61.8 2832.4534671129168 2130.0962921322107 6407.497802734375 12.902099609375 1108.435117516284 21148
750 70.2 2450.5002027549604 1970.2148909638931 6407.497802734375 12.902099609375 1157.3850090926287 21766
760 65.9 2360.956144341568 1900.9337884811705 6407.497802734375 12.902099609375 1197.7876646895202 22468
770 61.7 2450.475818207432 1948.6179095668335 6407.497802734375 12.902099609375 1230.9319561276964 23127
780 56.3 2389.89847696145 1900.0200429602799 6407.497802734375 12.902099609375 1262.6224279480803 23744
790 63.1 2314.192639334266 1892.642712490887 6407.497802734375 12.902099609375 1288.7324545081053 24307
800 59 2393.514720438296 1982.4949239838877 6407.497802734375 12.902099609375 1314.6794180426834 24938
810 64.9 2461.3118789273162 1858.6066152258086 6407.497802734375 12.902099609375 1339.6133270215857 25528
820 55.1 2486.6879541635926 2007.9689663768593 6407.497802734375 12.902099609375 1367.4233266467077 26177
830 56.5 2774.85854448977 2119.4410034338525 6407.497802734375 12.902099609375 1390.4970624204957 26728
840 60.3 2630.927450151583 2069.7024050312393 6407.497802734375 12.775146484375 1419.15511530472 27293
850 62.4 2783.736441196538 2167.9917845694713 6407.497802734375 12.775146484375 1445.3487888748614 27896
860 67 2322.836434526584 1837.4378197625792 6407.497802734375 12.775146484375 1474.6318847741857 28520
870 55.3 2528.8863390738034 2037.3611419622057 6407.497802734375 12.775146484375 1494.1007798866935 29190
880 59.5 2243.4977387243953 1922.3912700127428 6407.497802734375 12.775146484375 1513.3401442490804 29743
890 66.2 2361.24423946139 1903.498076059017 6407.497802734375 10.927001953125 1527.6602631993346 30338
900 54.7 2493.219983646595 2108.0698905967415 6407.497802734375 10.927001953125 1545.4613145633823 31000
910 57.4 2430.476907444331 1998.6026021901307 6407.497802734375 10.927001953125 1561.8946994173625 31547
920 65.7 2374.4460382330913 1857.7777319053523 6407.497802734375 10.927001953125 1577.4162020918584 32121
930 57.7 2451.481264216852 1935.6250435604104 6407.497802734375 10.81396484375 1593.3918138541621 32778
940 58.7 2231.7335402636572 1766.8368540783576 6407.497802734375 10.81396484375 1608.2356937180289 33355
950 59.6 2412.3673951833825 1922.398970266061 6407.497802734375 10.81396484375 1619.0185950179605 33942
960 67.9 2282.8566980825467 1941.6889458082583 6407.497802734375 10.81396484375 1632.7089038053423 34538
970 62.7 2354.9207742256035 1861.8218931334006 6407.497802734375 10.81396484375 1645.244053088763 35217
980 57.6 2690.0172085232193 2167.079222022145 6443.23583984375 10.81396484375 1657.6580499683746 35844
990 58.3 2416.603581371276 1984.8098723297285 6443.23583984375 10.81396484375 1673.9853117840692 36420
1000 59.4 2679.941321170693 2033.2682622105983 6443.23583984375 10.81396484375 1685.685618547557 37003
1010 61.6 2579.4711398830664 2025.9295300991787 6443.23583984375 10.81396484375 1701.3939965393686 37597
1020 59.2 2975.5451862232103 2237.6375556543658 6443.23583984375 10.81396484375 1715.5487480715622 38213
1030 58.8 2589.8933342135692 2019.0271608929543 6443.23583984375 10.81396484375 1734.7709589048509 38805
1040 67.1 2675.4863375849927 2060.26402934307 6443.23583984375 10.81396484375 1747.534951408126 39393
1050 61 2455.134647156763 1995.681427054363 6443.23583984375 10.81396484375 1763.0764694823245 40064
1060 64 2230.2239864349376 1860.2513632553387 6443.23583984375 10.81396484375 1773.4554705243022 40674
1070 60.6 2417.9334253493716 1974.0125872025374 6443.23583984375 10.81396484375 1780.5313249606388 41314
1080 64.3 2226.316710381635 1786.2277043381278 6443.23583984375 10.81396484375 1789.7456778431667 41920
1090 61 2502.377899269981 1920.998603441284 6443.23583984375 10.81396484375 1796.3409642168301 42563
1100 60.5 2264.9793755649525 1878.0352288611098 6443.23583984375 10.81396484375 1806.3167020711005 43173
1110 58.8 2150.9001398410937 1851.3493142603106 6443.23583984375 10.81396484375 1812.6552949137106 43778
1120 58.8 2183.0591588442035 1876.3562911176437 6443.23583984375 10.81396484375 1817.1381865157775 44366
1130 56 2416.5648690359944 2015.6451592481305 6443.23583984375 10.81396484375 1821.9244465088618 44954
1140 58 2178.6425225619614 1802.8922799018476 6443.23583984375 10.81396484375 1829.2408466629945 45514
1150 67.3 2201.0162340818874 1803.5996739541988 6443.23583984375 10.81396484375 1833.637361871512 46094
1160 63.2 2547.3942546603043 2022.0379923176524 6443.23583984375 10.81396484375 1838.9241234982483 46767
1170 61.2 2269.1969097860488 1782.6574612200604 6443.23583984375 10.81396484375 1848.37059120631 47399
1180 53.8 2568.9866230904377 2145.827208209625 6443.23583984375 10.81396484375 1853.7348974480215 48011
1190 54.5 2697.8525663883324 2039.071291482479 6443.23583984375 10.81396484375 1861.661022154928 48549
1200 55.5 2408.461545432151 1933.1403682873483 6443.23583984375 10.81396484375 1870.9437123331008 49094
1210 66.9 2538.334231800028 1931.194193281562 6443.23583984375 10.81396484375 1876.952340852708 49649
1220 71.3 2500.184331650483 2000.7212196244004 6443.23583984375 10.81396484375 1885.745704759138 50318
1230 74 3027.645060441302 2154.1997447348713 6443.23583984375 10.81396484375 1894.330579462231 51031
1240 78.7 3022.101819359515 2163.7141307104494 6443.23583984375 10.81396484375 1910.5298554260817 51771
1250 77.5 3399.3816548009077 2360.4714173360594 6499.01904296875 10.81396484375 1927.1744601601965 52558
1260 84.3 3263.157950875316 2218.069592207326 6499.01904296875 10.268798828125 1948.5676046644726 53333
1270 75.1 3165.46266728997 2342.003845306692 6505.908935546875 10.268798828125 1969.0231506969544 54176
1280 79.4 3142.743136081648 2253.021310895487 6505.908935546875 10.268798828125 1985.3817007171876 54927
1290 69.7 3502.707386077051 2474.4266193634585 6727.758056640625 10.268798828125 2001.8735974828485 55721
1300 74.8 4096.781018262241 2610.4080715140403 7195.80908203125 10.268798828125 2020.415218076456 56418
1310 86.7 3689.842873121216 2423.3847820803376 7195.80908203125 10.268798828125 2047.5838431077505 57166
1320 78.9 3489.824897021545 2445.255592069718 7195.80908203125 10.268798828125 2072.118824566949 58033
1330 81.5 3467.803776540931 2397.8680331304217 7195.80908203125 10.268798828125 2091.135010537618 58822
1340 80.7 3132.431851184946 2219.8189840068694 7195.80908203125 10.268798828125 2109.9485833915965 59637
1350 67.8 3758.2421914609836 2628.587148266902 9316.955078125 10.268798828125 2123.5999631333284 60444
1360 76.8 3083.642757733663 2292.277600535587 9316.955078125 10.268798828125 2141.7323447767 61122
1370 76.6 3774.433252718056 2548.2678048825746 9316.955078125 10.268798828125 2153.4206174726273 61890
1380 91.8 3686.019132859307 2394.7100148750865 9316.955078125 10.268798828125 2173.2382834359505 62656
1390 82.8 3790.4985785000567 2521.897473129893 9316.955078125 10.268798828125 2195.0826352113722 63574
1400 85.1 3857.3728446198406 2501.8624715389883 9316.955078125 10.268798828125 2215.5944888967083 64402
1410 74.2 3619.2705548638614 2470.2501110157773 9316.955078125 10.268798828125 2237.0058168160435 65253
1420 83.6 3411.425990930585 2425.6452746961663 9316.955078125 10.268798828125 2252.547000778942 65995
1430 79.7 3537.690970043913 2464.482357930153 9316.955078125 9.81494140625 2267.0436091757456 66831
1440 80.1 3294.081551503006 2358.69499261084 9316.955078125 9.81494140625 2282.0182638544575 67628
1450 82.8 3718.7355446930674 2471.827224661366 9316.955078125 9.81494140625 2293.8650348639194 68429
1460 79.1 3405.772382849539 2387.628929281411 9316.955078125 9.81494140625 2310.9000317904183 69257
1470 74.2 3808.022045701019 2669.384641406211 9316.955078125 9.81494140625 2323.263611474175 70048
1480 88.6 3509.9385198244377 2316.7390219635295 9316.955078125 9.81494140625 2338.826413539386 70790
1490 70.6 4233.609495341269 2804.5433202227723 9316.955078125 9.81494140625 2353.302742103599 71676
1500 82.2 3704.559316964624 2509.557152965126 9316.955078125 9.81494140625 2371.6428897616606 72382
1510 82.4 3990.6997541409055 2663.179529945764 9316.955078125 9.81494140625 2386.610067827898 73204
1520 74.3 3605.5109225821207 2604.4576457014296 9316.955078125 9.81494140625 2404.4650673081205 74028
1530 85.2 3583.849150608403 2405.575804794927 9316.955078125 9.81494140625 2416.3998691760717 74771
1540 81.5 3347.9014480684427 2292.553510388253 9316.955078125 9.81494140625 2429.5528357045137 75623
1550 79.6 3663.7253319821752 2544.423152826203 9316.955078125 9.81494140625 2439.34448539546 76438
1560 75.9 3839.850542834939 2568.0191209510954 9316.955078125 9.81494140625 2451.9633728528365 77234
1570 81.2 4139.163182751891 2737.7975752985 10206.302978515625 9.81494140625 2465.4697947370623 77993
1580 81.9 3732.2431384262445 2579.1982978603564 10206.302978515625 9.81494140625 2482.71538868501 78805
1590 75.6 3512.876447728071 2475.6340362284454 10206.302978515625 9.81494140625 2495.5678355231253 79624
1600 80.7 3787.423487477734 2574.9457558720155 10206.302978515625 9.81494140625 2505.1359533487903 80380
1610 71.2 3601.7883026465934 2541.319903470503 10206.302978515625 9.81494140625 2517.881910707013 81187
1620 81.2 3995.989458055919 2502.356199155617 10206.302978515625 9.81494140625 2527.3049970824386 81899
1630 84.6 3885.6834462844454 2546.614047184266 10206.302978515625 9.81494140625 2541.7235361196945 82711
1640 83.8 4032.07316877051 2618.5895881274287 10206.302978515625 9.81494140625 2555.3308949765155 83557
1650 88.5 3591.768769586422 2445.382580032753 10206.302978515625 9.81494140625 2569.9942047157106 84395
1660 86.5 3712.0147263367053 2510.1304369751015 10206.302978515625 9.81494140625 2580.597751736238 85280
1670 80.6 3451.136021162085 2366.0526255852606 10206.302978515625 9.81494140625 2591.9585467101706 86145
1680 76.3 3699.231946712709 2481.605236548046 10206.302978515625 9.81494140625 2599.922768448946 86951
1690 76.2 3379.2094197911547 2397.5719704900507 10206.302978515625 9.81494140625 2609.485357123676 87714
1700 81.3 3300.9411786256524 2262.6735481213 10206.302978515625 9.81494140625 2616.114609528312 88476
1710 72.7 3191.8621891656635 2369.105644553528 10206.302978515625 9.81494140625 2622.3501368684783 89289
1720 79.2 3070.9202449297663 2326.7468564841097 10206.302978515625 9.81494140625 2626.949710966639 90016
1730 80.6 2884.029844222529 2087.126586773405 10206.302978515625 9.81494140625 2630.82188811952 90808
1740 76.3 3074.684154985464 2221.430301845647 10206.302978515625 9.81494140625 2633.0495565175706 91614
1750 71.6 3403.225957945074 2394.7760398810847 10206.302978515625 9.81494140625 2636.6972956586014 92377
1760 78.9 3396.5664245063967 2337.155633906707 10206.302978515625 9.094970703125 2642.5928465829147 93093
1770 78.6 3309.8268856601853 2438.3056907435503 10206.302978515625 9.094970703125 2648.9293663948233 93882
1780 83.8 3373.0020355734446 2394.730753914163 10206.302978515625 9.094970703125 2654.4166002028956 94668
1790 77.3 3823.5876976496806 2506.7258327959557 10206.302978515625 9.094970703125 2660.7216972108376 95506
1800 76.9 3783.8720052294984 2530.944761125205 10206.302978515625 9.094970703125 2670.058057355202 96279
1810 80.6 3637.577830274407 2406.2915679609528 10206.302978515625 9.094970703125 2678.883823222766 97048
1820 87.6 3887.554730698399 2588.3784895637273 10206.302978515625 9.094970703125 2686.780356524252 97854
1830 77.4 4065.9646447154596 2716.8383242580367 10206.302978515625 9.094970703125 2697.4344469909447 98730
1840 96.3 4407.790512386023 2783.258609848164 10206.302978515625 9.094970703125 2708.0796710325794 99504
1850 96.1 4257.27867521829 2582.136037678681 10206.302978515625 9.094970703125 2724.371802182344 100467
1860 96.8 4402.802297797078 2742.674537314401 10206.302978515625 9.094970703125 2738.8956368728386 101428
1870 91 4146.975305846499 2715.450757083998 10206.302978515625 9.094970703125 2754.625368969548 102396
1880 101.7 4334.1002210468905 2690.1997731576516 10234.600830078125 9.094970703125 2766.8902755825043 103306
1890 97 4974.901235301222 2992.397805613013 10234.600830078125 9.094970703125 2782.1683304173657 104323
1900 98.2 4661.796098324529 2921.73105234906 10234.600830078125 9.094970703125 2802.3686373488554 105293
1910 95.4 5009.925905367615 3000.713625858967 10234.600830078125 9.094970703125 2819.550079519433 106275
1920 94.6 5037.4580565890055 3022.1777795668827 10234.600830078125 9.094970703125 2839.037517972269 107229
1930 104.2 5428.826420233026 3123.049968065007 11460.302001953125 9.094970703125 2858.262901189569 108175
1940 113.1 4904.21413636819 2888.0161597850115 11460.302001953125 9.094970703125 2882.787720465353 109217
1950 103.1 4765.053497344048 2791.3177126921496 11460.302001953125 9.094970703125 2903.5061138787914 110348
1960 100.7 4627.578190702194 2858.8722946246685 11460.302001953125 9.094970703125 2920.7378662948904 111379
1970 97.2 4657.7824576421035 2843.9307965682797 11460.302001953125 9.094970703125 2936.0314812173733 112386
1980 100.6 4458.363768560518 2748.909492684266 11460.302001953125 9.094970703125 2950.7948146308495 113358
1990 90.2 4267.16707040995 2756.3681734301404 11460.302001953125 9.094970703125 2964.056106362979 114364
2000 98.2 4213.03094097068 2703.604262011278 11460.302001953125 9.094970703125 2974.2534420002903 115266
2010 99.6 4202.353350168258 2652.452863600004 11460.302001953125 9.094970703125 2984.7179618543 116248
2020 88.6 4600.054190676597 2872.3401670982275 11460.302001953125 9.094970703125 2995.0619013886103 117244
2030 106.2 4415.348232348319 2732.787858006898 11460.302001953125 9.094970703125 3007.0996832248006 118130
2040 89.8 4693.752338095073 2906.62567701509 11460.302001953125 9.094970703125 3019.6471692907207 119192
2050 96 5280.268007914217 3126.3839293224382 11460.302001953125 9.094970703125 3032.1656674303354 120090
2060 106.1 4066.8949309411064 2667.9456310970095 11460.302001953125 9.094970703125 3049.994484009142 121050
2070 103.3 4731.624926734175 2932.541933672624 11460.302001953125 9.094970703125 3058.8301447947783 122111
2080 99.6 4367.651036519126 2683.334567987422 11460.302001953125 9.094970703125 3072.862472880137 123144
2090 99.8 4703.26658712933 2810.3566668920957 11460.302001953125 9.094970703125 3083.250819983282 124140
2100 87 4618.567651928426 2860.183686032244 11460.302001953125 9.094970703125 3096.1707622519116 125138
2110 97.7 4780.722923130446 2775.211477917174 11460.302001953125 9.094970703125 3106.6818829269364 126008
2120 94.3 4767.8131122933 2962.4239461442107 11460.302001953125 9.094970703125 3119.5616568866863 126985
2130 103.4 4737.441174859459 2834.667800771958 11460.302001953125 9.094970703125 3131.7114686749455 127928
2140 99.1 4844.79971131788 2827.6305038509577 11460.302001953125 9.094970703125 3144.5859938544154 128962
2150 97.4 4845.333049923 2818.9556952079793 11460.302001953125 9.094970703125 3157.5515413524054 129953
2160 97.5 4599.302442658256 2898.038863001195 11460.302001953125 9.094970703125 3170.1073868949425 130927
2170 93.3 4489.097670903663 2821.991229274363 11460.302001953125 9.094970703125 3180.6717845490284 131902
2180 99 4706.977794793639 2819.3481095605157 11460.302001953125 9.094970703125 3189.861842530501 132835
2190 93.7 4346.262616885267 2853.215858500885 11460.302001953125 9.094970703125 3201.085042924601 133825
2200 91.1 4994.873106369198 3010.8096856818665 11460.302001953125 9.094970703125 3209.047461015763 134762
2210 96.4 5219.309503452409 3079.4798364205017 11460.302001953125 9.094970703125 3221.0386984979223 135673
2220 98.6 4927.9155008497855 2991.6381686792683 11460.302001953125 9.094970703125 3235.136878756389 136637
2230 111.4 4726.012871514525 2806.337328987506 11460.302001953125 9.094970703125 3247.264791397329 137623
2240 88.7 4881.079631955945 2908.44153803459 11460.302001953125 9.094970703125 3259.138519106956 138737
2250 100.7 4259.551159461903 2738.347528076953 11460.302001953125 9.094970703125 3269.4423477259406 139624
2260 96.6 4963.581516431725 2983.5411057180345 11460.302001953125 9.094970703125 3276.532104418406 140631
2270 102.8 4466.283774528068 2737.360248201783 11460.302001953125 9.094970703125 3288.041456537482 141597
2280 96.4 4380.7848318266215 2681.90030585529 15852.76416015625 9.094970703125 3296.533888459616 142625
2290 98.7 4635.9670066331155 2962.8345691721966 15852.76416015625 9.094970703125 3303.8131223104388 143589
2300 98.9 4849.902026293133 2848.8510356575985 15852.76416015625 9.094970703125 3312.9075493510713 144576
2310 99.9 4617.703325640093 2764.4412695935075 15852.76416015625 9.094970703125 3323.3502212687417 145565
2320 104.1 4636.2059074057415 2775.171258836021 15852.76416015625 9.094970703125 3332.1727066762564 146564
2330 96.5 4880.864882458301 3010.181765565763 15852.76416015625 9.094970703125 3341.369539859139 147605
2340 97.8 4754.130804955103 2883.396270219211 15852.76416015625 9.094970703125 3351.368954314333 148570
2350 107.8 4561.999312420279 2752.6848507373984 15852.76416015625 9.094970703125 3360.5426048474505 149548
2360 106.7 5161.147225034047 2986.530914422377 15852.76416015625 9.094970703125 3369.1411889615047 150626
2370 110.3 4264.263430611822 2554.2625444000078 15852.76416015625 9.094970703125 3381.746058273137 151693
2380 93.5 4617.333044629422 2850.824524441488 15852.76416015625 9.094970703125 3388.1167529358872 152796
2390 103.7 4875.0735983926725 2898.8805899701024 15852.76416015625 9.094970703125 3395.5929108528553 153731
2400 91.8 4805.8976635901745 2953.3109457122837 15852.76416015625 9.094970703125 3405.5059514877335 154768
2410 100.3 5055.091894482572 2902.833335093598 15852.76416015625 9.094970703125 3413.7633387397022 155686
2420 99.2 5322.544664936685 3095.9119619908456 15852.76416015625 9.094970703125 3424.2698359501646 156689
2430 114 5423.7969139768265 3047.2236569724446 15852.76416015625 9.094970703125 3436.2122299631064 157681
2440 111.6 5659.318251524349 3155.45356917117 15852.76416015625 9.094970703125 3450.478898349376 158821
2450 112.9 6640.851053891718 3284.704342431917 15852.76416015625 9.094970703125 3465.89162159755 159937
2460 126.1 5973.443793058582 3029.2898349347397 15852.76416015625 9.094970703125 3488.1466549320844 161066
2470 116 5613.152589995291 3175.2952629499823 15852.76416015625 9.094970703125 3507.453114678014 162327
2480 117 5925.018148621127 3261.9236080543387 15852.76416015625 9.094970703125 3522.393821837409 163487
2490 123.7 5809.770655244228 3097.413391283692 15852.76416015625 9.094970703125 3539.466102167653 164657
2500 115.2 5799.53591431512 3102.2157487506506 15852.76416015625 9.094970703125 3556.394783929234 165894
2510 117.5 6622.794718874668 3335.407526558696 15852.76416015625 9.094970703125 3571.86416710635 167046
2520 120.3 5809.36458617454 3148.635712651343 15852.76416015625 9.094970703125 3593.174487448803 168221
2530 116.2 6056.3134935809085 3239.0219120461657 15852.76416015625 9.094970703125 3608.910609183428 169424
2540 125.2 6373.463339516148 3348.760399318562 15852.76416015625 9.094970703125 3625.5818609372054 170586
2550 112 6725.871826389859 3272.8212274318985 15852.76416015625 9.094970703125 3645.602738805784 171838
2560 126 5999.1409902421265 3217.1576958708015 15852.76416015625 9.094970703125 3665.54920776411 172958
2570 111.5 6274.960075891614 3379.56418759061 15852.76416015625 9.094970703125 3682.4264859209156 174218
2580 120 6657.67235636393 3334.5096421843555 15852.76416015625 9.094970703125 3698.913256539209 175333
2590 114.1 6500.555338612993 3283.3272926508107 15852.76416015625 9.094970703125 3719.0257053153005 176533
2600 118.8 6490.607730133367 3345.2124097634123 15852.76416015625 9.094970703125 3736.8883375045493 177674
2610 115.9 6364.566175801476 3310.0236831339885 15852.76416015625 9.094970703125 3755.1785200947197 178862
2620 123.4 6280.251508963163 3195.083077742899 15852.76416015625 9.094970703125 3771.9781173248434 180021
2630 118.6 6048.1111714715225 3383.529212493998 15852.76416015625 9.094970703125 3789.0546634354705 181255
2640 120.7 6245.588304066124 3185.293003476141 15852.76416015625 9.094970703125 3803.740183787424 182441
2650 105 6252.357773437502 3443.1216679831837 15852.76416015625 9.094970703125 3819.788878470603 183648
2660 127.8 7474.793745491613 3371.711198203374 15852.76416015625 9.094970703125 3833.6179255621537 184698
2670 123.3 6439.794047087262 3225.186709137684 15852.76416015625 9.094970703125 3858.6395557610495 185976
2680 116.5 6633.731095342677 3242.484028947784 15852.76416015625 9.094970703125 3875.6396117829563 187209
2690 118.2 7558.0983547978785 3403.099591495292 15852.76416015625 9.094970703125 3892.6970431606787 188374
2700 128.4 6555.457729066273 3112.558840446671 15852.76416015625 9.094970703125 3915.5531086524343 189556
2710 105.8 6232.161130735689 3425.951337655344 15852.76416015625 9.094970703125 3933.3147809046422 190840
2720 128.6 6588.991482605645 3258.742969105213 15852.76416015625 9.094970703125 3945.98911538505 191898
2730 115 5660.5602176036045 3239.2123433072443 15852.76416015625 9.094970703125 3963.5832279629326 193184
2740 122.6 6268.427966368333 3245.506459074697 15852.76416015625 9.094970703125 3973.6253386491057 194334
2750 117.6 5973.664286503178 3238.540595820936 15852.76416015625 9.094970703125 3988.011859520366 195560
2760 112.3 6249.731709888757 3294.114156392054 15852.76416015625 9.094970703125 3999.8812034845205 196736
2770 124.9 5600.192544856198 3089.234084680133 15852.76416015625 9.094970703125 4012.6508127451148 197859
2780 116.7 6173.326126477812 3297.554887665034 15852.76416015625 9.094970703125 4022.6094262785073 199108
2790 126.3 6058.104929630286 3255.355812197404 15852.76416015625 9.094970703125 4035.141626448936 200275
2800 106.1 6474.322474559676 3342.020805139377 15852.76416015625 9.094970703125 4047.819149555834 201538
2810 120.7 6862.142306273303 3429.512961711851 15852.76416015625 9.094970703125 4060.526616166376 202599
2820 124 6542.11891085717 3131.7550541136015 15852.76416015625 9.094970703125 4077.1186210041087 203806
2830 115.8 6766.96975987357 3313.080882715876 15852.76416015625 9.094970703125 4092.025521696723 205046
2840 117.4 6204.292675739656 3225.3131828831138 15852.76416015625 9.094970703125 4107.047468059591 206204
2850 118.4 6550.9859270662855 3408.837618174235 15852.76416015625 9.094970703125 4118.920308350347 207378
2860 122 6429.591138095547 3353.6837656516836 15852.76416015625 9.094970703125 4132.727069373734 208562
2870 114.1 6300.439079104127 3315.739864365503 15852.76416015625 9.094970703125 4146.0846222802775 209782
2880 120.7 6590.468353347343 3253.937234532564 15852.76416015625 9.094970703125 4157.738725603462 210923
2890 111.9 6488.609284019983 3283.593582622785 15852.76416015625 9.094970703125 4171.580731263608 212130
2900 118.8 6961.7576152146485 3400.2967859674004 15852.76416015625 9.094970703125 4183.739076440065 213249
2910 124 6721.053141341669 3200.592817239303 15852.76416015625 9.094970703125 4199.129545547841 214437
2920 126.1 6161.017349473069 3153.309765184139 15852.76416015625 9.094970703125 4213.628937039675 215677
2930 119.9 6206.28793240787 3201.6863627112184 15852.76416015625 9.094970703125 4224.948561946692 216938
2940 118.8 5906.865046131889 3179.6871900772403 15852.76416015625 9.094970703125 4235.839084440277 218137
2950 115.4 6012.205082779326 3213.743174605357 15852.76416015625 9.094970703125 4244.890395702056 219325
2960 118.5 6871.035738273008 3427.939772354819 15852.76416015625 9.094970703125 4254.140624290208 220479
2970 113.2 6075.2003857508125 3190.049265560833 15852.76416015625 9.094970703125 4268.130359700873 221664
2980 117 6659.18543753339 3398.021586398874 15852.76416015625 9.094970703125 4277.311867759763 222796
2990 123.3 6255.339498824638 3142.476099544849 15852.76416015625 9.094970703125 4289.754792474386 223966
3000 114.7 5994.702209100165 3190.012180069901 15852.76416015625 9.094970703125 4300.516678374988 225199
3010 117.2 6147.732024834014 3211.4898850197237 15852.76416015625 9.094970703125 4309.10190101529 226346
3020 123.9 6469.804948783672 3334.081664773979 15852.76416015625 9.094970703125 4318.573127490187 227518
3030 117.7 7092.551940347543 3400.3955108799164 15852.76416015625 9.094970703125 4330.224688870091 228757
3040 119.7 6871.851610226737 3426.1060952479697 15852.76416015625 9.094970703125 4344.364655882317 229934
3050 128.2 7198.973069689392 3268.851143045477 15852.76416015625 9.094970703125 4357.454210655801 231131
3060 124.6 7158.54459210881 3387.0156436480434 15852.76416015625 9.094970703125 4373.12814962342 232413
3070 119.3 7471.991578478623 3565.886352028457 15852.76416015625 9.094970703125 4387.981542333894 233659
3080 128.6 8135.3616812366345 3667.176645652614 15852.76416015625 9.094970703125 4403.6476808940115 234852
3090 110.9 9026.257397306845 3972.108356445169 15852.76416015625 9.094970703125 4423.970476058029 236138
3100 134.6 9538.322965216657 3754.65719314835 15852.76416015625 9.094970703125 4445.4836509165725 237247
3110 123.2 9679.036051366233 3902.806874489112 15852.76416015625 9.094970703125 4474.214425570682 238593
3120 107.2 10504.726124777726 4030.629582271192 15852.76416015625 9.094970703125 4500.952006068878 239825
3130 133.4 10926.660936438517 4053.149723047198 15852.76416015625 9.094970703125 4527.669009000654 240897
3140 142.3 9981.37630048203 3873.0810778096484 16339.8369140625 9.094970703125 4562.909152628852 242231
3150 138.7 9356.293141602262 3627.9043635759526 16339.8369140625 9.094970703125 4594.554349306908 243654
3160 114.9 9578.082313637186 4184.969099151358 16339.8369140625 9.094970703125 4621.507111109682 245041
3170 136.5 11277.509832696598 4069.598372865943 16339.8369140625 9.094970703125 4644.640077142844 246190
3180 138.9 10348.347269737973 3823.2033313648035 16339.8369140625 9.094970703125 4681.213231457364 247555
3190 139.9 10047.742800731012 3891.733032260192 16339.8369140625 9.094970703125 4712.8333917310465 248944
3200 126.2 11108.890232479149 3882.4191181267474 16339.8369140625 9.094970703125 4742.646641005806 250343
3210 139.2 11307.5813688081 3881.2900866643377 16339.8369140625 9.094970703125 4774.578436528309 251605
3220 131.7 10547.160916292933 4112.101151100097 16339.8369140625 9.094970703125 4810.523289952394 252997
3230 108.7 11825.127857366171 4094.5801407860195 17072.587158203125 9.094970703125 4840.231256300651 254314
3240 135.5 12977.873811909007 4049.7134070979114 17328.5869140625 9.094970703125 4869.959341176427 255401
3250 142.8 11620.461787205124 3981.7340167346874 17328.5869140625 9.094970703125 4912.747919078571 256756
3260 142.1 10976.176918110306 3864.743897006886 17328.5869140625 9.094970703125 4949.847876487569 258184
3270 119.5 11651.940557580418 4007.5294369174785 17328.5869140625 9.094970703125 4982.834196350999 259605
3280 130.8 12301.710393783134 4272.837874589997 17328.5869140625 9.094970703125 5013.392409931019 260800
3290 142.3 11868.567014285403 3919.7713264881713 17328.5869140625 9.094970703125 5049.763371225136 262108
3300 143.6 10741.566836726364 4072.4405205665125 17328.5869140625 9.094970703125 5086.583166938259 263531
3310 129 11074.13077307413 4093.3449955997717 17328.5869140625 9.094970703125 5117.230593032134 264967
3320 137.2 11709.88590963381 4126.996088988216 17328.5869140625 9.094970703125 5146.091435121747 266257
3330 132.4 11432.36606065455 4023.0435223284926 17328.5869140625 9.094970703125 5179.740725815321 267629
3340 146.9 11560.9764155835 4090.4430661238903 17805.22607421875 9.094970703125 5210.521107306983 268953
3350 122.4 11962.710929122628 4175.883310278728 17805.22607421875 9.094970703125 5245.018370280624 270422
3360 132.4 13094.631923525732 4232.122307578773 17805.22607421875 9.094970703125 5275.287381022629 271646
3370 142.6 12288.137949554311 4016.3574862919163 17805.22607421875 9.094970703125 5313.213937692864 272970
3380 138.3 11989.32149118906 4083.8296118309563 17805.22607421875 9.094970703125 5349.461702386645 274396
3390 123.7 11878.256184632659 4340.723454930733 17805.22607421875 9.094970703125 5382.759836355924 275779
3400 135.7 12878.320879042989 4313.178479467432 17805.22607421875 9.094970703125 5411.765124797091 277016
3410 141.8 12793.909246146095 4213.672891427489 17805.22607421875 9.094970703125 5448.162750136155 278373
3420 144.2 11821.750412939651 4148.720967374278 17805.22607421875 9.094970703125 5485.391497777581 279791
3430 136 11733.58300440172 4211.464568327289 17805.22607421875 9.094970703125 5517.880677765932 281233
3440 121.4 12554.956156647386 4487.808722696102 17806.30810546875 9.094970703125 5547.794211237124 282593
3450 132.2 14119.51996135856 4155.591283151282 18306.239990234375 9.094970703125 5577.767730571489 283807
3460 143.7 13512.202542766228 4065.615481128245 18620.81591796875 9.094970703125 5617.371546560394 285129
3470 127.9 12685.610725695122 4262.008824153885 18620.81591796875 9.094970703125 5656.960584134802 286566
3480 143.2 12644.990014955309 4190.537872785773 18620.81591796875 9.094970703125 5688.191432442244 287845
3490 120 13361.15096435548 4321.511275043108 18620.81591796875 9.094970703125 5722.629481682794 289277
3500 139.9 13896.618189715591 4149.730225403181 18620.81591796875 9.094970703125 5754.185252980375 290477
3510 147 12737.495910561494 4112.411983058843 18620.81591796875 9.094970703125 5793.213003389769 291876
3520 135 12811.226247468172 4188.301257614529 18620.81591796875 9.094970703125 5828.011827554893 293346
3530 118.6 13297.90868543652 4419.021257965886 18620.81591796875 9.094970703125 5860.001876510029 294696
3540 127.1 15113.026036608417 4434.545862672527 19541.203125 9.094970703125 5889.815645091378 295882
3550 137.2 14334.342064682323 4233.994447879252 19541.203125 9.094970703125 5929.2656940816905 297153
3560 149.1 12856.391425538915 3979.4445332897776 19541.203125 9.094970703125 5967.89483663412 298525
3570 138.7 11840.408382666063 4145.102124313869 19541.203125 9.094970703125 6002.128838867525 300016
3580 128.9 11993.718894325186 4267.78088905281 19541.203125 9.094970703125 6028.99550485044 301403
3590 122.2 13874.742387887109 4292.803535666901 19541.203125 9.094970703125 6054.396005851566 302692
3600 141.8 13976.928248998642 4286.6992873798 19541.203125 9.094970703125 6085.840635841785 303914
3610 146.7 11953.967787084064 4225.4084720073515 19541.203125 9.094970703125 6122.487833762267 305332
3620 140.1 11568.80165255845 4207.016762679302 19541.203125 9.094970703125 6150.371826511667 306799
3630 134.2 12124.664972842542 4096.117380866854 19541.203125 9.094970703125 6175.002651256285 308200
3640 125.2 12457.408421525559 4170.0048183906365 19541.203125 9.094970703125 6200.79704050094 309542
3650 135.3 13619.926024127517 4363.168246269752 19541.203125 9.094970703125 6226.001122462119 310794
3660 139.5 13556.49595374104 4252.02505888869 19541.203125 9.094970703125 6258.050062198697 312147
3670 139.8 12646.242862117497 4280.298410562689 19541.203125 9.094970703125 6290.522050062209 313542
3680 137.4 12733.654087738525 4310.738547279557 19541.203125 9.094970703125 6318.7347181744 314940
3690 136.6 13702.79377212636 4381.930178908063 19541.203125 9.094970703125 6346.599748535943 316314
3700 139.5 14570.616986062108 4374.396598283297 19541.203125 9.094970703125 6378.230827093688 317680
3710 116.7 15812.911543270004 4786.279319052908 20836.369873046875 9.094970703125 6414.04804464994 319075
3720 140 16702.277313581235 4431.536404970819 21087.97802734375 9.094970703125 6448.298622971613 320242
3730 141.1 16508.927371538066 4539.620282272109 21231.35400390625 9.094970703125 6492.93076108434 321642
3740 134.1 15930.603405843645 4511.355265230198 21231.35400390625 9.094970703125 6536.677673254634 323053
3750 142.7 16388.22816267329 4429.999383754491 21231.35400390625 9.094970703125 6575.510865013427 324394
3760 138.6 17152.37182229659 4525.400492409329 21423.343017578125 9.094970703125 6618.487676157463 325821
3770 110.7 18871.70134698578 4952.539545500322 23667.98583984375 9.094970703125 6663.10763669177 327207
3780 135.9 20056.142395603394 4688.378613500897 26557.7412109375 9.094970703125 6704.272232893259 328314
3790 143.4 19413.1674368843 4732.618400509021 26557.7412109375 9.094970703125 6759.312201441253 329673
3800 140.6 18491.787258707143 4441.250957346386 26557.7412109375 9.094970703125 6814.115115325965 331107
3810 142.6 19033.60479916094 4416.649358725607 26557.7412109375 9.094970703125 6863.493055537608 332513
3820 114.7 19161.756590732584 4797.318708893401 26557.7412109375 9.094970703125 6915.462365340916 333939
3830 133.6 21308.498730505322 4924.723581902103 26603.427978515625 9.094970703125 6957.381453206492 335086
3840 133.2 22274.49396558422 4796.4124672597345 27363.01220703125 9.094970703125 7014.372650816847 336422
3850 128.5 22114.535541935165 5615.817293533902 30186.1689453125 9.094970703125 7074.553970923404 337754
3860 129.5 21846.34833041747 6058.385980033259 37194.338134765625 9.094970703125 7131.5573726522625 339039
3870 134.6 22523.923448128957 6189.350207735748 41666.62890625 9.094970703125 7187.548411720666 340334
3880 125 22347.51084374999 6535.51153039659 41666.62890625 9.094970703125 7247.963890528338 341680
3890 134 22261.04450410299 6410.336524548253 42793.837890625 9.094970703125 7303.002626397253 342930
3900 146.4 21296.990694473305 6536.243084998394 49281.550048828125 9.094970703125 7361.223720643414 344270
3910 139.4 19808.570551911936 6501.87055559357 55421.6298828125 9.094970703125 7420.234297704644 345734
3920 141.1 19628.60454357642 6374.307951744059 61280.27197265625 9.094970703125 7469.983498974391 347128
3930 144.8 20284.459446522385 6860.241816595682 61280.27197265625 9.094970703125 7519.205578265183 348539
3940 120.6 20853.303355050928 6226.719243185667 80187.97900390625 9.094970703125 7572.019218775364 349987
3950 130.9 22112.849142355797 6014.510215015005 80187.97900390625 9.094970703125 7617.627270952794 351193
3960 131.6 23318.871809475284 6979.983736588734 80187.97900390625 9.094970703125 7671.454612158423 352502
3970 131.6 22522.165149630793 6921.301171054419 86003.56420898438 9.094970703125 7729.654028331905 353818
3980 123.1 22305.59465556143 6985.505079968933 86003.56420898438 9.094970703125 7784.469801070165 355134
3990 139.1 22210.406514324794 6715.309305952732 86003.56420898438 9.094970703125 7834.630464142798 356365
4000 120.7 23800.868699675066 12213.534055423444 117269.48486328125 9.094970703125 7890.52527648921 357756
4010 138.2 23028.19060228185 8454.86536388759 123295.03491210938 9.094970703125 7944.023226171448 358963
4020 140.9 22288.4929573487 7692.088345057542 123996.93090820313 9.094970703125 8001.874228166161 360345
4030 133.7 21200.384095836045 8018.750238736185 142801.27319335938 9.094970703125 8057.51935106575 361754
4040 140.4 20727.868420375406 6789.516651578734 142801.27319335938 9.094970703125 8105.914960331081 363091
4050 139.8 21403.178974113423 6954.542175104892 142801.27319335938 9.094970703125 8154.533522061425 364495
4060 133.4 21381.538800973052 8697.162211334182 142801.27319335938 9.094970703125 8205.153802695295 365893
4070 118.2 22558.394713219473 8863.515449254797 142801.27319335938 9.094970703125 8253.01874069741 367227
4080 135.8 23700.415488691146 7236.508541129892 142801.27319335938 9.094970703125 8298.915975562792 368409
4090 131.1 23566.898373811135 7880.902786682258 142801.27319335938 9.094970703125 8355.479260925813 369767
4100 131.6 22800.40806806847 9255.8336069462 142801.27319335938 9.094970703125 8409.22044325673 371078
4110 139 24366.628028924515 18574.939450043985 227607.03100585938 9.094970703125 8460.077339217063 372394
4120 134.5 22814.184008335276 9117.608093833962 227607.03100585938 9.094970703125 8519.229430956391 373784
4121 22.5 22451.97394856771 6755.712964440039 227607.03100585938 9.094970703125 8570.483036800179 375129
