10 1.40078125 1.40078125
20 3.775 5.17578125
30 12.2921875 17.46796875
40 16.39375 33.86171875
50 16.1953125 50.05703125
60 17.28359375 67.340625
70 13.56484375 80.90546875
80 15.5484375 96.45390625
90 10.3140625 106.76796875
100 16.90703125 123.675
110 20.021875 143.696875
120 14.728125 158.425
130 17.0578125 175.4828125
140 23.81875 199.3015625
150 24.9015625 224.203125
160 26.48984375 250.69296875
170 23.2546875 273.94765625
180 30.1578125 304.10546875
190 26.80078125 330.90625
200 24.84921875 355.75546875
210 33.18125 388.93671875
220 27.76484375 416.7015625
230 23.72421875 440.42578125
240 29.0171875 469.44296875
250 34.43046875 503.8734375
260 40.71953125 544.59296875
270 43.359375 587.95234375
280 39.27265625 627.225
290 40.93125 668.15625
300 54.20859375 722.36484375
310 51.53046875 773.8953125
320 50.12734375 824.02265625
330 43.32109375 867.34375
340 40.9796875 908.3234375
350 47.61015625 955.93359375
360 48.5171875 1004.45078125
370 48.0203125 1052.47109375
380 49.096875 1101.56796875
390 51.75 1153.31796875
400 47.85078125 1201.16875
410 57.13125 1258.3
420 58.28203125 1316.58203125
430 54.2328125 1370.81484375
440 59.1125 1429.92734375
450 57.24453125 1487.171875
460 69.81484375 1556.98671875
470 62.75859375 1619.7453125
480 64.70390625 1684.44921875
490 70.65546875 1755.1046875
500 67.32109375 1822.42578125
510 74.6984375 1897.12421875
520 70.46953125 1967.59375
530 77.303125 2044.896875
540 72.83515625 2117.73203125
550 78.7640625 2196.49609375
560 74.50546875 2271.0015625
570 76.80546875 2347.80703125
580 69.97109375 2417.778125
590 81.52421875 2499.30234375
600 78.7953125 2578.09765625
610 86.8703125 2664.96796875
620 96.8078125 2761.77578125
630 108.5734375 2870.34921875
640 106.29453125 2976.64375
650 107.4140625 3084.0578125
660 105.8984375 3189.95625
670 103.5609375 3293.5171875
680 102.7609375 3396.278125
690 110.66640625 3506.94453125
700 124.1625 3631.10703125
710 123.5640625 3754.67109375
720 108.06640625 3862.7375
730 118.4546875 3981.1921875
740 121.609375 4102.8015625
750 127.946875 4230.7484375
760 126.51171875 4357.26015625
770 115.7109375 4472.97109375
780 117.41640625 4590.3875
790 115.31015625 4705.69765625
800 113.6234375 4819.32109375
810 116.66875 4935.98984375
820 106.7734375 5042.76328125
830 104.059375 5146.82265625
840 117.834375 5264.65703125
850 120.865625 5385.52265625
860 126.29453125 5511.8171875
870 111.42421875 5623.24140625
880 112.521875 5735.76328125
890 115.21484375 5850.978125
900 108.64765625 5959.62578125
910 113.3671875 6072.99296875
920 116.85390625 6189.846875
930 111.01640625 6300.86328125
940 111.35390625 6412.2171875
950 114.08515625 6526.30234375
960 123.87578125 6650.178125
970 123.01015625 6773.18828125
980 109.06328125 6882.2515625
990 108.82890625 6991.08046875
1000 113.1890625 7104.26953125
1010 114.0671875 7218.33671875
1020 115.26640625 7333.603125
1030 115.46484375 7449.06796875
1040 118.5484375 7567.61640625
1050 118.4359375 7686.05234375
1060 120.1328125 7806.18515625
1070 116.78203125 7922.9671875
1080 126.721875 8049.6890625
1090 110.24140625 8159.93046875
1100 115.5296875 8275.46015625
1110 114.5046875 8389.96484375
1120 112.871875 8502.83671875
1130 101.1640625 8604.00078125
1140 112.43203125 8716.4328125
1150 125.91640625 8842.34921875
1160 117.50234375 8959.8515625
1170 120.828125 9080.6796875
1180 100.53359375 9181.21328125
1190 106.70234375 9287.915625
1200 105.99140625 9393.90703125
1210 117.86796875 9511.775
1220 141.578125 9653.353125
1230 137.1515625 9790.5046875
1240 153.015625 9943.5203125
1250 145.334375 10088.8546875
1260 152.68984375 10241.54453125
1270 146.57578125 10388.1203125
1280 147.8828125 10536.003125
1290 137.8859375 10673.8890625
1300 134.9203125 10808.809375
1310 161.5109375 10970.3203125
1320 161.1234375 11131.44375
1330 155.18515625 11286.62890625
1340 148.38984375 11435.01875
1350 126.08828125 11561.10703125
1360 145.8875 11706.99453125
1370 147.1234375 11854.11796875
1380 166.04453125 12020.1625
1390 158.92265625 12179.08515625
1400 161.59921875 12340.684375
1410 147.5484375 12488.2328125
1420 157.8203125 12646.053125
1430 150.69609375 12796.74921875
1440 157.0609375 12953.81015625
1450 155.97890625 13109.7890625
1460 144.67890625 13254.46796875
1470 152.6234375 13407.09140625
1480 159.69609375 13566.7875
1490 144.7265625 13711.5140625
1500 150.43671875 13861.95078125
1510 145.80078125 14007.7515625
1520 148.22265625 14155.97421875
1530 158.91640625 14314.890625
1540 153.61796875 14468.50859375
1550 154.58515625 14623.09375
1560 146.2140625 14769.3078125
1570 148.79140625 14918.09921875
1580 155.28359375 15073.3828125
1590 157.1234375 15230.50625
1600 143.65078125 15374.15703125
1610 136.78828125 15510.9453125
1620 152.70234375 15663.64765625
1630 158.6625 15822.31015625
1640 164.22578125 15986.5359375
1650 159.81484375 16146.35078125
1660 163.1109375 16309.46171875
1670 158.42109375 16467.8828125
1680 145.21015625 16613.09296875
1690 144.05234375 16757.1453125
1700 150.03203125 16907.17734375
1710 140.26796875 17047.4453125
1720 154.07265625 17201.51796875
1730 150.6828125 17352.20078125
1740 141.4921875 17493.69296875
1750 135.678125 17629.37109375
1760 145.953125 17775.32421875
1770 148.28359375 17923.6078125
1780 158.63203125 18082.23984375
1790 147.63203125 18229.871875
1800 147.64453125 18377.51640625
1810 157.7453125 18535.26171875
1820 159.55546875 18694.8171875
1830 154.54453125 18849.36171875
1840 177.0296875 19026.39140625
1850 175.3515625 19201.74296875
1860 184.01328125 19385.75625
1870 181.9453125 19567.7015625
1880 190.7515625 19758.453125
1890 174.28828125 19932.74140625
1900 193.153125 20125.89453125
1910 190.48515625 20316.3796875
1920 178.34453125 20494.72421875
1930 196.61171875 20691.3359375
1940 206.4859375 20897.821875
1950 196.234375 21094.05625
1960 198.76953125 21292.82578125
1970 177.68125 21470.50703125
1980 189.94765625 21660.4546875
1990 179.41171875 21839.86640625
2000 181.62109375 22021.4875
2010 180.57890625 22202.06640625
2020 178.0625 22380.12890625
2030 198.9859375 22579.11484375
2040 174.4734375 22753.58828125
2050 175.95546875 22929.54375
2060 199.33125 23128.875
2070 201.9 23330.775
2080 187.53828125 23518.31328125
2090 188.109375 23706.42265625
2100 169.7125 23876.13515625
2110 180.90625 24057.04140625
2120 187.7578125 24244.79921875
2130 192.5265625 24437.32578125
2140 186.29765625 24623.6234375
2150 181.30546875 24804.92890625
2160 184.3296875 24989.25859375
2170 180.765625 25170.02421875
2180 179.87734375 25349.9015625
2190 189.61484375 25539.51640625
2200 175.71796875 25715.234375
2210 180.315625 25895.55
2220 188.6046875 26084.1546875
2230 201.39609375 26285.55078125
2240 177.67578125 26463.2265625
2250 188.41796875 26651.64453125
2260 177.11875 26828.76328125
2270 189.93125 27018.69453125
2280 192.19296875 27210.8875
2290 191.80234375 27402.68984375
2300 186.5140625 27589.20390625
2310 190.3671875 27779.57109375
2320 187.84453125 27967.415625
2330 188.334375 28155.75
2340 186.39609375 28342.14609375
2350 199.36171875 28541.5078125
2360 198.4234375 28739.93125
2370 213.31484375 28953.24609375
2380 180.5390625 29133.78515625
2390 189.4359375 29323.22109375
2400 183.63203125 29506.853125
2410 184.3015625 29691.1546875
2420 191.903125 29883.0578125
2430 214.60234375 30097.66015625
2440 218.040625 30315.70078125
2450 220.40859375 30536.109375
2460 228.08125 30764.190625
2470 218.9234375 30983.1140625
2480 227.1015625 31210.215625
2490 228.26484375 31438.48046875
2500 223.534375 31662.01484375
2510 208.6625 31870.67734375
2520 230.8921875 32101.56953125
2530 231.74609375 32333.315625
2540 235.446875 32568.7625
2550 209.48984375 32778.25234375
2560 237 33015.25234375
2570 221.80703125 33237.059375
2580 227.1578125 33464.2171875
2590 208.7546875 33672.971875
2600 225.82265625 33898.79453125
2610 221.796875 34120.59140625
2620 223.953125 34344.54453125
2630 232.67265625 34577.2171875
2640 230.79921875 34808.01640625
2650 217.42578125 35025.4421875
2660 226.49765625 35251.93984375
2670 231.64140625 35483.58125
2680 233.34296875 35716.92421875
2690 220.99296875 35937.9171875
2700 225.803125 36163.7203125
2710 218.68828125 36382.40859375
2720 221.32109375 36603.7296875
2730 232.215625 36835.9453125
2740 232.74453125 37068.68984375
2750 217.23203125 37285.921875
2760 215.790625 37501.7125
2770 238.32109375 37740.03359375
2780 222.88359375 37962.9171875
2790 237.071875 38199.9890625
2800 209.28671875 38409.27578125
2810 228.08515625 38637.3609375
2820 236.15546875 38873.51640625
2830 213.35 39086.86640625
2840 218.7265625 39305.59296875
2850 226.02734375 39531.6203125
2860 226.72734375 39758.34765625
2870 235.8859375 39994.23359375
2880 222.86875 40217.10234375
2890 219.703125 40436.80546875
2900 221.853125 40658.65859375
2910 224.13828125 40882.796875
2920 238.77265625 41121.56953125
2930 223.69609375 41345.265625
2940 227.3703125 41572.6359375
2950 224.0640625 41796.7
2960 218.4546875 42015.1546875
2970 219.87578125 42235.03046875
2980 217.1953125 42452.22578125
2990 232.57734375 42684.803125
3000 218.08359375 42902.88671875
3010 224.0359375 43126.92265625
3020 231.02421875 43357.946875
3030 224.6875 43582.634375
3040 239.22890625 43821.86328125
3050 232.81328125 44054.6765625
3060 240.24921875 44294.92578125
3070 229.41328125 44524.3390625
3080 241.4765625 44765.815625
3090 228.66796875 44994.48359375
3100 245.19765625 45239.68125
3110 239.3515625 45479.0328125
3120 224.0171875 45703.05
3130 239.36015625 45942.41015625
3140 263.621875 46206.03203125
3150 248.01328125 46454.0453125
3160 252.4828125 46706.528125
3170 253.025 46959.553125
3180 253.253125 47212.80625
3190 269.15703125 47481.96328125
3200 240.3359375 47722.29921875
3210 265.28125 47987.58046875
3220 255.3765625 48242.95703125
3230 221.4203125 48464.37734375
3240 243.72421875 48708.1015625
3250 269.56640625 48977.66796875
3260 259.99921875 49237.6671875
3270 236.671875 49474.3390625
3280 253.60625 49727.9453125
3290 251.640625 49979.5859375
3300 266.79609375 50246.38203125
3310 254.05546875 50500.4375
3320 255.37421875 50755.81171875
3330 267.38515625 51023.196875
3340 266.075 51289.271875
3350 238.93828125 51528.21015625
3360 257.0765625 51785.28671875
3370 259.3328125 52044.61953125
3380 262.4734375 52307.09296875
3390 254.85234375 52561.9453125
3400 242.3671875 52804.3125
3410 263.5171875 53067.8296875
3420 261.675 53329.5046875
3430 270.221875 53599.7265625
3440 255.859375 53855.5859375
3450 239.81875 54095.4046875
3460 257.3828125 54352.7875
3470 249.35703125 54602.14453125
3480 259.528125 54861.67265625
3490 240.50546875 55102.178125
3500 270.890625 55373.06875
3510 255.61015625 55628.67890625
3520 270.08046875 55898.759375
3530 245.74453125 56144.50390625
3540 234.8703125 56379.37421875
3550 251.57890625 56630.953125
3560 258.70234375 56889.65546875
3570 266.1703125 57155.82578125
3580 264.490625 57420.31640625
3590 237.109375 57657.42578125
3600 249.85 57907.27578125
3610 273.6046875 58180.88046875
3620 261.5828125 58442.46328125
3630 274.69140625 58717.1546875
3640 250.1734375 58967.328125
3650 242.06171875 59209.38984375
3660 255.3078125 59464.69765625
3670 266.26484375 59730.9625
3680 264.49296875 59995.45546875
3690 268.01953125 60263.475
3700 273.56953125 60537.04453125
3710 236.04609375 60773.090625
3720 253.990625 61027.08125
3730 263.26484375 61290.34609375
3740 271.0015625 61561.34765625
3750 276.8125 61838.16015625
3760 260.3734375 62098.53359375
3770 232.48828125 62331.021875
3780 248.315625 62579.3375
3790 268.5 62847.8375
3800 260.4125 63108.25
3810 275.03671875 63383.28671875
3820 258.62421875 63641.9109375
3830 231.5578125 63873.46875
3840 251.459375 64124.928125
3850 256.275 64381.203125
3860 244.0359375 64625.2390625
3870 253.32734375 64878.56640625
3880 230.30859375 65108.875
3890 247.6640625 65356.5390625
3900 267.13046875 65623.66953125
3910 261.80859375 65885.478125
3920 279.69765625 66165.17578125
3930 265.98984375 66431.165625
3940 244.7 66675.865625
3950 254.07421875 66929.93984375
3960 239.86796875 67169.8078125
3970 258.61484375 67428.42265625
3980 245.203125 67673.62578125
3990 259.975 67933.60078125
4000 226.04375 68159.64453125
4010 242.5640625 68402.20859375
4020 248.8546875 68651.06328125
4030 260.81953125 68911.8828125
4040 270.7484375 69182.63125
4050 264.08359375 69446.71484375
4060 268.13671875 69714.8515625
4070 222.825 69937.6765625
4080 261.73828125 70199.41484375
4090 249.68984375 70449.1046875
4100 250.9921875 70700.096875
4110 249.66953125 70949.76640625
4120 254.3203125 71204.08671875
4121 32.2734375 71236.36015625
