670 0.3 3
680 0.1 4
690 0.3 7
700 0 7
710 0.1 8
720 0.1 9
730 0.2 11
740 0.1 12
750 0 12
760 0.1 13
770 0.2 15
780 0.1 16
790 0.1 17
800 0.1 18
810 0 18
820 0.1 19
830 0.1 20
840 0 20
850 0 20
860 0 20
870 0.1 21
880 0.1 22
890 0.4 26
900 0.3 29
910 0.1 30
920 0 30
930 0.1 31
940 0.1 32
950 0.1 33
960 0.2 35
970 0.1 36
980 0 36
990 0 36
1000 0.2 38
1010 0.1 39
1020 0.2 41
1030 0.3 44
1040 0.3 47
1050 0.2 49
1060 0.2 51
1070 0.3 54
1080 0 54
1090 0 54
1100 0.1 55
1110 0.1 56
1120 0.3 59
1130 0.2 61
1140 0.2 63
1150 0.3 66
1160 0.2 68
1170 0.1 69
1180 0.2 71
1190 0 71
1200 0.1 72
1210 0.2 74
1220 0.2 76
1230 0.1 77
1240 0.1 78
1250 0 78
1260 0.2 80
1270 0.1 81
1280 0 81
1290 0.3 84
1300 0.1 85
1310 0.1 86
1320 0.4 90
1330 0.3 93
1340 0.1 94
1350 0 94
1360 0.2 96
1370 0.1 97
1380 0 97
1390 0.4 101
1400 0.2 103
1410 0 103
1420 0.3 106
1430 0.2 108
1440 0.2 110
1450 0.1 111
1460 0.4 115
1470 0.2 117
1480 0.4 121
1490 0.4 125
1500 0.3 128
1510 0.3 131
1520 0.3 134
1530 0 134
1540 0.2 136
1550 0.3 139
1560 0.2 141
1570 0.2 143
1580 0.1 144
1590 0.3 147
1600 0 147
1610 0.4 151
1620 0.4 155
1630 0.1 156
1640 0.2 158
1650 0.2 160
1660 0.2 162
1670 0.4 166
1680 0.3 169
1690 0.2 171
1700 0.3 174
1710 0.3 177
1720 0.4 181
1730 0.2 183
1740 0.4 187
1750 0.3 190
1760 0.3 193
1770 0.3 196
1780 0.3 199
1790 0.2 201
1800 0.5 206
1810 0.4 210
1820 0.4 214
1830 0.4 218
1840 0.3 221
1850 0.8 229
1860 0.5 234
1870 0.3 237
1880 0.6 243
1890 0.2 245
1900 0.3 248
1910 0.5 253
1920 0.3 256
1930 0.3 259
1940 0.5 264
1950 0.5 269
1960 0.3 272
1970 0.6 278
1980 0.3 281
1990 0.1 282
2000 0.3 285
2010 0.2 287
2020 0.6 293
2030 0.3 296
2040 0.5 301
2050 0.4 305
2060 0.8 313
2070 0.7 320
2080 0.5 325
2090 0.7 332
2100 0.5 337
2110 0.2 339
2120 0.2 341
2130 0.4 345
2140 0.4 349
2150 0.2 351
2160 0.5 356
2170 0.1 357
2180 0.1 358
2190 0.2 360
2200 0.3 363
2210 0.6 369
2220 0.3 372
2230 0.4 376
2240 0.2 378
2250 0.4 382
2260 0.2 384
2270 0.3 387
2280 0.8 395
2290 0.5 400
2300 0.5 405
2310 0.5 410
2320 0.5 415
2330 0.2 417
2340 0 417
2350 0.3 420
2360 0.4 424
2370 0.1 425
2380 0.3 428
2390 0.4 432
2400 0.1 433
2410 0.1 434
2420 0.3 437
2430 0.8 445
2440 0.5 450
2450 0.3 453
2460 0.5 458
2470 0.1 459
2480 0.2 461
2490 0.5 466
2500 0.2 468
2510 0.4 472
2520 1.1 483
2530 0.7 490
2540 1 500
2550 0.1 501
2560 0.3 504
2570 0 504
2580 0.6 510
2590 0.1 511
2600 0.5 516
2610 0.6 522
2620 0.3 525
2630 0.2 527
2640 0.3 530
2650 0.2 532
2660 0.9 541
2670 0.6 547
2680 0.6 553
2690 0.6 559
2700 0.6 565
2710 0.4 569
2720 0.1 570
2730 0.4 574
2740 0.4 578
2750 0.3 581
2760 0.2 583
2770 0.4 587
2780 0.6 593
2790 0.3 596
2800 0.1 597
2810 0.4 601
2820 0.3 604
2830 0.2 606
2840 0.5 611
2850 0.6 617
2860 0.3 620
2870 0.3 623
2880 0.4 627
2890 0.5 632
2900 0.4 636
2910 0.4 640
2920 0.3 643
2930 0.3 646
2940 0.2 648
2950 0.2 650
2960 0.3 653
2970 0.4 657
2980 0.2 659
2990 0.1 660
3000 0.5 665
3010 0.2 667
3020 0.4 671
3030 0.4 675
3040 0.2 677
3050 0.4 681
3060 0.6 687
3070 0.5 692
3080 0.3 695
3090 0.6 701
3100 0.5 706
3110 0.2 708
3120 0.5 713
3130 0.1 714
3140 0.6 720
3150 0.4 724
3160 0.5 729
3170 0.6 735
3180 0.6 741
3190 0.3 744
3200 0.2 746
3210 0.3 749
3220 0.3 752
3230 0.7 759
3240 0.1 760
3250 0.6 766
3260 0.5 771
3270 0.4 775
3280 0.5 780
3290 0.4 784
3300 0.4 788
3310 0.3 791
3320 0.7 798
3330 0.6 804
3340 0.4 808
3350 0.3 811
3360 0.3 814
3370 0.2 816
3380 0.3 819
3390 0.3 822
3400 0.8 830
3410 0.5 835
3420 0.4 839
3430 0.5 844
3440 0.4 848
3450 0.4 852
3460 0.3 855
3470 0.7 862
3480 0.6 868
3490 0.4 872
3500 0.2 874
3510 0.4 878
3520 0.3 881
3530 0.2 883
3540 0.2 885
3550 0.3 888
3560 0.4 892
3570 0.3 895
3580 0.7 902
3590 0.3 905
3600 0.4 909
3610 0.2 911
3620 0.4 915
3630 0.1 916
3640 1.2 928
3650 0.7 935
3660 0.2 937
3670 0.6 943
3680 2.1 964
3690 2.5 989
3700 1.4 1003
3710 4.6 1049
3720 0.2 1051
3730 0.7 1058
3740 0.8 1066
3750 7.2 1138
3760 12.4 1262
3770 2 1282
3780 6.4 1346
3790 0.5 1351
3800 0.2 1353
3810 2.9 1382
3820 0.3 1385
3830 0.6 1391
3840 0.4 1395
3850 0.5 1400
3860 0.3 1403
3870 1.1 1414
3880 0.3 1417
3890 0.2 1419
3900 0.2 1421
3910 1.6 1437
3920 1.5 1452
3930 4.5 1497
3940 9.9 1596
3950 8.4 1680
3960 4.6 1726
3970 2.4 1750
3980 5.2 1802
3990 1.9 1821
4000 2.1 1842
4010 2.3 1865
4020 1.7 1882
4030 4 1922
4040 1 1932
4050 1.3 1945
4060 0.4 1949
4070 0.5 1954
4080 1.6 1970
4090 0.5 1975
4100 0.5 1980
4110 1.8 1998
4120 1.2 2010
4130 5.7 2067
4140 9.9 2166
4150 1.3 2179
4160 1.1 2190
4170 0.4 2194
4180 0.1 2195
4190 1.8 2213
4200 9.5 2308
4210 16.1 2469
4220 31.7 2786
4230 24 3026
4240 17.8 3204
4250 22.8 3432
4260 23.7 3669
4270 16.3 3832
4280 13.1 3963
4290 17.4 4137
4300 19 4327
4310 13.3 4460
4320 5.9 4519
4330 7.9 4598
4340 4.2 4640
4350 0.3 4643
4360 3.1 4674
4370 8.4 4758
4380 6.9 4827
4390 3.6 4863
4400 16.2 5025
4410 18.2 5207
4420 12 5327
4430 8.4 5411
4440 13.8 5549
4450 14.1 5690
4460 20.6 5896
4470 14.7 6043
4480 10.4 6147
4490 9.3 6240
4500 14 6380
4510 25.3 6633
4520 23.1 6864
4530 21.7 7081
4540 9.2 7173
4550 5 7223
4560 4.3 7266
4570 12.6 7392
4580 17.4 7566
4590 17.2 7738
4600 10.2 7840
4610 14.6 7986
4620 6.2 8048
4630 17 8218
4640 21.2 8430
4650 24.5 8675
4660 13.9 8814
4670 12.7 8941
4680 10.6 9047
4690 6.5 9112
4700 10.6 9218
4710 9.9 9317
4720 15.9 9476
4730 14.1 9617
4740 16.9 9786
4750 9.8 9884
4760 12.2 10006
4770 22.2 10228
4780 12.2 10350
4790 1.4 10364
4800 0.8 10372
4810 1.2 10384
4820 0.7 10391
4830 0.2 10393
4840 0 10393
4850 0 10393
4860 0 10393
4870 0 10393
4880 0 10393
4890 0.1 10394
4892 0 10394
