650 3.7 37
660 15.8 195
670 12.6 321
680 10.4 425
690 3.6 461
700 3.7 498
710 4.9 547
720 2.8 575
730 8.5 660
740 6.4 724
750 18.6 910
760 11.1 1021
770 11 1131
780 14.2 1273
790 13.1 1404
800 10.5 1509
810 13.6 1645
820 13.6 1781
830 13.2 1913
840 7.3 1986
850 12.8 2114
860 21.4 2328
870 14.1 2469
880 12 2589
890 5.7 2646
900 20.4 2850
910 6 2910
920 11.8 3028
930 14.7 3175
940 10.8 3283
950 4.5 3328
960 0.1 3329
970 4.9 3378
980 11.2 3490
990 11.2 3602
1000 16.9 3771
1010 19.1 3962
1020 10.9 4071
1030 9.8 4169
1040 15.9 4328
1050 16.4 4492
1060 10.1 4593
1070 6.5 4658
1080 10.4 4762
1090 9.5 4857
1100 18.8 5045
1110 10.6 5151
1120 14.1 5292
1130 14.7 5439
1140 5.6 5495
1150 4.1 5536
1160 9.5 5631
1170 9 5721
1180 12 5841
1190 12.4 5965
1200 8.3 6048
1210 17.6 6224
1220 24.6 6470
1230 32.2 6792
1240 35 7142
1250 34.1 7483
1260 26.8 7751
1270 31.2 8063
1280 22.8 8291
1290 24.5 8536
1300 29.7 8833
1310 35.3 9186
1320 29.9 9485
1330 32.3 9808
1340 32.3 10131
1350 12.8 10259
1360 21.1 10470
1370 33.3 10803
1380 41.2 11215
1390 32.6 11541
1400 20.6 11747
1410 32.1 12068
1420 32.8 12396
1430 37.5 12771
1440 30.2 13073
1450 32.4 13397
1460 26 13657
1470 23.5 13892
1480 26.3 14155
1490 47.1 14626
1500 37.9 15005
1510 31.1 15316
1520 27.5 15591
1530 29.3 15884
1540 25.2 16136
1550 20.7 16343
1560 33.1 16674
1570 31.5 16989
1580 37.8 17367
1590 27.4 17641
1600 25.3 17894
1610 33.8 18232
1620 33.5 18567
1630 24 18807
1640 31.9 19126
1650 28.4 19410
1660 36.1 19771
1670 27 20041
1680 25 20291
1690 25.2 20543
1700 25.7 20800
1710 29.4 21094
1720 25.5 21349
1730 24.7 21596
1740 30.8 21904
1750 31 22214
1760 32.6 22540
1770 24.8 22788
1780 27.4 23062
1790 37 23432
1800 37.8 23810
1810 50 24310
1820 59.5 24905
1830 50.9 25414
1840 53.1 25945
1850 51.8 26463
1860 49.9 26962
1870 53 27492
1880 52.5 28017
1890 54.3 28560
1900 46.5 29025
1910 47.9 29504
1920 49.3 29997
1930 57.1 30568
1940 52.9 31097
1950 42.3 31520
1960 46.7 31987
1970 57.1 32558
1980 52.4 33082
1990 50.6 33588
2000 57.2 34160
2010 53.4 34694
2020 49.5 35189
2030 48 35669
2040 55.6 36225
2050 56.3 36788
2060 55.6 37344
2070 56.7 37911
2080 60.5 38516
2090 53.5 39051
2100 49.5 39546
2110 53.6 40082
2120 55.1 40633
2130 54.8 41181
2140 51.5 41696
2150 51.7 42213
2160 45.9 42672
2170 48.7 43159
2180 61.7 43776
2190 57.9 44355
2200 55 44905
2210 53.4 45439
2220 52.1 45960
2230 48.9 46449
2240 47.6 46925
2250 51.7 47442
2260 48.4 47926
2270 58.7 48513
2280 52.3 49036
2290 55.5 49591
2300 50.8 50099
2310 51 50609
2320 54.4 51153
2330 56.5 51718
2340 58.9 52307
2350 59.1 52898
2360 62.6 53524
2370 55.9 54083
2380 52.3 54606
2390 59.5 55201
2400 67.9 55880
2410 74 56620
2420 74.5 57365
2430 77.2 58137
2440 68.6 58823
2450 66.2 59485
2460 71.3 60198
2470 71.4 60912
2480 80.3 61715
2490 78.9 62504
2500 65.1 63155
2510 64.2 63797
2520 63.4 64431
2530 69.8 65129
2540 75.5 65884
2550 69.7 66581
2560 75.6 67337
2570 77.2 68109
2580 81.7 68926
2590 70.3 69629
2600 71.1 70340
2610 69.2 71032
2620 71.4 71746
2630 72 72466
2640 67.7 73143
2650 65.7 73800
2660 67.9 74479
2670 63.4 75113
2680 70.8 75821
2690 69.4 76515
2700 67.6 77191
2710 67.4 77865
2720 71.8 78583
2730 76.3 79346
2740 69.5 80041
2750 75.9 80800
2760 61.6 81416
2770 68.6 82102
2780 67.4 82776
2790 72.8 83504
2800 69.2 84196
2810 76.9 84965
2820 67.9 85644
2830 66.9 86313
2840 71.4 87027
2850 69.2 87719
2860 69.2 88411
2870 68.9 89100
2880 71.3 89813
2890 70.2 90515
2900 76.4 91279
2910 80.7 92086
2920 71.9 92805
2930 67.5 93480
2940 67.5 94155
2950 60.1 94756
2960 67.8 95434
2970 62.6 96060
2980 68.9 96749
2990 78.3 97532
3000 94.9 98481
3010 91.1 99392
3020 98.9 100381
3030 93.9 101320
3040 91.8 102238
3050 98 103218
3060 92.5 104143
3070 90 105043
3080 81.5 105858
3090 85.3 106711
3100 84 107551
3110 82.8 108379
3120 86.2 109241
3130 85.5 110096
3140 100.5 111101
3150 99.1 112092
3160 86.6 112958
3170 91.3 113871
3180 94.9 114820
3190 98.3 115803
3200 94.8 116751
3210 91.2 117663
3220 91.6 118579
3230 97.7 119556
3240 83.8 120394
3250 83.3 121227
3260 91.5 122142
3270 93 123072
3280 91.5 123987
3290 100.1 124988
3300 102.4 126012
3310 92.2 126934
3320 87.2 127806
3330 98.6 128792
3340 95.2 129744
3350 91.1 130655
3360 85.7 131512
3370 91.8 132430
3380 93.2 133362
3390 96 134322
3400 95.3 135275
3410 95.6 136231
3420 101.3 137244
3430 92.8 138172
3440 94.5 139117
3450 88.9 140006
3460 89.9 140905
3470 90.7 141812
3480 96.5 142777
3490 91 143687
3500 93.5 144622
3510 87.1 145493
3520 90.4 146397
3530 87.3 147270
3540 100.8 148278
3550 94.8 149226
3560 95.1 150177
3570 98.2 151159
3580 80.3 151962
3590 88.4 152846
3600 101.5 153861
3610 106.8 154929
3620 98.9 155918
3630 107.7 156995
3640 112.1 158116
3650 113.4 159250
3660 109.1 160341
3670 101.9 161360
3680 105.7 162417
3690 105.5 163472
3700 106 164532
3710 111.1 165643
3720 111.9 166762
3730 102.7 167789
3740 93.5 168724
3750 109 169814
3760 104.3 170857
3770 114.4 172001
3780 110.3 173104
3790 101.6 174120
3800 113.1 175251
3810 111.5 176366
3820 107.8 177444
3830 108 178524
3840 101.9 179543
3850 113.5 180678
3860 109.2 181770
3870 103.6 182806
3880 111.4 183920
3890 98.4 184904
3900 113 186034
3910 117 187204
3920 107.7 188281
3930 99.6 189277
3940 109.2 190369
3950 111.8 191487
3960 110.2 192589
3970 112.7 193716
3980 107.2 194788
3990 113.6 195924
4000 107.1 196995
4010 107.2 198067
4020 94.7 199014
4030 107.6 200090
4040 118.3 201273
4050 115.5 202428
4060 104.2 203470
4070 102 204490
4080 106.8 205558
4090 101.9 206577
4100 105.7 207634
4110 103.9 208673
4120 102.4 209697
4130 105.2 210749
4140 101.9 211768
4150 108.4 212852
4160 112.7 213979
4170 111.5 215094
4180 101.6 216110
4190 107 217180
4200 111.8 218298
4210 109.6 219394
4220 115.8 220552
4230 119.3 221745
4240 120.9 222954
4250 104.2 223996
4260 107.6 225072
4270 120.3 226275
4280 115.9 227434
4290 104 228474
4300 116.2 229636
4310 119.6 230832
4320 120.1 232033
4330 114.7 233180
4340 119.5 234375
4350 119.6 235571
4360 111.7 236688
4370 109.5 237783
4380 119 238973
4390 123.6 240209
4400 125.9 241468
4410 107.5 242543
4420 115.2 243695
4430 114.8 244843
4440 122.5 246068
4450 115.5 247223
4460 116.5 248388
4470 113.2 249520
4480 111.6 250636
4490 122.1 251857
4500 113.6 252993
4510 110.4 254097
4520 115.6 255253
4530 115.7 256410
4540 124.1 257651
4550 120.3 258854
4560 103.8 259892
4570 115 261042
4580 119.5 262237
4590 118 263417
4600 116.5 264582
4610 118.1 265763
4620 110.5 266868
4630 102.7 267895
4640 113.3 269028
4650 120.2 270230
4660 125.4 271484
4670 107.6 272560
4680 123.2 273792
4690 109.1 274883
4700 113.1 276014
4710 111.9 277133
4720 112.1 278254
4730 117.5 279429
4740 112.5 280554
4750 115 281704
4760 119.6 282900
4770 106.8 283968
4780 115.2 285120
4790 72.5 285845
4800 9.1 285936
4810 0 285936
4820 0 285936
4830 0 285936
4840 0 285936
4850 0 285936
4860 0 285936
4870 0 285936
4880 0 285936
4890 0 285936
4892 0 285936
