10 0.1 0.96484375 0.0 0.96484375 0.96484375 0 0
20 2.8 1.2008231026785714 2.251935301042269 12.878173828125 0.625 0.96484375 1
30 1.5 2.098697916666666 3.2769334665455743 12.878173828125 0.591796875 1.1926858836206897 29
40 2.6 0.7353046123798077 0.11661835439790409 12.878173828125 0.591796875 1.5015536221590908 44
50 2.2 1.6039928089488635 4.087004743466273 20.330078125 0.591796875 1.2169468470982143 70
60 3 1.0418782552083337 1.740406350389938 20.330078125 0.5849609375 1.309501316236413 92
70 2.9 0.8475131330818966 0.174242999066015 20.330078125 0.5849609375 1.2436923668032787 122
80 1.8 0.9289415147569444 0.09533233687067273 20.330078125 0.5849609375 1.1676049643004967 151
90 2.4 0.780914306640625 0.10084196948851822 20.330078125 0.575927734375 1.1421851886094674 169
100 1.7 0.8074879365808824 0.13317984278708445 20.330078125 0.575927734375 1.0972603120952074 193
110 2.1 0.7910621279761905 0.09776940811452114 20.330078125 0.575927734375 1.0738025483630953 210
120 3.6 1.2199300130208333 2.723548523118489 20.330078125 0.575927734375 1.0480988737824675 231
130 4.4 1.6088645241477273 3.298142569489442 20.330078125 0.575927734375 1.0712671172752808 267
140 4.9 0.9243811782525511 1.3507363529722503 20.330078125 0.575927734375 1.1473259143890673 311
150 3.7 0.7444969383445945 0.11645123376445446 20.330078125 0.56494140625 1.1169806586371527 360
160 2.9 1.204034213362069 2.1664452774938106 20.330078125 0.56494140625 1.0822655512043449 397
170 4.8 1.1333414713541665 2.7966815059003043 20.330078125 0.56201171875 1.0905549671728283 426
180 3.5 1.232958984375 2.6097711396530725 20.330078125 0.56201171875 1.094887777722837 474
190 4.5 0.9375813802083331 1.4073667834207022 20.330078125 0.56201171875 1.1043818685535358 509
200 4.1 1.3579399294969512 2.136524386489798 20.330078125 0.56201171875 1.090833092424413 554
210 3.9 1.0756522936698716 1.437627683749908 20.330078125 0.56201171875 1.1092387736344533 595
220 3.6 1.2366943359375002 2.339933927182025 20.330078125 0.56201171875 1.1071727283369477 634
230 3.1 0.7905667212701613 0.17858287267929016 20.330078125 0.56201171875 1.1141320982975744 670
240 4.5 1.5191026475694445 2.790359763438968 20.330078125 0.532958984375 1.099823215718616 701
250 5.1 1.2916666666666672 1.6398633887521774 20.330078125 0.532958984375 1.125114870454926 746
260 6 0.7503499348958333 0.1526821932986725 20.330078125 0.532958984375 1.1357725136253136 797
270 5.3 0.7234117040094338 0.09726342147675915 20.330078125 0.532958984375 1.1087884357679405 857
280 5.3 0.7234209168632074 0.13424619263158594 20.330078125 0.532958984375 1.0863434173248627 910
290 5.2 0.912513146033654 1.3325170374071433 20.330078125 0.532958984375 1.066369489469756 963
300 7.4 1.3319289748733107 2.66415632321315 20.330078125 0.532958984375 1.0584871940424876 1015
310 6.5 0.9301419771634618 1.2323803155387045 20.330078125 0.532958984375 1.0770681782311753 1089
320 5.3 1.6690604731721699 3.44626434662849 20.330078125 0.532958984375 1.0687924390029246 1154
330 5.6 0.7817949567522321 0.16725325030695945 20.330078125 0.532958984375 1.0951505216963546 1207
340 5.5 1.227734375 2.4499231872301173 20.330078125 0.532958984375 1.0812566882546517 1263
350 6.4 1.3862533569335938 2.9881056290546097 20.5419921875 0.532958984375 1.0873691865634485 1318
360 6.5 1.261181640625 3.0239414588044116 20.5419921875 0.532958984375 1.1012104216601848 1382
370 7.8 1.5715926732772434 3.0507343939978084 22.31787109375 0.532958984375 1.1083964128369042 1447
380 8.3 1.4594108857304218 2.0738514401399515 22.31787109375 0.532958984375 1.1320877625512296 1525
390 8 0.9807250976562498 1.6136050399997754 22.31787109375 0.532958984375 1.1489831725163246 1608
400 8.3 2.967896978539158 5.565423379342758 25.06689453125 0.532958984375 1.1410088561722453 1688
410 8.3 0.9417945218373494 1.483706190244475 25.06689453125 0.532958984375 1.2266281188241108 1771
420 8 1.7451568603515626 2.6699275793040442 25.06689453125 0.532958984375 1.2138766686893205 1854
430 7.2 1.0432366265190973 2.2999883375153347 25.06689453125 0.532958984375 1.2358530985409129 1934
440 8.2 0.8218071169969512 0.4546536429099495 25.06689453125 0.532958984375 1.2289396459060322 2006
450 7.9 1.1495902145965189 2.1406317598375595 25.06689453125 0.532958984375 1.2129507247515567 2088
460 9.6 1.257545471191406 3.1366866339084365 28.0810546875 0.532958984375 1.2106408584376445 2167
470 8.9 34.713963197858156 316.4271989888918 3003.038818359375 0.532958984375 1.2126306254833188 2263
480 9.1 1.3505027687156588 2.1616208604977123 3003.038818359375 0.532958984375 2.4803256080264147 2352
490 11.6 3.728370403421338 5.832709028406014 3003.038818359375 0.532958984375 2.4382405165907706 2443
500 10.3 2.02634585482403 3.107938433248423 3003.038818359375 0.532958984375 2.4967223715623788 2559
510 10.3 1.858528803853156 2.8107937417467435 3003.038818359375 0.532958984375 2.478522228352743 2662
520 10.6 2.206204396373822 3.709030572785055 3003.038818359375 0.532958984375 2.4554266324310587 2765
530 10.3 1.4554028557342233 2.8380442928166456 3003.038818359375 0.532958984375 2.4462251148336827 2871
540 10.9 2.94186541356078 4.926170220553799 3003.038818359375 0.532958984375 2.4119094817848445 2974
550 10.7 1.7944199036214954 3.3049640943615826 3003.038818359375 0.532958984375 2.4306461657172407 3083
560 9.6 4.360033671061197 6.079097456017329 3003.038818359375 0.532958984375 2.4093056610011763 3190
570 9.5 1.4777163856907896 2.216329068063771 3003.038818359375 0.532958984375 2.4662958889274584 3286
580 10.8 2.2895688657407396 3.229585340270597 3003.038818359375 0.532958984375 2.4385185884815894 3381
590 13 26.26666729266827 262.62709477351245 3008.7080078125 0.532958984375 2.4339079349831625 3489
600 14.4 5.011493259006077 5.9821974388170585 3008.7080078125 0.532958984375 3.2900170028193227 3619
610 13.8 28.55934209408967 254.895150229838 3010.884033203125 0.532958984375 3.355893319824609 3763
620 14.9 7.024591023489933 7.038896605008435 3010.884033203125 0.532958984375 4.247479049342317 3901
630 14.2 6.24379676496479 5.887497284883299 3010.884033203125 0.532958984375 4.349649341724538 4050
640 17.4 6.393905464260056 5.956930224942058 3010.884033203125 0.532958984375 4.413811778294222 4192
650 14.7 7.698830117984692 6.6783722691505485 3010.884033203125 0.532958984375 4.492725269214528 4366
660 16.3 25.623846697661044 234.3869897897714 3010.884033203125 0.532958984375 4.59715633785384 4513
670 12.2 5.744446801357582 5.250879349437195 3010.884033203125 0.532958984375 5.330122661345836 4676
680 13.5 7.310150824652778 5.66281252607195 3010.884033203125 0.532958984375 5.340657789541216 4798
690 16.4 6.977750452553353 6.325632368936908 3010.884033203125 0.532958984375 5.394556342093428 4933
700 12.8 6.87590217590332 6.315209363031931 3010.884033203125 0.532958984375 5.445496862814524 5097
710 14.3 7.020038311298077 6.380699151739907 3010.884033203125 0.532958984375 5.480538370962919 5225
720 12 6.9494486490885405 6.257432528209615 3010.884033203125 0.532958984375 5.521549639865291 5368
730 16.3 6.870623442292945 6.159460436524437 3010.884033203125 0.532958984375 5.552771921408073 5488
740 12.9 6.503293059593023 6.43831216951249 3010.884033203125 0.532958984375 5.59078462675301 5651
750 16.8 7.854420979817708 6.995639260290495 3010.884033203125 0.532958984375 5.611150299389059 5780
760 13.9 6.700026697392084 6.398600001731139 3010.884033203125 0.532958984375 5.674511004552478 5948
770 14.5 6.531847723599138 6.310673777195129 3010.884033203125 0.532958984375 5.697929220636707 6087
780 16.7 6.133429430202096 5.772372603251387 3010.884033203125 0.532958984375 5.717332009938626 6232
790 15.1 6.644592689362583 6.029079614975302 3010.884033203125 0.532958984375 5.72819124875469 6399
800 12.8 5.93731689453125 5.833349707176372 3010.884033203125 0.532958984375 5.7493174499045825 6550
810 15.1 7.5054519350165565 7.316125129492437 3010.884033203125 0.532958984375 5.7529209133535515 6678
820 17.2 6.720143872638081 6.312546733531944 3010.884033203125 0.532958984375 5.791672148420342 6829
830 13.8 6.363673997961956 6.367844752114714 3010.884033203125 0.532958984375 5.814482766412836 7001
840 15.5 6.699440839213709 5.909747333384002 3010.884033203125 0.532958984375 5.825098873704302 7139
850 15.6 26.848241561498405 239.904123823486 3012.27197265625 0.532958984375 5.843678940149868 7294
860 15.9 7.462383918042453 6.580176163838621 3012.27197265625 0.532958984375 6.283506023227771 7450
870 14.8 6.888630635029563 6.542618955000887 3012.27197265625 0.532958984375 6.308140217639064 7609
880 16.4 6.978922029820882 6.283117470123265 3012.27197265625 0.532958984375 6.319215708392422 7757
890 13.6 6.473939783432904 6.304020803720181 3012.27197265625 0.532958984375 6.332874569232501 7921
900 17 24.16997357536763 229.61674110908672 3012.27197265625 0.532958984375 6.33525571223005 8057
910 13.3 6.349319343280075 6.020264568045656 3012.27197265625 0.532958984375 6.703786408320167 8227
920 14.7 5.9488002232142865 5.560669729301206 3012.27197265625 0.532958984375 6.698147159558165 8360
930 15.4 7.688460709212664 6.49732100332827 3012.27197265625 0.532958984375 6.685198529060628 8507
940 11.9 6.049757500656512 5.877805196253507 3012.27197265625 0.532958984375 6.703037390132492 8661
950 14.9 6.144380505453019 6.368032335836361 3012.27197265625 0.532958984375 6.694183141061007 8780
960 13.8 6.8691070114356885 6.831480335331271 3012.27197265625 0.532958984375 6.685008475061949 8929
970 13.7 5.638180029653285 5.763993029693011 3012.27197265625 0.532958984375 6.687810460064659 9067
980 16.8 6.103628976004462 5.893732650555141 3012.27197265625 0.532958984375 6.672186886730635 9204
990 14.4 6.971406724717882 6.3697791452599635 3012.27197265625 0.532958984375 6.661995067588297 9372
1000 16.5 7.404074928977272 5.7758672720574395 3012.27197265625 0.532958984375 6.666677211201859 9516
1010 15 6.280128580729167 5.535845224837022 3012.27197265625 0.532958984375 6.6792451921369835 9681
1020 14.9 6.3168584836409405 5.4900232470983505 3012.27197265625 0.532958984375 6.673155527635797 9831
1030 15.1 7.861355611030629 6.754730267885666 3012.27197265625 0.532958984375 6.667836062750503 9980
1040 16.3 7.091088417848928 6.613384683720137 3012.27197265625 0.532958984375 6.685625170616488 10131
1050 13.9 7.181779381182554 6.62438701058448 3012.27197265625 0.532958984375 6.6920454648946 10294
1060 14 6.839854213169643 6.389982308370795 3012.27197265625 0.532958984375 6.698570243420818 10433
1070 16.2 6.394216278452934 5.7435487144836515 3012.27197265625 0.532958984375 6.70044102330967 10573
1080 16.6 5.759584725621231 5.95350652287861 3012.27197265625 0.532958984375 6.695819839456219 10735
1090 12.3 7.487324536331302 5.999410839136159 3012.27197265625 0.532958984375 6.681562887901627 10901
1100 17 7.135882927389706 6.418034378341341 3012.27197265625 0.532958984375 6.690553153028337 11024
1110 15 7.053606770833333 6.484030894657383 3012.27197265625 0.532958984375 6.697316245903219 11194
1120 16 5.462924194335936 5.320350006050261 3012.27197265625 0.532958984375 6.70202742174415 11344
1130 13.1 5.802859240815841 5.9522639577350205 3012.27197265625 0.532958984375 6.684793718998556 11504
1140 13.7 6.418772453809306 5.917707685490719 3012.27197265625 0.532958984375 6.674863902355502 11635
1150 14.9 7.031253277055369 6.274583145630721 3012.27197265625 0.532958984375 6.67188356524619 11772
1160 13.4 7.017228311567164 6.57002665940694 3012.27197265625 0.532958984375 6.676375309819595 11921
1170 15.4 6.6427097072849 6.288855317208389 3012.27197265625 0.532958984375 6.680164136218116 12055
1180 14 7.745945521763393 5.9883557744301354 3012.27197265625 0.532958984375 6.679691699322734 12209
1190 14.2 6.871858838578345 6.157972479822243 3012.27197265625 0.532958984375 6.691779765979281 12349
1200 17.4 6.688396585398707 6.337637231297225 3012.27197265625 0.532958984375 6.693826938208011 12491
1210 19.2 6.603496551513672 5.871534752442689 3012.27197265625 0.532958984375 6.693752332492352 12665
1220 19.3 7.4648348951586785 6.510216976756481 3012.27197265625 0.532958984375 6.692404497853797 12857
1230 20 6.9905908203125 6.412171522396024 3012.27197265625 0.532958984375 6.703828181124282 13050
1240 18.9 7.131170686590608 6.5193276311470125 3012.27197265625 0.532958984375 6.708156673791275 13250
1250 21 5.830764043898809 5.2736790629066865 3012.27197265625 0.532958984375 6.714105750985937 13439
1260 17.4 7.334510540140086 6.8004121749521875 3012.27197265625 0.532958984375 6.700514882901221 13649
1270 19.4 5.943631201675257 5.437900689019872 3012.27197265625 0.532958984375 6.708495440259216 13823
1280 17.3 25.01305658417631 227.7209078147108 3012.27197265625 0.532958984375 6.697909461641445 14017
1290 20.4 6.025214700137869 6.053555825535794 3012.27197265625 0.532958984375 6.92120195298736 14190
1300 19.3 6.825684858727329 5.864452859939583 3012.27197265625 0.532958984375 6.908503509220423 14394
1310 19.5 5.931139823717947 5.306373036825811 3012.27197265625 0.532958984375 6.907407739045255 14587
1320 21.2 7.748049178213441 7.14072872255961 3012.27197265625 0.532958984375 6.8945290863941375 14782
1330 17.4 24.37201699443247 227.49719482558223 3015.54296875 0.532958984375 6.906596997522969 14994
1340 16.4 6.161381419112042 5.839689964142977 3015.54296875 0.532958984375 7.106951894639415 15168
1350 16.6 6.982343926487199 6.116635752112297 3015.54296875 0.532958984375 7.096837522216607 15332
1360 22.3 6.417973129204036 5.94212824129707 3015.54296875 0.532958984375 7.0956111745013475 15498
1370 20.9 6.694210946845096 5.650659065527274 3015.54296875 0.532958984375 7.085998981631855 15721
1380 21.5 7.088634402252907 6.818955442156303 3015.54296875 0.532958984375 7.080858761966416 15930
1390 18.1 7.142850591332873 6.9250583309737825 3015.54296875 0.532958984375 7.080962308740129 16145
1400 18.5 23.126990076013502 221.23151129705874 3022.857177734375 0.532958984375 7.081648440012289 16326
1410 19.5 7.078469300881411 6.551357075456021 3022.857177734375 0.532958984375 7.261430900351471 16511
1420 20.1 6.300903927627488 6.5105766842340325 3022.857177734375 0.532958984375 7.2592952896788585 16706
1430 21.4 6.089804961302568 5.58491374409444 3022.857177734375 0.532958984375 7.24790138988751 16907
1440 18.6 6.917931997647849 6.732384100257719 3022.857177734375 0.532958984375 7.233426030053553 17121
1450 19.1 6.7946713432591626 6.269036483968509 3022.857177734375 0.532958984375 7.230035385226174 17307
1460 18.2 7.525696471497253 6.84788715133909 3022.857177734375 0.532958984375 7.225283154570344 17498
1470 21.1 6.614154833752962 5.588994058338543 3022.857177734375 0.532958984375 7.228375644597533 17680
1480 20.2 7.041157033183787 6.133783135858704 3022.857177734375 0.532958984375 7.221131745928471 17891
1490 22.3 6.630417075392375 6.524029204753551 3022.857177734375 0.532958984375 7.219122411270071 18093
1500 19.7 6.859777770066624 6.692531659605397 3022.857177734375 0.532958984375 7.21195483702347 18316
1510 17.8 8.557453969891151 7.480589172677906 3022.857177734375 0.532958984375 7.208207260607411 18513
1520 17.9 6.5031520054993015 6.161339722690915 3022.857177734375 0.532958984375 7.221056541772277 18691
1530 20.1 6.639268258317786 6.600350025366646 3022.857177734375 0.532958984375 7.214246530537891 18870
1540 18 7.588395182291669 6.7914221331293145 3022.857177734375 0.532958984375 7.2081865109942775 19071
1550 17.2 6.52037864507631 6.2372632522908384 3022.857177734375 0.532958984375 7.211741524283641 19251
1560 22.6 6.583049942961838 6.489500534366375 3022.857177734375 0.532958984375 7.205619173708361 19423
1570 18.3 6.474289190573771 6.312401538415073 3022.857177734375 0.532958984375 7.198458471069616 19649
1580 19.9 7.060808191347362 7.027485625010589 3022.857177734375 0.532958984375 7.191776191000498 19832
1590 19.5 6.15047075320513 5.88755179952 3022.857177734375 0.532958984375 7.190475076131995 20031
1600 19.7 7.271571125475888 6.866829229224995 3022.857177734375 0.532958984375 7.180448336145308 20226
1610 21.6 6.662805627893518 5.944256119950007 3022.857177734375 0.532958984375 7.181327305420053 20423
1620 17.7 6.819309730314266 6.408745049361867 3022.857177734375 0.532958984375 7.175900652852306 20639
1630 19.3 6.7847147729112685 6.897202496112709 3022.857177734375 0.532958984375 7.172868533651248 20816
1640 19.9 7.310719859060929 6.520140580626172 3022.857177734375 0.532958984375 7.169302743950509 21009
1650 20.4 7.522038478477327 6.389975247438303 3022.857177734375 0.532958984375 7.170629696322584 21208
1660 19.6 6.62528150908801 5.583459673116087 3022.857177734375 0.532958984375 7.17397769704926 21412
1670 18.2 6.551083072201237 5.982804923493582 3022.857177734375 0.532958984375 7.169000630553499 21608
1680 19.8 7.010996192392676 6.619928987288002 3022.857177734375 0.532958984375 7.163839501796265 21790
1690 18.3 6.7049687286543715 6.095703343038029 3022.857177734375 0.532958984375 7.162463161280443 21988
1700 18.3 6.415243180071721 5.927592332204122 3022.857177734375 0.532958984375 7.158686990554243 22171
1710 19.1 6.483034143897254 6.144630454150468 3022.857177734375 0.532958984375 7.152600821755894 22354
1720 16.9 6.907293014977812 6.006144244704184 3022.857177734375 0.532958984375 7.1469282896879855 22545
1730 18.4 5.97646829356318 5.506134130944923 3022.857177734375 0.532958984375 7.1451453205312525 22714
1740 21.3 8.08586643559272 7.114246913952722 3022.857177734375 0.532958984375 7.135754256990239 22898
1750 19.5 6.2047263120993605 6.238208485955768 3022.857177734375 0.532958984375 7.144510861812287 23111
1760 18.9 6.3645872085813515 5.791933458588276 3022.857177734375 0.532958984375 7.136647736986318 23306
1770 18.3 7.155354817708333 6.745183587725441 3022.857177734375 0.532958984375 7.130437077702703 23495
1780 18.4 7.078517747961956 6.25972133548684 3022.857177734375 0.532958984375 7.13062965927298 23678
1790 22.9 6.797918727824782 6.521885046630868 3022.857177734375 0.532958984375 7.130227824067163 23862
1800 25.8 6.821322182352228 6.46887573665006 3022.857177734375 0.532958984375 7.127069018577996 24091
1810 24.5 7.158074577487244 6.897979392416504 3022.857177734375 0.532958984375 7.123829350265283 24349
1820 25.8 6.5598229696584305 5.903346548442141 3022.857177734375 0.532958984375 7.1241704936608015 24594
1830 24.9 6.512527649661145 5.903421092739193 3022.857177734375 0.532958984375 7.118311743411621 24852
1840 23.5 8.112887508311168 6.830121876886299 3022.857177734375 0.532958984375 7.112302411538634 25101
1850 24 6.438232421875 6.608482245760386 3022.857177734375 0.532958984375 7.121583177947757 25336
1860 25.1 6.990969714890438 6.420762885393808 3022.857177734375 0.532958984375 7.11517075296115 25576
1870 25.4 6.253794752706692 6.524715904400965 3022.857177734375 0.532958984375 7.113963703727567 25827
1880 26.3 6.360318144011405 6.165887143835891 3022.857177734375 0.532958984375 7.105586612605321 26081
1890 23.2 6.860847210061961 6.546800946248361 3022.857177734375 0.532958984375 7.098146375464409 26344
1900 23.6 6.207982984639831 5.8899772514446465 3022.857177734375 0.532958984375 7.096074829469023 26576
1910 26.7 6.993906542602996 6.659914548529732 3022.857177734375 0.532958984375 7.088257819347447 26812
1920 21.1 7.031653815536138 7.211728098629779 3022.857177734375 0.532958984375 7.087327512065392 27079
1930 25.9 7.794552364864862 7.325888386468859 3022.857177734375 0.532958984375 7.08689705585551 27290
1940 23.4 6.360449636084402 6.304537765248305 3022.857177734375 0.532958984375 7.093550027833928 27549
1950 22.3 6.04920035734305 6.290107545058132 3022.857177734375 0.532958984375 7.087375550935486 27783
1960 25.5 7.311729281556373 6.784862742276873 3022.857177734375 0.532958984375 7.079108998476331 28006
1970 25.6 18.534075736999508 187.92186533055522 3022.857177734375 0.532958984375 7.08120793949701 28261
1980 24.6 7.231747014735772 7.038911112831109 3022.857177734375 0.532958984375 7.184021494785457 28517
1990 24.5 6.394100765306122 5.903154750975499 3022.857177734375 0.532958984375 7.184429674666129 28763
2000 26.2 7.307541708909829 6.495471368346776 3022.857177734375 0.532958984375 7.177754599418156 29008
2010 24.2 6.9589752953899815 6.874667001118962 3022.857177734375 0.528076171875 7.178916342591604 29270
2020 24.5 6.966107302295918 6.2246603655158514 3022.857177734375 0.528076171875 7.177112814080395 29512
2030 27.3 7.105405255551739 6.57666686723325 3022.857177734375 0.528076171875 7.175375530403035 29757
2040 26 6.23030724158654 6.7809347347883495 3022.857177734375 0.528076171875 7.174739436995297 30030
2050 24.9 19.618132686997992 189.99078600542302 3022.857177734375 0.528076171875 7.166632722871616 30290
2060 25.9 6.344550291083494 6.042499840236071 3022.857177734375 0.528076171875 7.2681561352645385 30539
2070 25.7 7.219833908377916 7.019770829825874 3022.857177734375 0.528076171875 7.260388945393674 30798
2080 27.4 7.403370209854015 6.960729051700009 3022.857177734375 0.528076171875 7.260053326507406 31055
2090 23.4 6.529219668135684 6.588986037093337 3022.857177734375 0.528076171875 7.261306760260062 31329
2100 23.4 6.30623789730235 5.689532359408086 3022.857177734375 0.528076171875 7.255879254016768 31563
2110 26.3 6.387283151140685 6.390860489701119 3022.857177734375 0.528076171875 7.248890667751675 31797
2120 24.1 18.91311835451246 193.23287371790605 3022.857177734375 0.528076171875 7.241822583632252 32060
2130 26.5 18.470422132959904 184.52409596438383 3022.857177734375 0.528076171875 7.328902930394957 32301
2140 25.2 6.650891500806051 6.581367353155038 3022.857177734375 0.528076171875 7.419565050049803 32566
2150 21.4 6.976175753869743 6.735032513903842 3022.857177734375 0.528076171875 7.413662626550217 32818
2160 24.5 6.912964365433673 6.357363938258599 3022.857177734375 0.528076171875 7.410828338866951 33032
2170 25.4 6.609793114849903 6.95105906414409 3022.857177734375 0.528076171875 7.407162843975851 33277
2180 26.9 7.466235986872676 6.556181376436236 3022.857177734375 0.528076171875 7.401122704666018 33531
2190 26.7 6.906448421406835 6.877839336997833 3022.857177734375 0.528076171875 7.401640913923816 33800
2200 26.3 7.189492113236692 5.8817475232743055 3022.857177734375 0.528076171875 7.397759844398997 34067
2210 25.5 6.762775735294118 6.295693788413621 3022.857177734375 0.528076171875 7.396164318232504 34330
2220 24.1 43.930114999351645 333.3333945565095 3022.857177734375 0.528076171875 7.391494256395023 34585
2230 22.6 7.228078116357854 7.304209498247772 3022.857177734375 0.528076171875 7.644345792576398 34826
2240 26.4 6.351433956261837 6.012323768567399 3022.857177734375 0.528076171875 7.641661880251127 35052
2250 23.6 7.236407781051378 6.72656596655854 3022.857177734375 0.528076171875 7.6320169552331985 35316
2260 24.8 19.18938519877772 190.58724016816868 3022.857177734375 0.528076171875 7.6293908367277155 35552
2270 26.8 17.93305992012593 184.25666779933437 3026.8349609375 0.528076171875 7.7094712445989 35800
2280 25.1 6.621575222547311 6.247676552161987 3026.8349609375 0.528076171875 7.785436692226749 36068
2290 25.5 6.712152458639705 6.412309936213756 3026.8349609375 0.528076171875 7.77739326512552 36319
2300 20.8 50.71769831730769 357.54949751473197 3026.8349609375 0.528076171875 7.769966229371873 36574
2310 26.8 6.233558768656715 6.178254682908541 3026.8349609375 0.528076171875 8.012833073868928 36782
2320 25.4 18.323954424520178 188.17280238971117 3026.8349609375 0.528076171875 7.999962749609902 37050
2330 28.8 6.671383327907987 6.5343091133419025 3026.8349609375 0.528076171875 8.070257996377734 37304
2340 25.8 6.275291265443315 5.9052999091112 3026.8349609375 0.528076171875 8.059540931456493 37592
2350 24.7 7.6460158622216605 7.585919508397859 3026.8349609375 0.528076171875 8.047378806916692 37850
2360 28.8 6.966931660970053 7.20285864979131 3026.8349609375 0.528076171875 8.044776590276545 38097
2370 24.2 6.037319214876033 6.647200351512731 3026.8349609375 0.528076171875 8.036689594323951 38385
2380 24.3 19.15268534593623 192.20132626660995 3026.8349609375 0.528076171875 8.02416344339775 38627
2390 28.5 17.411853241502204 177.5853233105073 3026.8349609375 0.528076171875 8.093734599104383 38870
2400 30.2 25.81693414347061 243.61603673807136 3026.8349609375 0.52490234375 8.161558984574524 39155
2410 31.7 6.60012153120071 6.556596090627465 3026.8349609375 0.52490234375 8.296691490796148 39457
2420 28.1 7.072639220974199 6.643677010355133 3026.8349609375 0.52490234375 8.283169776178765 39774
2430 31.9 7.0427667025862055 6.768468378661939 3026.8349609375 0.52490234375 8.27467747594128 40055
2440 27.9 27.628659484206956 253.10995738550295 3026.8349609375 0.52490234375 8.264943995565288 40374
2450 28.1 7.4886461576957295 6.8421840468672865 3026.8349609375 0.52490234375 8.397836441911954 40653
2460 31.5 6.438056485615079 5.757939295184516 3026.8349609375 0.52197265625 8.391595115145336 40934
2470 30.9 6.39552993527508 6.387043147659032 3026.8349609375 0.52197265625 8.37667682213697 41249
2480 30.3 6.629135887221533 5.958199484208535 3026.8349609375 0.52197265625 8.361946219412097 41558
2490 28.3 6.690867932862192 6.305991594224412 3026.8349609375 0.52197265625 8.349403720889518 41861
2500 30.9 6.735684194225325 6.609141728860366 3026.8349609375 0.52197265625 8.338266533436695 42144
2510 26.1 17.59729424838362 185.25988494606577 3026.8349609375 0.52197265625 8.326601917442153 42453
2520 28.6 6.974836442854021 6.247142662361736 3026.8349609375 0.52197265625 8.383249637121315 42714
2530 30.5 6.8882524334016395 6.224359064381484 3026.8349609375 0.52197265625 8.373882051689677 43000
2540 30.8 6.135299880783281 6.310504719501668 3026.8349609375 0.52197265625 8.363418663314711 43305
2550 27.6 6.704943670742753 6.684161933733829 3026.8349609375 0.52197265625 8.34768343333696 43613
2560 29.8 7.498533517722317 6.9228274627932 3026.8349609375 0.52197265625 8.33735291374262 43889
2570 31.4 6.036191903861466 6.373531873310438 3026.8349609375 0.52197265625 8.331695861215541 44187
2580 31.9 6.494200320826798 6.037400079694571 3026.8349609375 0.52197265625 8.315498736597911 44501
2590 29.3 7.008109135025599 6.257671736399054 3026.8349609375 0.52197265625 8.302535903161253 44820
2600 28 6.530504499162946 6.2869382278800074 3026.8349609375 0.52197265625 8.29412885767406 45113
2610 30.5 6.8719414382684425 6.342190502301618 3026.8349609375 0.52197265625 8.283250201925748 45393
2620 31.4 7.178411593103105 6.154232727540037 3026.8349609375 0.52197265625 8.27383077059581 45698
2630 27.2 6.201762479894302 5.926951628108523 3026.8349609375 0.52197265625 8.266355294160691 46012
2640 27.7 6.687504406870487 6.272951194979315 3026.8349609375 0.52197265625 8.254222175902104 46284
2650 27.2 6.757111493278954 6.119699604861133 3026.8349609375 0.52197265625 8.244901482145059 46561
2660 29.1 7.756319970199745 7.012612529047749 3026.8349609375 0.52197265625 8.236260590530778 46833
2670 29.3 6.7653025343963336 6.624620851099801 3026.8349609375 0.52197265625 8.23329686248315 47124
2680 29.3 7.753433800394625 6.97094437897309 3026.8349609375 0.52197265625 8.224225804885045 47417
2690 29 6.879811254040951 6.68213767529034 3026.8349609375 0.52197265625 8.221334543989725 47710
2700 30.1 6.724069994549418 6.747931333184624 3026.8349609375 0.52197265625 8.213229507446284 48000
2710 29.2 16.551964328713606 176.8830730442212 3032.028076171875 0.52197265625 8.203949430152193 48301
2720 27.4 6.638441099737682 6.482061356434086 3032.028076171875 0.52197265625 8.25411345275586 48593
2730 31.6 7.135694286491297 6.464854302122311 3032.028076171875 0.52197265625 8.2450542875784 48867
2740 29.4 6.555198202327808 6.007288016594897 3032.028076171875 0.52197265625 8.23792666705213 49183
2750 30.5 7.318640336834016 6.338710594785043 3032.028076171875 0.52197265625 8.227927633791648 49477
2760 26.3 6.486001366444867 5.799473651390925 3032.028076171875 0.52197265625 8.22235669197388 49782
2770 32.3 6.734536752612229 6.462766380760662 3032.028076171875 0.52197265625 8.213231675476445 50045
2780 28 6.276413399832588 5.9931768300313415 3032.028076171875 0.52197265625 8.203749098044641 50368
2790 29.5 17.562043994968207 175.42234364554176 3032.028076171875 0.52197265625 8.193094106820913 50648
2800 32.1 6.4271069107768675 6.31551548467926 3032.028076171875 0.52197265625 8.24734768860847 50943
2810 27.9 7.512418794802867 6.588079925199123 3032.028076171875 0.52197265625 8.235949879430802 51264
2820 28.6 7.350782274366256 6.825000674655029 3032.028076171875 0.52197265625 8.232033437380258 51543
2830 31.1 7.548159289590032 6.575284695784151 3032.028076171875 0.52197265625 8.22717056461362 51829
2840 26 7.803346604567311 6.464810885168934 3032.028076171875 0.52197265625 8.223120459003106 52140
2850 30.2 6.4969353075848515 6.224026190070255 3032.028076171875 0.52197265625 8.221037611633768 52400
2860 29.9 6.946292328595318 6.536353258808908 3032.028076171875 0.52197265625 8.211157931624989 52702
2870 27.5 7.303965731534092 6.705701613852431 3032.028076171875 0.52197265625 8.204022315027078 53001
2880 31.5 6.304802207341269 6.006767768950017 3032.028076171875 0.52197265625 8.199376403913996 53276
2890 27.8 6.267106529620052 6.23655583440552 3032.028076171875 0.52197265625 8.188240376000346 53591
2900 32.4 6.829375843942901 5.913518518560156 3032.028076171875 0.52197265625 8.178326042909074 53869
2910 29.9 6.876558743990385 6.135431178075588 3032.028076171875 0.52197265625 8.170261166182097 54193
2920 30.1 6.995982629516196 6.905560567980356 3032.028076171875 0.52197265625 8.16316256410775 54492
2930 29.4 7.310241284013605 6.904039364156977 3032.028076171875 0.52197265625 8.156750775004909 54793
2940 27.7 18.19625028203971 180.42541643009432 3032.028076171875 0.52197265625 8.152232943386716 55087
2950 26.7 6.01025664940309 6.077742781873757 3032.028076171875 0.52197265625 8.202485685291327 55364
2960 27.2 17.7961129581227 181.3421813883177 3032.028076171875 0.52197265625 8.191964120829388 55631
2970 28.2 6.570772211602393 6.132227815175035 3032.028076171875 0.52197265625 8.238693786209488 55903
2980 31 6.042133946572581 6.2976109317244235 3032.028076171875 0.52197265625 8.230322265625006 56185
2990 34.7 6.726765833258285 6.140117349701679 3032.028076171875 0.52197265625 8.218315214046878 56495
3000 35.3 7.441169025540016 6.594267128044082 3032.028076171875 0.52197265625 8.209209840641059 56842
3010 36.4 7.212935562972184 6.500089454930502 3032.028076171875 0.52197265625 8.20446959398085 57195
3020 34.7 7.008785544623557 6.323165168857123 3032.028076171875 0.52197265625 8.198199186446196 57559
3030 36 6.933367241753471 6.593238753598043 3032.028076171875 0.52197265625 8.191071660218993 57906
3040 36.1 6.54575235889889 5.875759723353114 3032.028076171875 0.52197265625 8.183300857509908 58266
3050 34.4 6.509016170058137 6.022789392739484 3032.028076171875 0.52197265625 8.173217533990051 58627
3060 32.9 16.0299239231098 165.0059405766754 3032.028076171875 0.52197265625 8.163509622148764 58971
3070 32.6 7.325023066046778 6.585129358841541 3032.028076171875 0.52197265625 8.207152966246845 59300
3080 30.9 6.285485721328883 6.339958961703329 3032.028076171875 0.52197265625 8.202329997282547 59626
3090 35.5 6.526044646786972 6.285012448495018 3032.028076171875 0.52197265625 8.19244754326954 59935
3100 32.9 7.645698524173632 6.719676223231598 3032.028076171875 0.52197265625 8.182635418070479 60290
3110 31 6.971547379032258 7.304431784501185 3032.028076171875 0.52197265625 8.179721278310799 60619
3120 32.9 25.060500866736323 234.6530391428505 3034.684814453125 0.52197265625 8.173574223398091 60929
3130 36.2 6.680905505438538 7.057003738614406 3034.684814453125 0.52197265625 8.264269297766473 61258
3140 35 6.930407366071429 6.343098923066612 3034.684814453125 0.52197265625 8.254967485159808 61620
3150 37.8 7.128769324570103 6.569996313499053 3034.684814453125 0.52197265625 8.24748650982205 61970
3160 33 15.55007250236741 165.87161983886682 3034.684814453125 0.52197265625 8.240704013253993 62348
3170 35.2 7.471205971457741 6.965059280242503 3034.684814453125 0.52197265625 8.279187876833038 62678
3180 35 7.2890380859375 7.308025456435561 3034.684814453125 0.52197265625 8.274675586960088 63030
3190 39.1 7.666655011189263 6.824569006236842 3034.684814453125 0.52197265625 8.26923265345807 63380
3200 32.3 6.512567573287537 6.247131859928664 3034.684814453125 0.52197265625 8.265538060961058 63771
3210 34.2 6.831009000365497 6.23744599090628 3034.684814453125 0.52197265625 8.256704013038965 64094
3220 36 7.006162516276041 6.3752774900198785 3034.684814453125 0.52197265625 8.249137005553486 64436
3230 34 6.813452866498162 6.185216554078259 3034.684814453125 0.52197265625 8.24223116543774 64796
3240 32 7.059626007080077 6.467117560996877 3034.684814453125 0.52197265625 8.234773160315543 65136
3250 35.7 6.492547214198178 6.374454664147991 3034.684814453125 0.52197265625 8.22902812412275 65456
3260 32.7 6.140763868979356 7.1915804232216205 3034.684814453125 0.52197265625 8.219608652516182 65813
3270 34.8 6.7182841684626435 6.2898091483537195 3034.684814453125 0.52197265625 8.209330723211426 66140
3280 35.6 6.5655743888254925 6.729070664428105 3034.684814453125 0.52197265625 8.201526544998025 66488
3290 37.5 6.336200520833331 6.615300257714195 3034.684814453125 0.52197265625 8.192813736554523 66844
3300 34.4 7.610860425372456 7.0921886670145495 3034.684814453125 0.52197265625 8.182456100233015 67219
3310 36.2 6.63526739468232 6.659876726670191 3034.684814453125 0.52197265625 8.179545795596573 67563
3320 32.6 6.756195630032592 6.130089730312545 3034.684814453125 0.52197265625 8.171315706805538 67925
3330 34.9 6.7556572069752905 6.388976147020838 3034.684814453125 0.52197265625 8.164556404450584 68251
3340 34.9 7.361600247358524 6.674128339255412 3034.684814453125 0.52197265625 8.157388681128152 68600
3350 36.5 6.228124331121576 5.998288982205889 3034.684814453125 0.52197265625 8.153360629040586 68949
3360 32.5 6.70324293870192 6.232980472666329 3034.684814453125 0.52197265625 8.14322254367918 69314
3370 33.6 7.233907063802083 6.832443284180062 3034.684814453125 0.52197265625 8.136502266655995 69639
3380 35.4 6.98037978350106 6.365828794081104 3034.684814453125 0.52197265625 8.132168261823427 69975
3390 37.7 7.114806319421419 7.070805376726017 3034.684814453125 0.52197265625 8.126370751247048 70329
3400 33.4 7.220543044769834 7.289297825270083 3034.684814453125 0.52197265625 8.120977152531264 70706
3410 36.1 15.322668693732687 158.48469333021708 3034.684814453125 0.52197265625 8.116743692621462 71040
3420 37.3 7.155734228384718 6.4803909263632224 3034.684814453125 0.52197265625 8.153176500640974 71401
3430 33.4 7.407354480492139 6.320799771419967 3034.684814453125 0.52197265625 8.147992924867692 71774
3440 37.1 7.427446144289084 7.156956389257267 3034.684814453125 0.52197265625 8.144562331307734 72108
3450 32.9 7.116751905632599 6.28437510725815 3034.684814453125 0.52197265625 8.140891611438752 72479
3460 34.8 7.286162277747845 6.5734460822139615 3034.684814453125 0.52197265625 8.136263796319394 72808
3470 35.9 6.748379423093666 6.432765916148399 3034.684814453125 0.52197265625 8.132219899325806 73156
3480 33.9 7.339934492533186 6.134518761471976 3034.684814453125 0.52197265625 8.125462112058347 73515
3490 33 7.368598336884471 6.566430337112961 3034.684814453125 0.52197265625 8.121856432433425 73854
3500 35.2 6.466215653852985 6.168989987794511 3034.684814453125 0.52197265625 8.118505640193439 74184
3510 33.8 6.636080950674926 6.062980745076793 3034.684814453125 0.52197265625 8.110702617825833 74536
3520 35.3 7.347840219989376 7.227398881796597 3034.684814453125 0.52197265625 8.104045806068788 74874
3530 34.7 6.553322563940925 5.789873796457444 3034.684814453125 0.52197265625 8.100497338472234 75227
3540 36.3 6.92152324918216 6.124260985984697 3034.684814453125 0.52197265625 8.09339344498026 75574
3550 35.6 6.723864608936095 6.505892109509284 3034.684814453125 0.52197265625 8.087791579208966 75937
3560 33.8 14.775301058616867 163.31782885949016 3034.684814453125 0.52197265625 8.08142719451552 76293
3570 35.3 6.745133094679533 7.121577153484862 3034.684814453125 0.52197265625 8.110952182654344 76631
3580 32.1 7.032917153426792 6.569472468695978 3034.684814453125 0.52197265625 8.104689398984295 76984
3590 37.2 14.095915107316868 155.87785376805834 3034.684814453125 0.52197265625 8.100238989685751 77305
3600 36.5 14.946044252996574 157.1150786418291 3034.684814453125 0.52197265625 8.128952656739818 77677
3610 39.6 7.424812702217489 6.543109976155161 3034.684814453125 0.52197265625 8.160835981521778 78042
3620 36.6 6.811231269211065 6.0271055245794765 3034.684814453125 0.52197265625 8.157120113975378 78438
3630 40.2 14.560618538168535 149.6800596368031 3034.684814453125 0.52197265625 8.150869221670625 78804
3640 39.2 7.413434087013713 6.7102774899101805 3034.684814453125 0.52197265625 8.183401090787008 79206
3650 38.2 7.771217865469568 7.410523723119267 3034.684814453125 0.52197265625 8.179609198208311 79598
3660 39.9 7.1152423294564535 6.870250421076811 3034.684814453125 0.52197265625 8.177658641955421 79980
3670 38.9 6.939787013978149 6.188061111320747 3034.684814453125 0.52197265625 8.172384825303222 80379
3680 40.3 6.914617420130273 7.078023612711516 3034.684814453125 0.52197265625 8.166448309002144 80768
3690 38.7 6.7942941749434755 6.712990889190281 3034.684814453125 0.52197265625 8.16023318478025 81171
3700 40.7 6.605328384136976 6.399265457690041 3034.684814453125 0.52197265625 8.153751682085153 81558
3710 42.7 14.020746807303873 145.38168451222253 3034.684814453125 0.52197265625 8.146062933445307 81965
3720 37.7 7.455279524825926 7.2550073774761215 3034.684814453125 0.52197265625 8.176508729325217 82392
3730 39 6.614590845352564 6.280815087730673 3034.684814453125 0.52197265625 8.173223641791283 82769
3740 36.5 6.989812981592466 6.594060833348395 3034.684814453125 0.52197265625 8.165913948425429 83159
3750 45 7.079440646701389 6.649742485987853 3034.684814453125 0.52197265625 8.16077438551065 83524
3760 49.7 6.693489059356136 5.991183658293131 3034.684814453125 0.52197265625 8.15497973261256 83974
3770 44.4 6.410298665364583 6.541650949640534 3034.684814453125 0.52197265625 8.14638079493444 84471
3780 44.6 6.72715205034333 6.534168870422888 3034.684814453125 0.52197265625 8.137303241315776 84915
3790 37.3 6.116315662701072 5.874846319275768 3034.684814453125 0.52197265625 8.129935386778296 85361
3800 41.1 6.775818316605839 6.6225538226190235 3034.684814453125 0.52197265625 8.121174799880674 85734
3810 41.5 6.694049439947289 6.5548346074709025 3034.684814453125 0.52197265625 8.114756069662716 86145
3820 38.8 7.101393237556378 6.070199815220541 3034.684814453125 0.52197265625 8.107944687369141 86560
3830 39.8 6.75584342611495 6.530201823739244 3034.684814453125 0.52197265625 8.103453014616147 86948
3840 36.4 7.207051371480085 6.791770381634482 3034.684814453125 0.52197265625 8.09731250885488 87346
3850 40.2 6.846711267879355 6.535532568713461 3034.684814453125 0.52197265625 8.09361788960959 87710
3860 39.2 7.331087696308995 6.654222304392873 3034.684814453125 0.52197265625 8.087929033813154 88112
3870 38 7.0619057103207235 6.388799731360854 3034.684814453125 0.52197265625 8.084576848552583 88504
3880 38.5 6.951312652191558 6.803507099035264 3034.684814453125 0.52197265625 8.080204688967864 88884
3890 37.2 6.94557829826109 6.202819772385746 3034.684814453125 0.52197265625 8.07533599508579 89269
3900 42.2 6.898835530213269 6.637146494019517 3034.684814453125 0.52197265625 8.070647628565796 89641
3910 39.3 7.317590922193066 6.639044300942016 3034.684814453125 0.52197265625 8.065156975295254 90063
3920 39.1 4.887463659886506 5.802038108682363 3034.684814453125 0.52197265625 8.061909059636047 90456
3930 41.8 13.903724487888757 146.89674110122692 3034.684814453125 0.52197265625 8.04824643840142 90847
3940 48.9 12.97487148916794 135.55068647288388 3034.684814453125 0.52197265625 8.07506493207025 91265
3950 48 7.1252588907877605 6.683813972003947 3034.684814453125 0.52197265625 8.101178293955517 91754
3960 44.5 6.890767095330056 6.489830607848176 3034.684814453125 0.52197265625 8.09609945845537 92234
3970 42.8 6.573225645261393 6.351023900581707 3034.684814453125 0.52197265625 8.09031203194461 92679
3980 43.1 6.831736128734051 6.3673534134699485 3034.684814453125 0.52197265625 8.083338195675582 93107
3990 40.8 7.868980856502753 7.1836852845628165 3034.684814453125 0.52197265625 8.077571122498352 93538
4000 41.3 14.51000089853208 147.6886992820725 3034.684814453125 0.52197265625 8.076665231576692 93946
4010 40.3 14.292567099294358 150.45863090459736 3034.684814453125 0.52197265625 8.104823304791251 94359
4020 37.8 7.372074833622685 6.87486080726562 3034.684814453125 0.52197265625 8.131138291275125 94762
4030 41.2 6.735141791186284 6.48598026702079 3034.684814453125 0.52197265625 8.12812246210766 95140
4040 40.9 7.195797199724939 6.663610312744891 3034.684814453125 0.52197265625 8.122116224285117 95552
4050 40.5 7.289241536458334 6.749265764226456 3034.684814453125 0.52197265625 8.118168115354976 95961
4060 38.7 7.365907496568153 6.887836482767765 3034.684814453125 0.52197265625 8.114684363155517 96366
4070 38.7 6.420118701550385 6.342207354887693 3034.684814453125 0.52197265625 8.111689348557837 96753
4080 35.8 7.061449104181218 7.00709124475966 3034.684814453125 0.52197265625 8.104950231403299 97140
4090 39.7 6.126351690412465 5.653819143812312 3034.684814453125 0.52197265625 8.101118630718716 97498
4100 39.4 14.08992306472081 151.00924826415797 3034.684814453125 0.52197265625 8.093110229111875 97895
4110 36.2 7.063864354929211 6.966060518580274 3034.684814453125 0.52197265625 8.117148974619816 98289
4120 40 7.569065551757813 6.994695548466107 3034.684814453125 0.52197265625 8.113283945047607 98651
4130 43.3 6.620173007181003 6.387299008998756 3034.684814453125 0.52197265625 8.111086215016453 99051
4140 46 6.472417416779892 6.350166597267424 3034.684814453125 0.52197265625 8.10459707687371 99484
4150 41.5 7.079290992093376 6.826254754448291 3034.684814453125 0.52197265625 8.097084843586636 99944
4160 40.3 7.490268906056142 7.191232282453849 3034.684814453125 0.52197265625 8.092876108462036 100359
4170 39.1 7.296322405490729 6.653271009300849 3034.684814453125 0.52197265625 8.090465966716442 100762
4180 36.3 6.643724846117422 6.207310569134148 3034.684814453125 0.52197265625 8.087396259120629 101153
4190 43 7.656141556140988 7.325486223018027 3034.684814453125 0.52197265625 8.082233991863053 101516
4200 47.9 6.9851155768854385 6.728445371421521 3034.684814453125 0.52197265625 8.08043676835884 101946
4210 55.5 6.715810634853604 6.319937025739357 3034.684814453125 0.52197265625 8.075314397348679 102425
4220 71.7 7.945233503312396 7.375107278985091 3034.684814453125 0.52197265625 8.06798749321016 102980
4230 70.3 6.966961834881761 6.57290953096553 3034.684814453125 0.52197265625 8.067138726025412 103697
4240 61 6.828552446209017 6.530449253259009 3034.684814453125 0.52197265625 8.059730446767999 104400
4250 63.8 6.443018802654778 6.241388301591355 3034.684814453125 0.52197265625 8.05257856999111 105010
4260 65 16.24730431189903 166.44160601422422 3034.684814453125 0.52197265625 8.042858564581065 105648
4270 61 7.264071705302254 6.6938472804476525 3034.684814453125 0.52197265625 8.093027803285056 106298
4280 55 6.833902698863634 6.199717926684162 3034.684814453125 0.52197265625 8.088297911978797 106908
4290 57.1 7.159003957558013 7.192785601229979 3034.684814453125 0.52197265625 8.081877567591098 107458
4300 60.1 7.587065177828628 7.0138624606542725 3034.684814453125 0.52197265625 8.076999610456172 108029
4310 55.7 7.254454580200854 6.445632896433817 3034.684814453125 0.52197265625 8.074289027799363 108630
4320 49.2 6.730032571932164 6.858289727780538 3034.684814453125 0.52197265625 8.07010677361789 109187
4330 50.9 6.175816264274314 6.146534971140292 3034.684814453125 0.52197265625 8.06409544503877 109679
4340 44.2 7.089926050798925 6.647202691798381 3034.684814453125 0.52197265625 8.055372770128534 110188
4350 43.3 6.3401628807015005 5.996426270281844 3034.684814453125 0.52197265625 8.05151552119114 110630
4360 43.3 13.605898392393192 144.81856361585125 3034.684814453125 0.52197265625 8.044843490962062 111063
4370 46.7 7.076341257360814 6.637802874071037 3034.684814453125 0.52197265625 8.066440111220365 111496
4380 47.8 7.06417067779158 6.661433563881687 3034.684814453125 0.52197265625 8.062310388323047 111963
4390 46.1 6.954962144963395 7.099013944530264 3034.684814453125 0.52197265625 8.058067178269471 112441
4400 58.6 6.7111683087137335 6.207962160218032 3034.684814453125 0.52197265625 8.053562993929477 112902
4410 55.6 7.24796608026079 6.610933723627619 3034.684814453125 0.52197265625 8.046631483236396 113488
4420 56.3 11.976540384241776 127.65036486666165 3034.684814453125 0.52197265625 8.042737740785636 114044
4430 50.9 6.482663617387035 6.025755487289358 3034.684814453125 0.52197265625 8.062062309863142 114607
4440 57.7 6.895121503330809 6.3652918355751575 3034.684814453125 0.52197265625 8.055078798149129 115116
4450 55.3 7.598815586855786 7.070819214591435 3034.684814453125 0.52197265625 8.049293700009136 115693
4460 60.9 7.023860035662974 6.444312933722352 3034.684814453125 0.52197265625 8.047150706731314 116246
4470 56.6 7.460612698073101 7.076203929258934 3034.684814453125 0.52197265625 8.041817738362989 116855
4480 51.7 6.955391210559721 6.696927465219955 3034.684814453125 0.52197265625 8.03901617771537 117421
4490 50.3 19.37052489749006 189.4191498923432 3034.684814453125 0.52197265625 8.034265935147076 117938
4500 56.9 7.2288726109402495 6.639514278215224 3034.684814453125 0.52197265625 8.082409215413694 118441
4510 65.8 6.46362007859993 6.26483946464728 3034.684814453125 0.504150390625 8.078328362309371 119010
4520 66.6 15.990713491812134 164.46790178462783 3034.684814453125 0.504150390625 8.069449814571623 119668
4530 65 16.774230769230776 166.46261929850664 3034.684814453125 0.504150390625 8.113290803893362 120334
4540 53.6 17.95692284427472 183.65948783848089 3034.684814453125 0.504150390625 8.159822667424649 120984
4550 48.6 12.982565546231992 135.99900244987091 3034.684814453125 0.504150390625 8.203035683346238 121520
4560 43.3 6.762353064556868 6.237018300069552 3034.684814453125 0.504150390625 8.222074513513299 122006
4570 52.8 6.24177921179569 5.755283488004789 3034.684814453125 0.504150390625 8.216912274460398 122439
4580 59.4 6.936206547900884 6.6702738421571945 3034.684814453125 0.504150390625 8.208431379121917 122967
4590 58.8 6.8972014342846535 6.59243295688136 3034.684814453125 0.504150390625 8.20231535910148 123561
4600 53.4 7.571836321541438 6.909449921129608 3034.684814453125 0.504150390625 8.196134020646943 124149
4610 56.7 17.29299587673612 177.83504815896077 3034.684814453125 0.504150390625 8.193460240169072 124683
4620 48.9 6.886416694625511 6.414800052108896 3034.684814453125 0.504150390625 8.234653347601675 125250
4630 54.3 12.72862128438651 128.83917075662808 3034.684814453125 0.504150390625 8.229410044224796 125739
4640 61.1 6.799092643975044 6.668864290241906 3034.684814453125 0.504150390625 8.248756203641085 126282
4650 69 6.517393427309785 6.657695770365907 3034.684814453125 0.504150390625 8.241775957016323 126893
4660 59.3 7.402504314660624 6.556007600766212 3034.684814453125 0.504150390625 8.232450075468645 127583
4670 53.3 7.577477317366323 6.697541904663737 3034.684814453125 0.504150390625 8.228610371965967 128176
4680 55.9 12.29248352596713 127.38783518507586 3034.684814453125 0.504150390625 8.225913948886761 128709
4690 47.8 7.11135366272228 6.618473578398688 3034.684814453125 0.504150390625 8.24349921665286 129268
4700 50.6 6.49830886780509 6.305231317769468 3034.684814453125 0.504150390625 8.23932825512203 129746
4710 51 7.390090762867647 6.529550418860691 3034.684814453125 0.504150390625 8.232564782699477 130252
4720 55.1 7.202752364309211 6.539399697364185 3034.684814453125 0.504150390625 8.229278952335042 130762
4730 58.4 6.603194145307147 6.354788283832475 3034.684814453125 0.504150390625 8.224971563500715 131313
4740 57.9 6.9103072039615725 6.704554675646926 3034.684814453125 0.504150390625 8.217790823891587 131897
4750 53.1 6.406116665195384 6.3613226266434415 3034.684814453125 0.504150390625 8.212076332089755 132476
4760 54 7.213227900752315 6.3178454535042645 3034.684814453125 0.504150390625 8.204866451533688 133007
4770 61.4 11.92603095734934 121.21070892623219 3034.684814453125 0.504150390625 8.20085674096421 133547
4780 53.6 18.26776487435866 183.39316944787674 3034.684814453125 0.504150390625 8.217905339057998 134161
4790 13.8 6.548872353374094 6.445288703565297 3034.684814453125 0.504150390625 8.257896762110637 134697
4800 0.8 8.4127197265625 6.637910209433364 3034.684814453125 0.504150390625 8.256147621543233 134835
4810 0.1 16.2861328125 0.0 3034.684814453125 0.504150390625 8.256156910693136 134843
4820 0.1 0.81591796875 0.0 3034.684814453125 0.504150390625 8.25621646080958 134844
4830 0 0 0 3034.684814453125 0.504150390625 8.256161284136422 134845
4840 0 0 0 3034.684814453125 0.504150390625 8.256161284136422 134845
4850 0 0 0 3034.684814453125 0.504150390625 8.256161284136422 134845
4860 0 0 0 3034.684814453125 0.504150390625 8.256161284136422 134845
4870 0 0 0 3034.684814453125 0.504150390625 8.256161284136422 134845
4880 0 0 0 3034.684814453125 0.504150390625 8.256161284136422 134845
4890 0.1 0.946044921875 0.0 3034.684814453125 0.504150390625 8.256161284136422 134845
4892 0 0 0 3034.684814453125 0.504150390625 8.256107073285804 134846
