10 0.1 1
20 0.1 2
30 1.3 15
40 2 35
50 2.2 57
60 2.3 80
70 2.7 107
80 2.8 135
90 2.3 158
100 2.2 180
110 1.5 195
120 2.8 223
130 3.3 256
140 3.5 291
150 4.8 339
160 3.1 370
170 3.7 407
180 4 447
190 3.9 486
200 3.8 524
210 4.9 573
220 5.1 624
230 3 654
240 2.9 683
250 4 723
260 4.6 769
270 6 829
280 5.7 886
290 4.9 935
300 5.8 993
310 6.8 1061
320 6.5 1126
330 4.9 1175
340 5.3 1228
350 5.9 1287
360 5.5 1342
370 6.7 1409
380 7.2 1481
390 7.2 1553
400 8.4 1637
410 8.1 1718
420 8.7 1805
430 8 1885
440 8.3 1968
450 8.1 2049
460 7.7 2126
470 8.4 2210
480 8.5 2295
490 9.7 2392
500 10.9 2501
510 10.5 2606
520 10.2 2708
530 11.2 2820
540 10.6 2926
550 9.4 3020
560 11 3130
570 9.1 3221
580 10.3 3324
590 11.3 3437
600 9.9 3536
610 11.1 3647
620 11.2 3759
630 11.3 3872
640 12.6 3998
650 9.8 4096
660 13.9 4235
670 15.9 4394
680 15.6 4550
690 14.5 4695
700 12.8 4823
710 14 4963
720 11.6 5079
730 14.3 5222
740 14.2 5364
750 14 5504
760 16.7 5671
770 13.7 5808
780 14.5 5953
790 16.3 6116
800 14.9 6265
810 14.7 6412
820 15.3 6565
830 15.9 6724
840 15.3 6877
850 12.2 6999
860 18.8 7187
870 13.5 7322
880 17.5 7497
890 12.8 7625
900 16.3 7788
910 15.7 7945
920 13.6 8081
930 15.7 8238
940 15.6 8394
950 15.2 8546
960 12.5 8671
970 11.8 8789
980 13.2 8921
990 15.9 9080
1000 15.7 9237
1010 16.3 9400
1020 15.1 9551
1030 15.2 9703
1040 15 9853
1050 16 10013
1060 15.9 10172
1070 14.3 10315
1080 14.6 10461
1090 13.8 10599
1100 15.6 10755
1110 15.7 10912
1120 14.9 11061
1130 15.9 11220
1140 14.9 11369
1150 13.7 11506
1160 13.4 11640
1170 12.8 11768
1180 16.3 11931
1190 14.4 12075
1200 15.1 12226
1210 14.5 12371
1220 15.8 12529
1230 18.9 12718
1240 21.1 12929
1250 20.9 13138
1260 18.6 13324
1270 21.2 13536
1280 18.3 13719
1290 17.9 13898
1300 18.3 14081
1310 19.4 14275
1320 21.5 14490
1330 19.2 14682
1340 19.9 14881
1350 16.8 15049
1360 16.7 15216
1370 17.8 15394
1380 22.1 15615
1390 21.2 15827
1400 17.6 16003
1410 20.8 16211
1420 20.5 16416
1430 20.3 16619
1440 20 16819
1450 20.3 17022
1460 16.6 17188
1470 19.9 17387
1480 16.3 17550
1490 21.4 17764
1500 23.6 18000
1510 18.3 18183
1520 20.9 18392
1530 18.3 18575
1540 19.3 18768
1550 17.5 18943
1560 19.5 19138
1570 19.7 19335
1580 19.4 19529
1590 20.6 19735
1600 18.8 19923
1610 18.7 20110
1620 20.8 20318
1630 18.8 20506
1640 20 20706
1650 18.9 20895
1660 20.6 21101
1670 19.4 21295
1680 19.4 21489
1690 17 21659
1700 18.1 21840
1710 20.7 22047
1720 18.5 22232
1730 17.7 22409
1740 18.8 22597
1750 19.7 22794
1760 20.7 23001
1770 18.3 23184
1780 19.5 23379
1790 17.9 23558
1800 19.9 23757
1810 23.7 23994
1820 26.4 24258
1830 25.6 24514
1840 23.5 24749
1850 25.1 25000
1860 24.6 25246
1870 26 25506
1880 22.9 25735
1890 25.3 25988
1900 25 26238
1910 23.1 26469
1920 24.1 26710
1930 25.8 26968
1940 24.6 27214
1950 24 27454
1960 20.7 27661
1970 28.3 27944
1980 24.4 28188
1990 23.4 28422
2000 23.5 28657
2010 28.1 28938
2020 25 29188
2030 23.2 29420
2040 24.9 29669
2050 25.4 29923
2060 26.7 30190
2070 25.3 30443
2080 25.5 30698
2090 26.1 30959
2100 25.8 31217
2110 25.8 31475
2120 25.9 31734
2130 23.4 31968
2140 23.6 32204
2150 25.6 32460
2160 24.1 32701
2170 23.8 32939
2180 24.6 33185
2190 26.5 33450
2200 26.1 33711
2210 25.1 33962
2220 27.5 34237
2230 24.3 34480
2240 23.1 34711
2250 25.8 34969
2260 23.5 35204
2270 26.5 35469
2280 24.3 35712
2290 26.6 35978
2300 22.2 36200
2310 26.5 36465
2320 25.3 36718
2330 27.2 36990
2340 25 37240
2350 24.4 37484
2360 27.2 37756
2370 27.5 38031
2380 23.1 38262
2390 25.6 38518
2400 28.5 38803
2410 30.3 39106
2420 28.2 39388
2430 31.9 39707
2440 29.1 39998
2450 29.7 40295
2460 28.9 40584
2470 29.5 40879
2480 30.3 41182
2490 32.6 41508
2500 27.4 41782
2510 28.3 42065
2520 27.2 42337
2530 28.6 42623
2540 31.2 42935
2550 29.5 43230
2560 29.6 43526
2570 30.8 43834
2580 30.8 44142
2590 32 44462
2600 29.9 44761
2610 27.4 45035
2620 29.8 45333
2630 30.3 45636
2640 28.4 45920
2650 28.9 46209
2660 27.6 46485
2670 29.2 46777
2680 26.6 47043
2690 31.3 47356
2700 27.4 47630
2710 30 47930
2720 26.8 48198
2730 33.1 48529
2740 29.3 48822
2750 30.7 49129
2760 29.1 49420
2770 28.2 49702
2780 28 49982
2790 29.3 50275
2800 29.2 50567
2810 29.9 50866
2820 31 51176
2830 29.5 51471
2840 29.5 51766
2850 28.8 52054
2860 27.5 52329
2870 29.1 52620
2880 28.4 52904
2890 30.9 53213
2900 29.6 53509
2910 30.8 53817
2920 30.5 54122
2930 30.2 54424
2940 28.8 54712
2950 26.7 54979
2960 28.5 55264
2970 28 55544
2980 27.6 55820
2990 30.3 56123
3000 34.4 56467
3010 34.3 56810
3020 34.2 57152
3030 36.6 57518
3040 33.2 57850
3050 36.7 58217
3060 34.2 58559
3070 37.7 58936
3080 31.8 59254
3090 34.6 59600
3100 29.7 59897
3110 31.6 60213
3120 34 60553
3130 32.1 60874
3140 37.1 61245
3150 33.1 61576
3160 35.9 61935
3170 31.5 62250
3180 37.2 62622
3190 35.2 62974
3200 36 63334
3210 37.1 63705
3220 33.8 64043
3230 34.7 64390
3240 35.5 64745
3250 31.7 65062
3260 34.6 65408
3270 33.1 65739
3280 34.4 66083
3290 35.6 66439
3300 36 66799
3310 37.3 67172
3320 32.8 67500
3330 34.5 67845
3340 37.6 68221
3350 34.5 68566
3360 33 68896
3370 33.7 69233
3380 35.1 69584
3390 34.2 69926
3400 35.8 70284
3410 34.5 70629
3420 37.4 71003
3430 36.6 71369
3440 33.9 71708
3450 33.6 72044
3460 36.4 72408
3470 32.1 72729
3480 35.3 73082
3490 38.4 73466
3500 33.4 73800
3510 34 74140
3520 33.2 74472
3530 32.9 74801
3540 36.4 75165
3550 34.3 75508
3560 36 75868
3570 38.9 76257
3580 32 76577
3590 32.3 76900
3600 36.2 77262
3610 36.1 77623
3620 38.7 78010
3630 37.8 78388
3640 38.8 78776
3650 41.9 79195
3660 35.7 79552
3670 37.9 79931
3680 38.8 80319
3690 36.6 80685
3700 39.6 81081
3710 38.7 81468
3720 42.6 81894
3730 35 82244
3740 37.7 82621
3750 36.3 82984
3760 41.2 83396
3770 42 83816
3780 40.1 84217
3790 38.2 84599
3800 40.5 85004
3810 37.3 85377
3820 40.3 85780
3830 37.2 86152
3840 37.2 86524
3850 40.8 86932
3860 39.3 87325
3870 38.6 87711
3880 38.9 88100
3890 36.6 88466
3900 40.9 88875
3910 38.8 89263
3920 38.7 89650
3930 35.3 90003
3940 40.3 90406
3950 41.9 90825
3960 40.4 91229
3970 41.1 91640
3980 39.7 92037
3990 38.4 92421
4000 38.9 92810
4010 40.8 93218
4020 36.4 93582
4030 38.1 93963
4040 41.9 94382
4050 39.1 94773
4060 40.1 95174
4070 36.5 95539
4080 40.1 95940
4090 35.8 96298
4100 38.5 96683
4110 35.5 97038
4120 37.7 97415
4130 39.5 97810
4140 36.9 98179
4150 43.3 98612
4160 39.2 99004
4170 39 99394
4180 37.8 99772
4190 37.6 100148
4200 39.7 100545
4210 40.9 100954
4220 44.1 101395
4230 48.5 101880
4240 45.2 102332
4250 43.2 102764
4260 46.2 103226
4270 45.6 103682
4280 43.7 104119
4290 43.3 104552
4300 44.3 104995
4310 43.1 105426
4320 44.6 105872
4330 43.3 106305
4340 43 106735
4350 42.7 107162
4360 38.6 107548
4370 39.9 107947
4380 42.2 108369
4390 43.6 108805
4400 44 109245
4410 41.2 109657
4420 44.7 110104
4430 43.5 110539
4440 46 110999
4450 41.8 111417
4460 44 111857
4470 43.7 112294
4480 43.3 112727
4490 43.2 113159
4500 43.3 113592
4510 42.4 114016
4520 45.9 114475
4530 48 114955
4540 45.4 115409
4550 44.7 115856
4560 39.8 116254
4570 41.2 116666
4580 44.5 117111
4590 43.7 117548
4600 45.5 118003
4610 43 118433
4620 43.6 118869
4630 40 119269
4640 42.4 119693
4650 46.9 120162
4660 46.6 120628
4670 43.3 121061
4680 46.8 121529
4690 42 121949
4700 40.8 122357
4710 41.8 122775
4720 42.7 123202
4730 45.4 123656
4740 43.6 124092
4750 44.2 124534
4760 42.9 124963
4770 42.2 125385
4780 43.6 125821
4790 39.5 126216
4800 24.1 126457
4810 22.9 126686
4820 6.1 126747
4830 1.6 126763
4840 0.1 126764
4850 0 126764
4860 0 126764
4870 0 126764
4880 0 126764
4890 0.1 126765
4892 0 126765
