110 0.2 2
120 0 2
130 0 2
140 0 2
150 0 2
160 0 2
170 0 2
180 0 2
190 0 2
200 0 2
210 0 2
220 0 2
230 0.2 4
240 0 4
250 0 4
260 0 4
270 0 4
280 0 4
290 0 4
300 0 4
310 0 4
320 0 4
330 0 4
340 0 4
350 0.2 6
360 0 6
370 0 6
380 0 6
390 0 6
400 0 6
410 0 6
420 0 6
430 0 6
440 0 6
450 0 6
460 0.1 7
470 0.1 8
480 0 8
490 0 8
500 0 8
510 0 8
520 0 8
530 0 8
540 0 8
550 0 8
560 0 8
570 0 8
580 0.1 9
590 0.1 10
600 0 10
610 0 10
620 0 10
630 0 10
640 0 10
650 0 10
660 0 10
670 0 10
680 0 10
690 0 10
700 0 10
710 0 10
720 0 10
730 0 10
740 0 10
750 0 10
760 0 10
770 0 10
780 0 10
790 0 10
800 0 10
810 0 10
820 0 10
830 0 10
840 0 10
850 0 10
860 0 10
870 0 10
880 0 10
890 0 10
900 0 10
910 0 10
920 0 10
930 0 10
940 0 10
950 0 10
960 0 10
970 0 10
980 0 10
990 0 10
1000 0 10
1010 0 10
1020 0 10
1030 0 10
1040 0 10
1050 0 10
1060 0 10
1070 0 10
1080 0 10
1090 0 10
1100 0 10
1110 0 10
1120 0 10
1130 0 10
1140 0 10
1150 0 10
1160 0 10
1170 0 10
1180 0.1 11
1190 0.1 12
1200 0 12
1210 0 12
1220 0 12
1230 0 12
1240 0 12
1250 0 12
1260 0 12
1270 0 12
1280 0 12
1290 0 12
1300 0 12
1310 0 12
1320 0 12
1330 0 12
1340 0 12
1350 0 12
1360 0 12
1370 0 12
1380 0 12
1390 0 12
1400 0 12
1410 0 12
1420 0 12
1430 0 12
1440 0 12
1450 0 12
1460 0 12
1470 0 12
1480 0 12
1490 0 12
1500 0 12
1510 0 12
1520 0 12
1530 0 12
1540 0 12
1550 0 12
1560 0 12
1570 0 12
1580 0 12
1590 0 12
1600 0 12
1610 0 12
1620 0 12
1630 0 12
1640 0 12
1650 0 12
1660 0 12
1670 0 12
1680 0 12
1690 0 12
1700 0 12
1710 0 12
1720 0 12
1730 0 12
1740 0 12
1750 0 12
1760 0 12
1770 0 12
1780 0.1 13
1790 0.1 14
1800 0 14
1810 0 14
1820 0 14
1830 0 14
1840 0 14
1850 0 14
1860 0 14
1870 0 14
1880 0 14
1890 0 14
1900 0 14
1910 0 14
1920 0 14
1930 0 14
1940 0 14
1950 0 14
1960 0 14
1970 0 14
1980 0 14
1990 0 14
2000 0 14
2010 0 14
2020 0 14
2030 0 14
2040 0 14
2050 0 14
2060 0 14
2070 0 14
2080 0 14
2090 0 14
2100 0 14
2110 0 14
2120 0 14
2130 0 14
2140 0 14
2150 0 14
2160 0 14
2170 0 14
2180 0 14
2190 0 14
2200 0 14
2210 0 14
2220 0 14
2230 0 14
2240 0 14
2250 0 14
2260 0 14
2270 0 14
2280 0 14
2290 0 14
2300 0 14
2310 0 14
2320 0 14
2330 0 14
2340 0 14
2350 0 14
2360 0 14
2370 0 14
2380 0.2 16
2390 0 16
2400 0 16
2410 0 16
2420 0 16
2430 0 16
2440 0 16
2450 0 16
2460 0 16
2470 0 16
2480 0 16
2490 0 16
2500 0 16
2510 0 16
2520 0 16
2530 0 16
2540 0 16
2550 0 16
2560 0 16
2570 0 16
2580 0 16
2590 0 16
2600 0 16
2610 0 16
2620 0 16
2630 0 16
2640 0 16
2650 0 16
2660 0 16
2670 0 16
2680 0 16
2690 0 16
2700 0 16
2710 0 16
2720 0 16
2730 0 16
2740 0 16
2750 0 16
2760 0 16
2770 0 16
2780 0 16
2790 0 16
2800 0 16
2810 0 16
2820 0 16
2830 0 16
2840 0 16
2850 0 16
2860 0 16
2870 0 16
2880 0 16
2890 0 16
2900 0 16
2910 0 16
2920 0 16
2930 0 16
2940 0 16
2950 0 16
2960 0 16
2970 0 16
2980 0.2 18
2990 0 18
3000 0 18
3010 0 18
3020 0 18
3030 0 18
3040 0 18
3050 0 18
3060 0 18
3070 0 18
3080 0 18
3090 0 18
3100 0 18
3110 0 18
3120 0 18
3130 0 18
3140 0 18
3150 0 18
3160 0 18
3170 0 18
3180 0 18
3190 0 18
3200 0 18
3210 0 18
3220 0 18
3230 0 18
3240 0 18
3250 0 18
3260 0 18
3270 0 18
3280 0 18
3290 0 18
3300 0 18
3310 0 18
3320 0 18
3330 0 18
3340 0 18
3350 0 18
3360 0 18
3370 0 18
3380 0 18
3390 0 18
3400 0 18
3410 0 18
3420 0 18
3430 0 18
3440 0 18
3450 0 18
3460 0 18
3470 0 18
3480 0 18
3490 0 18
3500 0 18
3510 0 18
3520 0 18
3530 0 18
3540 0 18
3550 0 18
3560 0 18
3570 0 18
3580 0.2 20
3590 0 20
3600 0 20
3610 0 20
3620 0 20
3630 0 20
3640 0 20
3650 0 20
3660 0 20
3670 0 20
3680 0 20
3690 0 20
3700 0 20
3710 0 20
3720 0 20
3730 0 20
3740 0 20
3750 0 20
3760 0 20
3770 0 20
3780 0 20
3790 0 20
3800 0 20
3810 0 20
3820 0 20
3830 0 20
3840 0 20
3850 0 20
3860 0 20
3870 0 20
3880 0 20
3890 0 20
3900 0 20
3910 0 20
3920 0 20
3930 0 20
3940 0 20
3950 0 20
3960 0 20
3970 0 20
3980 0 20
3990 0 20
4000 0 20
4010 0 20
4020 0 20
4030 0 20
4040 0 20
4050 0 20
4060 0 20
4070 0 20
4080 0 20
4090 0 20
4100 0 20
4110 0 20
4120 0 20
4130 0 20
4140 0 20
4150 0 20
4160 0 20
4170 0 20
4180 0.2 22
4190 0 22
4200 0 22
4210 0 22
4220 0 22
4230 0 22
4240 0 22
4250 0 22
4260 0 22
4270 0 22
4280 0 22
4290 0 22
4300 0 22
4310 0 22
4320 0 22
4330 0 22
4340 0 22
4350 0 22
4360 0 22
4370 0 22
4380 0 22
4390 0 22
4400 0 22
4410 0 22
4420 0 22
4430 0 22
4440 0 22
4450 0 22
4460 0 22
4470 0 22
4480 0 22
4490 0 22
4500 0 22
4510 0 22
4520 0 22
4530 0 22
4540 0 22
4550 0 22
4560 0 22
4570 0 22
4580 0 22
4590 0 22
4600 0 22
4610 0 22
4620 0 22
4630 0 22
4640 0 22
4650 0 22
4660 0 22
4670 0 22
4680 0 22
4690 0 22
4700 0 22
4710 0 22
4720 0 22
4730 0 22
4740 0 22
4750 0 22
4760 0 22
4770 0 22
4780 0 22
4790 0 22
4800 0 22
4810 0 22
4820 0 22
4830 0 22
4840 0 22
4850 0 22
4860 0 22
4870 0 22
4880 0 22
4890 0 22
4892 0 22
