10 0.6 74.5821533203125 48.717423033479605 166.18896484375 30.881103515625 0 0
20 4.8 109.83859761555989 129.8817828536773 677.7958984375 27.212890625 74.5821533203125 6
30 6 102.63407389322917 68.343098251797 677.7958984375 27.212890625 105.92121491608796 54
40 9.9 130.38193458017682 87.8752021804348 677.7958984375 27.212890625 104.1911406935307 114
50 8.5 114.03037971047794 73.19182091417447 677.7958984375 27.212890625 116.36432658450708 213
60 10.4 109.16042856069711 76.64235978469985 677.7958984375 27.212890625 115.69860348285447 298
70 10.7 134.16225083966123 103.61680058628527 677.7958984375 20.263916015625 114.00713534378889 402
80 11.6 134.61209211678343 93.64374707643833 677.7958984375 17.9248046875 118.24406532032786 509
90 8.9 122.81815363851825 96.03396259873385 677.7958984375 17.9248046875 121.28197109375003 625
100 8 123.4759246826172 95.92358516546767 677.7958984375 17.9248046875 121.47345603280377 714
110 7.5 116.89153971354165 96.85973946890283 677.7958984375 17.9248046875 121.67521609827615 794
120 11.5 129.88172978940213 97.32582930029594 677.7958984375 17.9248046875 121.26235565080195 869
130 14.8 123.24937645164695 87.57452752951393 677.7958984375 17.9248046875 122.26970120561803 984
140 18.6 156.81311560189857 117.34197847193262 744.876220703125 17.9248046875 122.39778595509883 1132
150 16.5 143.06708836410985 101.28294601120191 744.876220703125 17.9248046875 127.25457754410091 1318
160 12.7 139.49606299212604 90.91138613203735 744.876220703125 17.9248046875 129.01389263870743 1483
170 17.1 137.93233021518643 104.32050359166031 744.876220703125 17.9248046875 129.8407470703125 1610
180 15.5 146.08402060231853 107.05633724713458 744.876220703125 17.9248046875 130.61764809096013 1781
190 15.5 130.79240171370967 100.74801604156774 744.876220703125 17.9248046875 131.855916551322 1936
200 17.2 154.2765573900799 106.39864092280307 744.876220703125 17.9248046875 131.77708116163768 2091
210 17 150.76224724264696 112.35470788233312 744.876220703125 17.9248046875 133.48716066287147 2263
220 16.3 146.89108032975454 106.24193179233107 744.876220703125 17.9248046875 134.69421562323393 2433
230 13.1 144.95434383945616 100.81410276767566 744.876220703125 17.9248046875 135.46004341489913 2596
240 14.5 138.6231058054957 108.95135367941131 744.876220703125 17.9248046875 135.91613192080928 2727
250 19.3 143.5590251072701 104.7039826803611 744.876220703125 17.9248046875 136.0528001705584 2872
260 22.9 154.35852423921943 120.63852418075011 788.20703125 17.9248046875 136.5254596853334 3065
270 22.3 148.54235128223087 106.3053262760324 788.20703125 17.9248046875 137.76522039657806 3294
280 20.6 151.15173102813998 114.69300417450066 788.20703125 17.9248046875 138.44855852211134 3517
290 20.7 182.44925531212266 139.74165752543308 788.20703125 17.9248046875 139.1514469283004 3723
300 26.6 155.52818998179046 123.88942482331161 788.20703125 17.9248046875 141.4320185149292 3930
310 26.9 168.78982577979792 131.9363918273336 788.20703125 17.9248046875 142.32562709695614 4196
320 22.7 168.93199554308913 130.4612276374241 788.20703125 17.9248046875 143.91999875332445 4465
330 21.7 158.53048045074885 120.88655940416952 788.20703125 17.9248046875 145.13008470201936 4692
340 22 159.79570978338066 116.71800595312789 788.20703125 17.9248046875 145.7224427948029 4909
350 23.8 158.49819561613717 120.68367928125198 788.20703125 17.9248046875 146.32609238292673 5129
360 25 169.16393554687502 131.35137904025945 788.20703125 17.9248046875 146.86586517396532 5367
370 29.9 195.09721532713206 159.6816929519493 1117.77197265625 17.9248046875 147.85830198956572 5617
380 30.4 196.54579805072981 157.5253245710413 1117.77197265625 17.9248046875 150.24579946893223 5916
390 30.1 170.00322573842408 133.39124419348676 1117.77197265625 17.9248046875 152.50869329029342 6220
400 35.9 230.95386966290897 184.91013643289887 1117.77197265625 17.9248046875 153.31621579710026 6521
410 33 166.6787175958806 129.35697691651544 1117.77197265625 17.630126953125 157.36736663108647 6880
420 34.6 214.59026852646312 169.10852169008334 1117.77197265625 17.630126953125 157.79354496928096 7210
430 27.5 170.08904563210223 133.40053861427455 1117.77197265625 17.630126953125 160.39434782142297 7556
440 34.3 195.84946559538994 151.45606520123872 1117.77197265625 17.630126953125 160.73479500542715 7831
450 32.3 191.46632673422977 152.68353819787416 1117.77197265625 17.630126953125 162.20828803360885 8174
460 34.8 178.98981063667372 150.0496074300975 1117.77197265625 17.630126953125 163.32048604470697 8497
470 35 188.31682896205362 210.65232982734807 3032.421875 17.630126953125 163.93698406144009 8845
480 36.2 195.2438776005697 152.51473140471225 3032.421875 17.54296875 164.86498250790171 9195
490 42.1 264.84975725115055 206.30644738159856 3032.421875 17.54296875 166.0156741500013 9557
500 43.2 246.25032212999133 185.39221092538793 3032.421875 17.54296875 170.18576324456774 9978
510 41.1 234.87491802577554 177.93594807196303 3032.421875 17.54296875 173.34233283520203 10410
520 43.5 230.53619342672414 174.6717594156412 3032.421875 17.54296875 175.67944516431447 10821
530 40.9 226.37653408656786 179.95485000668793 3032.421875 17.54296875 177.7994420987626 11256
540 43.7 248.18373900529153 189.94738078864717 3032.421875 17.54296875 179.50265946893083 11665
550 41.1 209.42377169346872 161.28434999621544 3032.421875 17.54296875 181.9827149768956 12102
560 42.2 294.9327334724895 214.5672576902321 3032.421875 17.54296875 182.88403954418655 12513
570 38.2 203.1646338657559 159.59591828835644 3032.421875 17.54296875 186.53959028541144 12935
580 42.9 226.1295163170163 181.84829353709867 3032.421875 17.54296875 187.01648197630965 13317
590 47 307.87212797124323 258.0121480868018 3064.39404296875 17.54296875 188.23716375516628 13746
600 49 361.5775400589922 257.76586610092147 3064.39404296875 17.54296875 192.19245590355936 14216
610 47.6 976.558537330948 599.9443433547942 4341.196044921875 17.54296875 197.83632175669158 14706
620 50.2 1571.1591792011645 1367.94354147659 10608.365966796875 17.54296875 222.25153547117887 15182
630 47.3 2354.714820006934 2266.348169211413 18012.69482421875 17.54296875 265.42621266784124 15684
640 55.9 2676.244956465229 1989.6429534256322 18012.69482421875 17.54296875 326.5906312648203 16157
650 52.4 2904.324458697371 1947.0406953465267 18012.69482421875 0.60107421875 405.1654558512661 16716
660 64.7 3040.8657007703855 2410.9584183734205 18012.69482421875 0.5419921875 481.12597310714534 17240
670 61.1 3308.6842730283356 2510.0802752982686 19291.01708984375 0.5419921875 573.7156529751006 17887
680 55.7 3482.146102165619 2581.1112564213954 20905.6689453125 0.5419921875 664.0533017399686 18498
690 56.4 3496.862919800671 2450.9576841219846 20905.6689453125 0.5419921875 746.429459695208 19055
700 56.6 3523.8442589857555 2047.7124965501396 20905.6689453125 0.5419921875 825.4979377776526 19619
710 53.6 3500.801403899691 2201.903546104383 20905.6689453125 0.5419921875 901.1612530020165 20185
720 52.3 3658.8401154323014 2019.229671876508 20905.6689453125 0.5419921875 968.4073859531845 20721
730 57.5 3533.6940378736417 2510.9462003762396 21066.712158203125 0.5419921875 1034.6423848948893 21244
740 56.6 3352.185344574731 2168.0881288747078 21066.712158203125 0.5419921875 1100.5003389928215 21819
750 64.6 2940.1785688370765 2618.022413802094 21066.712158203125 0.5419921875 1157.4337190758843 22385
760 58.1 3499.969083224641 2813.791490990178 22009.993896484375 0.5419921875 1207.4381988182197 23031
770 59 3324.5054621292365 2398.3623343991485 22009.993896484375 0.5419921875 1263.848517462982 23612
780 62.3 3169.374365547878 2480.5991100821984 22009.993896484375 0.5419921875 1314.0835227250716 24202
790 63.9 3154.8132931704818 2582.782567742035 22009.993896484375 0.537841796875 1360.64328889138 24825
800 57.7 3420.6067596911566 2524.0282754396503 22009.993896484375 0.537841796875 1405.6666407895243 25464
810 60.4 3305.650281489288 2526.0926371125233 22009.993896484375 0.537841796875 1450.3124089476687 26041
820 61.7 3242.1343434239493 2603.4100191420666 22380.893798828125 0.537841796875 1492.3699835400928 26645
830 62.8 3179.5432692606737 2555.1406114426836 22380.893798828125 0.537841796875 1531.9710623328572 27262
840 57.6 3483.923831515842 2332.7377348590803 22380.893798828125 0.537841796875 1569.0694971105793 27890
850 61 3133.8765612993075 2510.078909435076 22380.893798828125 0.537841796875 1607.8159348474383 28466
860 67.1 2928.3861740726256 2680.685645845692 22380.893798828125 0.537841796875 1639.831926804229 29076
870 62.1 3320.344139209692 2844.779556524526 22380.893798828125 0.537841796875 1668.8977115864623 29747
880 61.8 3224.0593806887123 2320.1265780439085 22380.893798828125 0.537841796875 1702.6683988742002 30368
890 57.3 3499.7363098038004 2509.661983309124 22380.893798828125 0.537841796875 1733.011767710493 30986
900 65.4 2906.4312370836915 2530.3504728076205 22380.893798828125 0.537841796875 1765.0892468010684 31559
910 57.4 3521.0767031147916 2410.191235337981 22380.893798828125 0.537841796875 1788.261185510435 32213
920 58.3 3209.8624625623133 2487.5639775659947 23894.5439453125 0.537841796875 1818.5974806001018 32787
930 62.1 3137.30545058688 2493.752072696889 23894.5439453125 0.537841796875 1842.9039679984826 33370
940 58 3391.341844440329 2611.030549128074 23894.5439453125 0.537841796875 1866.5520901686864 33991
950 56.5 3632.5907917934173 2426.785284448152 23894.5439453125 0.537841796875 1892.1335907754826 34571
960 51.2 3723.358528614044 2043.9529656971831 23894.5439453125 0.537841796875 1920.1207924653486 35136
970 53 3562.840666457842 2227.1250521300803 23894.5439453125 0.537841796875 1946.0200777242167 35648
980 60.4 3197.4916887093864 2391.7001454646406 23894.5439453125 0.537841796875 1969.7061552306798 36178
990 61.9 3307.7358370828697 2548.7701890503 23894.5439453125 0.537841796875 1989.867714205753 36782
1000 66.6 2912.2133066904817 2473.406574832073 23894.5439453125 0.537841796875 2011.678905565902 37401
1010 64.3 3133.9546934991017 2811.8886438782934 23894.5439453125 0.537841796875 2027.4341768283857 38067
1020 61.2 3399.75750293607 2489.02980139093 23894.5439453125 0.537841796875 2045.8142515434274 38710
1030 59.8 3107.101222009562 2385.9989628598164 24296.33984375 0.537841796875 2066.8867623478704 39322
1040 64.7 3238.280665873744 2634.2041271417406 24296.33984375 0.537841796875 2082.4691332616403 39920
1050 64.1 3138.334445995027 2634.433775931392 24296.33984375 0.537841796875 2100.9030835562157 40567
1060 58.1 3375.7026207508607 2376.5653722197435 24296.33984375 0.537841796875 2117.0405690765824 41208
1070 57.7 3465.1328954316505 2560.659582402787 24596.784912109375 0.537841796875 2134.539974470891 41789
1080 63.1 3126.0855095768125 2268.0429257568762 24596.784912109375 0.537841796875 2152.661867389608 42366
1090 55 3411.8118399325276 2500.8390545866455 24596.784912109375 0.537841796875 2166.9472900521223 42997
1100 64.4 2955.7427902695545 2489.4991284040148 24596.784912109375 0.537841796875 2182.6699690526098 43547
1110 61.3 3436.4495994978606 2722.368924983493 27950.882080078125 0.537841796875 2193.936038995895 44191
1120 64.1 2971.6767319130267 2346.1863233974045 27950.882080078125 0.537841796875 2210.935878576908 44804
1130 61.6 3316.1984126103384 2749.6485809275105 27950.882080078125 0.537841796875 2221.666099437035 45445
1140 54.7 3612.271334409278 2386.505206421143 27950.882080078125 0.537841796875 2236.303903759884 46061
1150 55.4 3610.288411605229 2387.9139167959606 27950.882080078125 0.537841796875 2252.4525088183555 46608
1160 55.3 3358.682158485673 2547.2780107100775 27950.882080078125 0.537841796875 2268.4026612746534 47162
1170 58.3 3532.457613334852 2760.7578096416464 27950.882080078125 0.537841796875 2281.0386156277436 47715
1180 61.2 3225.83257777395 2497.9088786232414 27950.882080078125 0.537841796875 2296.1443607033834 48298
1190 57.8 3326.2824478941393 2564.459539011161 27950.882080078125 0.537841796875 2307.7773435054114 48910
1200 61.6 3363.780459713628 2555.8901427501814 27950.882080078125 0.537841796875 2319.673074800608 49488
1210 67 2942.842082191582 2484.1707491640964 27950.882080078125 0.537841796875 2332.509777441244 50104
1220 73.5 2700.6652506510404 2477.834258752161 27950.882080078125 0.537841796875 2340.563557804869 50774
1230 80.4 2541.263622682486 2615.181061650923 27950.882080078125 0.537841796875 2345.7019752511783 51509
1240 80.8 2365.459189839888 2558.62920464785 27950.882080078125 0.537841796875 2348.7075678292135 52313
1250 83.1 2422.043558095478 2675.9845331818174 27950.882080078125 0.537841796875 2348.962369331155 53121
1260 74.2 2637.904496596508 2519.0985034035193 27950.882080078125 0.537841796875 2350.0880081927944 53952
1270 79.9 2591.958588066627 2801.6680248179246 27950.882080078125 0.537841796875 2353.9926382142876 54694
1280 72 2729.665057712131 2575.23442892257 27950.882080078125 0.537841796875 2357.418922501171 55493
1290 74.9 2726.974071222572 2502.7998432437466 27950.882080078125 0.537841796875 2362.1868092418163 56213
1300 78.4 2506.214989798405 2615.9650799643787 27950.882080078125 0.537841796875 2366.9834396133547 56962
1310 81.5 2477.8789559768015 2693.0917682479803 27950.882080078125 0.537841796875 2368.8737443157597 57746
1320 81.1 2480.1966054518903 2628.3091498870763 27950.882080078125 0.537841796875 2370.3907820627887 58561
1330 76.8 2571.32859611511 2841.861349111128 29553.126953125 0.537841796875 2371.890689810019 59372
1340 77.1 2695.0061415141686 2995.90197894311 29553.126953125 0.537841796875 2374.4375523315075 60140
1350 61.3 3284.3700693948817 2564.6683574274543 29553.126953125 0.537841796875 2378.495249336315 60911
1360 74.9 2670.6928270897656 2374.108796941024 29553.126953125 0.537841796875 2387.5210159427756 61524
1370 83.3 2387.2243555625346 2393.8055184615923 29553.126953125 0.537841796875 2390.9269171607853 62273
1380 89.7 2227.637995521093 2690.1959105527712 29553.126953125 0.537841796875 2390.8780433007505 63106
1390 79.6 2512.781019661293 2660.0391589815654 29553.126953125 0.537841796875 2388.590239246904 64003
1400 69 2895.5315196161687 2639.18279966604 29553.126953125 0.537841796875 2390.1158162034903 64799
1410 82.5 2477.7958868963046 2513.087471910637 29553.126953125 0.537841796875 2395.4409369925506 65489
1420 81.7 2395.523274042324 2546.3099578634424 29553.126953125 0.537841796875 2396.465499432919 66314
1430 84.1 2289.1182598608407 2580.113365388395 29553.126953125 0.537841796875 2396.4540323291353 67131
1440 80.5 2569.658466978845 2624.278843945175 29553.126953125 0.537841796875 2395.1259945393713 67972
1450 79 2514.400836258905 2680.753296710371 29553.126953125 0.537841796875 2397.1688088568576 68777
1460 71.3 2721.0573435993397 2682.436969407189 29553.126953125 0.537841796875 2398.5000909539385 69567
1470 75.9 2821.562335309618 2832.5710003004147 29553.126953125 0.537841796875 2401.772477424288 70280
1480 77.2 2601.723216951204 2495.2795050240793 29553.126953125 0.537841796875 2406.257626457002 71039
1490 92.6 2049.586101490786 2497.0200759025365 29553.126953125 0.537841796875 2408.358967976568 71811
1500 86 2459.7162237123043 2758.355967768577 29553.126953125 0.537841796875 2403.7915033524314 72737
1510 77.2 2570.9077920073664 2761.0746853147616 29553.126953125 0.537841796875 2404.4449981893063 73597
1520 75.4 2702.7563576938633 2732.6289687587746 29553.126953125 0.537841796875 2406.172993413493 74369
1530 77.3 2576.604613784058 2528.517005972743 29553.126953125 0.537841796875 2409.149762933712 75123
1540 70.9 2678.629162787047 2648.2451641608245 29553.126953125 0.537841796875 2410.8552889127795 75896
1550 69.2 2944.314718081087 2666.230858583403 29553.126953125 0.537841796875 2413.33360856002 76605
1560 83.8 2414.179214659628 2474.064691564918 29553.126953125 0.537841796875 2418.08720737742 77297
1570 78.6 2563.513042265526 2698.6341867425317 29553.126953125 0.537841796875 2418.045294049238 78135
1580 84.2 2273.908042780861 2571.1576932607954 29553.126953125 0.537841796875 2419.494054836582 78921
1590 76.6 2763.2586915337324 2842.7315021230816 29553.126953125 0.537841796875 2417.9572091543623 79763
1600 74.9 2640.055028123436 2564.216190099657 29553.126953125 0.537841796875 2421.241751809836 80529
1610 83.5 2465.3097638706936 2545.3968517119797 29553.126953125 0.537841796875 2423.2581786899127 81278
1620 81 2397.0643012152764 2510.9664485899075 29553.126953125 0.537841796875 2423.6857976251113 82113
1630 73.4 2762.155542191756 2495.8508077842725 29553.126953125 0.537841796875 2423.425756236209 82923
1640 79.3 2525.2694281136714 2685.2143555595057 29553.126953125 0.537841796875 2426.397744986599 83657
1650 79.8 2489.0968473429675 2427.0568022047905 29553.126953125 0.537841796875 2427.3261670673537 84450
1660 84.1 2411.763106084181 2787.35200166494 29696.759033203125 0.537841796875 2427.9043976752264 85248
1670 74.5 2724.3660287332227 2760.3671287222633 29696.759033203125 0.537841796875 2427.7467140428453 86089
1680 76 2722.5872034976355 2594.131356862626 29696.759033203125 0.537841796875 2430.291585745684 86834
1690 74.2 2608.2950011713465 2449.3020606197456 29696.759033203125 0.537841796875 2432.827657502785 87594
1700 75.6 2665.3387092711455 2523.0915127541425 29696.759033203125 0.537841796875 2434.301538695074 88336
1710 75.9 2504.931819468461 2576.3598205045178 29696.759033203125 0.537841796875 2436.2620301079455 89092
1720 73.5 2703.2876953125 2602.71852623324 29696.759033203125 0.537841796875 2436.8421056788866 89851
1730 73.4 2837.628399009598 2653.4665868921757 29696.759033203125 0.537841796875 2439.0040016493535 90586
1740 77.9 2501.8426433754207 2580.238579588574 29696.759033203125 0.537841796875 2442.208012902775 91320
1750 82.8 2489.5550168539594 2604.219530407586 29696.759033203125 0.537841796875 2442.71241986852 92099
1760 79.1 2535.03364696093 2753.7751785481223 29696.759033203125 0.537841796875 2443.129797706005 92927
1770 73.9 2677.7407583358017 2552.2887692695926 29696.759033203125 0.537841796875 2443.905485885017 93718
1780 75.2 2600.6265589937198 2668.217959548842 29696.759033203125 0.537841796875 2445.7349349077585 94457
1790 84 2438.2234357561406 2850.664404101869 29696.759033203125 0.537841796875 2446.958332919634 95209
1800 89 2349.8082736240294 2639.549198652061 29696.759033203125 0.537841796875 2446.881941560876 96049
1810 99.3 1969.200363481874 2468.082610876738 29696.759033203125 0.52783203125 2445.990705170323 96939
1820 107.7 1850.1929678885938 2472.254459249059 29696.759033203125 0.52783203125 2441.1561995000966 97932
1830 99.9 2067.648772796235 2633.5701363158546 29696.759033203125 0.52783203125 2434.727820257345 99009
1840 98.5 1958.3337865839158 2545.5677009361634 29696.759033203125 0.507080078125 2431.060993919315 100008
1850 99.3 2015.7343722955234 2560.31507244143 29696.759033203125 0.507080078125 2426.450413985801 100993
1860 98.1 2120.453843982941 2668.101729236063 29696.759033203125 0.507080078125 2422.4514236400823 101986
1870 102.1 1953.9229617964154 2417.124737652245 29696.759033203125 0.507080078125 2419.574194764388 102967
1880 100.5 1941.8185857820274 2448.4003772634305 29696.759033203125 0.507080078125 2415.002225798158 103988
1890 101.4 2007.3215693186019 2663.7402309208305 29696.759033203125 0.507080078125 2410.472880430217 104993
1900 94.6 2128.400930779682 2537.371918982314 29696.759033203125 0.507080078125 2406.616574436583 106007
1910 99 2134.2223331952323 2590.3231784855643 29696.759033203125 0.507080078125 2404.1557552085164 106953
1920 98.2 2035.8050343189122 2426.928060050841 29696.759033203125 0.507080078125 2401.680058889226 107943
1930 100.8 1894.606964353531 2574.872650195315 29696.759033203125 0.507080078125 2398.3815574053788 108925
1940 101 2058.3292606164937 2713.13329168335 29696.759033203125 0.507080078125 2393.7623367000742 109933
1950 88.4 2193.9255752218273 2627.739971274964 29696.759033203125 0.507080078125 2390.708629779904 110943
1960 95.6 2110.2322055704935 2603.2152131932517 29696.759033203125 0.507080078125 2389.153046421419 111827
1970 104.9 1927.9062590767253 2601.0629355432343 29696.759033203125 0.507080078125 2386.7887865253933 112783
1980 100.3 2037.25523478393 2550.9032934338993 29696.759033203125 0.507080078125 2382.5600303646156 113832
1990 98.9 2011.144316485244 2529.3191996289156 29696.759033203125 0.507080078125 2379.544044733341 114835
2000 102.7 1961.871378541108 2652.4084142124275 29696.759033203125 0.507080078125 2376.398346680801 115824
2010 105.2 1947.10070336636 2447.3562477770333 29696.759033203125 0.507080078125 2372.7550813576163 116851
2020 99 2028.0372519136693 2422.867136625189 29696.759033203125 0.507080078125 2368.9571423259817 117903
2030 97.3 2090.8437254102973 2656.646411691229 29696.759033203125 0.507080078125 2366.1183655139894 118893
2040 107.1 1916.0243304027363 2409.95978252232 29696.759033203125 0.507080078125 2363.8838517667978 119866
2050 104.2 1918.7911177798105 2475.7885654514284 29696.759033203125 0.507080078125 2359.9176747706683 120937
2060 106.1 1933.9209831158694 2470.5280281401097 29696.759033203125 0.507080078125 2356.149371436615 121979
2070 105.4 1865.9593077339302 2441.14897097288 29696.759033203125 0.507080078125 2352.5084065470805 123040
2080 108 1867.6056152343747 2521.408769173238 29696.759033203125 0.507080078125 2348.37587193502 124094
2090 100.2 2005.503324649529 2718.460180767286 30171.01513671875 0.507080078125 2344.227791045724 125174
2100 95.2 2063.7432194557514 2711.985516986165 30171.01513671875 0.507080078125 2341.5378823837837 126176
2110 103.9 1960.4715784126117 2485.2319493924424 30171.01513671875 0.507080078125 2339.4576127413175 127128
2120 101.9 1896.879169797289 2535.9704300512403 30171.01513671875 0.507080078125 2336.385320422175 128167
2130 100.2 2031.191033947728 2772.6503214432673 30171.01513671875 0.507080078125 2332.9185611178636 129186
2140 100.4 2076.1640038965206 2811.7825504306206 30171.01513671875 0.507080078125 2330.5962965295416 130188
2150 97.6 2040.3387238549374 2652.2926507106263 30171.01513671875 0.507080078125 2328.6491501958967 131192
2160 94.8 2093.029179955332 2518.91906464961 30171.01513671875 0.507080078125 2326.5201100643308 132168
2170 99.3 2136.8470128300464 2690.22253189163 30171.01513671875 0.507080078125 2324.857279136844 133116
2180 107.2 1832.4144879241485 2534.4872619209714 30171.01513671875 0.507080078125 2323.4651712660625 134109
2190 106.5 1861.3711338670046 2424.8561721920814 30171.01513671875 0.507080078125 2319.5710860577674 135181
2200 104.3 1976.7838086780157 2635.4086140664476 30171.01513671875 0.507080078125 2315.9894546771534 136246
2210 104.1 2008.3751632294666 2567.020655997767 30171.01513671875 0.507080078125 2313.412471169537 137289
2220 101.4 1907.7666485126201 2373.4649317305334 30171.01513671875 0.507080078125 2311.1169182340523 138330
2230 97.3 2063.1165930815623 2563.41599612532 30171.01513671875 0.507080078125 2308.1817565227657 139344
2240 99.2 2082.627835673671 2545.6812192382063 30171.01513671875 0.507080078125 2306.4824014622363 140317
2250 96.6 1985.1546673824082 2637.7131242447767 30171.01513671875 0.507080078125 2304.910925269904 141309
2260 99 2062.0993667140146 2430.606106263701 30171.01513671875 0.507080078125 2302.739886470963 142275
2270 106.2 1915.3650132231348 2621.0968649963656 30171.01513671875 0.507080078125 2301.0769952235587 143265
2280 102.1 1992.2401710084346 2504.0979375792685 30171.01513671875 0.507080078125 2298.238814391944 144327
2290 102.9 1891.6492774006924 2410.331397030572 30171.01513671875 0.507080078125 2296.0893206603855 145348
2300 96.9 2078.7559354642367 2626.9498729246693 30171.01513671875 0.507080078125 2293.246190902881 146377
2310 101.2 2093.8783125443897 2709.990125392627 30171.01513671875 0.507080078125 2291.8356262623747 147346
2320 102.7 1942.8336035441519 2465.0666215551073 30171.01513671875 0.507080078125 2290.4852926 148358
2330 107 1959.13243328344 2546.9828742239256 30171.01513671875 0.507080078125 2288.095238145668 149385
2340 107.8 1800.8239666827312 2306.5222190547706 30171.01513671875 0.507080078125 2285.7557333023424 150455
2350 104.2 1864.273513647508 2549.9126242986167 30171.01513671875 0.507080078125 2282.3059471540055 151533
2360 109.7 1931.7942148241652 2759.126140238364 30171.01513671875 0.507080078125 2279.4510246849654 152575
2370 104.7 1923.3640449181441 2536.2429112712343 30171.01513671875 0.507080078125 2276.969248431534 153672
2380 96.3 2062.1188201745836 2687.1472796609887 30171.01513671875 0.507080078125 2274.576364247442 154719
2390 107.4 1929.7432740849047 2668.857191289329 30171.01513671875 0.507080078125 2273.2621685476042 155682
2400 116.3 1687.1403714128335 2385.1916564958233 30171.01513671875 0.507080078125 2270.9085789392134 156756
2410 122.3 1651.7318094273828 2429.203009198699 30171.01513671875 0.507080078125 2266.6093975528493 157919
2420 119.5 1596.13871886441 2450.041065780799 30171.01513671875 0.507080078125 2261.8840875135293 159142
2430 125.6 1647.731349483418 2448.33415113827 30171.01513671875 0.507080078125 2256.9222526560998 160337
2440 117.2 1762.6646568116068 2516.131059456826 30171.01513671875 0.507080078125 2252.1872469665905 161593
2450 115.2 1790.968572192722 2558.3379606136655 30171.01513671875 0.507080078125 2248.662407623601 162765
2460 119.8 1651.0110711048371 2435.660443887066 30171.01513671875 0.507080078125 2245.445759573574 163917
2470 118.4 1688.6498825485653 2437.6463464203407 30171.01513671875 0.507080078125 2241.132809467372 165115
2480 127.7 1567.3434437249168 2417.676603344952 30171.01513671875 0.507080078125 2237.199293418136 166299
2490 125.5 1667.5721298400147 2690.4816168025673 30171.01513671875 0.507080078125 2232.094708513029 167576
2500 114 1782.156511915776 2531.2344332779962 30171.01513671875 0.507080078125 2227.898347440509 168831
2510 113.3 1728.7545951445973 2362.2631821512623 30171.01513671875 0.507080078125 2224.9087451407154 169971
2520 112.6 1874.6248510438638 2647.8750700816886 30171.01513671875 0.507080078125 2221.6233593405846 171104
2530 119.2 1676.8547293643824 2385.7413027950183 30171.01513671875 0.507080078125 2219.354763159071 172230
2540 124.9 1595.6825206258766 2372.2836009254993 30171.01513671875 0.507080078125 2215.6259395941065 173422
2550 115.7 1735.3700595812838 2456.965873025382 30171.01513671875 0.507080078125 2211.1929808872155 174671
2560 121.2 1607.7224286271382 2427.2734893403103 30171.01513671875 0.507080078125 2208.0619259929385 175828
2570 121.8 1630.905004241392 2577.056552559465 30171.01513671875 0.507080078125 2203.9520555071313 177040
2580 132.4 1594.017958534448 2439.378818907628 30171.01513671875 0.507080078125 2200.036543673488 178258
2590 118.6 1700.7249722923045 2397.87620160691 30171.01513671875 0.507080078125 2195.568564662651 179582
2600 121.1 1667.9586589885694 2472.5962620950686 30171.01513671875 0.507080078125 2192.321947448591 180768
2610 114.4 1744.3013879735975 2504.8377002825937 30171.01513671875 0.501953125 2188.8325121713056 181979
2620 121.9 1664.9534664764299 2446.416979892704 30171.01513671875 0.501953125 2186.0554519108127 183123
2630 119.5 1683.3319464647625 2479.9653822562345 30171.01513671875 0.501953125 2182.6095561288175 184342
2640 113.3 1746.0905634584624 2586.2837701668004 30171.01513671875 0.501953125 2179.393826955938 185537
2650 114.9 1850.1334762905244 2585.240193680718 30171.01513671875 0.501953125 2176.763877861051 186670
2660 113.6 1756.213243726274 2526.109666938612 30171.01513671875 0.501953125 2174.7656863500506 187819
2670 113 1795.89214666586 2481.639184379095 30171.01513671875 0.501953125 2172.249343438666 188955
2680 119.1 1695.453365245855 2427.5059939707257 30171.01513671875 0.501953125 2170.01200944412 190085
2690 116.8 1701.281668467065 2409.027675936428 30171.01513671875 0.501953125 2167.0571204604516 191276
2700 118.1 1757.3527379306477 2483.22847091597 30171.01513671875 0.501953125 2164.2301904032493 192444
2710 116.1 1652.146131096578 2310.444527142863 30171.01513671875 0.501953125 2161.748474347109 193625
2720 119.7 1692.6414700080281 2507.7032547934637 30171.01513671875 0.501953125 2158.7110470139646 194786
2730 124.1 1660.4718282178553 2463.5553495350155 30171.01513671875 0.501953125 2155.864446626808 195983
2740 119.8 1731.8426273199468 2491.3106829611356 30171.01513671875 0.501953125 2152.747269004178 197224
2750 123.3 1582.0325467371883 2360.1575462665414 30171.01513671875 0.501953125 2150.2059995847703 198422
2760 112.1 1807.1585267583346 2356.5764855577545 30171.01513671875 0.501953125 2146.697157495361 199655
2770 118.6 1759.3556367253366 2565.189829147782 30171.01513671875 0.501953125 2144.8013990129916 200776
2780 115.6 1723.8050104161032 2383.5045778451495 30171.01513671875 0.501953125 2142.537910465279 201962
2790 121.8 1669.8773690460143 2352.423780496993 30171.01513671875 0.501953125 2140.154787194782 203118
2800 121.4 1688.4325041668837 2392.600662640656 30171.01513671875 0.501953125 2137.351571435908 204336
2810 124.6 1556.6098746457421 2346.229190195218 30171.01513671875 0.501953125 2134.7002080320426 205550
2820 115.7 1801.5230855323578 2591.11951081223 30171.01513671875 0.501953125 2131.217062538903 206796
2830 114.9 1660.4561333054567 2376.33876506733 30171.01513671875 0.501953125 2129.38272530214 207953
2840 117.9 1712.9237738715274 2518.0510001403673 30171.01513671875 0.501953125 2126.806008416581 209102
2850 117.4 1722.0616186814582 2424.0306181343926 30171.01513671875 0.501953125 2124.48546041401 210281
2860 117.3 1703.4878562413417 2443.2089220130197 30171.01513671875 0.501953125 2122.2511997429733 211455
2870 116.7 1711.4722648300265 2493.901509578027 30171.01513671875 0.501953125 2119.941017631834 212628
2880 119.3 1756.5974133372406 2591.478145135451 30171.01513671875 0.501953125 2117.7113909589943 213795
2890 120 1654.2556809488933 2426.6458457956187 30171.01513671875 0.501953125 2115.7075164390085 214988
2900 123 1643.3240196662207 2507.129523681894 30171.01513671875 0.501953125 2113.146124490389 216188
2910 127.3 1558.2092133647138 2434.188292148704 30171.01513671875 0.501953125 2110.488197414739 217418
2920 119.6 1748.8476815622382 2607.6989932704787 30171.01513671875 0.501953125 2107.2733822339783 218691
2930 117.1 1739.774745768507 2427.549574718749 30171.01513671875 0.501953125 2105.323848437058 219887
2940 115.2 1726.6252000596792 2434.1030917117887 30171.01513671875 0.501953125 2103.3874426104203 221058
2950 108.5 1898.3421789494528 2574.2308577965878 30171.01513671875 0.501953125 2101.434199716678 222210
2960 113 1691.0670116323283 2450.593587749857 30171.01513671875 0.501953125 2100.4473668608935 223295
2970 111.3 1882.453064239036 2664.8255925849467 30171.01513671875 0.501953125 2098.386100061703 224425
2980 119.2 1725.7825501717177 2430.7913609654825 30171.01513671875 0.501953125 2097.320499281034 225538
2990 125.4 1574.0468191241152 2357.718612785654 30171.01513671875 0.501953125 2095.3671925490694 226730
3000 143.6 1387.761355429304 2263.6146341721164 30171.01513671875 0.501953125 2092.499729269739 227984
3010 139.9 1460.83727093711 2347.0350567195233 30171.01513671875 0.501953125 2088.088586802496 229420
3020 145.3 1361.5158835907923 2330.3796341315037 30171.01513671875 0.501953125 2084.2868001606007 230819
3030 143.5 1467.4922766496063 2433.508018289763 30171.01513671875 0.501953125 2079.7654366653196 232272
3040 140.9 1447.9222116680157 2283.193130231395 30171.01513671875 0.501953125 2076.0059772369646 233707
3050 146 1358.4194009859273 2251.5503186152187 30171.01513671875 0.501953125 2072.2420053010405 235116
3060 139.4 1461.6414376345033 2464.1514847488265 30171.01513671875 0.501953125 2067.836735948697 236576
3070 139.5 1490.3709483156929 2455.6844829639613 30171.01513671875 0.501953125 2064.285715879571 237970
3080 126.8 1508.1437976728848 2388.5257766723316 30171.01513671875 0.501953125 2060.940986697144 239365
3090 133.8 1568.425793110345 2565.355562264373 30171.01513671875 0.501953125 2058.028057731945 240633
3100 131.2 1479.477978217893 2305.484356040296 30171.01513671875 0.501953125 2055.320758799165 241971
3110 128.4 1544.2185524438396 2443.4752384471203 30171.01513671875 0.501953125 2052.2152983760257 243283
3120 133.8 1561.2006148037528 2485.6721316273583 30171.01513671875 0.501953125 2049.5482671666764 244567
3130 136.7 1499.0029612989779 2289.8604324155267 30171.01513671875 0.501953125 2046.891106235172 245905
3140 144.9 1389.4563854314958 2409.247296484433 30171.01513671875 0.501953125 2043.8622024606734 247272
3150 146.5 1369.143268718004 2327.608646046878 30171.01513671875 0.501953125 2040.0497618992601 248721
3160 137 1523.2289035769259 2420.328338816611 30171.01513671875 0.501953125 2036.1211727195678 250186
3170 139.4 1416.1418772277389 2269.080491323453 30171.01513671875 0.501953125 2033.3279083620273 251556
3180 143.1 1420.9141472923766 2352.199425721713 30171.01513671875 0.501953125 2029.9266143220937 252950
3190 145.8 1392.0764694318502 2360.9359568182745 30171.01513671875 0.501953125 2026.50066332607 254381
3200 143.3 1374.9560947245168 2222.6669962504056 30171.01513671875 0.501953125 2022.8851454625005 255839
3210 138.7 1483.251992201581 2487.127525046646 30171.01513671875 0.501953125 2019.2761933429244 257272
3220 141.3 1460.292598305909 2345.083252504065 30171.01513671875 0.501953125 2016.4018855980441 258659
3230 144.5 1394.8631494647484 2334.438468527154 30171.01513671875 0.501953125 2013.3804822061227 260072
3240 129.4 1550.398687866777 2537.42531383059 30171.01513671875 0.501953125 2009.962893499418 261517
3250 132.3 1487.4449473040092 2222.780522168287 30171.01513671875 0.501953125 2007.7001416279643 262811
3260 141.4 1437.9833100358026 2283.458930123279 30171.01513671875 0.494873046875 2005.0942763395478 264134
3270 139.5 1465.7503269209253 2526.3908016132555 30171.01513671875 0.494873046875 2002.0745024894209 265548
3280 140.5 1446.284888998554 2348.2735013198767 30171.01513671875 0.494873046875 1999.2717609868603 266943
3290 147.9 1368.7014087524817 2316.2955700433768 30171.01513671875 0.494873046875 1996.3764662384604 268348
3300 148.5 1332.4272125552397 2318.0454388138583 30171.01513671875 0.494873046875 1992.9359973082874 269827
3310 142.5 1507.2570936129375 2450.7713518900164 30171.01513671875 0.494873046875 1989.3207663367186 271312
3320 134.4 1473.242403121224 2397.2449961368156 30171.01513671875 0.494873046875 1986.8020734801153 272737
3330 143.7 1350.2200886109836 2275.0513567714042 30171.01513671875 0.494873046875 1984.2837515352803 274081
3340 143.6 1420.7172372121988 2352.5621057474877 30171.01513671875 0.494873046875 1980.9767099495318 275518
3350 139.4 1461.1988155852084 2392.587250447685 30171.01513671875 0.494873046875 1978.071777712226 276954
3360 134.6 1514.9536849272733 2474.61491752114 30171.01513671875 0.494873046875 1975.483216238082 278348
3370 137.9 1417.7330609958526 2375.550391051457 30171.01513671875 0.494873046875 1973.2669629428938 279694
3380 138.1 1479.1524818193873 2517.1110363636367 30171.01513671875 0.494873046875 1970.5414032100664 281073
3390 144.2 1415.02083118878 2436.1871191464284 30171.01513671875 0.494873046875 1968.138859431467 282454
3400 145.4 1419.8033809950473 2385.0128717222815 30171.01513671875 0.494873046875 1965.3293933004686 283896
3410 144.4 1408.9163765946894 2276.1409013686125 30171.01513671875 0.494873046875 1962.5496672731615 285350
3420 147.5 1372.8608714578927 2345.7633696193916 30171.01513671875 0.494873046875 1959.7621386925784 286794
3430 141.5 1354.6275739150828 2185.702238445139 30171.01513671875 0.494873046875 1956.7591124595422 288269
3440 143.7 1507.5568866344818 2506.5840507223234 30171.01513671875 0.494873046875 1953.817920930012 289684
3450 137.1 1440.7677898560012 2306.722039701437 30171.01513671875 0.494873046875 1951.6151354686997 291121
3460 137.5 1504.3173881392047 2373.9260969688085 30171.01513671875 0.494873046875 1949.2206367787012 292492
3470 141.2 1429.86588069062 2293.3290723692407 30171.01513671875 0.494873046875 1947.138940069376 293867
3480 141.7 1369.472472584577 2353.275452604958 30171.01513671875 0.494873046875 1944.6653826547179 295279
3490 140.1 1433.8268067103286 2317.1514957219406 30171.01513671875 0.494873046875 1941.9183002755508 296696
3500 138.7 1412.2939291186017 2374.882276133032 30171.01513671875 0.494873046875 1939.5303655345608 298097
3510 136.9 1531.6416812782463 2455.660800017317 30171.01513671875 0.494873046875 1937.0885758652998 299484
3520 137.7 1437.4686581591543 2298.12499088377 30171.01513671875 0.494873046875 1935.2436323257982 300853
3530 138.9 1522.3016345996994 2503.1437699100693 31590.446044921875 0.494873046875 1932.975703465568 302230
3540 146.7 1359.6581814901833 2289.5471138284993 31590.446044921875 0.494873046875 1931.0969465970757 303619
3550 144.6 1412.8524706828653 2348.647845951282 31590.446044921875 0.494873046875 1928.3491945913731 305086
3560 143.9 1427.8753734214833 2373.1619613759012 31590.446044921875 0.494873046875 1925.9174476195342 306532
3570 143.2 1342.8836301665078 2267.2924780701765 31590.446044921875 0.494873046875 1923.590337129355 307971
3580 130.4 1591.3581518629571 2502.244285822003 31590.446044921875 0.494873046875 1920.9026708676483 309403
3590 140.9 1501.2442000573885 2378.6125602104466 31590.446044921875 0.494873046875 1919.519612060534 310707
3600 150.8 1335.9382397072388 2187.0193588504935 31590.446044921875 0.494873046875 1917.6313716130321 312116
3610 154 1324.9184134347117 2291.2815838384363 31590.446044921875 0.494873046875 1914.8344133352412 313624
3620 146.4 1333.5030409182345 2178.8390811944964 31590.446044921875 0.494873046875 1911.951880305305 315164
3630 153.5 1302.5512148183016 2317.069942959797 31590.446044921875 0.494873046875 1909.277293405654 316628
3640 160.2 1242.0266099565476 2200.5155677667963 31590.446044921875 0.494873046875 1906.3501003296785 318163
3650 159.8 1301.9509618040622 2323.732724093918 31590.446044921875 0.494873046875 1903.021886699113 319765
3660 154.2 1276.796407617951 2309.9655729647 31590.446044921875 0.494873046875 1900.0330194742544 321363
3670 153.2 1384.7656806168927 2325.8261167480728 31590.446044921875 0.494873046875 1897.0568163944556 322905
3680 155.9 1265.602605931034 2167.4146399991346 31590.446044921875 0.494873046875 1894.6377642517862 324437
3690 154.6 1318.7072400170803 2291.1325310542857 31590.446044921875 0.494873046875 1891.6295500043045 325996
3700 155.8 1317.9985722944605 2289.7351104213726 31590.446044921875 0.494873046875 1888.9253536226488 327542
3710 161.6 1212.6757060135933 2173.435991108408 31590.446044921875 0.494873046875 1886.2225158064552 329100
3720 157.2 1317.7438843705263 2495.7755008972244 31590.446044921875 0.494873046875 1882.9313183904692 330716
3730 152.5 1386.7498202164434 2325.31452391375 31590.446044921875 0.494873046875 1880.2575093865948 332288
3740 140.3 1373.4584115232992 2227.8787080155143 31590.446044921875 0.494873046875 1878.002956010949 333813
3750 163.1 1194.330735852717 2155.8930400899567 31590.446044921875 0.494873046875 1875.891254911013 335216
3760 166.5 1232.717376214104 2241.563439289931 31590.446044921875 0.494873046875 1872.5911655333903 336847
3770 165.1 1258.985967163607 2385.3605945960458 31590.446044921875 0.494873046875 1869.4438919973957 338512
3780 163.2 1220.3296196133474 2252.8807350259 31590.446044921875 0.494873046875 1866.4810005779862 340163
3790 149.9 1354.4956634501095 2296.784703549613 31590.446044921875 0.494873046875 1863.3957621931816 341795
3800 160.8 1283.8210573718304 2295.851188987619 31590.446044921875 0.494873046875 1861.1736399072813 343294
3810 161.1 1249.6659287891343 2286.7089852960703 31590.446044921875 0.494873046875 1858.4819102196684 344902
3820 155 1333.5615831338193 2404.36650709936 31590.446044921875 0.494873046875 1855.651417435604 346513
3830 153.3 1283.4873800159526 2241.908035198848 31590.446044921875 0.494873046875 1853.3264382129696 348063
3840 152 1361.7648725007723 2289.908067088783 31590.446044921875 0.494873046875 1850.8276588327249 349596
3850 161.7 1261.3044620813525 2257.200618396644 31590.446044921875 0.494873046875 1848.7104797943882 351116
3860 155.9 1267.6431381294096 2227.2619398814822 31590.446044921875 0.494873046875 1846.0176908275437 352733
3870 154.1 1321.5031299430136 2277.901112316226 31590.446044921875 0.494873046875 1843.4726547339926 354292
3880 157.2 1246.0111080878273 2272.008571469632 31590.446044921875 0.494873046875 1841.212170074889 355833
3890 146.7 1409.8031917018182 2351.960950163873 31590.446044921875 0.494873046875 1838.594254630383 357405
3900 159.8 1265.393082142472 2263.072786752293 31590.446044921875 0.494873046875 1836.8414388929718 358872
3910 164 1197.2107947372774 2253.72141042038 31590.446044921875 0.494873046875 1834.308150480379 360470
3920 156.6 1346.2234388719276 2432.2028206431305 31590.446044921875 0.494873046875 1831.4227298528938 362110
3930 151.1 1313.5795709394097 2264.585253370181 31590.446044921875 0.494873046875 1829.3334468381329 363676
3940 168.3 1266.7190375143914 2297.0160224968326 31590.446044921875 0.494873046875 1827.1994603969863 365187
3950 167.5 1183.5190522971068 2097.5379634053984 31590.446044921875 0.494873046875 1824.628281091752 366870
3960 161.5 1249.7005484471754 2246.5320875942903 31590.446044921875 0.494873046875 1821.7145040543994 368545
3970 164.1 1236.84295033159 2155.432880016639 31590.446044921875 0.494873046875 1819.2188196522336 370160
3980 159.3 1284.22932329675 2344.6470288272217 31590.446044921875 0.494873046875 1816.6484155878143 371801
3990 159.1 1253.6049704944307 2263.510613178363 31590.446044921875 0.494873046875 1814.3769714456491 373394
4000 156.6 1305.0435346698382 2365.5317495735135 31590.446044921875 0.494873046875 1811.9977075990596 374985
4010 162.1 1318.3056991548885 2263.770450406893 31590.446044921875 0.494873046875 1809.8893869869587 376551
4020 142.6 1302.895832077818 2150.838904874025 31590.446044921875 0.494873046875 1807.782258066849 378172
4030 160.8 1309.9005538409028 2290.5323187581375 31590.446044921875 0.494873046875 1805.885598855103 379598
4040 166.2 1204.3222590146934 2196.5493233675625 31590.446044921875 0.494873046875 1803.793438835631 381206
4050 160.7 1198.8293577050597 2224.3510150687143 31590.446044921875 0.494873046875 1801.1911813973952 382868
4060 151.1 1385.2272522659343 2471.253954964211 31590.446044921875 0.494873046875 1798.6734742625397 384475
4070 150.9 1374.5343320933778 2295.1953907376615 31590.446044921875 0.494873046875 1797.0549771112521 385986
4080 154.7 1268.8464314436717 2199.6424549692474 31590.446044921875 0.494873046875 1795.409578710416 387495
4090 153.6 1402.6586475372296 2390.5294441791743 31590.446044921875 0.494873046875 1793.3157348868144 389042
4100 154.6 1264.0211543271928 2136.006612783462 31590.446044921875 0.494873046875 1791.7794238652798 390578
4110 152.6 1320.0228607457734 2309.0235321251866 31590.446044921875 0.494873046875 1789.6986680719442 392124
4120 151.4 1336.5499712642927 2302.467979570002 31590.446044921875 0.494873046875 1787.8779509832113 393650
4130 156.9 1262.066317712066 2243.5877205852203 31590.446044921875 0.494873046875 1786.148768766981 395164
4140 158.7 1276.8559639539521 2356.5110162256924 31590.446044921875 0.494873046875 1784.076127051507 396733
4150 156.2 1292.9070665112845 2285.598112359491 31590.446044921875 0.494873046875 1782.055243342841 398320
4160 160.8 1251.9205824818748 2225.0041883799627 31590.446044921875 0.494873046875 1780.1445560595653 399882
4170 158.9 1293.1548241818764 2331.411072296404 31590.446044921875 0.494873046875 1778.0289762206828 401490
4180 152.5 1350.2202263703873 2282.484757046429 31590.446044921875 0.494873046875 1776.1175270318397 403079
4190 155.7 1302.2644049240819 2265.662909338441 31590.446044921875 0.494873046875 1774.5122700805769 404604
4200 166.4 1188.5203990936266 2229.7282752511974 31590.446044921875 0.494873046875 1772.7019290432822 406161
4210 173.6 1194.4340225430633 2246.6488142418584 31590.446044921875 0.494873046875 1770.3183624011288 407825
4220 191.2 1009.7767024977954 2150.149073901932 31590.446044921875 0.494873046875 1767.8773701826472 409561
4230 190.6 1101.4428327946728 2290.463081932378 31590.446044921875 0.494873046875 1764.3546883138163 411473
4240 184.3 1127.7444837200692 2319.077427817438 31590.446044921875 0.494873046875 1761.2981469882543 413379
4250 177.5 1166.7675836267588 2178.1448664884997 31590.446044921875 0.494873046875 1758.486062365081 415222
4260 179.9 1109.4097295806678 2062.457221652835 31590.446044921875 0.494873046875 1755.9673384899438 416997
4270 182.6 1064.1476368898873 2082.9775456398897 31590.446044921875 0.494873046875 1753.1899548988213 418796
4280 172.2 1158.1781185916584 2301.7117214984632 31590.446044921875 0.494873046875 1750.198691311362 420622
4290 170.3 1272.3470654669627 2336.8216442747025 31590.446044921875 0.494873046875 1747.7848783384695 422344
4300 182.3 1101.0780983494317 2112.711016146324 31590.446044921875 0.494873046875 1745.8754895317566 424047
4310 179.5 1093.6480200807398 2085.7843735600986 31590.446044921875 0.494873046875 1743.1153382082884 425870
4320 173 1175.46114410224 2197.2008123902974 31590.446044921875 0.494873046875 1740.3893872044912 427665
4330 171.6 1199.801160550065 2238.672497454155 31590.446044921875 0.494873046875 1738.1133340120532 429395
4340 169.2 1182.873271392027 2222.7450800496104 31590.446044921875 0.494873046875 1735.9706290250294 431111
4350 166.6 1266.205982148717 2422.1849915470893 31590.446044921875 0.494873046875 1733.8083502766958 432803
4360 161.9 1221.1038849272798 2158.856594272032 31590.446044921875 0.494873046875 1732.015298194036 434469
4370 164.2 1260.2745176958836 2422.653134807891 31590.446044921875 0.494873046875 1730.1185122744994 436088
4380 171.9 1138.7614187936294 2185.243352243912 31590.446044921875 0.494873046875 1728.3560471953454 437730
4390 173.7 1172.5281256465455 2209.1981754406906 31590.446044921875 0.494873046875 1726.0497200305945 439449
4400 186.7 1054.7529751941606 2114.3564542530858 31590.446044921875 0.494873046875 1723.8704418815937 441186
4410 171.8 1216.8946415253915 2425.3930851020646 31590.446044921875 0.494873046875 1721.050819149538 443053
4420 174.1 1168.0873420448022 2197.31669647814 31590.446044921875 0.494873046875 1719.1034342859605 444771
4430 172.4 1186.0120658431995 2187.473151916141 31590.446044921875 0.494873046875 1716.9549611954458 446512
4440 183.3 1099.5519381542367 2130.352585086071 31590.446044921875 0.494873046875 1714.9128549130694 448236
4450 177.4 1155.825871309539 2213.4156594456417 31590.446044921875 0.494873046875 1712.4066690606357 450069
4460 182.3 1115.4685993372482 2186.808811391128 31590.446044921875 0.494873046875 1710.2214535428334 451843
4470 174.8 1183.6683445980666 2265.552689962131 31590.446044921875 0.494873046875 1707.8315136901294 453666
4480 168.4 1171.726149896546 2166.7270390976805 31590.446044921875 0.494873046875 1705.8196361027628 455414
4490 175.8 1147.8826932071718 2200.002350948403 31590.446044921875 0.494873046875 1703.8519761463174 457098
4500 175.1 1183.221196983422 2254.1654031936428 31590.446044921875 0.494873046875 1701.7219091985016 458856
4510 184.6 1120.5280105739616 2197.6812900215114 31590.446044921875 0.494873046875 1699.7508259386104 460607
4520 182.8 1066.5474304599866 2171.3494111533746 31590.446044921875 0.494873046875 1697.4387092107202 462453
4530 185.6 1136.6366479807912 2299.5359462226165 31590.446044921875 0.494873046875 1694.9547194339332 464281
4540 179.1 1113.354146219378 2124.0057004242312 31590.446044921875 0.494873046875 1692.7316855605934 466137
4550 172.3 1192.0408681204196 2230.6969785433926 31590.446044921875 0.494873046875 1690.514111119739 467928
4560 160.2 1289.5822589317052 2152.839948981369 31590.446044921875 0.494873046875 1688.6853714860795 469651
4570 175.8 1112.2171808618161 2062.1943199955963 31590.446044921875 0.494873046875 1687.328641266193 471253
4580 183.5 1118.4642045938335 2231.2741865933094 31590.446044921875 0.494873046875 1685.1911731155774 473011
4590 179.3 1116.476181651516 2282.5329102263986 31590.446044921875 0.494873046875 1683.001107310585 474846
4600 173.5 1211.315563929664 2299.9716514697234 31590.446044921875 0.494873046875 1680.8699783183988 476639
4610 178.7 1106.4458757858395 2138.2821556325443 31590.446044921875 0.494873046875 1679.1669658031608 478374
4620 165.3 1255.402381264648 2263.941004495828 31590.446044921875 0.494873046875 1677.0354878450155 480161
4630 170.7 1180.8495774808239 2082.040278572534 31590.446044921875 0.494873046875 1675.5889555209708 481814
4640 183.8 1114.1839304727885 2077.082828021706 31590.446044921875 0.494873046875 1673.842350682061 483521
4650 191.2 1031.865451701017 2066.1478937432857 31590.446044921875 0.494873046875 1671.7229871257146 485359
4660 184.4 1093.3701718675848 2236.2468801320997 31590.446044921875 0.494873046875 1669.2122536576198 487271
4670 167.2 1252.1091415186222 2384.4254572055584 31590.446044921875 0.494873046875 1667.0412860961653 489115
4680 182.7 1070.5358851975122 2005.228226989197 31590.446044921875 0.494873046875 1665.627706384939 490787
4690 164.3 1240.5647984584202 2215.693569052493 31590.446044921875 0.494873046875 1663.4206380569794 492614
4700 170.9 1214.176965524886 2297.5036960858683 31590.446044921875 0.494873046875 1662.0149884769828 494257
4710 169.4 1213.3125713397933 2259.3244567035194 31590.446044921875 0.494873046875 1660.4718278949567 495966
4720 173.9 1133.419785554959 2153.540340229907 31590.446044921875 0.494873046875 1658.9497289105007 497660
4730 181.5 1130.0795285059405 2109.0489579616933 31590.446044921875 0.494873046875 1657.1197361161712 499399
4740 177.3 1118.376075568203 2081.8167906945546 31590.446044921875 0.494873046875 1655.2112140541128 501214
4750 173.3 1195.778549520116 2191.434343937106 31590.446044921875 0.494873046875 1653.31890132926 502987
4760 178 1153.54529919571 2229.3084648175095 31590.446044921875 0.494873046875 1651.7478967530885 504720
4770 177.2 1122.890604195693 2117.4228602905887 31590.446044921875 0.494873046875 1649.9970564299847 506500
4780 177.2 1177.6083102602993 2218.246823424805 31590.446044921875 0.494873046875 1648.159393459451 508272
4790 117.3 1632.6694171512022 2431.0788653794875 31590.446044921875 0.494873046875 1646.524600148621 510044
4800 50.5 3985.87236763227 3040.4563410302003 31590.446044921875 0.494873046875 1646.49280908992 511217
4810 35.6 3299.5985861789 3090.4762887097986 31590.446044921875 0.494873046875 1648.8014584680275 511722
4820 7.8 115.61089931390224 100.20729366907723 31590.446044921875 0.494873046875 1649.9491035093395 512078
4830 1.8 107.50565592447917 98.44020119831951 31590.446044921875 0.494873046875 1649.71542787159 512156
4840 0.1 99.9658203125 0.0 31590.446044921875 0.494873046875 1649.6612279787898 512174
4850 0 0 0 31590.446044921875 0.494873046875 1649.6582022641267 512175
4860 0 0 0 31590.446044921875 0.494873046875 1649.6582022641267 512175
4870 0 0 0 31590.446044921875 0.494873046875 1649.6582022641267 512175
4880 0 0 0 31590.446044921875 0.494873046875 1649.6582022641267 512175
4890 0.1 20.85595703125 0.0 31590.446044921875 0.494873046875 1649.6582022641267 512175
4892 0 0 0 31590.446044921875 0.494873046875 1649.6550221029217 512176
