20 0.1 30 0 30 30 0 0
30 0.1 473.0 0.0 473 30 30.0 1
40 0.1 636.0 0.0 636 30 251.5 2
50 0.1 920.0 0.0 920 30 379.6666666666667 3
60 0.1 746.0 0.0 920 30 514.75 4
70 0.1 1016.0 0.0 1016 30 561.0 5
80 0.1 1029.0 0.0 1029 30 636.8333333333334 6
90 0.1 1040.0 0.0 1040 30 692.8571428571429 7
100 0.1 758.0 0.0 1040 30 736.25 8
110 0.1 869.0 0.0 1040 30 738.6666666666666 9
120 0.1 732.0 0.0 1040 30 751.7 10
130 0.1 1025.0 0.0 1040 30 749.9090909090909 11
140 0.1 1520.0 0.0 1520 30 772.8333333333334 12
150 0.1 1714.0 0.0 1714 30 830.3076923076923 13
160 0.1 1374.0 0.0 1714 30 893.4285714285714 14
170 0.1 1435.0 0.0 1714 30 925.4666666666667 15
180 0.1 1474.0 0.0 1714 30 957.3125 16
190 0.1 1496.0 0.0 1714 30 987.7058823529412 17
200 0.1 1492.0 0.0 1714 30 1015.9444444444445 18
210 0.1 1830.0 0.0 1830 30 1041.0 19
220 0.1 1502.0 0.0 1830 30 1080.45 20
230 0.1 1599.0 0.0 1830 30 1100.5238095238096 21
240 0.1 1227.0 0.0 1830 30 1123.1818181818182 22
250 0.1 1465.0 0.0 1830 30 1127.695652173913 23
260 0.1 1813.0 0.0 1830 30 1141.75 24
270 0.1 2079.0 0.0 2079 30 1168.6 25
280 0.1 2210.0 0.0 2210 30 1203.6153846153845 26
290 0.1 1819.0 0.0 2210 30 1240.888888888889 27
300 0.1 2238.0 0.0 2238 30 1261.5357142857142 28
310 0.1 2348.0 0.0 2348 30 1295.2068965517242 29
320 0.1 2637.0 0.0 2637 30 1330.3 30
330 0.1 2160.0 0.0 2637 30 1372.4516129032259 31
340 0.1 2068.0 0.0 2637 30 1397.0625 32
350 0.1 2073.0 0.0 2637 30 1417.3939393939395 33
360 0.1 2357.0 0.0 2637 30 1436.6764705882354 34
370 0.1 2353.0 0.0 2637 30 1462.9714285714285 35
380 0.1 2866.0 0.0 2866 30 1487.6944444444443 36
390 0.1 2973.0 0.0 2973 30 1524.945945945946 37
400 0.1 3173.0 0.0 3173 30 1563.0526315789475 38
410 0.1 3299.0 0.0 3299 30 1604.3333333333335 39
420 0.1 3341.0 0.0 3341 30 1646.7 40
430 0.1 3082.0 0.0 3341 30 1688.0243902439024 41
440 0.1 2760.0 0.0 3341 30 1721.2142857142858 42
450 0.1 3140.0 0.0 3341 30 1745.3720930232557 43
460 0.1 3126.0 0.0 3341 30 1777.0681818181818 44
470 0.1 3290.0 0.0 3341 30 1807.0444444444445 45
480 0.1 3236.0 0.0 3341 30 1839.2826086956522 46
490 0.1 3740.0 0.0 3740 30 1869.0 47
500 0.1 3989.0 0.0 3989 30 1907.9791666666667 48
510 0.1 3947.0 0.0 3989 30 1950.4489795918366 49
520 0.1 4197.0 0.0 4197 30 1990.38 50
530 0.1 4046.0 0.0 4197 30 2033.6470588235295 51
540 0.1 4034.0 0.0 4197 30 2072.346153846154 52
550 0.1 3947.0 0.0 4197 30 2109.3584905660377 53
560 0.1 4111.0 0.0 4197 30 2143.3888888888887 54
570 0.1 3930.0 0.0 4197 30 2179.163636363636 55
580 0.1 4.0e3 0.0 4197 30 2210.428571428571 56
590 0.1 4066.0 0.0 4197 30 2241.8245614035086 57
600 0.1 4573.0 0.0 4573 30 2273.2758620689656 58
610 0.1 4872.0 0.0 4872 30 2312.2542372881358 59
620 0.1 4803.0 0.0 4872 30 2354.9166666666665 60
630 0.1 4736.0 0.0 4872 30 2395.0491803278687 61
640 0.1 4912.0 0.0 4912 30 2432.8064516129034 62
650 0.1 4856.0 0.0 4912 30 2472.15873015873 63
660 0.1 5.1e3 0.0 5100 30 2509.40625 64
670 0.1 5238.0 0.0 5238 30 2549.2615384615383 65
680 0.1 4991.0 0.0 5238 30 2590.0 66
690 0.1 5086.0 0.0 5238 30 2625.8358208955224 67
700 0.1 5098.0 0.0 5238 30 2662.014705882353 68
710 0.1 4908.0 0.0 5238 30 2697.31884057971 69
720 0.1 4821.0 0.0 5238 30 2728.9 70
730 0.1 4989.0 0.0 5238 30 2758.3661971830984 71
740 0.1 5055.0 0.0 5238 30 2789.347222222222 72
750 0.1 5119.0 0.0 5238 30 2820.3835616438355 73
760 0.1 5164.0 0.0 5238 30 2851.445945945946 74
770 0.1 5146.0 0.0 5238 30 2882.28 75
780 0.1 5095.0 0.0 5238 30 2912.0657894736846 76
790 0.1 5205.0 0.0 5238 30 2940.415584415585 77
800 0.1 5165.0 0.0 5238 30 2969.4487179487182 78
810 0.1 5123.0 0.0 5238 30 2997.2405063291144 79
820 0.1 5047.0 0.0 5238 30 3023.8125000000005 80
830 0.1 5267.0 0.0 5267 30 3048.7901234567903 81
840 0.1 5155.0 0.0 5267 30 3075.8414634146343 82
850 0.1 5015.0 0.0 5267 30 3100.89156626506 83
860 0.1 5315.0 0.0 5315 30 3123.6785714285716 84
870 0.1 5281.0 0.0 5315 30 3149.458823529412 85
880 0.1 5221.0 0.0 5315 30 3174.2441860465115 86
890 0.1 5.1e3 0.0 5315 30 3197.770114942529 87
900 0.1 5163.0 0.0 5315 30 3219.3863636363635 88
910 0.1 5194.0 0.0 5315 30 3241.224719101124 89
920 0.1 5063.0 0.0 5315 30 3262.9222222222224 90
930 0.1 5331.0 0.0 5331 30 3282.703296703297 91
940 0.1 5025.0 0.0 5331 30 3304.967391304348 92
950 0.1 5036.0 0.0 5331 30 3323.462365591398 93
960 0.1 4839.0 0.0 5331 30 3341.68085106383 94
970 0.1 4854.0 0.0 5331 30 3357.442105263158 95
980 0.1 5024.0 0.0 5331 30 3373.03125 96
990 0.1 5097.0 0.0 5331 30 3390.0515463917527 97
1000 0.1 5244.0 0.0 5331 30 3407.469387755102 98
1010 0.1 5322.0 0.0 5331 30 3426.020202020202 99
1020 0.1 5189.0 0.0 5331 30 3444.98 100
1030 0.1 5117.0 0.0 5331 30 3462.2475247524753 101
1040 0.1 5267.0 0.0 5331 30 3478.470588235294 102
1050 0.1 5238.0 0.0 5331 30 3495.8349514563106 103
1060 0.1 5125.0 0.0 5331 30 3512.5865384615386 104
1070 0.1 5172.0 0.0 5331 30 3527.942857142857 105
1080 0.1 5119.0 0.0 5331 30 3543.4528301886794 106
1090 0.1 5086.0 0.0 5331 30 3558.177570093458 107
1100 0.1 5274.0 0.0 5331 30 3572.324074074074 108
1110 0.1 5182.0 0.0 5331 30 3587.935779816514 109
1120 0.1 5162.0 0.0 5331 30 3602.427272727273 110
1130 0.1 5169.0 0.0 5331 30 3616.4774774774774 111
1150 0.1 5038.0 0.0 5331 30 3630.339285714286 112
1160 0.1 4974.0 0.0 5331 30 3642.7964601769913 113
1170 0.1 4826.0 0.0 5331 30 3654.4736842105262 114
1180 0.1 5083.0 0.0 5331 30 3664.6608695652176 115
1190 0.1 5120.0 0.0 5331 30 3676.887931034483 116
1200 0.1 5186.0 0.0 5331 30 3689.222222222222 117
1210 0.1 5171.0 0.0 5331 30 3701.906779661017 118
1220 0.1 5385.0 0.0 5385 30 3714.252100840336 119
1230 0.1 5487.0 0.0 5487 30 3728.175 120
1240 0.1 5745.0 0.0 5745 30 3742.710743801653 121
1250 0.1 5984.0 0.0 5984 30 3759.122950819672 122
1260 0.1 5782.0 0.0 5984 30 3777.211382113821 123
1270 0.1 5669.0 0.0 5984 30 3793.3790322580644 124
1280 0.1 5797.0 0.0 5984 30 3808.384 125
1290 0.1 5451.0 0.0 5984 30 3824.1666666666665 126
1300 0.1 5559.0 0.0 5984 30 3836.9763779527557 127
1310 0.1 5702.0 0.0 5984 30 3850.4296875 128
1320 0.1 5819.0 0.0 5984 30 3864.782945736434 129
1330 0.1 5689.0 0.0 5984 30 3879.8153846153846 130
1340 0.1 5745.0 0.0 5984 30 3893.625954198473 131
1350 0.1 5580.0 0.0 5984 30 3907.651515151515 132
1360 0.1 5250.0 0.0 5984 30 3920.2255639097743 133
1370 0.1 5717.0 0.0 5984 30 3930.1492537313434 134
1380 0.1 5746.0 0.0 5984 30 3943.385185185185 135
1390 0.1 5951.0 0.0 5984 30 3956.639705882353 136
1400 0.1 5716.0 0.0 5984 30 3971.197080291971 137
1410 0.1 5560.0 0.0 5984 30 3983.840579710145 138
1420 0.1 5964.0 0.0 5984 30 3995.179856115108 139
1430 0.1 5664.0 0.0 5984 30 4009.2428571428572 140
1440 0.1 5779.0 0.0 5984 30 4020.978723404255 141
1450 0.1 5656.0 0.0 5984 30 4033.3591549295775 142
1460 0.1 5644.0 0.0 5984 30 4044.7062937062938 143
1470 0.1 5633.0 0.0 5984 30 4055.8125 144
1480 0.1 5684.0 0.0 5984 30 4066.689655172414 145
1490 0.1 5803.0 0.0 5984 30 4077.7671232876714 146
1500 0.1 6083.0 0.0 6083 30 4089.503401360544 147
1510 0.1 5679.0 0.0 6083 30 4102.972972972973 148
1520 0.1 5786.0 0.0 6083 30 4113.5503355704695 149
1530 0.1 5684.0 0.0 6083 30 4124.7 150
1540 0.1 5824.0 0.0 6083 30 4135.026490066225 151
1550 0.1 5711.0 0.0 6083 30 4146.138157894737 152
1560 0.1 5554.0 0.0 6083 30 4156.366013071895 153
1570 0.1 5785.0 0.0 6083 30 4165.441558441558 154
1580 0.1 5748.0 0.0 6083 30 4175.890322580645 155
1590 0.1 5856.0 0.0 6083 30 4185.967948717948 156
1600 0.1 5713.0 0.0 6083 30 4196.6050955414 157
1610 0.1 5714.0 0.0 6083 30 4206.202531645569 158
1620 0.1 5850.0 0.0 6083 30 4215.685534591195 159
1630 0.1 5688.0 0.0 6083 30 4225.900000000001 160
1640 0.1 5621.0 0.0 6083 30 4234.981366459628 161
1650 0.1 5873.0 0.0 6083 30 4243.537037037037 162
1660 0.1 5770.0 0.0 6083 30 4253.533742331289 163
1670 0.1 5749.0 0.0 6083 30 4262.780487804879 164
1680 0.1 5782.0 0.0 6083 30 4271.78787878788 165
1690 0.1 5536.0 0.0 6083 30 4280.885542168676 166
1700 0.1 5580.0 0.0 6083 30 4288.401197604791 167
1710 0.1 5722.0 0.0 6083 30 4296.089285714286 168
1720 0.1 5648.0 0.0 6083 30 4304.526627218936 169
1730 0.1 5569.0 0.0 6083 30 4312.429411764707 170
1740 0.1 5721.0 0.0 6083 30 4319.777777777778 171
1750 0.1 5657.0 0.0 6083 30 4327.924418604652 172
1760 0.1 5679.0 0.0 6083 30 4335.606936416186 173
1770 0.1 5839.0 0.0 6083 30 4343.327586206898 174
1780 0.1 5546.0 0.0 6083 30 4351.874285714287 175
1790 0.1 5770.0 0.0 6083 30 4358.659090909092 176
1800 0.1 5948.0 0.0 6083 30 4366.632768361584 177
1810 0.1 6155.0 0.0 6155 30 4375.516853932586 178
1820 0.1 6585.0 0.0 6585 30 4385.4581005586615 179
1830 0.1 6320.0 0.0 6585 30 4397.677777777781 180
1840 0.1 6433.0 0.0 6585 30 4408.298342541439 181
1850 0.1 6544.0 0.0 6585 30 4419.423076923079 182
1860 0.1 6299.0 0.0 6585 30 4431.032786885248 183
1870 0.1 6549.0 0.0 6585 30 4441.184782608698 184
1880 0.1 6186.0 0.0 6585 30 4452.57837837838 185
1890 0.1 6507.0 0.0 6585 30 4461.897849462367 186
1900 0.1 6117.0 0.0 6585 30 4472.8342245989315 187
1910 0.1 6515.0 0.0 6585 30 4481.579787234044 188
1920 0.1 6367.0 0.0 6585 30 4492.338624338626 189
1930 0.1 6420.0 0.0 6585 30 4502.205263157896 190
1940 0.1 6392.0 0.0 6585 30 4512.246073298431 191
1950 0.1 6215.0 0.0 6585 30 4522.036458333335 192
1960 0.1 6213.0 0.0 6585 30 4530.808290155442 193
1970 0.1 6601.0 0.0 6601 30 4539.479381443301 194
1980 0.1 6501.0 0.0 6601 30 4550.051282051284 195
1990 0.1 6342.0 0.0 6601 30 4560.005102040818 196
2000 0.1 6411.0 0.0 6601 30 4569.050761421322 197
2010 0.1 6476.0 0.0 6601 30 4578.353535353538 198
2020 0.1 6520.0 0.0 6601 30 4587.8894472361835 199
2030 0.1 6388.0 0.0 6601 30 4597.550000000002 200
2040 0.1 6513.0 0.0 6601 30 4606.4577114427875 201
2050 0.1 6584.0 0.0 6601 30 4615.896039603962 202
2060 0.1 6541.0 0.0 6601 30 4625.5911330049275 203
2070 0.1 6518.0 0.0 6601 30 4634.980392156864 204
2080 0.1 6695.0 0.0 6695 30 4644.165853658537 205
2090 0.1 6432.0 0.0 6695 30 4654.121359223302 206
2100 0.1 6513.0 0.0 6695 30 4662.710144927537 207
2110 0.1 6570.0 0.0 6695 30 4671.6057692307695 208
2120 0.1 6396.0 0.0 6695 30 4680.688995215311 209
2140 0.1 6472.0 0.0 6695 30 4688.857142857142 210
2150 0.1 6428.0 0.0 6695 30 4697.308056872037 211
2160 0.1 6370.0 0.0 6695 30 4705.471698113206 212
2170 0.1 6355.0 0.0 6695 30 4713.2863849765245 213
2180 0.1 6187.0 0.0 6695 30 4720.957943925233 214
2190 0.1 6692.0 0.0 6695 30 4727.776744186046 215
2200 0.1 6513.0 0.0 6695 30 4736.8703703703695 216
2210 0.1 6676.0 0.0 6695 30 4745.055299539169 217
2220 0.1 6501.0 0.0 6695 30 4753.912844036696 218
2230 0.1 6515.0 0.0 6695 30 4761.890410958902 219
2240 0.1 6249.0 0.0 6695 30 4769.859090909089 220
2250 0.1 6349.0 0.0 6695 30 4776.552036199093 221
2260 0.1 6480.0 0.0 6695 30 4783.635135135133 222
2270 0.1 6442.0 0.0 6695 30 4791.242152466366 223
2280 0.1 6538.0 0.0 6695 30 4798.611607142855 224
2290 0.1 6367.0 0.0 6695 30 4806.34222222222 225
2300 0.1 6638.0 0.0 6695 30 4813.247787610618 226
2310 0.1 6224.0 0.0 6695 30 4821.2863436123325 227
2320 0.1 6472.0 0.0 6695 30 4827.438596491226 228
2330 0.1 6640.0 0.0 6695 30 4834.620087336242 229
2340 0.1 6504.0 0.0 6695 30 4842.46956521739 230
2350 0.1 6751.0 0.0 6751 30 4849.662337662336 231
2360 0.1 6455.0 0.0 6751 30 4857.8577586206875 232
2370 0.1 6662.0 0.0 6751 30 4864.712446351929 233
2380 0.1 6452.0 0.0 6751 30 4872.39316239316 234
2390 0.1 6339.0 0.0 6751 30 4879.114893617019 235
2400 0.1 6901.0 0.0 6901 30 4885.300847457625 236
2410 0.1 7052.0 0.0 7052 30 4893.805907172994 237
2420 0.1 7051.0 0.0 7052 30 4902.87394957983 238
2430 0.1 7096.0 0.0 7096 30 4911.861924686191 239
2440 0.1 7189.0 0.0 7189 30 4920.962499999998 240
2450 0.1 7020.0 0.0 7189 30 4930.373443983401 241
2460 0.1 7041.0 0.0 7189 30 4939.008264462808 242
2470 0.1 6968.0 0.0 7189 30 4947.65843621399 243
2480 0.1 7219.0 0.0 7219 30 4955.938524590162 244
2490 0.1 7094.0 0.0 7219 30 4965.17551020408 245
2500 0.1 6878.0 0.0 7219 30 4973.829268292681 246
2510 0.1 6947.0 0.0 7219 30 4981.53846153846 247
2520 0.1 6893.0 0.0 7219 30 4989.463709677418 248
2530 0.1 6775.0 0.0 7219 30 4997.1084337349375 249
2540 0.1 6951.0 0.0 7219 30 5004.219999999998 250
2550 0.1 7010.0 0.0 7219 30 5011.976095617528 251
2560 0.1 7084.0 0.0 7219 30 5019.90476190476 252
2570 0.1 7126.0 0.0 7219 30 5028.063241106717 253
2580 0.1 7181.0 0.0 7219 30 5036.322834645667 254
2590 0.1 7136.0 0.0 7219 30 5044.733333333332 255
2600 0.1 6975.0 0.0 7219 30 5052.902343749998 256
2610 0.1 7007.0 0.0 7219 30 5060.381322957197 257
2620 0.1 7084.0 0.0 7219 30 5067.926356589145 258
2630 0.1 7077.0 0.0 7219 30 5075.710424710423 259
2640 0.1 6994.0 0.0 7219 30 5083.407692307691 260
2650 0.1 6829.0 0.0 7219 30 5090.727969348657 261
2660 0.1 6946.0 0.0 7219 30 5097.362595419846 262
2670 0.1 6983.0 0.0 7219 30 5104.391634980988 263
2680 0.1 6843.0 0.0 7219 30 5111.507575757575 264
2690 0.1 6984.0 0.0 7219 30 5118.041509433961 265
2700 0.1 7056.0 0.0 7219 30 5125.056390977443 266
2710 0.1 6878.0 0.0 7219 30 5132.288389513108 267
2720 0.1 6983.0 0.0 7219 30 5138.802238805969 268
2730 0.1 7133.0 0.0 7219 30 5145.657992565055 269
2740 0.1 6808.0 0.0 7219 30 5153.018518518517 270
2750 0.1 7186.0 0.0 7219 30 5159.125461254612 271
2760 0.1 6977.0 0.0 7219 30 5166.577205882352 272
2770 0.1 6927.0 0.0 7219 30 5173.20879120879 273
2780 0.1 6950.0 0.0 7219 30 5179.609489051094 274
2790 0.1 6921.0 0.0 7219 30 5186.047272727272 275
2800 0.1 7046.0 0.0 7219 30 5192.333333333332 276
2810 0.1 7269.0 0.0 7269 30 5199.025270758122 277
2820 0.1 6945.0 0.0 7269 30 5206.471223021582 278
2830 0.1 6879.0 0.0 7269 30 5212.702508960572 279
2840 0.1 6869.0 0.0 7269 30 5218.653571428571 280
2850 0.1 6963.0 0.0 7269 30 5224.526690391459 281
2860 0.1 6895.0 0.0 7269 30 5230.691489361702 282
2870 0.1 6985.0 0.0 7269 30 5236.572438162544 283
2880 0.1 6990.0 0.0 7269 30 5242.728873239436 284
2890 0.1 6878.0 0.0 7269 30 5248.859649122807 285
2900 0.1 7041.0 0.0 7269 30 5254.555944055944 286
2910 0.1 7244.0 0.0 7269 30 5260.780487804878 287
2920 0.1 7212.0 0.0 7269 30 5267.666666666667 288
2930 0.1 6904.0 0.0 7269 30 5274.39446366782 289
2940 0.1 6815.0 0.0 7269 30 5280.013793103448 290
2950 0.1 6850.0 0.0 7269 30 5285.288659793814 291
2960 0.1 6811.0 0.0 7269 30 5290.647260273972 292
2970 0.1 6717.0 0.0 7269 30 5295.836177474403 293
2980 0.1 6869.0 0.0 7269 30 5300.670068027211 294
2990 0.1 7385.0 0.0 7385 30 5305.986440677966 295
3000 0.1 7698.0 0.0 7698 30 5313.010135135135 296
3010 0.1 7686.0 0.0 7698 30 5321.040404040404 297
3020 0.1 7622.0 0.0 7698 30 5328.976510067114 298
3030 0.1 7871.0 0.0 7871 30 5336.645484949833 299
3040 0.1 7654.0 0.0 7871 30 5345.093333333334 300
3050 0.1 7816.0 0.0 7871 30 5352.76411960133 301
3060 0.1 7508.0 0.0 7871 30 5360.920529801326 302
3070 0.1 7715.0 0.0 7871 30 5368.006600660067 303
3080 0.1 7281.0 0.0 7871 30 5375.726973684212 304
3090 0.1 7667.0 0.0 7871 30 5381.973770491805 305
3100 0.1 7280.0 0.0 7871 30 5389.44117647059 306
3110 0.1 7396.0 0.0 7871 30 5395.599348534203 307
3130 0.1 7521.0 0.0 7871 30 5402.094155844157 308
3140 0.1 7509.0 0.0 7871 30 5408.951456310681 309
3150 0.1 7915.0 0.0 7915 30 5415.7258064516145 310
3160 0.1 7844.0 0.0 7915 30 5423.762057877815 311
3170 0.1 7573.0 0.0 7915 30 5431.519230769232 312
3180 0.1 7695.0 0.0 7915 30 5438.361022364219 313
3190 0.1 7741.0 0.0 7915 30 5445.5477707006385 314
3200 0.1 7929.0 0.0 7929 30 5452.834920634922 315
3210 0.1 7668.0 0.0 7929 30 5460.670886075951 316
3220 0.1 7659.0 0.0 7929 30 5467.634069400632 317
3230 0.1 7662.0 0.0 7929 30 5474.525157232706 318
3240 0.1 7685.0 0.0 7929 30 5481.382445141067 319
3250 0.1 7547.0 0.0 7929 30 5488.268750000001 320
3260 0.1 7518.0 0.0 7929 30 5494.682242990656 321
3270 0.1 7550.0 0.0 7929 30 5500.965838509319 322
3280 0.1 7671.0 0.0 7929 30 5507.309597523222 323
3290 0.1 7796.0 0.0 7929 30 5513.98765432099 324
3300 0.1 7813.0 0.0 7929 30 5521.009230769234 325
3310 0.1 7808.0 0.0 7929 30 5528.039877300616 326
3320 0.1 7716.0 0.0 7929 30 5535.012232415905 327
3330 0.1 7839.0 0.0 7929 30 5541.661585365857 328
3340 0.1 7795.0 0.0 7929 30 5548.644376899699 329
3350 0.1 7980.0 0.0 7980 30 5555.451515151518 330
3360 0.1 7447.0 0.0 7980 30 5562.77643504532 331
3370 0.1 7598.0 0.0 7980 30 5568.451807228918 332
3380 0.1 7624.0 0.0 7980 30 5574.5465465465495 333
3390 0.1 7632.0 0.0 7980 30 5580.682634730541 334
3400 0.1 7865.0 0.0 7980 30 5586.805970149257 335
3410 0.1 7524.0 0.0 7980 30 5593.586309523812 336
3420 0.1 7971.0 0.0 7980 30 5599.314540059349 337
3430 0.1 7894.0 0.0 7980 30 5606.331360946748 338
3440 0.1 7655.0 0.0 7980 30 5613.079646017701 339
3450 0.1 7753.0 0.0 7980 30 5619.085294117648 340
3460 0.1 7604.0 0.0 7980 30 5625.3431085044 341
3470 0.1 7638.0 0.0 7980 30 5631.128654970762 342
3480 0.1 7772.0 0.0 7980 30 5636.979591836736 343
3490 0.1 7894.0 0.0 7980 30 5643.18604651163 344
3500 0.1 7715.0 0.0 7980 30 5649.710144927538 345
3510 0.1 7576.0 0.0 7980 30 5655.679190751446 346
3520 0.1 7539.0 0.0 7980 30 5661.213256484151 347
3530 0.1 7696.0 0.0 7980 30 5666.6091954023 348
3540 0.1 7732.0 0.0 7980 30 5672.424068767909 349
3550 0.1 7837.0 0.0 7980 30 5678.308571428573 350
3560 0.1 7776.0 0.0 7980 30 5684.458689458691 351
3570 0.1 7822.0 0.0 7980 30 5690.40056818182 352
3580 0.1 7611.0 0.0 7980 30 5696.4390934844205 353
3590 0.1 7637.0 0.0 7980 30 5701.84745762712 354
3600 0.1 7973.0 0.0 7980 30 5707.298591549297 355
3610 0.1 7808.0 0.0 7980 30 5713.662921348316 356
3620 0.1 8170.0 0.0 8170 30 5719.529411764707 357
3630 0.1 8081.0 0.0 8170 30 5726.374301675979 358
3640 0.1 8283.0 0.0 8283 30 5732.933147632313 359
3650 0.1 8377.0 0.0 8377 30 5740.016666666668 360
3660 0.1 8179.0 0.0 8377 30 5747.321329639891 361
3670 0.1 7994.0 0.0 8377 30 5754.0386740331505 362
3680 0.1 8241.0 0.0 8377 30 5760.2093663911855 363
3690 0.1 8097.0 0.0 8377 30 5767.024725274727 364
3700 0.1 8209.0 0.0 8377 30 5773.4082191780835 365
3710 0.1 8436.0 0.0 8436 30 5780.062841530056 366
3720 0.1 8091.0 0.0 8436 30 5787.299727520437 367
3730 0.1 8147.0 0.0 8436 30 5793.559782608697 368
3740 0.1 7863.0 0.0 8436 30 5799.937669376695 369
3750 0.1 8403.0 0.0 8436 30 5805.513513513515 370
3760 0.1 8690.0 0.0 8690 30 5812.514824797845 371
3770 0.1 8837.0 0.0 8837 30 5820.250000000001 372
3780 0.1 8401.0 0.0 8837 30 5828.337801608581 373
3790 0.1 8305.0 0.0 8837 30 5835.216577540108 374
3800 0.1 8264.0 0.0 8837 30 5841.802666666668 375
3810 0.1 8311.0 0.0 8837 30 5848.244680851065 376
3820 0.1 8282.0 0.0 8837 30 5854.777188328913 377
3830 0.1 8047.0 0.0 8837 30 5861.198412698414 378
3840 0.1 8197.0 0.0 8837 30 5866.965699208445 379
3850 0.1 8370.0 0.0 8837 30 5873.097368421054 380
3860 0.1 8213.0 0.0 8837 30 5879.650918635172 381
3870 0.1 7993.0 0.0 8837 30 5885.759162303666 382
3880 0.1 8455.0 0.0 8837 30 5891.2610966057455 383
3890 0.1 7959.0 0.0 8837 30 5897.937500000001 384
3900 0.1 8271.0 0.0 8837 30 5903.290909090911 385
3910 0.1 8247.0 0.0 8837 30 5909.424870466322 386
3920 0.1 8354.0 0.0 8837 30 5915.465116279071 387
3930 0.1 8052.0 0.0 8837 30 5921.750000000001 388
3940 0.1 8671.0 0.0 8837 30 5927.226221079693 389
3950 0.1 8582.0 0.0 8837 30 5934.261538461539 390
3960 0.1 8606.0 0.0 8837 30 5941.033248081842 391
3970 0.1 8515.0 0.0 8837 30 5947.831632653062 392
3980 0.1 8310.0 0.0 8837 30 5954.363867684479 393
3990 0.1 8385.0 0.0 8837 30 5960.34263959391 394
4000 0.1 8312.0 0.0 8837 30 5966.481012658229 395
4010 0.1 8314.0 0.0 8837 30 5972.404040404042 396
4020 0.1 8033.0 0.0 8837 30 5978.30226700252 397
4030 0.1 8327.0 0.0 8837 30 5983.464824120604 398
4040 0.1 8384.0 0.0 8837 30 5989.338345864663 399
4060 0.1 8406.0 0.0 8837 30 5995.325000000001 400
4070 0.1 8151.0 0.0 8837 30 6001.336658354116 401
4080 0.1 8059.0 0.0 8837 30 6006.6840796019915 402
4090 0.1 8143.0 0.0 8837 30 6011.776674937966 403
4100 0.1 7981.0 0.0 8837 30 6017.051980198021 404
4110 0.1 8135.0 0.0 8837 30 6021.901234567902 405
4120 0.1 7896.0 0.0 8837 30 6027.105911330051 406
4130 0.1 8111.0 0.0 8837 30 6031.69778869779 407
4140 0.1 8.6e3 0.0 8837 30 6036.79411764706 408
4150 0.1 8433.0 0.0 8837 30 6043.061124694377 409
4160 0.1 8564.0 0.0 8837 30 6048.8902439024405 410
4170 0.1 8208.0 0.0 8837 30 6055.0097323600985 411
4180 0.1 8182.0 0.0 8837 30 6060.235436893205 412
4190 0.1 7909.0 0.0 8837 30 6065.372881355934 413
4200 0.1 8417.0 0.0 8837 30 6069.826086956523 414
4210 0.1 8817.0 0.0 8837 30 6075.4819277108445 415
4220 0.1 9181.0 0.0 9181 30 6082.072115384616 416
4230 0.1 9899.0 0.0 9899 30 6089.503597122303 417
4240 0.1 9834.0 0.0 9899 30 6098.617224880384 418
4250 0.1 9381.0 0.0 9899 30 6107.532219570407 419
4260 0.1 9512.0 0.0 9899 30 6115.326190476191 420
4270 0.1 9417.0 0.0 9899 30 6123.394299287412 421
4280 0.1 9474.0 0.0 9899 30 6131.1990521327025 422
4290 0.1 9025.0 0.0 9899 30 6139.101654846337 423
4300 0.1 8820.0 0.0 9899 30 6145.908018867925 424
4310 0.1 9458.0 0.0 9899 30 6152.200000000001 425
4320 0.1 9188.0 0.0 9899 30 6159.960093896715 426
4330 0.1 8832.0 0.0 9899 30 6167.0515222482445 427
4340 0.1 8866.0 0.0 9899 30 6173.278037383178 428
4350 0.1 8623.0 0.0 9899 30 6179.55477855478 429
4360 0.1 8635.0 0.0 9899 30 6185.237209302327 430
4370 0.1 8620.0 0.0 9899 30 6190.921113689096 431
4380 0.1 8617.0 0.0 9899 30 6196.543981481483 432
4390 0.1 8903.0 0.0 9899 30 6202.133949191687 433
4400 0.1 9112.0 0.0 9899 30 6208.357142857144 434
4410 0.1 9534.0 0.0 9899 30 6215.032183908047 435
4420 0.1 8960.0 0.0 9899 30 6222.644495412845 436
4430 0.1 9114.0 0.0 9899 30 6228.908466819223 437
4440 0.1 9005.0 0.0 9899 30 6235.495433789955 438
4450 0.1 9321.0 0.0 9899 30 6241.804100227791 439
4460 0.1 9443.0 0.0 9899 30 6248.802272727274 440
4470 0.1 9393.0 0.0 9899 30 6256.045351473924 441
4480 0.1 9194.0 0.0 9899 30 6263.142533936652 442
4490 0.1 8683.0 0.0 9899 30 6269.758465011288 443
4500 0.1 9252.0 0.0 9899 30 6275.1936936936945 444
4510 0.1 9088.0 0.0 9899 30 6281.883146067416 445
4520 0.1 9534.0 0.0 9899 30 6288.174887892378 446
4530 0.1 9777.0 0.0 9899 30 6295.43624161074 447
4540 0.1 9453.0 0.0 9899 30 6303.207589285716 448
4550 0.1 9093.0 0.0 9899 30 6310.222717149221 449
4560 0.1 8543.0 0.0 9899 30 6316.406666666668 450
4570 0.1 8655.0 0.0 9899 30 6321.343680709535 451
4580 0.1 9257.0 0.0 9899 30 6326.506637168142 452
4590 0.1 9334.0 0.0 9899 30 6332.975717439294 453
4600 0.1 9140.0 0.0 9899 30 6339.585903083702 454
4610 0.1 8963.0 0.0 9899 30 6345.74065934066 455
4620 0.1 9113.0 0.0 9899 30 6351.480263157896 456
4630 0.1 8888.0 0.0 9899 30 6357.522975929979 457
4640 0.1 9028.0 0.0 9899 30 6363.048034934499 458
4650 0.1 9931.0 0.0 9931 30 6368.85403050109 459
4660 0.1 9492.0 0.0 9931 30 6376.597826086958 460
4670 0.1 9386.0 0.0 9931 30 6383.355748373103 461
4680 0.1 9029.0 0.0 9931 30 6389.85497835498 462
4690 0.1 8966.0 0.0 9931 30 6395.555075593954 463
4700 0.1 8583.0 0.0 9931 30 6401.094827586208 464
4710 0.1 9045.0 0.0 9931 30 6405.787096774195 465
4720 0.1 8845.0 0.0 9931 30 6411.450643776825 466
4730 0.1 9496.0 0.0 9931 30 6416.661670235547 467
4740 0.1 8979.0 0.0 9931 30 6423.241452991454 468
4750 0.1 9198.0 0.0 9931 30 6428.690831556504 469
4760 0.1 8978.0 0.0 9931 30 6434.582978723405 470
4770 0.1 9281.0 0.0 9931 30 6439.983014861997 471
4780 0.1 9073.0 0.0 9931 30 6446.002118644069 472
4790 0.1 7826.0 0.0 9931 30 6451.55602536998 473
4800 0.1 5541.0 0.0 9931 30 6454.455696202533 474
4810 0.1 4594.0 0.0 9931 30 6452.532631578948 475
4820 0.1 946.0 0.0 9931 30 6448.628151260506 476
4830 0.1 422.0 0.0 9931 30 6437.092243186584 477
4840 0.1 63.0 0.0 9931 30 6424.508368200838 478
4850 0.1 32.0 0.0 9931 30 6411.227557411275 479
4860 0.1 35.0 0.0 9931 30 6397.937500000001 480
4870 0.1 32.0 0.0 9931 30 6384.70893970894 481
4880 0.1 28.0 0.0 9931 28 6371.529045643155 482
4890 0.1 36.0 0.0 9931 28 6358.395445134576 483
