10 0.1 487.8359375 0 487.8359375 487.8359375 0 0
20 0.1 12037.615966796875 0.0 12037.615966796875 487.8359375 487.8359375 1
30 1.3 20699.505765474765 3296.68077412955 25166.5009765625 487.8359375 6262.7259521484375 2
40 2 23345.13748779297 7713.049698114241 36020.73095703125 487.8359375 18774.601790364588 15
50 2.2 25498.12812943892 8988.05256359016 43961.77685546875 487.8359375 21386.336474609376 35
60 2.3 27488.817807404892 9887.736200263926 50453.006103515625 487.8359375 22973.34377998218 57
70 2.7 24717.863208912036 9628.493688173914 53680.102783203125 487.8359375 24271.542562866212 80
80 2.8 24250.03582763672 5249.138043445141 53680.102783203125 487.8359375 24384.16552962544 107
90 2.3 28090.01953125 8633.735713978307 53680.102783203125 487.8359375 24356.34603587963 135
100 2.2 24106.130637428978 6968.724694075757 53680.102783203125 487.8359375 24899.85546875 158
110 1.5 24914.720100911458 10070.664887914689 53680.102783203125 487.8359375 24802.844656032987 180
120 2.8 25135.134155273438 10197.476166943301 60125.86279296875 487.8359375 24811.450459485175 195
130 3.3 24725.740663470642 9968.24919036082 66159.73291015625 487.8359375 24852.092358507918 223
140 3.5 22297.639962332596 6173.891764643861 66159.73291015625 487.8359375 24835.80483531952 256
150 4.8 23381.508066813152 7040.0425174298325 66159.73291015625 487.8359375 24530.527273276417 291
160 3.1 27380.725089780746 8742.002367143868 66159.73291015625 487.8359375 24367.83428829047 339
170 3.7 26688.312295449745 6936.787815553323 66159.73291015625 487.8359375 24620.265679766682 370
180 4 23086.294335937502 8080.157244031845 66159.73291015625 487.8359375 24808.269917556052 407
190 3.9 28170.89105068109 9142.158405193337 66159.73291015625 487.8359375 24654.17814291457 447
200 3.8 24002.6375989412 7089.98890753065 66159.73291015625 487.8359375 24936.38349971065 486
210 4.9 25753.010866749042 8791.95846014271 66159.73291015625 487.8359375 24868.669102326603 524
220 5.1 25435.453488817402 8898.444950682504 66159.73291015625 487.8359375 24944.29344169257 573
230 3 24633.423193359376 9090.344904448744 66159.73291015625 487.8359375 24984.436330159504 624
240 2.9 25281.894994275324 6762.70871163371 66159.73291015625 487.8359375 24968.3348101228 654
250 4 24901.92183227539 7300.02120944799 66159.73291015625 487.8359375 24981.648492905268 683
260 4.6 24409.784360139267 8760.22099169953 66159.73291015625 487.8359375 24977.237612649118 723
270 6 25630.623445638023 8798.236300766446 66159.73291015625 487.8359375 24943.29372498273 769
280 5.7 24162.348461485744 6466.048331251787 66159.73291015625 487.8359375 24993.040146260555 829
290 4.9 26442.932353117027 8810.844021333804 66159.73291015625 487.8359375 24939.598356156534 886
300 5.8 23549.68459977775 7937.377043090897 66159.73291015625 487.8359375 25018.382704660344 935
310 6.8 24884.25591322955 7797.766351398382 66159.73291015625 487.8359375 24932.597719682308 993
320 6.5 23977.1022648738 6979.260612911863 66159.73291015625 487.8359375 24929.499470069877 1061
330 4.9 28081.378552495218 9646.654204596185 66159.73291015625 487.8359375 24874.520945791242 1126
340 5.3 25154.289693580482 9267.413237649344 66159.73291015625 487.8359375 25008.25373109209 1175
350 5.9 26301.990180581302 7707.637056979796 66159.73291015625 487.8359375 25014.556586150626 1228
360 5.5 24572.73149414063 8530.31357185667 66159.73291015625 487.8359375 25073.57646343999 1287
370 6.7 26563.175956156716 9811.612614850445 66159.73291015625 487.8359375 25053.05003027198 1342
380 7.2 25238.32108900282 8328.744132488338 66159.73291015625 487.8359375 25124.858715179205 1409
390 7.2 24570.654456244574 7063.587955914476 66159.73291015625 487.8359375 25130.374779267862 1481
400 8.4 24508.715326218375 8578.00797925285 66159.73291015625 487.8359375 25104.425092688547 1553
410 8.1 26362.271095558448 8692.50277727498 66159.73291015625 487.8359375 25073.857212185496 1637
420 8.7 27441.91671717852 11066.111726903124 66450.501953125 487.8359375 25134.603151971998 1718
430 8 26753.834143066408 8803.471512646309 66450.501953125 487.8359375 25245.814387524886 1805
440 8.3 26120.268534097326 8533.1071142528 66450.501953125 487.8359375 25309.815225956358 1885
450 8.1 26145.267535927855 8635.516984683458 66450.501953125 487.8359375 25343.99592950092 1968
460 7.7 25028.681786475245 7988.1502216859 66450.501953125 487.8359375 25375.671380999498 2049
470 8.4 25188.177719842824 8827.03869716227 71472.64184570313 487.8359375 25363.104025036013 2126
480 8.5 26799.0107823989 8850.688312601598 71472.64184570313 487.8359375 25356.455242395186 2210
490 9.7 24717.28682748067 8414.909766944376 71472.64184570313 487.8359375 25409.883225358284 2295
500 10.9 24373.565375931765 7182.13965786498 71472.64184570313 487.8359375 25381.797167417597 2392
510 10.5 26840.429320126488 9236.14011339435 71472.64184570313 487.8359375 25337.855837840645 2501
520 10.2 24768.508839326747 7569.578908468329 71472.64184570313 487.8359375 25398.396979682555 2606
530 11.2 25820.351832798548 10104.602754917818 91102.7548828125 487.8359375 25374.67150319943 2708
540 10.6 24579.893510926446 7026.147606817973 91102.7548828125 487.8359375 25392.37228224734 2820
550 9.4 24667.941746488537 8314.311778817799 91102.7548828125 487.8359375 25362.93866988917 2926
560 11 24922.05569291549 8468.399197897625 91102.7548828125 487.8359375 25341.306315319744 3020
570 9.1 27303.51230629722 8698.846529799494 91102.7548828125 487.8359375 25326.572267887004 3130
580 10.3 25826.03755973149 9825.345233958036 91102.7548828125 487.8359375 25382.424966892075 3221
590 11.3 25604.403545008296 9153.91866983789 91102.7548828125 487.8359375 25396.171085141912 3324
600 9.9 26143.548248599272 10386.968913829682 91102.7548828125 487.8359375 25403.0172498102 3437
610 11.1 26889.00731542089 7216.246247338179 91102.7548828125 487.8359375 25423.750442366792 3536
620 11.2 29274.964852469308 7731.300095404058 91102.7548828125 487.8359375 25468.346963592187 3647
630 11.3 31039.812726856333 9068.588982109777 91102.7548828125 487.8359375 25581.765746128563 3759
640 12.6 33508.347344292524 8252.635035264026 91102.7548828125 487.8359375 25741.052757704554 3872
650 9.8 34566.890388333064 9725.564445452352 91102.7548828125 487.8359375 25985.84493326986 3998
660 13.9 36371.978740445156 8861.954916388979 91102.7548828125 487.8359375 26191.153149724007 4096
670 15.9 36854.51217632175 10147.60056441739 91102.7548828125 487.8359375 26525.305394614265 4235
680 15.6 38645.54095145983 10478.314640470106 91102.7548828125 487.8359375 26899.075052850832 4394
690 14.5 39767.70892039332 9577.5687124057 91102.7548828125 487.8359375 27301.81102651743 4550
700 12.8 39337.19864273071 12761.25159930319 111504.06079101563 487.8359375 27686.806808117428 4695
710 14 37348.28358677455 8977.869987606944 111504.06079101563 487.8359375 27996.00236167963 4823
720 11.6 39088.111298659736 10365.567378110545 111504.06079101563 487.8359375 28259.818475222506 4963
730 14.3 39991.35761821186 10124.66737621517 111504.06079101563 487.8359375 28507.127387905854 5079
740 14.2 42120.694960043445 13020.1387078722 111504.06079101563 487.8359375 28821.613202332082 5222
750 14 38271.502500697556 11628.237314998481 111504.06079101563 487.8359375 29173.676887938906 5364
760 16.7 40245.41957686191 11649.470055752961 111504.06079101563 487.8359375 29405.089603379714 5504
770 13.7 39289.48752744356 10277.672700191088 111504.06079101563 487.8359375 29724.316389761574 5671
780 14.5 38905.136151333514 10139.852190709702 111504.06079101563 487.8359375 29949.941122175904 5808
790 16.3 38827.30236891298 11419.900756041181 111504.06079101563 487.8359375 30168.06698799614 5953
800 14.9 37904.0509106937 10389.799716561989 111504.06079101563 487.8359375 30398.84778706243 6116
810 14.7 39695.726180511265 9730.2645035836 111504.06079101563 487.8359375 30577.34343996284 6265
820 15.3 38383.86027177801 9941.399647473414 111504.06079101563 487.8359375 30786.38933248633 6412
830 15.9 37826.41250245672 10756.664103641751 111504.06079101563 487.8359375 30963.451488421077 6565
840 15.3 38818.73533081851 10444.587469875372 111504.06079101563 487.8359375 31125.73744934191 6724
850 12.2 38007.583670194035 8787.101156774559 111504.06079101563 487.8359375 31296.891830011667 6877
860 18.8 38364.18174581325 10558.872875890775 111504.06079101563 487.8359375 31413.866312723803 6999
870 13.5 38461.43065682871 11361.501769684468 111504.06079101563 487.8359375 31595.67503700665 7187
880 17.5 36954.04461216518 10457.103740656268 111504.06079101563 487.8359375 31722.26299230247 7322
890 12.8 39045.613769531235 11367.517762867712 111504.06079101563 487.8359375 31844.38674626752 7497
900 16.3 38223.99680969613 11635.58559858783 111504.06079101563 487.8359375 31965.27291793673 7625
910 15.7 38859.50081483877 11659.684494517618 111504.06079101563 487.8359375 32096.265726662565 7788
920 13.6 39099.6021566952 10982.304028723267 111504.06079101563 487.8359375 32229.913040551004 7945
930 15.7 38674.82536325638 11362.629199680832 111504.06079101563 487.8359375 32345.527162540315 8081
940 15.6 37409.56834059494 9465.058465343574 111504.06079101563 487.8359375 32466.15107823738 8238
950 15.2 38669.203952186996 10080.354803242362 111504.06079101563 487.8359375 32558.023021640736 8394
960 12.5 39470.0369394531 9598.308468836654 111504.06079101563 487.8359375 32666.717089209546 8546
970 11.8 39560.70580227094 11653.378960591524 113222.55883789063 487.8359375 32764.79285685808 8671
980 13.2 39267.26200173118 9273.6224138425 113222.55883789063 487.8359375 32856.033922685674 8789
990 15.9 38529.20698825668 10608.772229608508 113222.55883789063 487.8359375 32950.89796331273 8921
1000 15.7 37907.25168876893 10279.375205032698 113222.55883789063 487.8359375 33048.579806370675 9080
1010 16.3 38518.40298181078 12170.87002068894 113222.55883789063 487.8359375 33131.161974340415 9237
1020 15.1 39400.60989076727 13343.980566829272 118051.51098632813 487.8359375 33224.57902585293 9400
1030 15.2 38793.779084858135 9949.295859584934 118051.51098632813 487.8359375 33322.22122673263 9551
1040 15 38597.166883138016 10853.462324724444 118051.51098632813 487.8359375 33407.93459315901 9703
1050 16 38128.63412323002 11086.07442668937 118051.51098632813 487.8359375 33486.93437429133 9853
1060 15.9 38229.13460132911 10907.529119356792 118051.51098632813 487.8359375 33561.10514826818 10013
1070 14.3 38184.792029747616 9054.301650907784 118051.51098632813 487.8359375 33634.07179032841 10172
1080 14.6 38414.10317784141 11005.784516184534 118051.51098632813 487.8359375 33697.15981691464 10315
1090 13.8 37602.563377490944 9059.74820789158 118051.51098632813 487.8359375 33762.992311962465 10461
1100 15.6 37509.42728521884 9755.724780377981 118051.51098632813 487.8359375 33812.98389673866 10599
1110 15.7 38409.046694615856 11237.033798182647 118051.51098632813 487.8359375 33866.60036987701 10755
1120 14.9 39380.8302370622 12869.52330062718 118051.51098632813 487.8359375 33931.95631498185 10912
1130 15.9 37711.08710446147 10592.939127601645 118051.51098632813 487.8359375 34005.35675023996 11061
1140 14.9 37998.5982887217 9583.216901832911 118051.51098632813 487.8359375 34057.87111087465 11220
1150 13.7 40930.93955648379 11785.624409067754 118051.51098632813 487.8359375 34109.51754851201 11369
1160 13.4 39677.14582847481 11273.523247803449 118051.51098632813 487.8359375 34190.73906903106 11506
1170 12.8 39004.24768829344 9808.514124151092 118051.51098632813 487.8359375 34253.898734474824 11640
1180 16.3 40546.12452070555 12595.252268644312 118051.51098632813 487.8359375 34305.56806368019 11768
1190 14.4 39464.399283515086 9761.767792055765 118051.51098632813 487.8359375 34390.82585451877 11931
1200 15.1 39410.71117679015 10590.362600413313 118051.51098632813 487.8359375 34451.33058112543 12075
1210 14.5 36128.09857556572 9730.713074845984 118051.51098632813 487.8359375 34512.582541696785 12226
1220 15.8 37678.43642299991 12266.267748340953 118051.51098632813 487.8359375 34531.517941010585 12371
1230 18.9 36554.926079644065 11995.18918607038 118051.51098632813 487.8359375 34571.20292146827 12529
1240 21.1 35998.94565151995 10519.350703260256 118051.51098632813 487.8359375 34600.682688483146 12718
1250 20.9 36880.577080685565 11566.512989181136 118051.51098632813 487.8359375 34623.50220160874 12929
1260 18.6 35611.95043551534 11085.17489417319 118051.51098632813 487.8359375 34659.40786835612 13138
1270 21.2 34945.83822113613 10150.564354297194 118051.51098632813 487.8359375 34672.705145261825 13324
1280 18.3 35851.544374893274 9835.00159126002 118051.51098632813 487.8359375 34676.98293870785 13536
1290 17.9 36842.70489399659 10893.755649861641 118051.51098632813 487.8359375 34692.65060711093 13719
1300 18.3 35691.835186400676 10360.000059916838 118051.51098632813 487.8359375 34720.3423409829 13898
1310 19.4 36989.076256191605 12279.276027854268 118051.51098632813 487.8359375 34732.96809133525 14081
1320 21.5 35566.90848133177 10490.709883153779 118051.51098632813 487.8359375 34763.629035922444 14275
1330 19.2 35602.48623530068 12064.318583007318 118051.51098632813 487.8359375 34775.54795108897 14490
1340 19.9 34934.7526364734 10315.339540819421 118051.51098632813 487.8359375 34786.36201937454 14682
1350 16.8 36705.65372721354 9358.504900217771 118051.51098632813 487.8359375 34788.34641106882 14881
1360 16.7 38112.39571101937 11969.112694709178 118051.51098632813 487.8359375 34809.750333529606 15049
1370 17.8 33928.10916652037 9505.901695997836 118051.51098632813 487.8359375 34845.997821571196 15216
1380 22.1 34705.67925114004 10906.214894901887 118051.51098632813 487.8359375 34835.38432406574 15394
1390 21.2 35415.98021079011 10806.664862556874 118051.51098632813 487.8359375 34833.548600651295 15615
1400 17.6 36653.7011968439 10770.238255703263 118051.51098632813 487.8359375 34841.35017399744 15827
1410 20.8 35635.99403146599 9766.96840063387 118051.51098632813 487.8359375 34861.2822979755 16003
1420 20.5 36007.90731945498 11624.321348446962 118051.51098632813 487.8359375 34871.222464563994 16211
1430 20.3 34933.0864955357 11018.208856917894 118051.51098632813 487.8359375 34885.41717675044 16416
1440 20 34698.28752929687 11521.497026066578 118051.51098632813 487.8359375 34885.99945436722 16619
1450 20.3 35426.94495170106 11335.660770442937 118051.51098632813 487.8359375 34883.76731303813 16819
1460 16.6 36767.01379247458 9884.949785593475 118051.51098632813 487.8359375 34890.24511004486 17022
1470 19.9 36299.033720850384 10522.992957734501 118051.51098632813 487.8359375 34908.37075591892 17188
1480 16.3 35860.58953969758 11606.583321150305 118051.51098632813 487.8359375 34924.28735625373 17387
1490 21.4 34196.31140707142 10342.95525866214 118051.51098632813 487.8359375 34932.983496191126 17550
1500 23.6 34696.06651176841 10212.582572554373 118051.51098632813 487.8359375 34924.1089281281 17764
1510 18.3 37024.507708440055 12648.535535104682 118051.51098632813 487.8359375 34921.11903866916 18000
1520 20.9 36375.781366813666 10973.765478383139 118051.51098632813 487.8359375 34942.28826963039 18183
1530 18.3 36400.452942228054 10803.221971172201 118051.51098632813 487.8359375 34958.57796391657 18392
1540 19.3 34992.79711155075 10223.841525176664 118051.51098632813 487.8359375 34972.78324634085 18575
1550 17.5 36705.873916015604 9857.898828975638 118051.51098632813 487.8359375 34972.98905814741 18768
1560 19.5 36974.49525240384 11724.602649199787 118051.51098632813 487.8359375 34988.997866157064 18943
1570 19.7 35417.53103188454 10461.744567028773 118051.51098632813 487.8359375 35009.22840175734 19138
1580 19.4 34868.54024419095 11495.049174676553 118051.51098632813 487.8359375 35013.38850613464 19335
1590 20.6 36363.67349272792 11927.625554990633 118051.51098632813 487.8359375 35011.94959155544 19529
1600 18.8 34839.71396588263 10074.280639493856 118051.51098632813 487.8359375 35026.05930139287 19735
1610 18.7 36575.94780873998 10740.191209942152 118051.51098632813 487.8359375 35024.30088533725 19923
1620 20.8 34071.57579862158 10312.747035703578 118051.51098632813 487.8359375 35038.72942709142 20110
1630 18.8 37106.13887835566 10223.908185230353 118051.51098632813 487.8359375 35028.82845481454 20318
1640 20 35166.51645996094 10071.207933674272 118051.51098632813 487.8359375 35047.87333726971 20506
1650 18.9 36096.71289837552 11793.492287243775 118051.51098632813 487.8359375 35049.01931546628 20706
1660 20.6 34229.980344309384 10107.225607385633 118051.51098632813 487.8359375 35058.495940839326 20895
1670 19.4 35506.032070513844 10779.426925806743 118051.51098632813 487.8359375 35050.407498922585 21101
1680 19.4 37156.54764014171 12083.187635043589 118051.51098632813 487.8359375 35054.558293329195 21295
1690 17 36742.46851016777 10834.028907813037 118051.51098632813 487.8359375 35073.534789828875 21489
1700 18.1 36097.460352102054 10104.06772079425 118051.51098632813 487.8359375 35086.63413571085 21659
1710 20.7 35930.63218032907 10455.882130475393 118051.51098632813 487.8359375 35095.01140426244 21840
1720 18.5 36016.2804621516 12140.240113739905 118051.51098632813 487.8359375 35102.85707490451 22047
1730 17.7 37222.79342392744 11344.951520090977 118051.51098632813 487.8359375 35110.45798020501 22232
1740 18.8 36318.291463649046 10764.598475510023 118051.51098632813 487.8359375 35127.14249863684 22409
1750 19.7 36042.74496599381 10905.10874392381 118051.51098632813 487.8359375 35137.0524869283 22597
1760 20.7 35040.07699747132 10579.306481164745 118051.51098632813 487.8359375 35144.88004761866 22794
1770 18.3 36281.764177499594 10812.362294133349 118051.51098632813 487.8359375 35143.93686117544 23001
1780 19.5 36528.076362179476 12016.19024836269 127596.66796875 487.8359375 35152.91815857396 23184
1790 17.9 35754.226419289065 11730.076062679655 127596.66796875 487.8359375 35164.38810381127 23379
1800 19.9 35042.026958523034 11158.638022622423 127596.66796875 487.8359375 35168.86985347042 23558
1810 23.7 33731.16895149328 10245.23648015722 127596.66796875 487.8359375 35167.80735668655 23757
1820 26.4 33017.61803921785 11554.941697955925 127596.66796875 487.8359375 35153.61700484731 23994
1830 25.6 33253.52746868133 11428.76022925214 127596.66796875 487.8359375 35130.37091172643 24258
1840 23.5 33699.295422623 10104.215863924328 127596.66796875 487.8359375 35110.7710128352 24514
1850 25.1 34189.04826494803 11756.006983094583 127596.66796875 487.8359375 35097.368581880415 24749
1860 24.6 33646.265838374915 10974.942160647131 127596.66796875 487.8359375 35088.24904589841 25000
1870 26 33098.604295936 11052.145851427525 127596.66796875 487.8359375 35074.19819154323 25246
1880 22.9 33898.295996520195 11448.564922432752 127596.66796875 487.8359375 35054.05961972257 25506
1890 25.3 33837.482014652305 10900.115526434867 127596.66796875 487.8359375 35043.775187248764 25735
1900 25 34153.19200390623 10052.458364940234 127596.66796875 487.8359375 35032.031606647455 25988
1910 23.1 33378.012367677904 9719.92715035355 127596.66796875 487.8359375 35023.65787767858 26238
1920 24.1 33949.21229698846 10709.243419848517 127596.66796875 487.8359375 35009.296016149616 26469
1930 25.8 33023.68087319072 9671.970917137623 127596.66796875 487.8359375 34999.731052603456 26710
1940 24.6 34638.92407722783 12497.001296403938 127596.66796875 487.8359375 34980.82638980723 26968
1950 24 33949.72111104328 9812.578429911928 127596.66796875 487.8359375 34977.73577582566 27214
1960 20.7 33387.735813896434 10491.735762600263 127596.66796875 487.8359375 34968.74897901836 27454
1970 28.3 33124.67041792047 10337.38854605842 127596.66796875 487.8359375 34956.91752949809 27661
1980 24.4 33524.155333472096 11699.286640668217 127596.66796875 487.8359375 34938.3616344016 27944
1990 23.4 33249.02650073448 10444.254164363301 127596.66796875 487.8359375 34926.12003026414 28188
2000 23.5 32837.64023333609 11118.730956982132 127596.66796875 487.8359375 34912.312420458 28422
2010 28.1 33979.39934716272 10515.00749780828 127596.66796875 487.8359375 34895.2991963252 28657
2020 25 33767.37012890627 11312.645403741548 127596.66796875 487.8359375 34886.40542835178 28938
2030 23.2 34272.19750345165 11240.376916747904 127596.66796875 487.8359375 34876.82070775217 29188
2040 24.9 32618.05750443179 9998.88669796307 127596.66796875 487.8359375 34872.05277493784 29420
2050 25.4 33728.2019965705 10461.997661773463 127596.66796875 487.8359375 34853.13589798357 29669
2060 26.7 34244.80230735752 9328.345612965804 127596.66796875 487.8359375 34843.58694864831 29923
2070 25.3 33353.934302047324 10552.00029667586 127596.66796875 487.8359375 34838.291304420934 30190
2080 25.5 32825.56040517772 11306.856069478337 127596.66796875 487.8359375 34825.955387408794 30443
2090 26.1 33514.073948418 11663.285900645526 127596.66796875 487.8359375 34809.33864623774 30698
2100 25.8 34070.3250789199 10835.372405441462 127596.66796875 487.8359375 34798.41891090614 30959
2110 25.8 33483.03921485135 12203.947555425955 127596.66796875 487.8359375 34792.40141375227 31217
2120 25.9 32964.9582576089 11050.446404342016 127596.66796875 487.8359375 34781.66859572792 31475
2130 23.4 33029.454289363 10161.6815627779 127596.66796875 487.8359375 34766.84134490631 31734
2140 23.6 34065.37034374169 12559.472786806877 127596.66796875 487.8359375 34754.12398470245 31968
2150 25.6 33991.133542060874 11653.362262690418 127596.66796875 487.8359375 34749.07660365454 32204
2160 24.1 35106.41545643149 12553.712700268417 127596.66796875 487.8359375 34743.09898739552 32460
2170 23.8 34535.99334973249 11238.353648771872 127596.66796875 487.8359375 34745.77655899998 32701
2180 24.6 33228.4483305148 10526.495272896065 127596.66796875 487.8359375 34744.26077516302 32939
2190 26.5 32786.56852981281 10365.180293836744 127596.66796875 487.8359375 34733.02407601029 33185
2200 26.1 33406.198239381265 11320.411467321936 127596.66796875 487.8359375 34717.6037256443 33450
2210 25.1 34061.81762403511 10582.749756437875 127596.66796875 487.8359375 34707.450457218125 33711
2220 27.5 32818.98585316052 9857.245462675362 127596.66796875 487.8359375 34702.67883478338 33962
2230 24.3 33292.73181604459 10934.780515301303 127596.66796875 487.8359375 34687.54854971324 34237
2240 23.1 34552.08340520156 10824.97011405031 127596.66796875 487.8359375 34677.71848978628 34480
2250 25.8 33491.08874227834 12573.844552767157 127596.66796875 487.8359375 34676.882394469554 34711
2260 23.5 33761.15342939663 10782.416559763293 127596.66796875 487.8359375 34668.13365237612 34969
2270 26.5 33239.93516914801 10218.126834529548 127596.66796875 487.8359375 34662.07921673243 35204
2280 24.3 34400.96071144384 12364.01161478826 134569.62084960938 487.8359375 34651.4539334538 35469
2290 26.6 32750.733886718765 11070.95496357524 134569.62084960938 487.8359375 34649.74946848549 35712
2300 22.2 33257.538082638275 10529.902396099465 134569.62084960938 487.8359375 34635.70927323422 35978
2310 26.5 35160.43643038768 11952.10252792381 134569.62084960938 487.8359375 34627.257505159294 36200
2320 25.3 32804.145238582336 10735.119359317021 134569.62084960938 487.8359375 34631.132245737535 36465
2330 27.2 32305.874863568475 9968.76266357983 134569.62084960938 487.8359375 34618.54365940902 36718
2340 25 31448.677216796874 11663.39726542941 134569.62084960938 487.8359375 34601.537822359314 36990
2350 24.4 32162.410639528367 10527.145948549036 134569.62084960938 487.8359375 34580.37200196752 37240
2360 27.2 34242.236467249284 11608.59768704285 134569.62084960938 487.8359375 34564.632417813336 37484
2370 27.5 32543.361670809652 11315.632960100966 134569.62084960938 487.8359375 34562.3098280646 37756
2380 23.1 33367.647908000225 10353.249206063783 134569.62084960938 487.8359375 34547.71092866029 38031
2390 25.6 34899.798686981194 11542.848382382927 134569.62084960938 487.8359375 34540.586508667286 38262
2400 28.5 33052.17040158994 11802.576022779573 134569.62084960938 487.8359375 34542.97392020601 38518
2410 30.3 31735.486726968596 9885.74099713668 134569.62084960938 487.8359375 34532.02427706488 38803
2420 28.2 31317.07714237727 9890.282351083308 134569.62084960938 487.8359375 34510.35622414003 39106
2430 31.9 31946.911950186128 10285.491402404734 134569.62084960938 487.8359375 34487.49381170332 39388
2440 29.1 32079.10497291801 10186.7580872624 134569.62084960938 487.8359375 34467.0831633586 39707
2450 29.7 31978.73658541798 9684.767699215241 134569.62084960938 487.8359375 34449.70975335264 39998
2460 28.9 32540.719866795534 10703.47229158939 134569.62084960938 487.8359375 34431.497095929226 40295
2470 29.5 32024.688869670284 10418.293426814045 134569.62084960938 487.8359375 34418.03280903736 40584
2480 30.3 32222.89322674942 10145.738030149425 134569.62084960938 487.8359375 34400.76143590902 40879
2490 32.6 32130.25695576113 10947.77238520032 134569.62084960938 487.8359375 34384.73758890365 41182
2500 27.4 31332.725442482606 9000.737590497341 134569.62084960938 487.8359375 34367.03110614359 41508
2510 28.3 33078.29487615254 11060.543894178749 134569.62084960938 487.8359375 34347.132591188754 41782
2520 27.2 32459.914858649747 11225.865442667386 134569.62084960938 487.8359375 34338.59625282301 42065
2530 28.6 32900.71279074926 11534.124743321512 134569.62084960938 487.8359375 34326.52640046655 42337
2540 31.2 33230.74254040839 11085.811985394572 134569.62084960938 487.8359375 34316.95920218443 42623
2550 29.5 31602.33649116128 9091.514399490245 134569.62084960938 487.8359375 34309.06588441398 42935
2560 29.6 31931.933419717323 9837.250282969751 134569.62084960938 487.8359375 34290.59525820511 43230
2570 30.8 31860.945467069552 11488.630164626415 134569.62084960938 487.8359375 34274.55510050185 43526
2580 30.8 32114.2911424513 10383.118945894654 134569.62084960938 487.8359375 34257.5958504426 43834
2590 32 31519.11674346924 10425.943869508037 134569.62084960938 487.8359375 34242.64098092918 44142
2600 29.9 31358.20621880879 9813.809533050187 134569.62084960938 487.8359375 34223.039349064056 44462
2610 27.4 32388.549453623975 10608.624958823697 134569.62084960938 487.8359375 34203.902486483996 44761
2620 29.8 32045.47235885723 9820.659823088392 134569.62084960938 487.8359375 34192.857594044704 45035
2630 30.3 31971.441096038314 10187.678644081605 134569.62084960938 487.8359375 34178.74159024866 45333
2640 28.4 31807.6547860159 9816.155878510303 134569.62084960938 487.8359375 34164.08622935494 45636
2650 28.9 31929.028385360347 9705.36368247324 134569.62084960938 487.8359375 34149.512480881334 45920
2660 27.6 33516.165346007416 12891.688655912581 134569.62084960938 487.8359375 34135.62514500292 46209
2670 29.2 32498.95747270976 10993.764041623313 134569.62084960938 487.8359375 34131.94716491208 46485
2680 26.6 30702.58494625235 9597.169640828643 134569.62084960938 487.8359375 34121.75341605852 46777
2690 31.3 31869.36251918805 10093.945245349616 134569.62084960938 487.8359375 34102.420065443795 47043
2700 27.4 32605.765485109205 11152.70100491489 134569.62084960938 487.8359375 34087.660647165685 47356
2710 30 31406.36955078125 9839.178203298343 134569.62084960938 487.8359375 34079.13578312194 47630
2720 26.8 32367.00217722423 10601.114713016012 134569.62084960938 487.8359375 34062.4065974407 47930
2730 33.1 32825.01227267633 10242.449464310133 134569.62084960938 487.8359375 34052.97947630252 48198
2740 29.3 32147.433033809728 11608.229943806997 134569.62084960938 487.8359375 34044.60392468596 48529
2750 30.7 31815.796122696967 10256.626493272905 134569.62084960938 487.8359375 34033.21825693317 48822
2760 29.1 32220.614647095146 10455.905999297833 134569.62084960938 487.8359375 34019.36190742045 49129
2770 28.2 32979.001226763336 11162.86514625245 134569.62084960938 487.8359375 34008.770336138485 49420
2780 28 31516.02729143415 10067.659153128074 134569.62084960938 487.8359375 34002.92761574808 49702
2790 29.3 32870.87217446804 9828.478106075261 134569.62084960938 487.8359375 33988.99595853532 49982
2800 29.2 31708.059925654165 10171.047136543699 134569.62084960938 487.8359375 33982.479593170196 50275
2810 29.9 31914.56838713681 11134.757505678392 134569.62084960938 487.8359375 33969.34591818622 50567
2820 31 32654.921530052925 10881.416582219275 134569.62084960938 487.8359375 33957.26754595755 50866
2830 29.5 32528.48708620233 10212.562694476821 134569.62084960938 487.8359375 33949.378549847446 51176
2840 29.5 31935.291772874734 11597.525483653484 134569.62084960938 487.8359375 33941.234877065195 51471
2850 28.8 32146.944697062176 9244.538712914558 134569.62084960938 487.8359375 33929.803566634866 51766
2860 27.5 33035.15788618606 10629.899817434281 134569.62084960938 487.8359375 33919.93951479568 52054
2870 29.1 32103.55373107281 10355.288781327647 134569.62084960938 487.8359375 33915.28979957339 52329
2880 28.4 32874.68088929083 10823.784539044982 134569.62084960938 487.8359375 33905.27050660619 52620
2890 30.9 33272.96690985918 11693.76428240436 134569.62084960938 487.8359375 33899.73808086678 52904
2900 29.6 31658.862350051466 10528.915575105502 134569.62084960938 487.8359375 33896.09851362116 53213
2910 30.8 32052.184004350143 10836.839353255538 134569.62084960938 487.8359375 33883.722616026054 53509
2920 30.5 30687.71364786117 10301.07619686428 134569.62084960938 487.8359375 33873.24053987175 53817
2930 30.2 31652.375807604254 10612.983133941107 134569.62084960938 487.8359375 33855.28876975861 54122
2940 28.8 32333.019794040258 10774.509133440693 134569.62084960938 487.8359375 33843.06475618794 54424
2950 26.7 32384.32886290818 10052.243706869198 134569.62084960938 487.8359375 33835.11598902354 54712
2960 28.5 33836.1917446203 11538.43482363835 134569.62084960938 487.8359375 33828.07038683593 54979
2970 28 32644.219046456474 11372.756549506927 134569.62084960938 487.8359375 33828.112269200006 55264
2980 27.6 32879.73191944068 11253.596279486568 134569.62084960938 487.8359375 33822.14420600023 55544
2990 30.3 32726.176770704446 11833.1735471833 134569.62084960938 487.8359375 33817.484482046624 55820
3000 34.4 30650.08965993482 11719.230703347892 134569.62084960938 487.8359375 33811.59266876977 56123
3010 34.3 30378.62810193832 10251.46131993442 134569.62084960938 487.8359375 33792.332622458845 56467
3020 34.2 32220.55597387838 10223.504964343894 134569.62084960938 487.8359375 33771.72180305137 56810
3030 36.6 31100.744583546788 10386.39501195735 134569.62084960938 487.8359375 33762.43956072254 57152
3040 33.2 30959.368795004237 9570.98579818224 134569.62084960938 487.8359375 33745.50259556995 57518
3050 36.7 31376.361984045045 10124.600172895878 134569.62084960938 487.8359375 33729.513029074056 57850
3060 34.2 31589.343686466327 11303.488249151183 134569.62084960938 487.8359375 33714.67876359274 58217
3070 37.7 31604.68937152893 10758.226857524283 134569.62084960938 487.8359375 33702.26624636435 58559
3080 31.8 30648.305459076502 10349.70763441186 134569.62084960938 487.8359375 33688.8485308456 58936
3090 34.6 31624.30172606011 10952.759987539437 134569.62084960938 487.8359375 33672.5307683853 59254
3100 29.7 30319.578903455124 10757.743554729306 134569.62084960938 487.8359375 33660.64004273691 59600
3110 31.6 31378.603203495848 9956.284518444643 134569.62084960938 487.8359375 33644.07335060931 59897
3120 34 31594.618017578126 10511.597188229083 134569.62084960938 487.8359375 33632.18408140685 60213
3130 32.1 30767.619689751267 9676.082297378049 134569.62084960938 487.8359375 33620.743319401634 60553
3140 37.1 30503.362361280746 10887.211310372155 134569.62084960938 487.8359375 33605.69826428586 60874
3150 33.1 31079.641927575056 11571.532653865954 134569.62084960938 487.8359375 33586.905438422276 61245
3160 35.9 31210.820636887405 9776.531961338664 134569.62084960938 487.8359375 33573.42771622385 61576
3170 31.5 31793.6027483259 12354.61020052611 134569.62084960938 487.8359375 33559.73310184616 61935
3180 37.2 31493.981342274656 10005.299806079018 134569.62084960938 487.8359375 33550.79605668377 62250
3190 35.2 30945.38032947887 10569.593773121374 134569.62084960938 487.8359375 33538.577745646755 62622
3200 36 31309.45552910699 11569.900437592361 138161.43994140625 487.8359375 33524.08278756102 62974
3210 37.1 31614.373206125758 10198.336087597807 138161.43994140625 487.8359375 33511.494512494806 63334
3220 33.8 31880.139139209266 10506.286422814475 138161.43994140625 487.8359375 33500.44621166029 63705
3230 34.7 30273.866498699794 9792.739416906978 138161.43994140625 487.8359375 33491.89471047377 64043
3240 35.5 30855.498493205327 10395.849966170732 138161.43994140625 487.8359375 33474.552641992865 64390
3250 31.7 32136.50410957216 10342.819046609178 138161.43994140625 487.8359375 33460.192240065 64745
3260 34.6 31576.169632575416 11226.821503439862 138161.43994140625 487.8359375 33453.742866584835 65062
3270 33.1 31725.650420865983 12182.575461151699 138161.43994140625 487.8359375 33443.81074300718 65408
3280 34.4 31766.19151412609 11052.127614357467 138161.43994140625 487.8359375 33435.15969771247 65739
3290 35.6 30845.514331603317 10092.694559653013 138161.43994140625 487.8359375 33426.47175898158 66083
3300 36 30352.345421006943 10681.060565348409 138161.43994140625 487.8359375 33412.64221843843 66439
3310 37.3 31824.416041151766 10656.362749746315 138161.43994140625 487.8359375 33396.14935406807 66799
3320 32.8 31194.84565176615 10381.282960622768 138161.43994140625 487.8359375 33387.421662087516 67172
3330 34.5 30890.82387412251 10834.66306309906 138161.43994140625 487.8359375 33376.76736680773 67500
3340 37.6 30870.53091885181 10364.899948632441 138161.43994140625 487.8359375 33364.12604460306 67845
3350 34.5 31860.433512369793 10866.700733194712 138161.43994140625 487.8359375 33350.38259658437 68221
3360 33 30314.314041045218 9581.710541110404 138161.43994140625 487.8359375 33342.88569674985 68566
3370 33.7 31182.074254248193 11615.095646497257 138161.43994140625 487.8359375 33328.37935898884 68896
3380 35.1 32192.199045556223 11369.329921740014 138161.43994140625 487.8359375 33317.931959334084 69233
3390 34.2 30981.318922611707 9908.845428848334 138161.43994140625 487.8359375 33312.2534663941 69584
3400 35.8 31385.835809292075 10644.408741738924 138161.43994140625 487.8359375 33300.85313441495 69926
3410 34.5 31412.432965353262 10947.119553775492 138161.43994140625 487.8359375 33291.09876354258 70284
3420 37.4 31848.982127470128 11586.91742166518 138161.43994140625 487.8359375 33281.92208398637 70629
3430 36.6 30955.162249455687 10981.45100173297 138161.43994140625 487.8359375 33274.3742403215 71003
3440 33.9 30458.396355462988 9822.250818498924 138161.43994140625 487.8359375 33262.480678850035 71369
3450 33.6 32245.23754446847 11341.327967448924 138161.43994140625 487.8359375 33249.224353396414 71708
3460 36.4 31292.76065164084 11380.683933094959 138161.43994140625 487.8359375 33244.54194309438 72044
3470 32.1 32023.97702568268 10873.763497574528 138161.43994140625 487.8359375 33234.730204196894 72408
3480 35.3 31112.126449628187 10031.050321764862 138161.43994140625 487.8359375 33229.386369271306 72729
3490 38.4 30972.19406191508 10318.884537449072 138161.43994140625 487.8359375 33219.15960000344 73082
3500 33.4 31042.321652349598 10457.224448462006 138161.43994140625 487.8359375 33207.414918564056 73466
3510 34 31079.542596076517 10145.618034255815 138161.43994140625 487.8359375 33197.61625798255 73800
3520 33.2 30737.432131847705 10321.315250037498 138161.43994140625 487.8359375 33187.902944723195 74140
3530 32.9 31362.11657751947 10038.492414773411 138161.43994140625 487.8359375 33176.97862001224 74472
3540 36.4 31496.7309925792 10643.224138325988 138161.43994140625 487.8359375 33168.9962452849 74801
3550 34.3 31220.509434647185 9895.63564729634 138161.43994140625 487.8359375 33160.89800072979 75165
3560 36 30952.548889160156 10382.53324684635 138161.43994140625 487.8359375 33152.08365949222 75508
3570 38.9 30927.157935762774 10741.363176386612 138161.43994140625 487.8359375 33141.64668320025 75868
3580 32 31784.929622650146 10697.74609356914 138161.43994140625 487.8359375 33130.35019733334 76257
3590 32.3 31373.113900293876 9812.846402961135 138161.43994140625 487.8359375 33124.72795326661 76577
3600 36.2 30873.597721668895 11396.462551668837 138161.43994140625 487.8359375 33117.3707186878 76900
3610 36.1 30811.267816855303 9942.332962824066 138161.43994140625 487.8359375 33106.85784269545 77262
3620 38.7 30584.88337522206 11397.19505107194 138161.43994140625 487.8359375 33096.18178019686 77623
3630 37.8 30017.73053915034 10142.137417696084 138161.43994140625 487.8359375 33083.723473790946 78010
3640 38.8 30735.190168557707 9555.564401886699 138161.43994140625 487.8359375 33068.93874488736 78388
3650 41.9 29956.253377181532 10034.094552872111 138161.43994140625 487.8359375 33057.444197720506 78776
3660 35.7 30013.778445460215 10228.421897090326 138161.43994140625 487.8359375 33041.036609440875 79195
3670 37.9 31599.475317318396 10753.164219286917 138161.43994140625 487.8359375 33027.45139267019 79552
3680 38.8 30142.38158927996 9921.309616844324 138161.43994140625 487.8359375 33020.6805161322 79931
3690 36.6 30914.741350351134 9805.80298775331 138161.43994140625 487.8359375 33006.77620975863 80319
3700 39.6 30607.614942146065 9622.564703926137 138161.43994140625 487.8359375 32997.2864067154 80685
3710 38.7 30760.998652495156 10546.918188879776 138161.43994140625 487.8359375 32985.615239611274 81081
3720 42.6 30645.779937600866 11128.041301471847 138161.43994140625 487.8359375 32975.047573543445 81468
3730 35 31367.656734793527 10931.230745514056 138161.43994140625 487.8359375 32962.93108133508 81894
3740 37.7 31160.027316551306 11695.110751472388 138161.43994140625 487.8359375 32956.14218462177 82244
3750 36.3 30776.312891432077 10669.848427832374 138161.43994140625 487.8359375 32947.946504283085 82621
3760 41.2 30629.471350216172 10334.256300677114 138161.43994140625 487.8359375 32938.44704653865 82984
3770 42 31176.189661807104 11614.43065576721 138161.43994140625 487.8359375 32927.04004875836 83396
3780 40.1 30829.75795740142 10615.214239143848 138161.43994140625 487.8359375 32918.266578746436 83816
3790 38.2 31401.587334597927 10484.72607564316 138161.43994140625 487.8359375 32908.322126234954 84217
3800 40.5 30143.496417462386 10158.990698564112 138161.43994140625 487.8359375 32901.518586117396 84599
3810 37.3 30770.43560709199 10659.25879266142 138161.43994140625 487.8359375 32888.37804004538 85004
3820 40.3 30348.999082200877 11023.429026939784 138161.43994140625 487.8359375 32879.12505004232 85377
3830 37.2 30741.971667874244 11483.068999191997 138161.43994140625 487.8359375 32867.238354250294 85780
3840 37.2 31514.254026351435 10493.096937652568 138161.43994140625 487.8359375 32858.06155966245 86152
3850 40.8 30780.111837349687 10586.319537839818 138161.43994140625 487.8359375 32852.28401352044 86524
3860 39.3 29545.272497589656 10541.259973488051 138161.43994140625 487.8359375 32842.55863911426 86932
3870 38.6 29950.784746397345 9383.254877793557 138161.43994140625 487.8359375 32827.71943552286 87325
3880 38.9 31177.882897855077 10787.47887233292 138161.43994140625 487.8359375 32815.058574399365 87711
3890 36.6 30768.45175954684 9779.768445603064 138161.43994140625 487.8359375 32807.82972833607 88100
3900 40.9 30686.966677490833 10479.395623346216 138161.43994140625 487.8359375 32799.39244919406 88466
3910 38.8 29592.31449591253 9670.324700519112 138161.43994140625 487.8359375 32789.671131156065 88875
3920 38.7 30764.94205224483 10470.718299983868 138161.43994140625 487.8359375 32775.77316251873 89263
3930 35.3 30791.236145538245 11148.905385740569 138161.43994140625 487.8359375 32767.09283190327 89650
3940 40.3 30855.67414072193 10502.173879818884 138161.43994140625 487.8359375 32759.343341216438 90003
3950 41.9 30884.162446160874 11019.114177220454 138161.43994140625 487.8359375 32750.857414532373 90406
3960 40.4 30803.010968198872 10893.766713289071 138161.43994140625 487.8359375 32742.245851727555 90825
3970 41.1 30030.008855592307 9790.724053196365 138161.43994140625 487.8359375 32733.65811216069 91229
3980 39.7 30600.309969424 10532.616863290184 138161.43994140625 487.8359375 32721.532404560847 91640
3990 38.4 31151.433659235638 12286.735197930753 138161.43994140625 487.8359375 32712.382548451355 92037
4000 38.9 31371.490927885003 10976.52872508779 138161.43994140625 487.8359375 32705.896962129427 92421
4010 40.8 30729.074735753675 10341.307535907452 138161.43994140625 487.8359375 32700.30398780208 92810
4020 36.4 30028.24361880795 10109.340356931256 138161.43994140625 487.8359375 32691.67623849577 93218
4030 38.1 31771.468391158138 11555.950953886237 138161.43994140625 487.8359375 32681.316452708263 93582
4040 41.9 30797.96528425194 10584.30755902522 138161.43994140625 487.8359375 32677.627212140695 93963
4050 39.1 30667.622442455242 10460.299055824247 138161.43994140625 487.8359375 32669.28263004045 94382
4060 40.1 30959.75943076878 10266.20696002867 138161.43994140625 487.8359375 32661.024485491413 94773
4070 36.5 30507.8164651113 9541.686914426326 138161.43994140625 487.8359375 32653.856484914115 95174
4080 40.1 30749.713869013987 10812.314200823996 138161.43994140625 487.8359375 32645.657690628763 95539
4090 35.8 31092.366077273917 9885.957997214024 138161.43994140625 487.8359375 32637.73322249798 95940
4100 38.5 30513.171059506898 9916.528915118159 138161.43994140625 487.8359375 32631.98812459366 96298
4110 35.5 30523.539801799077 10050.203156223803 138161.43994140625 487.8359375 32623.55081327669 96683
4120 37.7 31130.308662394313 10741.269548742148 138161.43994140625 487.8359375 32615.868215644066 97038
4130 39.5 32016.30071140724 10983.389682448334 138161.43994140625 487.8359375 32610.119039936268 97415
4140 36.9 30790.53330766218 9828.383626587085 138161.43994140625 487.8359375 32607.72093913094 97810
4150 43.3 31567.433486621318 11363.091425663706 138161.43994140625 487.8359375 32600.89114624232 98179
4160 39.2 30918.17572644292 10531.860699391245 138161.43994140625 487.8359375 32596.353289119295 98612
4170 39 30184.652602914663 9919.881744165068 138161.43994140625 487.8359375 32589.7086524928 99004
4180 37.8 31358.387668831638 10582.99868873307 138161.43994140625 487.8359375 32580.271746247603 99394
4190 37.6 30586.809775494516 9666.3412363777 138161.43994140625 487.8359375 32575.642469684404 99772
4200 39.7 31120.09670244117 10926.227518338366 138161.43994140625 487.8359375 32568.1755098548 100148
4210 40.9 30250.310028747706 10189.19897981641 138161.43994140625 487.8359375 32562.457798516163 100545
4220 44.1 29426.10965512507 9309.129624388019 138161.43994140625 487.8359375 32553.090478371985 100954
4230 48.5 29612.24233499114 9388.19315593951 138161.43994140625 487.8359375 32539.49021659328 101395
4240 45.2 29471.450425409632 10612.256825638875 138161.43994140625 487.8359375 32525.55504558251 101880
4250 43.2 30201.09478138111 10278.165909367539 138161.43994140625 487.8359375 32512.065078726413 102332
4260 46.2 30088.84385674547 10712.504468340814 138161.43994140625 487.8359375 32502.350206120704 102764
4270 45.6 30114.754323323566 9841.071286438431 138161.43994140625 487.8359375 32491.5482770194 103226
4280 43.7 29893.301470095288 10056.673722250323 138161.43994140625 487.8359375 32481.09498673868 103682
4290 43.3 29812.282464500935 10140.325980134437 138161.43994140625 487.8359375 32470.233705255254 104119
4300 44.3 31222.617826784706 11278.208807947578 138161.43994140625 487.8359375 32459.225853781856 104552
4310 43.1 29864.294649411797 9336.27626864033 138161.43994140625 487.8359375 32454.00829717478 104995
4320 44.6 30327.376544764225 9947.633477519066 138161.43994140625 487.8359375 32443.4210930488 105426
4330 43.3 30144.96766518115 11041.52892184696 138161.43994140625 487.8359375 32434.506971576313 105872
4340 43 29139.083987781618 9898.681784809882 138161.43994140625 487.8359375 32425.181252939663 106305
4350 42.7 31366.31404603337 11297.196229675921 138161.43994140625 487.8359375 32411.94265431674 106735
4360 38.6 29105.386664988462 9153.553073715686 138161.43994140625 487.8359375 32407.77622017276 107162
4370 39.9 29535.867566254503 9039.215618320164 138161.43994140625 487.8359375 32395.92362999627 107548
4380 42.2 29751.32830029528 9423.00005487524 138161.43994140625 487.8359375 32385.352123892044 107947
4390 43.6 29427.424594144213 10274.28469144016 138161.43994140625 487.8359375 32375.094964985365 108369
4400 44 29544.525160356006 10006.380267697308 138161.43994140625 487.8359375 32363.283152277432 108805
4410 41.2 29093.465636021883 10089.315437413872 138161.43994140625 487.8359375 32351.930197758273 109245
4420 44.7 29770.24764270484 10015.596031268171 138161.43994140625 487.8359375 32339.687592184207 109657
4430 43.5 30431.335634990122 9995.644056323259 138161.43994140625 487.8359375 32329.256184992668 110104
4440 46 30074.930982506794 10283.687177824977 138161.43994140625 487.8359375 32321.78736910641 110539
4450 41.8 29568.78489458732 10191.15121229976 138161.43994140625 487.8359375 32312.475988482838 110999
4460 44 29493.92382923473 9515.716407832559 138161.43994140625 487.8359375 32302.18256039513 111417
4470 43.7 29960.9679466265 10540.465819141828 138161.43994140625 487.8359375 32291.13601130378 111857
4480 43.3 30444.561398266094 9910.749740260746 138161.43994140625 487.8359375 32282.067998371087 112294
4490 43.2 29632.31492614746 9523.504435455445 138161.43994140625 487.8359375 32275.00988134637 112727
4500 43.3 30417.454683440388 10474.361825492815 138161.43994140625 487.8359375 32264.921030961992 113159
4510 42.4 29379.878535432636 9804.710536416085 138161.43994140625 487.8359375 32257.878695863772 113592
4520 45.9 29961.136997995807 10889.72125820286 138161.43994140625 487.8359375 32247.17605704095 114016
4530 48 29787.191903686522 10179.742137181205 138161.43994140625 487.8359375 32238.009934061247 114475
4540 45.4 30158.168604913786 10838.304932331637 138161.43994140625 487.8359375 32227.776428301775 114955
4550 44.7 30912.365737403 11397.592493759237 138161.43994140625 487.8359375 32219.63493195558 115409
4560 39.8 29538.250893137563 9589.355965684364 138161.43994140625 487.8359375 32214.591176518097 115856
4570 41.2 30306.686845797936 11017.701426945869 138161.43994140625 487.8359375 32205.428623549724 116254
4580 44.5 29630.177673477003 10378.693232228012 138161.43994140625 487.8359375 32198.72331426995 116666
4590 43.7 29023.804028823117 10466.305480662284 138161.43994140625 487.8359375 32188.963318965045 117111
4600 45.5 30130.697329477163 9720.635381837761 138161.43994140625 487.8359375 32177.19642705883 117548
4610 43 29943.32803642805 10306.580972141683 138161.43994140625 487.8359375 32169.30546590191 118003
4620 43.6 30191.412835637362 10155.365246111642 138161.43994140625 487.8359375 32161.223509904226 118433
4630 40 29463.85190979004 10561.063302402044 138161.43994140625 487.8359375 32153.99843478809 118869
4640 42.4 30188.627617026275 10066.605052465004 138161.43994140625 487.8359375 32144.976319988775 119269
4650 46.9 29766.399227183003 10473.110690636695 138161.43994140625 487.8359375 32138.04615824117 119693
4660 46.6 29681.392092987193 10411.316627205813 138161.43994140625 487.8359375 32128.789468017418 120162
4670 43.3 30422.2133428208 10560.45765274978 138161.43994140625 487.8359375 32119.33488718408 120628
4680 46.8 30374.588377341246 10790.919433937464 138161.43994140625 487.8359375 32113.264776837153 121061
4690 42 28922.39883393787 8766.582993953638 138161.43994140625 487.8359375 32106.56925103702 121529
4700 40.8 30846.098136752258 10197.610876984794 138161.43994140625 487.8359375 32095.602768530553 121949
4710 41.8 30491.441655063172 11033.774925205598 138161.43994140625 487.8359375 32091.43628937721 122357
4720 42.7 30268.80421808676 9618.350618686698 138161.43994140625 487.8359375 32085.98894458272 122775
4730 45.4 29194.05431268499 9497.154604436511 138161.43994140625 487.8359375 32079.690849761097 123202
4740 43.6 29859.530549495594 10231.301446581558 138161.43994140625 487.8359375 32069.09630531657 123656
4750 44.2 30301.912699289453 10761.162631690137 138161.43994140625 487.8359375 32061.332946924907 124092
4760 42.9 29200.04676061244 9546.836827283367 138161.43994140625 487.8359375 32055.088357098397 124534
4770 42.2 30163.21240523641 10933.617859566944 138161.43994140625 487.8359375 32045.28695312368 124963
4780 43.6 30786.672013868978 10677.629116620683 138161.43994140625 487.8359375 32038.95257932132 125385
4790 39.5 30598.891332698775 10245.431782610029 138161.43994140625 487.8359375 32034.613126236884 125821
4800 24.1 35829.94540164679 10061.611944415614 138161.43994140625 487.8359375 32030.119954939684 126216
4810 22.9 41482.45536384412 9410.615503943409 138161.43994140625 487.8359375 32037.361609673357 126457
4820 6.1 50222.843273725666 7930.812721276044 138161.43994140625 487.8359375 32054.434739061806 126686
4830 1.6 61232.64158630371 9278.280839296116 138161.43994140625 487.8359375 32063.178716596696 126747
4840 0.1 69200.75317382813 0.0 138161.43994140625 487.8359375 32066.86048024946 126763
4850 0 0 0 138161.43994140625 487.8359375 32067.15341746108 126764
4860 0 0 0 138161.43994140625 487.8359375 32067.15341746108 126764
4870 0 0 0 138161.43994140625 487.8359375 32067.15341746108 126764
4880 0 0 0 138161.43994140625 487.8359375 32067.15341746108 126764
4890 0.1 132826.69311523438 0.0 138161.43994140625 487.8359375 32067.15341746108 126764
4892 0 0 0 138161.43994140625 487.8359375 32067.948270454395 126765
