10 2.9 29
20 1.6 45
30 2.5 70
40 2.2 92
50 3 122
60 3 152
70 1.8 170
80 2.3 193
90 1.9 212
100 2 232
110 3.7 269
120 4.4 313
130 4.7 360
140 3.7 397
150 2.9 426
160 4.8 474
170 3.5 509
180 4.5 554
190 4.1 595
200 3.9 634
210 3.6 670
220 3.1 701
230 4.7 748
240 5.1 799
250 6 859
260 5.4 913
270 5.3 966
280 5 1016
290 7.5 1091
300 6.7 1158
310 5 1208
320 5.7 1265
330 5.6 1321
340 6.2 1383
350 6.4 1447
360 7.9 1526
370 8.2 1608
380 8.2 1690
390 8.2 1772
400 8.4 1856
410 7.9 1935
420 7.5 2010
430 8.4 2094
440 8 2174
450 9.2 2266
460 8.7 2353
470 9.4 2447
480 11.4 2561
490 10.1 2662
500 10.4 2766
510 10.7 2873
520 10.7 2980
530 10.5 3085
540 10.7 3192
550 9.6 3288
560 9.9 3387
570 10.3 3490
580 13.1 3621
590 14.3 3764
600 14.8 3912
610 14.3 4055
620 14.3 4198
630 17.2 4370
640 14.6 4516
650 16.6 4682
660 11.9 4801
670 14 4941
680 15.8 5099
690 12.7 5226
700 14.4 5370
710 11.8 5488
720 16.2 5650
730 13 5780
740 16.8 5948
750 14.3 6091
760 14.5 6236
770 16.5 6401
780 15.2 6553
790 13.5 6688
800 14.1 6829
810 17.5 7004
820 13.6 7140
830 15.5 7295
840 15.6 7451
850 16 7611
860 14.5 7756
870 16.5 7921
880 13.7 8058
890 16.7 8225
900 13.4 8359
910 15.2 8511
920 15.5 8666
930 11.9 8785
940 14.8 8933
950 13.8 9071
960 13.7 9208
970 16.1 9369
980 15.1 9520
990 16.6 9686
1000 14.5 9831
1010 14.8 9979
1020 14.9 10128
1030 16.5 10293
1040 13.9 10432
1050 13.8 10570
1060 16.1 10731
1070 16.6 10897
1080 13 11027
1090 17.1 11198
1100 14.7 11345
1110 15.7 11502
1120 13.5 11637
1130 14 11777
1140 14.4 11921
1150 13.8 12059
1160 14.9 12208
1170 14.1 12349
1180 13.9 12488
1190 17.6 12664
1200 19.1 12855
1210 19.3 13048
1220 19.9 13247
1230 19.2 13439
1240 22.1 13660
1250 16.6 13826
1260 19.4 14020
1270 17.5 14195
1280 20 14395
1290 19.2 14587
1300 19.4 14781
1310 21.3 14994
1320 17.4 15168
1330 16.3 15331
1340 17 15501
1350 21.9 15720
1360 21 15930
1370 21.2 16142
1380 18.2 16324
1390 18.8 16512
1400 19.4 16706
1410 20.6 16912
1420 21 17122
1430 18.4 17306
1440 19.3 17499
1450 17.9 17678
1460 21.8 17896
1470 20.3 18099
1480 21.5 18314
1490 19.4 18508
1500 17.8 18686
1510 17.8 18864
1520 20.2 19066
1530 18.5 19251
1540 17.8 19429
1550 21.6 19645
1560 19.2 19837
1570 19.6 20033
1580 19.4 20227
1590 19.6 20423
1600 21.1 20634
1610 18.2 20816
1620 19.1 21007
1630 19.5 21202
1640 20.6 21408
1650 19.6 21604
1660 18 21784
1670 19.7 21981
1680 18.3 22164
1690 18.4 22348
1700 19.5 22543
1710 17.3 22716
1720 17.7 22893
1730 22 23113
1740 19.1 23304
1750 18.5 23489
1760 18.8 23677
1770 18.1 23858
1780 22.7 24085
1790 25.8 24343
1800 24.8 24591
1810 25.3 24844
1820 25.5 25099
1830 23.8 25337
1840 24.2 25579
1850 25.5 25834
1860 24.8 26082
1870 26.3 26345
1880 23 26575
1890 23.2 26807
1900 26.7 27074
1910 21.3 27287
1920 25.4 27541
1930 23.6 27777
1940 22.7 28004
1950 25.3 28257
1960 25.5 28512
1970 24.8 28760
1980 25.1 29011
1990 25.7 29268
2000 24.3 29511
2010 24.6 29757
2020 27.1 30028
2030 25.6 30284
2040 25 30534
2050 25.7 30791
2060 25.9 31050
2070 27 31320
2080 23.4 31554
2090 24.7 31801
2100 26.3 32064
2110 24.1 32305
2120 25.8 32563
2130 25.2 32815
2140 21.6 33031
2150 24.2 33273
2160 25.3 33526
2170 26.6 33792
2180 26.6 34058
2190 26.6 34324
2200 25.2 34576
2210 24 34816
2220 23.1 35047
2230 26 35307
2240 24.6 35553
2250 24.8 35801
2260 26.2 36063
2270 25.2 36315
2280 25.2 36567
2290 20.7 36774
2300 27.1 37045
2310 25.4 37299
2320 28.5 37584
2330 25.8 37842
2340 24.4 38086
2350 29.1 38377
2360 24.1 38618
2370 24.2 38860
2380 28.6 39146
2390 30.4 39450
2400 31.9 39769
2410 28.8 40057
2420 31.6 40373
2430 27.9 40652
2440 28.5 40937
2450 31.3 41250
2460 30.4 41554
2470 30.7 41861
2480 27.5 42136
2490 30.8 42444
2500 26.1 42705
2510 29 42995
2520 29.9 43294
2530 32 43614
2540 26.7 43881
2550 31 44191
2560 31.2 44503
2570 31.5 44818
2580 29.2 45110
2590 28.3 45393
2600 30.6 45699
2610 30.4 46003
2620 27.3 46276
2630 28.1 46557
2640 26.7 46824
2650 28.9 47113
2660 30 47413
2670 29.5 47708
2680 28.4 47992
2690 30.1 48293
2700 30.2 48595
2710 26.9 48864
2720 31.6 49180
2730 29.3 49473
2740 31 49783
2750 25.6 50039
2760 31.9 50358
2770 28 50638
2780 29.5 50933
2790 32 51253
2800 27.8 51531
2810 28.6 51817
2820 31.7 52134
2830 26.7 52401
2840 30.3 52704
2850 30 53004
2860 26.4 53268
2870 31.7 53585
2880 27.6 53861
2890 32.6 54187
2900 29.6 54483
2910 30 54783
2920 29.8 55081
2930 27.1 55352
2940 26.8 55620
2950 28 55900
2960 27.4 56174
2970 31.2 56486
2980 35.8 56844
2990 35.3 57197
3000 36 57557
3010 34 57897
3020 36.4 58261
3030 35.7 58618
3040 34.3 58961
3050 32.7 59288
3060 32.7 59615
3070 31.6 59931
3080 34.8 60279
3090 32.7 60606
3100 32.1 60927
3110 32.6 61253
3120 36.3 61616
3130 35.1 61967
3140 37.3 62340
3150 32.9 62669
3160 34.9 63018
3170 35 63368
3180 39 63758
3190 32.3 64081
3200 34.7 64428
3210 35.6 64784
3220 34 65124
3230 33 65454
3240 35.1 65805
3250 32.6 66131
3260 34.4 66475
3270 36.1 66836
3280 36.8 67204
3290 33.9 67543
3300 36.2 67905
3310 34.4 68249
3320 33.7 68586
3330 35.3 68939
3340 35.8 69297
3350 32.8 69625
3360 34.6 69971
3370 34.5 70316
3380 37.7 70693
3390 33.4 71027
3400 36.1 71388
3410 36.7 71755
3420 33.8 72093
3430 36.7 72460
3440 32.4 72784
3450 35.1 73135
3460 35.4 73489
3470 35.5 73844
3480 33 74174
3490 34.9 74523
3500 33.9 74862
3510 35.1 75213
3520 34.6 75559
3530 36 75919
3540 35.8 76277
3550 33.6 76613
3560 34.9 76962
3570 32.5 77287
3580 36.5 77652
3590 36.8 78020
3600 39.4 78414
3610 37 78784
3620 40.5 79189
3630 40 79589
3640 37.2 79961
3650 39.2 80353
3660 38.8 80741
3670 40 81141
3680 36.2 81503
3690 39.2 81895
3700 38.8 82283
3710 36.6 82649
3720 38.5 83034
3730 38.1 83415
3740 42 83835
3750 39.9 84234
3760 39.9 84633
3770 38.8 85021
3780 36.3 85384
3790 40.5 85789
3800 41 86199
3810 36.8 86567
3820 39.3 86960
3830 36.2 87322
3840 40.4 87726
3850 39.1 88117
3860 38 88497
3870 38.3 88880
3880 38.8 89268
3890 40.9 89677
3900 38.3 90060
3910 38.6 90446
3920 40 90846
3930 40.5 91251
3940 41.3 91664
3950 39.7 92061
3960 40.4 92465
3970 38.1 92846
3980 39.8 93244
3990 39 93634
4000 38 94014
4010 38 94394
4020 39.9 94793
4030 38.7 95180
4040 39.5 95575
4050 38.2 95957
4060 38.3 96340
4070 35.6 96696
4080 39.6 97092
4090 38.9 97481
4100 35.9 97840
4110 39.5 98235
4120 40.3 98638
4130 38.5 99023
4140 38.5 99408
4150 39 99798
4160 38.8 100186
4170 35.7 100543
4180 43.4 100977
4190 42.2 101399
4200 44 101839
4210 47.7 102316
4220 46.2 102778
4230 44 103218
4240 46.9 103687
4250 43.3 104120
4260 46.6 104586
4270 41.9 105005
4280 41.9 105424
4290 44.6 105870
4300 42 106290
4310 43.4 106724
4320 42.3 107147
4330 39.6 107543
4340 42 107963
4350 41.1 108374
4360 41.1 108785
4370 43.7 109222
4380 41.7 109639
4390 49.4 110133
4400 40.8 110541
4410 43.8 110979
4420 40.9 111388
4430 46.1 111849
4440 45 112299
4450 45.6 112755
4460 41.2 113167
4470 40.8 113575
4480 43 114005
4490 46.9 114474
4500 44.9 114923
4510 47 115393
4520 46.8 115861
4530 39.6 116257
4540 42.8 116685
4550 40 117085
4560 44.6 117531
4570 46.7 117998
4580 43.3 118431
4590 41.6 118847
4600 44 119287
4610 42.9 119716
4620 45.4 120170
4630 45.7 120627
4640 44.8 121075
4650 43.8 121513
4660 42.1 121934
4670 44.5 122379
4680 39.9 122778
4690 44.4 123222
4700 41.7 123639
4710 44.6 124085
4720 44.7 124532
4730 43.1 124963
4740 42.1 125384
4750 44.2 125826
4760 45.5 126281
4770 40.1 126682
4780 8.3 126765
4790 0 126765
4800 0 126765
4810 0 126765
4820 0 126765
4830 0 126765
4840 0 126765
4850 0 126765
4860 0 126765
4870 0 126765
4880 0 126765
4890 0 126765
4892 0 126765
