10 0 0
20 26 26
30 34 8
40 32 -2
50 31 -1
60 46 15
70 36 -10
80 26 -10
90 31 5
100 34 3
110 33 -1
120 29 -4
130 41 12
140 43 2
150 54 11
160 70 16
170 82 12
180 100 18
190 119 19
200 148 29
210 177 29
220 184 7
230 214 30
240 228 14
250 226 -2
260 229 3
270 238 9
280 235 -3
290 232 -3
300 244 12
310 235 -9
320 247 12
330 244 -3
340 248 4
350 259 11
360 267 8
370 263 -4
380 259 -4
390 259 0
400 260 1
410 269 9
420 283 14
430 282 -1
440 280 -2
450 285 5
460 294 9
470 292 -2
480 298 6
490 305 7
500 302 -3
510 298 -4
520 294 -4
530 289 -5
540 292 3
550 295 3
560 293 -2
570 294 1
580 283 -11
590 290 7
600 295 5
610 292 -3
620 290 -2
630 292 2
640 297 5
650 298 1
660 281 -17
670 284 3
680 294 10
690 300 6
700 288 -12
710 295 7
720 288 -7
730 294 6
740 294 0
750 298 4
760 303 5
770 289 -14
780 297 8
790 295 -2
800 293 -2
810 300 7
820 293 -7
830 287 -6
840 294 7
850 299 5
860 295 -4
870 301 6
880 293 -8
890 295 2
900 290 -5
910 298 8
920 289 -9
930 286 -3
940 287 1
950 285 -2
960 295 10
970 299 4
980 294 -5
990 295 1
1000 293 -2
1010 289 -4
1020 295 6
1030 291 -4
1040 292 1
1050 292 0
1060 285 -7
1070 293 8
1080 295 2
1090 298 3
1100 294 -4
1110 299 5
1120 290 -9
1130 290 0
1140 297 7
1150 299 2
1160 300 1
1170 297 -3
1180 302 5
1190 299 -3
1200 287 -12
1210 287 0
1220 291 4
1230 297 6
1240 289 -8
1250 287 -2
1260 293 6
1270 291 -2
1280 299 8
1290 293 -6
1300 302 9
1310 291 -11
1320 295 4
1330 295 0
1340 292 -3
1350 285 -7
1360 285 0
1370 288 3
1380 292 4
1390 301 9
1400 289 -12
1410 288 -1
1420 289 1
1430 295 6
1440 293 -2
1450 290 -3
1460 302 12
1470 296 -6
1480 298 2
1490 299 1
1500 290 -9
1510 293 3
1520 291 -2
1530 290 -1
1540 288 -2
1550 303 15
1560 291 -12
1570 298 7
1580 298 0
1590 297 -1
1600 291 -6
1610 296 5
1620 297 1
1630 299 2
1640 288 -11
1650 286 -2
1660 282 -4
1670 284 2
1680 293 9
1690 295 2
1700 296 1
1710 295 -1
1720 292 -3
1730 290 -2
1740 297 7
1750 296 -1
1760 290 -6
1770 286 -4
1780 290 4
1790 289 -1
1800 296 7
1810 301 5
1820 303 2
1830 296 -7
1840 293 -3
1850 292 -1
1860 298 6
1870 291 -7
1880 293 2
1890 289 -4
1900 294 5
1910 308 14
1920 301 -7
1930 300 -1
1940 291 -9
1950 286 -5
1960 288 2
1970 292 4
1980 301 9
1990 295 -6
2000 286 -9
2010 291 5
2020 293 2
2030 289 -4
2040 285 -4
2050 292 7
2060 294 2
2070 297 3
2080 299 2
2090 288 -11
2100 297 9
2110 292 -5
2120 288 -4
2130 296 8
2140 297 1
2150 292 -5
2160 288 -4
2170 286 -2
2180 281 -5
2190 286 5
2200 307 21
2210 301 -6
2220 297 -4
2230 290 -7
2240 296 6
2250 295 -1
2260 290 -5
2270 294 4
2280 285 -9
2290 282 -3
2300 296 14
2310 298 2
2320 287 -11
2330 295 8
2340 298 3
2350 286 -12
2360 296 10
2370 293 -3
2380 293 0
2390 290 -3
2400 293 3
2410 305 12
2420 288 -17
2430 283 -5
2440 282 -1
2450 299 17
2460 288 -11
2470 284 -4
2480 297 13
2490 296 -1
2500 299 3
2510 297 -2
2520 287 -10
2530 290 3
2540 300 10
2550 298 -2
2560 299 1
2570 297 -2
2580 295 -2
2590 314 19
2600 307 -7
2605 303 -4
