10 0.1 1
20 0.1 2
30 1.5 17
40 1.9 36
50 2.3 59
60 1.5 74
70 2.5 99
80 2.6 125
90 1.9 144
100 2 164
110 1.7 181
120 2.2 203
130 1.3 216
140 2.8 244
150 1.9 263
160 1.8 281
170 2.3 304
180 1.4 318
190 2.1 339
200 1.7 356
210 2.1 377
220 2.6 403
230 2.1 424
240 2.4 448
250 2.9 477
260 2.3 500
270 1.4 514
280 2.6 540
290 3.1 571
300 1.8 589
310 3.1 620
320 2 640
330 2.5 665
340 2 685
350 2.2 707
360 1.9 726
370 2.7 753
380 2 773
390 2.7 800
400 4.8 848
410 3.7 885
420 5.2 937
430 5.1 988
440 5.5 1043
450 4.8 1091
460 5 1141
470 5.2 1193
480 5.4 1247
490 4.8 1295
500 6.5 1360
510 6.7 1427
520 7.2 1499
530 8.7 1586
540 7.7 1663
550 5.2 1715
560 6.5 1780
570 8.4 1864
580 9.7 1961
590 6.9 2030
600 6.3 2093
610 7.8 2171
620 10.1 2272
630 8.4 2356
640 10.3 2459
650 8.9 2548
660 12 2668
670 10.1 2769
680 9.7 2866
690 10.5 2971
700 10.1 3072
710 11.6 3188
720 10.3 3291
730 10.1 3392
740 13.5 3527
750 15.4 3681
760 13.1 3812
770 13.7 3949
780 13 4079
790 14.9 4228
800 14.3 4371
810 14.8 4519
820 16 4679
830 16.4 4843
840 14.6 4989
850 12.4 5113
860 13.7 5250
870 14.8 5398
880 13.3 5531
890 15 5681
900 16.3 5844
910 14.9 5993
920 14 6133
930 14.3 6276
940 14.9 6425
950 13.4 6559
960 15.1 6710
970 13.9 6849
980 13.4 6983
990 13.7 7120
1000 15.1 7271
1010 16.6 7437
1020 14.8 7585
1030 13 7715
1040 13.5 7850
1050 16.3 8013
1060 14.7 8160
1070 14.9 8309
1080 15.4 8463
1090 15.5 8618
1100 12 8738
1110 14.5 8883
1120 15.2 9035
1130 14.3 9178
1140 17 9348
1150 16.3 9511
1160 11.7 9628
1170 14.5 9773
1180 12.5 9898
1190 15.7 10055
1200 14.8 10203
1210 12.4 10327
1220 13.4 10461
1230 15.4 10615
1240 15.2 10767
1250 16.1 10928
1260 14.5 11073
1270 16 11233
1280 15.6 11389
1290 15.5 11544
1300 14 11684
1310 16 11844
1320 15.2 11996
1330 14.4 12140
1340 15.1 12291
1350 18.1 12472
1360 18.9 12661
1370 16.7 12828
1380 19.8 13026
1390 17.7 13203
1400 17.7 13380
1410 18.1 13561
1420 21.4 13775
1430 20.2 13977
1440 19.5 14172
1450 19.2 14364
1460 18.7 14551
1470 18.4 14735
1480 19.1 14926
1490 19.4 15120
1500 23.7 15357
1510 18 15537
1520 20.8 15745
1530 19.4 15939
1540 19.6 16135
1550 18.1 16316
1560 21.5 16531
1570 17.8 16709
1580 18.6 16895
1590 20.4 17099
1600 21.9 17318
1610 20.1 17519
1620 20.5 17724
1630 19.3 17917
1640 20.4 18121
1650 19 18311
1660 20.4 18515
1670 20.2 18717
1680 18.1 18898
1690 20.2 19100
1700 18.2 19282
1710 17.4 19456
1720 23.8 19694
1730 18.2 19876
1740 20.6 20082
1750 18.8 20270
1760 21.3 20483
1770 17.7 20660
1780 22.5 20885
1790 19 21075
1800 19.6 21271
1810 19.9 21470
1820 19.2 21662
1830 19.4 21856
1840 22.2 22078
1850 19.1 22269
1860 16.3 22432
1870 20.7 22639
1880 19.9 22838
1890 20.2 23040
1900 21.2 23252
1910 17.4 23426
1920 19.6 23622
1930 19.2 23814
1940 17.1 23985
1950 20.7 24192
1960 18.5 24377
1970 21.3 24590
1980 26.6 24856
1990 24 25096
2000 24.6 25342
2010 22.5 25567
2020 23.2 25799
2030 26.7 26066
2040 26.6 26332
2050 23.8 26570
2060 23.9 26809
2070 21.2 27021
2080 23.7 27258
2090 27.1 27529
2100 22.1 27750
2110 22.2 27972
2120 21.7 28189
2130 22.5 28414
2140 25.5 28669
2150 25.2 28921
2160 22.5 29146
2170 24.5 29391
2180 25.4 29645
2190 23.8 29883
2200 24.6 30129
2210 25.1 30380
2220 24.7 30627
2230 23.6 30863
2240 22.8 31091
2250 24.9 31340
2260 25.1 31591
2270 24.4 31835
2280 26.9 32104
2290 26.7 32371
2300 23.2 32603
2310 23.4 32837
2320 23.5 33072
2330 27.1 33343
2340 23.8 33581
2350 22.2 33803
2360 21.4 34017
2370 25.2 34269
2380 25.1 34520
2390 26.2 34782
2400 23.9 35021
2410 24.2 35263
2420 22.5 35488
2430 22.2 35710
2440 25.1 35961
2450 26.7 36228
2460 24.6 36474
2470 25.9 36733
2480 23 36963
2490 23 37193
2500 24.5 37438
2510 27.1 37709
2520 26.9 37978
2530 26.9 38247
2540 25 38497
2550 22.3 38720
2560 26.7 38987
2570 24.2 39229
2580 27.4 39503
2590 30.5 39808
2600 27.5 40083
2605 9.7 40180
