20 0.1 46 0 46 46 0 0
30 0.1 454.0 0.0 454 46 46.0 1
40 0.1 766.0 0.0 766 46 250.0 2
50 0.1 736.0 0.0 766 46 422.0 3
60 0.1 824.0 0.0 824 46 500.5 4
70 0.1 932.0 0.0 932 46 565.2 5
80 0.1 931.0 0.0 932 46 626.3333333333334 6
90 0.1 752.0 0.0 932 46 669.8571428571429 7
100 0.1 784.0 0.0 932 46 680.125 8
110 0.1 902.0 0.0 932 46 691.6666666666666 9
120 0.1 837.0 0.0 932 46 712.7 10
130 0.1 670.0 0.0 932 46 724.0 11
140 0.1 928.0 0.0 932 46 719.5 12
150 0.1 928.0 0.0 932 46 735.5384615384615 13
160 0.1 940.0 0.0 940 46 749.2857142857143 14
170 0.1 967.0 0.0 967 46 762.0 15
180 0.1 975.0 0.0 975 46 774.8125 16
190 0.1 997.0 0.0 997 46 786.5882352941177 17
200 0.1 1045.0 0.0 1045 46 798.2777777777778 18
210 0.1 1141.0 0.0 1141 46 811.2631578947369 19
220 0.1 906.0 0.0 1141 46 827.75 20
230 0.1 1069.0 0.0 1141 46 831.4761904761905 21
240 0.1 1054.0 0.0 1141 46 842.2727272727273 22
250 0.1 1233.0 0.0 1233 46 851.4782608695652 23
260 0.1 777.0 0.0 1233 46 867.375 24
270 0.1 1126.0 0.0 1233 46 863.76 25
280 0.1 750.0 0.0 1233 46 873.8461538461538 26
290 0.1 1253.0 0.0 1253 46 869.2592592592592 27
300 0.1 931.0 0.0 1253 46 882.9642857142857 28
310 0.1 927.0 0.0 1253 46 884.6206896551724 29
320 0.1 1236.0 0.0 1253 46 886.0333333333333 30
330 0.1 921.0 0.0 1253 46 897.3225806451613 31
340 0.1 783.0 0.0 1253 46 898.0625 32
350 0.1 1383.0 0.0 1383 46 894.5757575757576 33
360 0.1 933.0 0.0 1383 46 908.9411764705883 34
370 0.1 883.0 0.0 1383 46 909.6285714285714 35
380 0.1 1299.0 0.0 1383 46 908.8888888888889 36
390 0.1 990.0 0.0 1383 46 919.4324324324324 37
400 0.1 900.0 0.0 1383 46 921.2894736842105 38
410 0.1 1315.0 0.0 1383 46 920.7435897435897 39
420 0.1 954.0 0.0 1383 46 930.6 40
430 0.1 870.0 0.0 1383 46 931.170731707317 41
440 0.1 994.0 0.0 1383 46 929.7142857142857 42
450 0.1 1363.0 0.0 1383 46 931.2093023255813 43
460 0.1 788.0 0.0 1383 46 941.0227272727273 44
470 0.1 1002.0 0.0 1383 46 937.6222222222223 45
480 0.1 1243.0 0.0 1383 46 939.0217391304348 46
490 0.1 907.0 0.0 1383 46 945.4893617021277 47
500 0.1 1033.0 0.0 1383 46 944.6875 48
510 0.1 1092.0 0.0 1383 46 946.4897959183673 49
520 0.1 822.0 0.0 1383 46 949.4 50
530 0.1 1276.0 0.0 1383 46 946.9019607843137 51
540 0.1 1172.0 0.0 1383 46 953.2307692307693 52
550 0.1 822.0 0.0 1383 46 957.3584905660377 53
560 0.1 811.0 0.0 1383 46 954.8518518518518 54
570 0.1 1299.0 0.0 1383 46 952.2363636363636 55
580 0.1 949.0 0.0 1383 46 958.4285714285714 56
590 0.1 1225.0 0.0 1383 46 958.2631578947369 57
600 0.1 1018.0 0.0 1383 46 962.8620689655172 58
610 0.1 979.0 0.0 1383 46 963.7966101694915 59
620 0.1 1146.0 0.0 1383 46 964.05 60
630 0.1 976.0 0.0 1383 46 967.0327868852459 61
640 0.1 855.0 0.0 1383 46 967.1774193548387 62
650 0.1 1311.0 0.0 1383 46 965.3968253968254 63
660 0.1 1037.0 0.0 1383 46 970.796875 64
670 0.1 1149.0 0.0 1383 46 971.8153846153846 65
680 0.1 1004.0 0.0 1383 46 974.5 66
690 0.1 945.0 0.0 1383 46 974.9402985074627 67
700 0.1 891.0 0.0 1383 46 974.5 68
710 0.1 1404.0 0.0 1404 46 973.2898550724638 69
720 0.1 1035.0 0.0 1404 46 979.4428571428572 70
730 0.1 942.0 0.0 1404 46 980.2253521126761 71
740 0.1 1043.0 0.0 1404 46 979.6944444444445 72
750 0.1 950.0 0.0 1404 46 980.5616438356165 73
760 0.1 1146.0 0.0 1404 46 980.1486486486486 74
770 0.1 843.0 0.0 1404 46 982.36 75
780 0.1 1104.0 0.0 1404 46 980.5263157894736 76
790 0.1 1415.0 0.0 1415 46 982.1298701298701 77
800 0.1 660.0 0.0 1415 46 987.6794871794872 78
810 0.1 1256.0 0.0 1415 46 983.5316455696203 79
820 0.1 952.0 0.0 1415 46 986.9375 80
830 0.1 1268.0 0.0 1415 46 986.5061728395061 81
840 0.1 938.0 0.0 1415 46 989.939024390244 82
850 0.1 809.0 0.0 1415 46 989.3132530120482 83
860 0.1 1292.0 0.0 1415 46 987.1666666666666 84
870 0.1 777.0 0.0 1415 46 990.7529411764706 85
880 0.1 973.0 0.0 1415 46 988.2674418604652 86
890 0.1 1378.0 0.0 1415 46 988.0919540229885 87
900 0.1 873.0 0.0 1415 46 992.5227272727273 88
910 0.1 936.0 0.0 1415 46 991.1797752808989 89
920 0.1 1301.0 0.0 1415 46 990.5666666666667 90
930 0.1 1166.0 0.0 1415 46 993.978021978022 91
940 0.1 1651.0 0.0 1651 46 995.8478260869565 92
950 0.1 953.0 0.0 1651 46 1002.8924731182796 93
960 0.1 1073.0 0.0 1651 46 1002.3617021276596 94
970 0.1 1077.0 0.0 1651 46 1003.1052631578947 95
980 0.1 1016.0 0.0 1651 46 1003.875 96
990 0.1 1106.0 0.0 1651 46 1004.0 97
1000 0.1 642.0 0.0 1651 46 1005.0408163265306 98
1010 0.1 1350.0 0.0 1651 46 1001.3737373737374 99
1020 0.1 1292.0 0.0 1651 46 1004.86 100
1030 0.1 972.0 0.0 1651 46 1007.7029702970297 101
1040 0.1 946.0 0.0 1651 46 1007.3529411764706 102
1050 0.1 1159.0 0.0 1651 46 1006.757281553398 103
1060 0.1 915.0 0.0 1651 46 1008.2211538461538 104
1070 0.1 1148.0 0.0 1651 46 1007.3333333333334 105
1080 0.1 1218.0 0.0 1651 46 1008.6603773584906 106
1090 0.1 911.0 0.0 1651 46 1010.6168224299065 107
1100 0.1 1180.0 0.0 1651 46 1009.6944444444445 108
1110 0.1 957.0 0.0 1651 46 1011.256880733945 109
1120 0.1 1061.0 0.0 1651 46 1010.7636363636364 110
1130 0.1 1138.0 0.0 1651 46 1011.2162162162163 111
1140 0.1 1158.0 0.0 1651 46 1012.3482142857143 112
1150 0.1 1059.0 0.0 1651 46 1013.637168141593 113
1160 0.1 1014.0 0.0 1651 46 1014.0350877192982 114
1170 0.1 1023.0 0.0 1651 46 1014.0347826086957 115
1180 0.1 831.0 0.0 1651 46 1014.1120689655172 116
1190 0.1 1103.0 0.0 1651 46 1012.5470085470085 117
1200 0.1 1162.0 0.0 1651 46 1013.3135593220339 118
1210 0.1 1124.0 0.0 1651 46 1014.563025210084 119
1220 0.1 822.0 0.0 1651 46 1015.475 120
1230 0.1 1330.0 0.0 1651 46 1013.8760330578513 121
1240 0.1 1034.0 0.0 1651 46 1016.4672131147541 122
1250 0.1 987.0 0.0 1651 46 1016.609756097561 123
1260 0.1 1034.0 0.0 1651 46 1016.3709677419355 124
1270 0.1 1085.0 0.0 1651 46 1016.512 125
1280 0.1 1152.0 0.0 1651 46 1017.0555555555555 126
1290 0.1 904.0 0.0 1651 46 1018.1181102362204 127
1300 0.1 1243.0 0.0 1651 46 1017.2265625 128
1310 0.1 726.0 0.0 1651 46 1018.9767441860465 129
1320 0.1 1561.0 0.0 1651 46 1016.723076923077 130
1330 0.1 763.0 0.0 1651 46 1020.8778625954199 131
1340 0.1 1337.0 0.0 1651 46 1018.9242424242424 132
1350 0.1 878.0 0.0 1651 46 1021.3157894736842 133
1360 0.1 1275.0 0.0 1651 46 1020.2462686567164 134
1370 0.1 770.0 0.0 1651 46 1022.1333333333333 135
1380 0.1 1417.0 0.0 1651 46 1020.2794117647059 136
1390 0.1 1044.0 0.0 1651 46 1023.1751824817518 137
1400 0.1 1058.0 0.0 1651 46 1023.3260869565217 138
1410 0.1 1034.0 0.0 1651 46 1023.5755395683453 139
1420 0.1 991.0 0.0 1651 46 1023.65 140
1430 0.1 989.0 0.0 1651 46 1023.418439716312 141
1440 0.1 1255.0 0.0 1651 46 1023.1760563380282 142
1450 0.1 972.0 0.0 1651 46 1024.7972027972028 143
1460 0.1 1194.0 0.0 1651 46 1024.4305555555557 144
1470 0.1 1151.0 0.0 1651 46 1025.6 145
1480 0.1 1075.0 0.0 1651 46 1026.458904109589 146
1490 0.1 1001.0 0.0 1651 46 1026.7891156462586 147
1500 0.1 1236.0 0.0 1651 46 1026.6148648648648 148
1510 0.1 1091.0 0.0 1651 46 1028.020134228188 149
1520 0.1 864.0 0.0 1651 46 1028.44 150
1530 0.1 1309.0 0.0 1651 46 1027.3509933774835 151
1540 0.1 1013.0 0.0 1651 46 1029.203947368421 152
1550 0.1 1284.0 0.0 1651 46 1029.0980392156862 153
1560 0.1 1090.0 0.0 1651 46 1030.7532467532467 154
1570 0.1 947.0 0.0 1651 46 1031.1354838709678 155
1580 0.1 1099.0 0.0 1651 46 1030.596153846154 156
1590 0.1 1132.0 0.0 1651 46 1031.0318471337582 157
1600 0.1 1066.0 0.0 1651 46 1031.6708860759495 158
1610 0.1 924.0 0.0 1651 46 1031.8867924528304 159
1620 0.1 1282.0 0.0 1651 46 1031.2125 160
1630 0.1 805.0 0.0 1651 46 1032.7701863354037 161
1640 0.1 1221.0 0.0 1651 46 1031.3641975308642 162
1650 0.1 1176.0 0.0 1651 46 1032.5276073619632 163
1660 0.1 1068.0 0.0 1651 46 1033.4024390243903 164
1670 0.1 1230.0 0.0 1651 46 1033.612121212121 165
1680 0.1 1094.0 0.0 1651 46 1034.7951807228915 166
1690 0.1 984.0 0.0 1651 46 1035.1497005988022 167
1700 0.1 1002.0 0.0 1651 46 1034.8452380952378 168
1710 0.1 1152.0 0.0 1651 46 1034.6508875739644 169
1720 0.1 1382.0 0.0 1651 46 1035.3411764705882 170
1730 0.1 1145.0 0.0 1651 46 1037.3684210526317 171
1740 0.1 837.0 0.0 1651 46 1037.9941860465117 172
1750 0.1 1026.0 0.0 1651 46 1036.8323699421965 173
1760 0.1 912.0 0.0 1651 46 1036.7701149425288 174
1770 0.1 1394.0 0.0 1651 46 1036.057142857143 175
1780 0.1 1127.0 0.0 1651 46 1038.090909090909 176
1790 0.1 1118.0 0.0 1651 46 1038.593220338983 177
1800 0.1 938.0 0.0 1651 46 1039.0393258426966 178
1810 0.1 1367.0 0.0 1651 46 1038.4748603351954 179
1820 0.1 949.0 0.0 1651 46 1040.2999999999997 180
1830 0.1 1013.0 0.0 1651 46 1039.795580110497 181
1840 0.1 1080.0 0.0 1651 46 1039.6483516483513 182
1850 0.1 1185.0 0.0 1651 46 1039.8688524590161 183
1860 0.1 1347.0 0.0 1651 46 1040.6576086956518 184
1870 0.1 930.0 0.0 1651 46 1042.3135135135133 185
1880 0.1 1308.0 0.0 1651 46 1041.7096774193544 186
1890 0.1 1174.0 0.0 1651 46 1043.1336898395716 187
1900 0.1 896.0 0.0 1651 46 1043.829787234042 188
1910 0.1 1030.0 0.0 1651 46 1043.0476190476184 189
1920 0.1 1046.0 0.0 1651 46 1042.9789473684204 190
1930 0.1 1243.0 0.0 1651 46 1042.994764397905 191
1940 0.1 1086.0 0.0 1651 46 1044.0364583333328 192
1950 0.1 1380.0 0.0 1651 46 1044.253886010362 193
1960 0.1 961.0 0.0 1651 46 1045.9845360824736 194
1970 0.1 1162.0 0.0 1651 46 1045.5487179487172 195
1980 0.1 777.0 0.0 1651 46 1046.1428571428564 196
1990 0.1 1387.0 0.0 1651 46 1044.776649746192 197
2000 0.1 2291.0 0.0 2291 46 1046.5050505050497 198
2010 0.1 2272.0 0.0 2291 46 1052.7587939698483 199
2020 0.1 1009.0 0.0 2291 46 1058.8549999999989 200
2030 0.1 1433.0 0.0 2291 46 1058.6069651741282 201
2040 0.1 976.0 0.0 2291 46 1060.4603960396028 202
2050 0.1 1092.0 0.0 2291 46 1060.0443349753682 203
2060 0.1 1074.0 0.0 2291 46 1060.2009803921555 204
2070 0.1 1076.0 0.0 2291 46 1060.2682926829254 205
2080 0.1 1233.0 0.0 2291 46 1060.3446601941735 206
2090 0.1 1016.0 0.0 2291 46 1061.1787439613513 207
2100 0.1 1156.0 0.0 2291 46 1060.961538461537 208
2110 0.1 1155.0 0.0 2291 46 1061.4162679425822 209
2120 0.1 1005.0 0.0 2291 46 1061.8619047619031 210
2130 0.1 1.2e3 0.0 2291 46 1061.5924170616097 211
2140 0.1 1318.0 0.0 2291 46 1062.2452830188663 212
2150 0.1 694.0 0.0 2291 46 1063.4460093896698 213
2160 0.1 1581.0 0.0 2291 46 1061.7196261682227 214
2170 0.1 1160.0 0.0 2291 46 1064.1348837209287 215
2180 0.1 1060.0 0.0 2291 46 1064.578703703702 216
2190 0.1 1016.0 0.0 2291 46 1064.5576036866344 217
2200 0.1 1134.0 0.0 2291 46 1064.3348623853194 218
2210 0.1 1375.0 0.0 2291 46 1064.652968036528 219
2220 0.1 1018.0 0.0 2291 46 1066.0636363636347 220
2230 0.1 1062.0 0.0 2291 46 1065.8461538461522 221
2240 0.1 1064.0 0.0 2291 46 1065.8288288288272 222
2250 0.1 1102.0 0.0 2291 46 1065.820627802689 223
2260 0.1 954.0 0.0 2291 46 1065.982142857141 224
2270 0.1 1327.0 0.0 2291 46 1065.4844444444427 225
2280 0.1 1187.0 0.0 2291 46 1066.6415929203522 226
2290 0.1 1367.0 0.0 2291 46 1067.1718061673992 227
2300 0.1 905.0 0.0 2291 46 1068.4868421052615 228
2310 0.1 1045.0 0.0 2291 46 1067.7729257641904 229
2320 0.1 945.0 0.0 2291 46 1067.6739130434764 230
2330 0.1 1570.0 0.0 2291 46 1067.1428571428553 231
2340 0.1 1076.0 0.0 2291 46 1069.3103448275842 232
2350 0.1 1117.0 0.0 2291 46 1069.3390557939895 233
2360 0.1 1066.0 0.0 2291 46 1069.542735042733 234
2370 0.1 1241.0 0.0 2291 46 1069.527659574466 235
2380 0.1 872.0 0.0 2291 46 1070.2542372881337 236
2390 0.1 1255.0 0.0 2291 46 1069.4177215189854 237
2400 0.1 1356.0 0.0 2291 46 1070.1974789915948 238
2410 0.1 851.0 0.0 2291 46 1071.3933054393287 239
2420 0.1 1285.0 0.0 2291 46 1070.474999999998 240
2430 0.1 1163.0 0.0 2291 46 1071.3651452282138 241
2440 0.1 1040.0 0.0 2291 46 1071.7438016528906 242
2450 0.1 1246.0 0.0 2291 46 1071.613168724278 243
2460 0.1 1124.0 0.0 2291 46 1072.3278688524572 244
2470 0.1 1440.0 0.0 2291 46 1072.5387755102022 245
2480 0.1 782.0 0.0 2291 46 1074.0325203252014 246
2490 0.1 1013.0 0.0 2291 46 1072.8502024291479 247
2500 0.1 1205.0 0.0 2291 46 1072.6088709677401 248
2510 0.1 1330.0 0.0 2291 46 1073.140562248994 249
2520 0.1 904.0 0.0 2291 46 1074.167999999998 250
2530 0.1 1139.0 0.0 2291 46 1073.4900398406355 251
2540 0.1 1325.0 0.0 2291 46 1073.7499999999982 252
2550 0.1 893.0 0.0 2291 46 1074.7430830039507 253
2560 0.1 1395.0 0.0 2291 46 1074.0275590551162 254
2570 0.1 1092.0 0.0 2291 46 1075.286274509802 255
2580 0.1 1428.0 0.0 2291 46 1075.3515624999982 256
2590 0.1 774.0 0.0 2291 46 1076.7237354085585 257
2600 0.1 1420.0 0.0 2291 46 1075.5503875968975 258
