10 12 12
20 22 10
30 17 -5
40 17 0
50 23 6
60 15 -8
70 20 5
80 14 -6
90 18 4
100 30 12
110 24 -6
120 28 4
130 37 9
140 35 -2
150 47 12
160 51 4
170 44 -7
180 41 -3
190 44 3
200 39 -5
210 35 -4
220 47 12
230 47 0
240 48 1
250 59 11
260 56 -3
270 59 3
280 59 0
290 61 2
300 59 -2
310 63 4
320 70 7
330 61 -9
340 66 5
350 71 5
360 74 3
370 73 -1
380 74 1
390 68 -6
400 75 7
410 74 -1
420 66 -8
430 66 0
440 69 3
450 75 6
460 74 -1
470 78 4
480 77 -1
490 71 -6
500 73 2
510 77 4
520 76 -1
530 78 2
540 76 -2
550 72 -4
560 75 3
570 74 -1
580 74 0
590 68 -6
600 68 0
610 78 10
620 77 -1
630 83 6
640 78 -5
650 71 -7
660 74 3
670 80 6
680 78 -2
690 74 -4
700 75 1
710 74 -1
720 79 5
730 80 1
740 76 -4
750 72 -4
760 77 5
770 74 -3
780 81 7
790 75 -6
800 74 -1
810 75 1
820 71 -4
830 73 2
840 73 0
850 78 5
860 74 -4
870 74 0
880 77 3
890 78 1
900 75 -3
910 79 4
920 76 -3
930 77 1
940 72 -5
950 75 3
960 75 0
970 77 2
980 71 -6
990 76 5
1000 75 -1
1010 74 -1
1020 72 -2
1030 77 5
1040 77 0
1050 73 -4
1060 75 2
1070 76 1
1080 77 1
1090 75 -2
1100 77 2
1110 73 -4
1120 79 6
1130 79 0
1140 71 -8
1150 76 5
1160 74 -2
1170 80 6
1180 77 -3
1190 80 3
1200 74 -6
1210 75 1
1220 76 1
1230 78 2
1240 75 -3
1250 77 2
1260 85 8
1270 77 -8
1280 75 -2
1290 79 4
1300 74 -5
1310 76 2
1320 78 2
1330 79 1
1340 74 -5
1350 80 6
1360 76 -4
1370 80 4
1380 78 -2
1390 78 0
1400 77 -1
1410 76 -1
1420 78 2
1430 77 -1
1440 72 -5
1450 74 2
1460 76 2
1470 75 -1
1480 76 1
1490 74 -2
1500 78 4
1510 77 -1
1520 79 2
1530 76 -3
1540 77 1
1550 75 -2
1560 73 -2
1570 79 6
1580 77 -2
1590 67 -10
1600 73 6
1610 77 4
1620 80 3
1630 75 -5
1640 78 3
1650 78 0
1660 72 -6
1670 73 1
1680 78 5
1690 79 1
1700 73 -6
1710 75 2
1720 76 1
1730 79 3
1740 75 -4
1750 78 3
1760 73 -5
1770 79 6
1780 79 0
1790 72 -7
1800 80 8
1810 78 -2
1820 75 -3
1830 85 10
1840 81 -4
1850 77 -4
1860 75 -2
1870 75 0
1880 78 3
1890 76 -2
1900 75 -1
1910 82 7
1920 76 -6
1930 77 1
1940 77 0
1950 80 3
1960 78 -2
1970 77 -1
1980 81 4
1990 83 2
2000 80 -3
2010 77 -3
2020 72 -5
2030 77 5
2040 75 -2
2050 76 1
2060 78 2
2070 78 0
2080 80 2
2090 82 2
2100 76 -6
2110 78 2
2120 76 -2
2130 91 15
2140 75 -16
2150 78 3
2160 80 2
2170 70 -10
2180 73 3
2190 78 5
2200 78 0
2210 75 -3
2220 72 -3
2230 76 4
2240 77 1
2250 78 1
2260 77 -1
2270 70 -7
2280 77 7
2290 81 4
2300 85 4
2310 84 -1
2320 79 -5
2330 91 12
2340 76 -15
2350 76 0
2360 82 6
2370 82 0
2380 77 -5
2390 78 1
2400 76 -2
2410 81 5
2420 79 -2
2430 80 1
2440 79 -1
2450 71 -8
2460 85 14
2470 73 -12
2480 75 2
2490 73 -2
2500 82 9
2510 87 5
2520 81 -6
2530 79 -2
2540 85 6
2550 78 -7
2560 80 2
2570 82 2
2580 79 -3
2590 76 -3
2600 72 -4
2610 73 1
2620 79 6
2630 79 0
2640 82 3
2650 76 -6
2660 77 1
2670 72 -5
2680 75 3
2690 83 8
2700 80 -3
2710 74 -6
2720 87 13
2730 80 -7
2740 78 -2
2750 78 0
2760 77 -1
2770 76 -1
2780 78 2
2790 81 3
2800 84 3
2810 77 -7
2820 77 0
2830 78 1
2840 75 -3
2850 85 10
2860 69 -16
2870 80 11
2880 86 6
2890 74 -12
2900 73 -1
2910 77 4
2920 76 -1
2930 81 5
2940 77 -4
2950 79 2
2960 80 1
2970 76 -4
2980 89 13
2990 79 -10
3000 80 1
3010 88 8
3020 84 -4
3030 81 -3
3040 78 -3
3050 80 2
3060 81 1
3070 76 -5
3080 77 1
3090 83 6
3100 82 -1
3110 79 -3
3120 88 9
3130 93 5
3140 79 -14
3150 91 12
3160 86 -5
3170 89 3
3180 94 5
3190 83 -11
3200 83 0
3210 79 -4
3220 78 -1
3230 75 -3
3240 77 2
3250 83 6
3260 77 -6
3270 74 -3
3280 79 5
3290 88 9
3300 72 -16
3310 90 18
3320 79 -11
3330 84 5
3340 79 -5
3350 77 -2
3360 92 15
3370 76 -16
3380 73 -3
3390 83 10
3400 81 -2
3410 72 -9
3420 89 17
3430 88 -1
3440 89 1
3450 75 -14
3460 76 1
3470 74 -2
3480 77 3
3490 89 12
3500 81 -8
3510 82 1
3520 78 -4
3530 79 1
3540 81 2
3550 80 -1
3560 84 4
3570 85 1
3580 75 -10
3590 93 18
3600 83 -10
3610 86 3
3620 114 28
3630 96 -18
3640 87 -9
3650 86 -1
3660 86 0
3670 93 7
3680 89 -4
3690 115 26
3700 82 -33
3710 97 15
3720 88 -9
3730 86 -2
3740 75 -11
3750 95 20
3760 94 -1
3770 85 -9
3780 77 -8
3790 82 5
3800 97 15
3810 98 1
3820 100 2
3830 85 -15
3840 93 8
3850 84 -9
3860 88 4
3870 88 0
3880 95 7
3890 93 -2
3900 80 -13
3910 77 -3
3920 92 15
3930 97 5
3940 99 2
3950 85 -14
3960 98 13
3970 84 -14
3980 86 2
3990 85 -1
4000 87 2
4010 85 -2
4020 79 -6
4030 90 11
4040 202 112
4050 81 -121
4060 100 19
4070 93 -7
4080 77 -16
4090 98 21
4100 75 -23
4110 79 4
4120 73 -6
4130 93 20
4140 80 -13
4150 99 19
4160 93 -6
4170 83 -10
4180 98 15
4190 85 -13
4200 96 11
4210 80 -16
4220 101 21
4230 90 -11
4240 87 -3
4250 93 6
4260 100 7
4270 106 6
4280 100 -6
4290 98 -2
4300 100 2
4310 99 -1
4320 93 -6
4330 184 91
4340 99 -85
4350 97 -2
4360 101 4
4370 100 -1
4380 97 -3
4390 94 -3
4400 95 1
4410 100 5
4420 83 -17
4430 89 6
4440 90 1
4450 98 8
4460 92 -6
4470 99 7
4480 99 0
4490 91 -8
4500 98 7
4510 100 2
4520 94 -6
4530 165 71
4540 98 -67
4550 101 3
4560 84 -17
4570 89 5
4580 92 3
4590 89 -3
4600 100 11
4610 96 -4
4620 98 2
4630 89 -9
4640 100 11
4650 84 -16
4660 99 15
4670 86 -13
4680 100 14
4690 93 -7
4700 94 1
4710 96 2
4720 91 -5
4730 97 6
4740 97 0
4750 75 -22
4760 91 16
4770 78 -13
4780 70 -8
4790 28 -42
4800 4 -24
4810 0 -4
4820 0 0
4824 0 0
