10 1.7 0.9544605928308824 0.09113056069361862 1.098876953125 0.72509765625 0 0
20 2 0.966162109375 0.09184025165739372 1.1220703125 0.72509765625 0.9544605928308824 17
30 1.4 0.9641810825892857 0.20125558893985263 1.596923828125 0.72509765625 0.9607857369087838 37
40 1.9 1.0952919407894737 0.6218320419207893 3.708984375 0.72509765625 0.9617177925857843 51
50 2.2 0.9359130859375 0.08436561654314251 3.708984375 0.72509765625 0.9979736328125 70
60 2.1 0.9205496651785714 0.07879815767261221 3.708984375 0.72509765625 0.9831330672554348 92
70 2.1 0.911376953125 0.1468495881302257 3.708984375 0.6650390625 0.9715025235066371 113
80 1.1 0.9549893465909091 0.05867694591567971 3.708984375 0.6650390625 0.9620798594916045 134
90 2.1 0.9199567522321429 0.08601086562932694 3.708984375 0.6650390625 0.961541958512931 145
100 2.8 0.9453560965401786 0.0768231521434819 3.708984375 0.6650390625 0.9562811794051205 166
110 1.7 0.9467055376838235 0.04883119566874758 3.708984375 0.6650390625 0.9547043633215206 194
120 3 0.8773356119791667 0.07503040765772052 3.708984375 0.6650390625 0.9540599081753555 211
130 3.3 0.8898703835227273 0.0887873845042753 3.708984375 0.6650390625 0.9445091659102697 241
140 3.4 0.9007568359375 0.07866199727544378 3.708984375 0.6650390625 0.9379285826300182 274
150 4.3 0.8908748183139535 0.12387815208476471 3.708984375 0.635986328125 0.9338252079951299 308
160 4.3 0.9164414516715116 0.0919213840175576 3.708984375 0.635986328125 0.9285634793447294 351
170 4.5 1.290896267361111 2.14500485424755 15.47900390625 0.635986328125 0.9272405169336929 394
180 3.9 0.8970102163461539 0.10633245088983173 15.47900390625 0.635986328125 0.9645173022850227 439
190 4.4 0.9137739701704546 0.09050744232868467 15.47900390625 0.635986328125 0.9590094019678347 478
200 4.2 0.8957112630208334 0.12912658660671938 15.47900390625 0.635986328125 0.9551964536937261 522
210 3.2 0.9133758544921875 0.11077884957809321 15.47900390625 0.635986328125 0.9507667054521277 564
220 4.4 0.9640059037642046 0.4778203138422305 15.47900390625 0.635986328125 0.9487591429844798 596
230 4.5 0.8765353732638889 0.08755685415773351 15.47900390625 0.635986328125 0.9498073577880859 640
240 4.8 0.9198150634765625 0.10039692506738647 15.47900390625 0.635986328125 0.9449938697536496 685
250 6.7 0.9144742595615671 0.18532713439167542 15.47900390625 0.635986328125 0.9433450529715212 733
260 5.3 0.8638524469339622 0.06397280680639064 15.47900390625 0.635986328125 0.9409271240234375 800
270 6.6 0.9161228989109849 0.2273353109082985 15.47900390625 0.635986328125 0.9361381933250293 853
280 6.1 0.9661164830942623 0.5142362573516165 15.47900390625 0.635986328125 0.9347007510711371 919
290 5.9 0.8781324483580508 0.19558762212395753 15.47900390625 0.595947265625 0.9366562201052296 980
300 6.7 0.9424374708488806 0.2608259180874904 15.47900390625 0.595947265625 0.9333329260406641 1039
310 5.5 0.928955078125 0.20880537769809226 15.47900390625 0.595947265625 0.933884467181849 1106
320 6.5 0.9208984375 0.23815112415237477 15.47900390625 0.595947265625 0.9336509474590869 1161
330 5.2 0.86614990234375 0.11297971907204082 15.47900390625 0.595947265625 0.9329748355933931 1226
340 6.8 2.1618329216452206 9.759967762740326 81.976806640625 0.595947265625 0.9302558242248631 1278
350 6.1 0.866759253329918 0.18729093316943737 81.976806640625 0.595947265625 0.9924751723857727 1346
360 8 0.89927978515625 0.13579797984086264 81.976806640625 0.595947265625 0.9870248020500177 1407
370 9.6 0.9352340698242188 0.2101959530857929 81.976806640625 0.595947265625 0.9823041555459818 1487
380 9.7 0.8839249758376289 0.15555384775434958 81.976806640625 0.595947265625 0.9794496209728364 1583
390 7.6 0.8652664987664473 0.10405369629047473 81.976806640625 0.595947265625 0.9739342099144346 1680
400 11.8 0.9118838552701272 0.2920232780286826 81.976806640625 0.595947265625 0.9692310515731777 1756
410 14.7 1.0160119711947275 1.5232223020313833 81.976806640625 0.595947265625 0.9656200754985993 1874
420 11 0.9298583984375 0.3493248653965484 81.976806640625 0.595947265625 0.9692853939881247 2021
430 9.3 0.9007817750336021 0.17825078698376237 81.976806640625 0.595947265625 0.967250213551443 2131
440 8.2 0.8852360423018293 0.20662756861240478 81.976806640625 0.595947265625 0.9644707329839254 2224
450 9.5 0.898912931743421 0.2240719057277031 81.976806640625 0.595947265625 0.961653194113183 2306
460 10.3 0.9295926881067961 0.2751826668519604 81.976806640625 0.595947265625 0.9591707597420346 2401
470 9.5 0.9006142064144737 0.30173994879336863 81.976806640625 0.595947265625 0.95795408986247 2504
480 16.5 0.9287198153409091 0.6415146817480971 81.976806640625 0.595947265625 0.9558581726144671 2599
490 16.1 0.8418408506405279 0.1919947725539933 81.976806640625 0.595947265625 0.9542381187251266 2764
500 16.5 0.8991950757575757 0.2638452778733275 81.976806640625 0.595947265625 0.9480514656784188 2925
510 15.2 0.8761419998972038 0.25477711693510074 81.976806640625 0.595947265625 0.9454426293234224 3090
520 16.5 0.9097064393939394 0.4732764703018268 81.976806640625 0.595947265625 0.9421934943225633 3242
530 14.2 0.8509057273327467 0.160049358730794 81.976806640625 0.595947265625 0.9406201558831083 3407
540 14.7 0.998857355442177 0.7126502819408849 81.976806640625 0.595947265625 0.9370305675894618 3549
550 18.5 0.968236644847973 1.870198087162693 81.976806640625 0.595947265625 0.9394895875608766 3696
560 13.6 0.8578760483685661 0.14549121294481132 81.976806640625 0.595947265625 0.9408599059319441 3881
570 11.3 0.8715906733960177 0.16938991642142576 81.976806640625 0.595947265625 0.9380503951954194 4017
580 13.4 0.9144068475979478 0.2774607407230233 81.976806640625 0.595947265625 0.9362320057127724 4130
590 11 0.8600807883522728 0.20440747365875295 81.976806640625 0.595947265625 0.9355461306688262 4264
600 18.1 1.0263240245165748 2.332645157094212 81.976806640625 0.595947265625 0.9336482825538694 4374
610 23.9 0.931713152131276 0.3346101163554218 81.976806640625 0.583984375 0.9373308971082601 4555
620 33.5 1.2236488456156722 4.557893885197195 82.547119140625 0.583984375 0.9370508301392365 4794
630 35.4 0.962569242143362 0.7966137149055683 82.547119140625 0.583984375 0.9557699440375804 5129
640 37.2 1.5427370789230506 6.869341880679871 117.028076171875 0.583984375 0.9562089284492978 5483
650 37.2 1.0119254819808474 0.8389576078861517 117.028076171875 0.583984375 0.9934742524418232 5855
660 37 1.040400654560809 1.301614354985095 117.028076171875 0.583984375 0.9945765259906456 6227
670 37.5 1.0097519531249992 1.7579355979857876 117.028076171875 0.583984375 0.997146622636236 6597
680 33.5 0.9132244053171642 0.41059531807429206 117.028076171875 0.583984375 0.9978246201883425 6972
690 28.9 1.3846574935121108 4.6967859315345155 117.028076171875 0.583984375 0.9939460007847781 7307
700 34.3 1.3171593135021868 4.215659404153701 117.028076171875 0.583984375 1.0088111431489435 7596
710 28.3 0.8772680060181095 0.26515067161809514 117.028076171875 0.583984375 1.0221331512647216 7939
720 29.7 0.9984956991792939 1.4191175249332224 117.028076171875 0.583984375 1.0171469148131538 8222
730 30.3 0.9129392919760726 0.6132215903490095 117.028076171875 0.583984375 1.016496672878272 8519
740 31 0.868108146421371 0.2837959125403251 117.028076171875 0.583984375 1.0129398959100828 8822
750 31 1.0310153099798385 2.35531877179038 117.028076171875 0.583984375 1.008023356012853 9132
760 37.1 2.0293883454767485 10.215203378864231 131.427001953125 0.5830078125 1.0087782284688758 9442
770 30.5 0.9218117635758196 0.4606566600477091 131.427001953125 0.5830078125 1.0473644256980534 9813
780 30.1 1.0814894362541527 2.036007306008042 131.427001953125 0.5830078125 1.0435797289252444 10118
790 27.6 0.9171107195425725 0.32417643951627606 131.427001953125 0.5830078125 1.0446749225048588 10419
800 31.9 0.96557081455721 0.9839216596582723 131.427001953125 0.5830078125 1.0413829430735742 10695
810 28.1 1.0357505282473307 1.5559164626274806 131.427001953125 0.5830078125 1.0391871859465793 11014
820 30.5 0.9731469326331967 0.7388043918785556 131.427001953125 0.5830078125 1.0391016878665893 11295
830 30.5 1.2349665407274595 3.298817594300566 131.427001953125 0.573974609375 1.0373675326643321 11600
840 28.4 1.0491444762323952 1.9047861222903517 131.427001953125 0.573974609375 1.0424299180032026 11905
850 30.2 0.9882578060326994 1.512004114684758 131.427001953125 0.573974609375 1.0425863651717227 12189
860 30.8 0.9085740919237013 0.5177376541955566 131.427001953125 0.573974609375 1.0412728414458412 12491
870 30.1 1.2243676676702662 5.094909022892249 131.427001953125 0.573974609375 1.0380795283078759 12799
880 30.9 0.9692738357099507 0.6199263847416477 131.427001953125 0.573974609375 1.0423598893726147 13100
890 32.8 0.9242345298208842 0.892602890475443 131.427001953125 0.573974609375 1.0406756779786432 13409
900 29.8 0.9902696033452189 1.8370063359680564 131.427001953125 0.573974609375 1.0378953986894428 13737
910 32 1.3070266723632806 4.126529601460666 131.427001953125 0.573974609375 1.0368841776696651 14035
920 30.5 1.006721471567623 1.8884751957361456 131.427001953125 0.573974609375 1.0429061629223266 14355
930 26.6 1.049601848860434 1.2391660049753435 131.427001953125 0.573974609375 1.04215334362743 14660
940 33.9 1.1384781468934362 2.3931400861827217 131.427001953125 0.573974609375 1.0422860853125417 14926
950 30.5 0.9555872182377048 1.3909909559092184 131.427001953125 0.573974609375 1.044422286352563 15265
960 29.6 1.0559560414907094 1.967817590514279 131.427001953125 0.573974609375 1.0426821003682962 15570
970 37.8 0.9121158337466935 0.3333100885410284 131.427001953125 0.573974609375 1.0429297422800718 15866
980 35.5 0.9317637268926057 0.5271122423360955 131.427001953125 0.573974609375 1.0398856855560128 16244
990 31.3 0.9305166421226039 0.8215161295818573 131.427001953125 0.573974609375 1.037573299549295 16599
1000 35.6 1.193085059691011 3.017030877273534 131.427001953125 0.573974609375 1.0355919411189167 16912
1010 36.8 1.048672219981318 1.6789498843989374 131.427001953125 0.573974609375 1.03883884581035 17268
1020 27.1 0.8941618859547971 0.36081853928718494 131.427001953125 0.573974609375 1.0390440330237154 17636
1030 29.6 1.0196269267314186 1.841081088958631 131.427001953125 0.573974609375 1.0368514233260735 17907
1040 31.2 0.9976892715845352 1.18657905289776 131.427001953125 0.573974609375 1.0365713348246166 18203
1050 35.1 1.0010203826121795 1.798175602929419 131.427001953125 0.573974609375 1.0359161253333444 18515
1060 31.6 1.4441899166831489 5.325150745705132 131.427001953125 0.573974609375 1.0352668936098668 18866
1070 29.1 0.9371442762027491 0.3900671567451582 131.427001953125 0.573974609375 1.0420034005064969 19182
1080 26.7 0.9725154348080525 0.9136175223484375 131.427001953125 0.573974609375 1.0404364100493309 19473
1090 32.2 0.9983895817158389 1.7507213301553342 131.427001953125 0.573974609375 1.039517722086341 19740
1100 36.4 0.9280804644574178 0.4944236342468955 131.427001953125 0.573974609375 1.0388576053881404 20062
1110 33.9 1.0859699080475667 2.375074898714341 131.427001953125 0.573974609375 1.0368835096621647 20426
1120 35.5 1.383650143045775 4.081057386933253 131.427001953125 0.573974609375 1.037684872005177 20765
1130 33.7 0.8825995108494066 0.3501780318704337 131.427001953125 0.573974609375 1.0435001026500355 21120
1140 31.9 0.8962601329839345 0.3812444499467874 131.427001953125 0.573974609375 1.0409730252656475 21457
1150 33.2 0.9389861692865215 0.5395025273568108 131.427001953125 0.573974609375 1.0388531036713298 21776
1160 33.7 0.9149600971346439 0.3033010316162748 131.427001953125 0.573974609375 1.037353383107925 22108
1170 32.9 1.2189904302811543 3.725352403544252 131.427001953125 0.573974609375 1.0355157115831757 22445
1180 40.2 1.204962127837375 2.5661036943295605 131.427001953125 0.573974609375 1.0381662421202633 22774
1190 44.4 1.1788209107545045 5.489053530687349 131.427001953125 0.573974609375 1.04105940513624 23176
1200 41.4 0.9545674347071256 0.7122487433297151 131.427001953125 0.573974609375 1.0436489948269474 23620
1210 43.6 1.1439841734159977 2.626492891078777 131.427001953125 0.573974609375 1.0421145117658837 24034
1220 46.8 0.9677843925280448 0.5279926537792677 131.427001953125 0.573974609375 1.0439295985039077 24470
1230 44.8 0.9669952392578128 1.048556590662155 131.427001953125 0.573974609375 1.0425006163723534 24938
1240 47 0.9596030377327133 0.43281280768315183 131.427001953125 0.573974609375 1.0411681335492495 25386
1250 44.3 1.288371411187923 3.2298666393484194 131.427001953125 0.573974609375 1.0396854759442924 25856
1260 42.8 1.0341751241238297 1.535352597869428 131.427001953125 0.573974609375 1.0438745275931356 26299
1270 42.2 1.089537127888034 2.082419131651217 131.427001953125 0.573974609375 1.0437192035880147 26727
1280 49.7 1.2050923706300312 2.8246550385165916 131.427001953125 0.573974609375 1.0444313905582387 27149
1290 46.8 1.032915685930824 1.7551117288390272 131.427001953125 0.573974609375 1.0473196386626908 27646
1300 46.8 1.5079585670405973 4.34765144587209 131.427001953125 0.573974609375 1.0470798631103497 28114
1310 46 1.281270168138587 3.44532979544838 131.427001953125 0.573974609375 1.0546262641123565 28582
1320 41.3 0.953860377572639 0.5589387992767292 131.427001953125 0.573974609375 1.0582161062668936 29042
1330 51.3 1.2769920542458573 4.1217756812598765 131.427001953125 0.573974609375 1.0567528940465327 29455
1340 50.5 0.925423499381188 0.7524927779830439 131.427001953125 0.573974609375 1.0605230051377719 29968
1350 46.8 1.140104375333868 3.101453200328511 131.427001953125 0.573974609375 1.05828412972652 30473
1360 45.8 1.4782011207014196 4.0036636803335846 131.427001953125 0.573974609375 1.0595217068877054 30941
1370 49.7 1.2174782090983405 3.048952025898949 131.427001953125 0.573974609375 1.065628753976042 31399
1380 45.4 1.2669398101941063 4.808413019770297 131.427001953125 0.573974609375 1.0679948556563712 31896
1390 42.8 1.2256572402526273 4.281922461584503 131.427001953125 0.573974609375 1.0707868497633306 32350
1400 41.2 0.9057759405339805 0.37345399585016753 131.427001953125 0.56689453125 1.0728090758640512 32778
1410 43.3 0.9481739634454389 0.59554969877231 131.427001953125 0.56689453125 1.07073563049629 33190
1420 45.1 0.9569457195814859 0.39620087790940944 131.427001953125 0.56689453125 1.0691572703906178 33623
1430 43.6 0.9227194129873854 0.39075884708977376 131.427001953125 0.56689453125 1.0676720497116567 34074
1440 46.8 0.9320261376535791 0.37429217059015363 131.427001953125 0.56689453125 1.0658407153270788 34510
1450 45.7 1.0120286002461685 0.8755850401124275 131.427001953125 0.56689453125 1.0640502978546333 34978
1460 44.6 0.9969148507567257 1.5084888549003581 131.427001953125 0.56689453125 1.063379381647294 35435
1470 44.6 0.9021132943876121 0.605428440512872 131.427001953125 0.56689453125 1.0625532290657833 35881
1480 44.6 1.2662178347463573 2.8107519181576945 131.427001953125 0.56689453125 1.0605834487132502 36327
1490 43.8 1.2223613860944627 3.3787784771067355 131.427001953125 0.56689453125 1.063077477924105 36773
1500 41.6 0.9229008601262019 0.3165100342783503 131.427001953125 0.56689453125 1.0649523630865196 37211
1510 45.1 0.9528478381374723 0.56176588940138 131.427001953125 0.56689453125 1.063381857193637 37627
1520 42.7 0.9864127451697889 1.0361824457106963 131.427001953125 0.56689453125 1.062072680172934 38078
1530 42.8 0.979506448050526 0.7403012531650024 131.427001953125 0.56689453125 1.06123365167673 38505
1540 45.4 1.4723088604763215 4.349197908595855 131.427001953125 0.56689453125 1.0603352045200245 38933
1550 42.3 0.9910262448286055 0.8931536565516417 131.427001953125 0.56689453125 1.0650838789507797 39387
1560 43.7 0.9159307065217391 0.43981780208193166 131.427001953125 0.56689453125 1.0642969817080348 39810
1570 47.5 0.9299861225328947 0.37703810564354573 131.427001953125 0.56689453125 1.0626860277920558 40247
1580 51.4 1.048608683426558 1.084725871561852 131.427001953125 0.56689453125 1.0611381555117625 40722
1590 49.2 1.0395770809514748 1.4666518671016584 131.427001953125 0.56689453125 1.0609819776901552 41236
1600 48.3 1.209421604069617 2.7325092825599544 131.427001953125 0.56689453125 1.0607296001691757 41728
1610 43.8 0.9732838809218033 0.7489466492881685 131.427001953125 0.56689453125 1.0624310106518442 42211
1620 47.7 0.9808674618383125 0.7505779088131148 131.427001953125 0.56689453125 1.0615154805615312 42649
1630 42.9 0.9896630062645687 0.9251373880638971 131.427001953125 0.56689453125 1.0606234640301817 43126
1640 44.5 0.8953701062148877 0.328682336933929 131.427001953125 0.56689453125 1.0599245308105412 43555
1650 43.2 0.9284933584707754 0.801456189196246 131.427001953125 0.56689453125 1.0582602871981532 44000
1660 45.5 1.9371345939217028 6.007769383684127 131.427001953125 0.56689453125 1.0569985993783335 44432
1670 46.9 1.1165440931503194 2.909758015077757 131.427001953125 0.56689453125 1.0659201552300777 44887
1680 43.1 0.9288179968459976 0.4141548911221275 131.427001953125 0.56689453125 1.0664436279103093 45356
1690 41.4 0.905803588277476 0.3761558493101898 131.427001953125 0.56689453125 1.0651481368978228 45787
1700 43.3 1.0284020685984412 1.7997071065887755 131.427001953125 0.56689453125 1.0637202750955064 46201
1710 43.2 0.9018272117332176 0.2977734017237537 131.427001953125 0.56689453125 1.0633923430413565 46634
1720 41.8 0.9389543305173444 0.4643368425530898 131.427001953125 0.56689453125 1.0619094012845656 47066
1730 44 1.0494112881747175 3.073026875753881 131.427001953125 0.56689453125 1.0608270320742905 47484
1740 46.6 1.0084233754694207 1.2953050267180601 131.427001953125 0.56689453125 1.060722221805619 47924
1750 49.6 1.012102680821573 0.6000778629711742 131.427001953125 0.56689453125 1.060218579268056 48390
1760 50.7 0.9811106424124754 0.9291182730505567 131.427001953125 0.56689453125 1.059730392760069 48886
1770 52.5 1.1084481956845238 2.995856603386266 131.427001953125 0.56689453125 1.058923391496201 49393
1780 52.1 1.4211060273212572 3.80170013131941 131.427001953125 0.56689453125 1.0594442561582242 49918
1790 57.4 1.0208991180313596 1.42976225820354 131.427001953125 0.56689453125 1.0631799722266622 50439
1800 52.7 1.7075162883953987 10.82521295720097 190.986083984375 0.56689453125 1.0627042266263622 51013
1810 62.2 1.1027498398563107 1.3754908737086287 190.986083984375 0.56689453125 1.0692974737461194 51540
1820 65 1.3985836087740378 5.1172351692940525 190.986083984375 0.56689453125 1.0696963727860438 52162
1830 54.1 0.9996448453384928 1.2094641277914444 190.986083984375 0.56689453125 1.0737442540136473 52812
1840 60.2 1.9668309411337206 6.2405311775748995 190.986083984375 0.56689453125 1.072992885204147 53353
1850 57.4 1.1891838897811402 2.4063002711944383 190.986083984375 0.56689453125 1.0829658350636524 53955
1860 56.1 1.385483250473485 3.9311250198464505 190.986083984375 0.56689453125 1.084083940354559 54529
1870 59.6 0.9784701558567533 0.5341681465695092 190.986083984375 0.56689453125 1.0871531909077758 55090
1880 56.1 1.1127651167000883 2.183559208231107 190.986083984375 0.56689453125 1.0859899705491505 55686
1890 55.8 1.037346952704972 1.1146612360844843 190.986083984375 0.56689453125 1.0862570222495198 56247
1900 58.1 1.940411618572505 5.710988385599039 190.986083984375 0.56689453125 1.0857765747747226 56805
1910 60.7 0.9659087983937397 0.47353565176755136 190.986083984375 0.56689453125 1.0944292594094158 57386
1920 56 1.38290536063058 4.184053657763108 190.986083984375 0.56689453125 1.093084063957611 57993
1930 58 0.9967108364762943 0.6678237828930813 190.986083984375 0.56689453125 1.0958559104238357 58553
1940 64 0.9588054656982422 0.4748024603956356 190.986083984375 0.56689453125 1.0948834560770315 59133
1950 56.4 0.9870579496343082 0.9175996165105508 190.986083984375 0.56689453125 1.0934264451550026 59773
1960 63.2 1.2571353188043901 3.704294253768762 190.986083984375 0.56689453125 1.0924321658326355 60337
1970 61.6 1.34311309418121 3.9402374409358067 190.986083984375 0.56689453125 1.0941394661439108 60969
1980 67.5 1.1653106915509264 2.578198594562895 190.986083984375 0.56689453125 1.096629808838901 61585
1990 62.6 1.304182838708068 3.2627601633422674 190.986083984375 0.56689453125 1.097374421685522 62260
2000 58.8 0.9909315044377126 0.6510922613956079 190.986083984375 0.56689453125 1.0994331003907363 62886
2010 58.2 1.0156585588487985 0.7401952102369707 190.986083984375 0.56689453125 1.0984279811541926 63474
2020 58.7 1.5101890239033215 4.294349073219468 190.986083984375 0.56689453125 1.0976759547432124 64056
2030 57.9 1.6904566736830748 5.448306613185926 190.986083984375 0.56689453125 1.1014218386223176 64643
2040 59.7 1.771436528344848 5.4757784196658985 190.986083984375 0.56689453125 1.1066509203662103 65222
2050 61.8 1.141630401117517 2.8499680378342034 190.986083984375 0.56689453125 1.1126807447020897 65819
2060 53.3 1.2834967350199344 3.7874843334881607 190.986083984375 0.56494140625 1.1129500357246334 66437
2070 55.4 0.9613429320848376 0.4658580391654414 190.986083984375 0.56494140625 1.114307380666016 66970
2080 56.9 1.2028564024055366 3.534805858772116 190.986083984375 0.56494140625 1.113052385338222 67524
2090 66.6 1.8753009601398267 6.410861180561029 190.986083984375 0.56494140625 1.1138028073450552 68093
2100 59.9 1.0137203770607235 1.3606069731669446 190.986083984375 0.56494140625 1.1211786820634386 68759
2110 61.5 1.0158302369156509 0.6805935898324977 190.986083984375 0.56494140625 1.120250634474168 69358
2120 63.2 0.9523616742484177 0.5066995314008845 190.986083984375 0.56494140625 1.1193328727017917 69973
2130 62.8 0.9911304643958997 0.8167202144882152 190.986083984375 0.56494140625 1.1178382788710073 70605
2140 64.8 2.083507396556715 7.158303638053516 190.986083984375 0.56494140625 1.1167212052184816 71233
2150 61.5 0.9772302146849593 0.7039683244414376 190.986083984375 0.56494140625 1.1254366856929765 71881
2160 67.5 1.1908148871527784 2.9826671632456088 190.986083984375 0.56494140625 1.124179416606821 72496
2170 63 1.0177753751240082 0.9462379625238883 190.986083984375 0.56494140625 1.124794126568671 73171
2180 62.1 1.0299903759057987 1.3572190407977145 190.986083984375 0.56494140625 1.1238805642401097 73801
2190 58.7 1.3775624367813029 4.13966044513707 190.986083984375 0.56494140625 1.1230971157039833 74422
2200 62.8 1.6300130467506 4.681976365176828 190.986083984375 0.56494140625 1.125088491985128 75009
2210 60 0.9736055501302083 0.429965665716038 190.986083984375 0.56494140625 1.129280787031107 75637
2220 64.3 1.352146842802294 3.4431357797099396 190.986083984375 0.56494140625 1.1280555926748164 76237
2230 64.9 1.0730996153938752 0.8121969031190964 190.986083984375 0.56494140625 1.1299298210024955 76880
2240 67.6 1.2086607803254439 3.327417368826059 190.986083984375 0.56494140625 1.1294540918761042 77529
2250 64.9 1.1394543287750387 1.9093324885555871 190.986083984375 0.56494140625 1.1301387504195701 78205
2260 62.3 1.588249978054775 4.550737349176637 190.986083984375 0.56494140625 1.1302154213602036 78854
2270 54.9 1.1063279115437166 1.913192906313215 190.986083984375 0.56396484375 1.1338058378180558 79477
2280 62.9 1.419888494882751 4.60370581085508 190.986083984375 0.56396484375 1.1336173318134497 80026
2290 59.3 1.3293107082630697 3.8149202233512733 190.986083984375 0.56396484375 1.1358498600084852 80655
2300 61.2 1.0864070318882735 1.4551910651531688 190.986083984375 0.56396484375 1.137261861325625 81248
2310 65.2 1.2312865462039866 3.1359292032196833 190.986083984375 0.56396484375 1.1368816615257757 81860
2320 59.7 1.6510277625104686 4.935367130594418 190.986083984375 0.56396484375 1.1376276376845187 82512
2330 64.4 0.9942535969041153 0.7328808511632717 190.986083984375 0.56396484375 1.1413155640766193 83109
2340 56.9 1.0856023966113793 1.5946588359470428 190.986083984375 0.56396484375 1.1401847639039795 83753
2350 61.2 1.2127841126685048 2.83290957680547 190.986083984375 0.56396484375 1.1398164452328203 84322
2360 69.6 1.1647798384743173 2.1674827403887376 190.986083984375 0.56396484375 1.1403422206875338 84934
2370 58.3 0.9891430705939124 1.0892906743263493 190.986083984375 0.56396484375 1.1405408494622578 85630
2380 60.2 2.0145738164451843 6.312816493343413 190.986083984375 0.56396484375 1.1395170490483961 86213
2390 77.9 1.3832145955351411 3.89269228104775 190.986083984375 0.56396484375 1.145584942545751 86815
2400 76.3 2.8396639242709694 8.378204974952393 190.986083984375 0.56396484375 1.147698255097738 87594
2410 78.4 1.4786199452925708 3.878586468370272 190.986083984375 0.56396484375 1.1623090930118722 88357
2420 80.9 1.6656320616694997 4.2216563535303155 190.986083984375 0.56396484375 1.1650910643627441 89141
2430 79.4 1.3016597257753464 3.274906065425371 190.986083984375 0.56396484375 1.1695928727765426 89950
2440 72.6 1.9195802126377386 5.353909230341865 190.986083984375 0.56396484375 1.1707484431864985 90744
2450 70.3 1.4196162651137976 3.9725134546115513 190.986083984375 0.56396484375 1.176691942307758 91470
2460 70.3 1.1035124994443475 1.7296654792235273 190.986083984375 0.56396484375 1.1785447169698895 92173
2470 73.1 1.6021235892612846 5.1039147800675355 190.986083984375 0.56396484375 1.1779767807008807 92876
2480 74.9 1.3067749186415232 3.0141105174343927 190.986083984375 0.56396484375 1.1812890470597819 93607
2490 73.1 1.51011062809935 4.1314342896194844 190.986083984375 0.56396484375 1.1822851566639907 94356
2500 76.1 2.910062571862682 9.222328413962112 190.986083984375 0.56396484375 1.1848053794033688 95087
2510 77.6 1.2017218206346638 2.7047286860772144 190.986083984375 0.56396484375 1.198503325353848 95848
2520 83.9 2.105411133976464 6.303769323132911 190.986083984375 0.5390625 1.198529173511013 96624
2530 82.2 1.669186780052463 5.619591597826762 190.986083984375 0.5390625 1.2063359716275344 97463
2540 79.4 1.2110737144796928 2.3792494725096613 190.986083984375 0.5390625 1.2102069932943735 98285
2550 82.4 1.6542020631067966 4.540458781076744 190.986083984375 0.5390625 1.2102139390308175 99079
2560 82.8 2.5704148149720702 7.382393425497651 190.986083984375 0.5390625 1.213875953327071 99903
2570 74 1.4635837864231422 3.9719157403054615 190.986083984375 0.5390625 1.225026583991336 100731
2580 85.4 1.472988441342214 3.8540877959859072 190.986083984375 0.5390625 1.2267663158339266 101471
2590 75.7 1.1421727290084227 1.9791856622979869 190.986083984375 0.5390625 1.2288212749854934 102325
2600 76.8 1.1243699391682962 1.5392126976112452 190.986083984375 0.5390625 1.228184956818358 103082
2610 76.3 1.4030640128399419 3.6530460831796954 190.986083984375 0.5390625 1.2274172155226888 103850
2620 78.9 2.953216591413178 9.391676323974947 190.986083984375 0.5390625 1.228698303975874 104613
2630 72.1 1.3760412377557203 3.186264960579741 190.986083984375 0.5390625 1.2416074036968285 105402
2640 75.2 1.416880506150266 4.2318047828204755 190.986083984375 0.5390625 1.2425207475935942 106123
2650 73.2 1.4836265689036892 3.7786686565794745 190.986083984375 0.5390625 1.2437475877192983 106875
2660 75.6 1.5630002299313819 4.765534513764013 190.986083984375 0.5390625 1.2453793720291197 107607
2670 76.9 1.1228401967855954 2.0155694896029184 190.986083984375 0.5390625 1.247595270154625 108363
2680 71.7 2.183835507104255 6.868019016237155 190.986083984375 0.5390625 1.2467161819731496 109132
2690 69.4 1.267807138756304 3.619304242238165 190.986083984375 0.5390625 1.2528328926953136 109849
2700 77.7 1.6123791551037652 4.86507062176166 190.986083984375 0.5390625 1.2529269025083847 110543
2710 70 1.4777818080357157 4.245067389087244 190.986083984375 0.5390625 1.2554358353171038 111320
2720 76.1 2.4614597876971085 11.186114935452068 190.986083984375 0.5390625 1.256825249536913 112020
2730 70.9 1.826983496231488 6.395923879698554 190.986083984375 0.5390625 1.264953630057922 112781
2740 78.3 1.7294868868734012 5.295764169811344 190.986083984375 0.5390625 1.2684647691460977 113490
2750 73.4 1.4494811845410416 3.9108623492123495 190.986083984375 0.5390625 1.271623698361052 114273
2760 75.7 1.5321749607826942 4.116448766936317 190.986083984375 0.5390625 1.2727588240043268 115007
2770 73.8 1.3262995691480348 3.227912945457541 190.986083984375 0.5390625 1.274455189157062 115764
2780 74 1.30067138671875 3.654701889912996 190.986083984375 0.5390625 1.2747836054283135 116502
2790 78.7 1.0700444726810683 0.7009406310238389 190.986083984375 0.5390625 1.2749470021475346 117242
2800 72.9 1.7461242257158784 4.977695837962536 190.986083984375 0.5390625 1.2735807422394603 118029
2810 68.3 1.119467694797766 2.5384033786565516 190.986083984375 0.5390625 1.276481466396606 118758
2820 71.5 1.1131695940777964 1.6618901918963083 190.986083984375 0.5390625 1.2755836138501435 119441
2830 78.8 1.1298574070034897 2.1322324051459365 190.986083984375 0.5390625 1.2746171533809434 120156
2840 68.8 1.0520079856695148 0.902619393540384 190.986083984375 0.5390625 1.2736739839790265 120944
2850 72.3 1.499591410572269 3.705528118521682 190.986083984375 0.5390625 1.2724201510498883 121632
2860 71.5 3.913871284965044 18.588304331725052 297.60791015625 0.5390625 1.2737625140153142 122355
2870 73 1.4263852472174674 3.9019303796941456 297.60791015625 0.5390625 1.2891007586828127 123070
2880 73.9 1.4484671668851477 4.216763237758611 297.60791015625 0.5390625 1.2899102714181139 123800
2890 74.6 1.3806463246690683 3.6275002998088812 297.60791015625 0.5390625 1.2908511296693455 124539
2900 75.2 2.308659005672371 7.476812462519419 297.60791015625 0.5390625 1.2913858083257672 125285
2910 80.3 1.4317345720150996 3.563716819592834 297.60791015625 0.5390625 1.2974553707907945 126037
2920 69.2 1.6984969122561386 4.634781692946762 297.60791015625 0.5390625 1.298305466963793 126840
2930 77.8 1.3225154141227509 3.562911701253818 297.60791015625 0.5390625 1.3004769414183792 127532
2940 79.6 2.5559508357215766 10.934214310591457 297.60791015625 0.5390625 1.3006105703776498 128310
2950 81.4 1.5641675944410325 5.047012702005617 297.60791015625 0.5390625 1.3083503411955342 129106
2960 82.1 1.1457992349269197 1.9654824670324842 297.60791015625 0.5390625 1.3099531371017983 129920
2970 84.6 1.43239093897754 3.701098426301848 297.60791015625 0.5390625 1.3089223177437883 130741
2980 84.6 1.8551342831153956 4.746430725498218 297.60791015625 0.5390625 1.3097161230099905 131587
2990 88.6 2.1729196242769437 6.475762996068904 297.60791015625 0.5390625 1.3132003283322982 132433
3000 85 1.836032858455882 5.197380241048032 297.60791015625 0.5390625 1.3189137772496091 133319
3010 90.8 2.2553993258707328 6.888919894676991 297.60791015625 0.5390625 1.3221898784281625 134169
3020 96.4 2.900653000194501 8.519112876604789 297.60791015625 0.5390625 1.328462998043477 135077
3030 101.8 3.040307425328463 8.17717216011908 297.60791015625 0.5390625 1.339603692114188 136041
3040 94.3 3.397567085597825 8.84651364336319 297.60791015625 0.5390625 1.352235598084698 137059
3050 88 2.3276037042791202 7.985837948679958 297.60791015625 0.5390625 1.3662118273619903 138002
3060 90.8 2.8482975224566345 7.888897593026609 297.60791015625 0.5390625 1.3723035084415187 138882
3070 91.6 1.6487136241129905 4.148429265325028 297.60791015625 0.5390625 1.3818907647883656 139790
3080 88.8 1.7068800367750567 4.55645528191053 297.60791015625 0.5390625 1.383627789074049 140706
3090 90.8 1.9977105094472798 5.708609181030691 297.60791015625 0.5390625 1.3856550500876406 141594
3100 87.7 2.2134343041797333 6.330659873793229 297.60791015625 0.5390625 1.3895549697877048 142502
3110 88.2 2.5441501470379824 7.6519719375262545 297.60791015625 0.5390625 1.3945943561431808 143379
3120 96.9 3.045442154040894 8.67392761618506 297.60791015625 0.5390625 1.401622646585984 144261
3130 92.4 2.4005380605722393 7.2911415212474955 297.60791015625 0.5390625 1.4125904982882755 145230
3140 92.6 1.987637414788064 5.6100104061995655 297.60791015625 0.5390625 1.4188364001968814 146154
3150 95.7 2.3356257551266983 6.7707896859006595 297.60791015625 0.5390625 1.42241751074564 147080
3160 94.4 2.8712447861493655 8.324280288585962 297.60791015625 0.5390625 1.42832103682272 148037
3170 89.1 2.4276277861076028 7.143279022540615 297.60791015625 0.5390625 1.4374639477936784 148981
3180 89.3 1.6840680881683932 4.470694806519058 297.60791015625 0.5390625 1.4433505442222154 149872
3190 87.7 1.8263572771165917 6.051812047764216 297.60791015625 0.5390625 1.4447763444195023 150765
3200 95.6 2.2197229872188795 6.4617492227258895 297.60791015625 0.5390625 1.4469831636251007 151642
3210 92.7 3.7528074855043125 12.205031347824578 297.60791015625 0.5390625 1.4518242445786889 152598
3220 79.7 3.052165224082497 10.324987198355814 297.60791015625 0.5390625 1.4657178219396272 153525
3230 91.8 1.5821655539385893 4.10382535031945 297.60791015625 0.5390625 1.4739110709871244 154322
3240 88.3 2.396816439428797 7.203197605316851 297.60791015625 0.5390625 1.47455122568533 155240
3250 75.9 1.276622264595687 2.9103553013214696 297.60791015625 0.5390625 1.479767370543778 156123
3260 84 1.8120483398437504 5.538147407211291 297.60791015625 0.5390625 1.478784548196953 156882
3270 86 2.529078000090846 7.421639941644307 297.60791015625 0.5390625 1.4805594533147128 157722
3280 91.6 2.6534101327954436 7.966414776976891 297.60791015625 0.5390625 1.486245634282461 158582
3290 83.6 1.4638677715684814 3.674165846144768 297.60791015625 0.5390625 1.4929486818481854 159498
3300 87.1 2.872162530945039 8.959612817302917 297.60791015625 0.5390625 1.4927970506221582 160334
3310 98.7 1.5127390945573713 3.265624966540133 297.60791015625 0.5390625 1.5002498426159625 161205
3320 83.9 1.8724387058626335 5.5176817342657 297.60791015625 0.5390625 1.5003258444635639 162192
3330 90.6 2.0417429269281215 5.920322240750987 297.60791015625 0.5390625 1.5022408341938227 163031
3340 86.1 2.3615186737804894 6.361594013554145 297.60791015625 0.5390625 1.5052223996489504 163937
3350 87.6 1.7161176846996313 4.8658871323370985 297.60791015625 0.5390625 1.5096961862970122 164798
3360 90.3 2.1207511960998 6.53989747007039 297.60791015625 0.5390625 1.51078763838123 165674
3370 96.1 2.167237852416103 6.07573023393237 297.60791015625 0.5390625 1.5140941998670285 166577
3380 92.9 2.514016404988563 7.000424835702592 297.60791015625 0.5390625 1.5178406397797626 167538
3390 86.3 1.392334267272594 2.9633607298372704 297.60791015625 0.5390625 1.5233339843865936 168467
3400 95.7 3.4711546703565768 9.161636761529538 297.60791015625 0.5390625 1.5226663368588704 169330
3410 88 2.1868374911221626 6.428106941292673 297.60791015625 0.5390625 1.5336166932287478 170287
3420 97 2.099643856717142 5.563504752787412 297.60791015625 0.5390625 1.5369750175678216 171167
3430 97.1 2.8669891200276787 8.328151696484037 297.60791015625 0.5390625 1.5401456826425866 172137
3440 90.7 2.4085280177611645 7.284699014985177 297.60791015625 0.5390625 1.5475882328291806 173108
3450 95.4 3.3516551403629453 10.69158118037489 297.60791015625 0.5390625 1.5520756183128075 174015
3460 88.5 2.5699558064089003 7.673965095518807 297.60791015625 0.5390625 1.5618876356646574 174969
3470 88.4 2.0505208149215224 6.619225885358718 297.60791015625 0.5390625 1.5669608232583923 175854
3480 88 2.0867476029829524 6.482379731704803 297.60791015625 0.5390625 1.5693794713851685 176738
3490 87.1 2.1550632130812324 6.437235336102357 297.60791015625 0.5390625 1.571942747380879 177618
3500 91.5 1.6782151852800544 4.89300212842311 297.60791015625 0.5390625 1.5747882892665133 178489
3510 83.6 1.6590704666940783 4.425405163163511 297.60791015625 0.5390625 1.5753157892656904 179404
3520 86.2 2.6464325446816983 7.297962016176595 297.60791015625 0.5390625 1.5757042652439979 180240
3530 98.8 3.0499653063322367 8.521451995402035 297.60791015625 0.5390625 1.5808006627264957 181102
3540 88.2 3.352588610313916 10.250733259288808 297.60791015625 0.5390625 1.5887721859725963 182090
3550 86 2.4095518600109034 7.479706658117528 297.60791015625 0.5390625 1.5972745037385334 182972
3560 82.7 1.731298001530381 4.812839671710535 297.60791015625 0.5390625 1.6010744870188884 183832
3570 87.5 1.855265904017857 5.182143481376287 297.60791015625 0.5390625 1.6016576963209046 184659
3580 96.7 3.4718167799088695 9.789689595137615 297.60791015625 0.5390625 1.602853742230198 185534
3590 99.2 2.2915878295898446 6.667141101289394 297.60791015625 0.5390625 1.6125442385676723 186501
3600 100.7 2.945064480278674 8.620493321371558 297.60791015625 0.5390625 1.6161369659883973 187493
3610 110.5 2.5124337174773754 6.526007013847682 297.60791015625 0.5390625 1.623236329420176 188500
3620 113.2 3.655035335689046 9.396643349524773 297.60791015625 0.5390625 1.62841848766391 189605
3630 103 96.9564256390323 521.1400459994378 3011.381103515625 0.5390625 1.6404462026429885 190737
3640 108.2 4.209254464027846 11.440064711878374 3011.381103515625 0.5390625 2.1523979921556835 191767
3650 108.8 2.9085688871495856 7.964660331800414 3011.381103515625 0.5390625 2.163938206015054 192849
3660 112.1 2.7200473645879812 7.565120410859529 3011.381103515625 0.5390625 2.168115635701366 193937
3670 107.1 2.619049214737982 7.512243591157373 3011.381103515625 0.5390625 2.17128759208399 195058
3680 106.2 2.8326947055967526 7.745380169715584 3011.381103515625 0.5390625 2.1737326802548487 196129
3690 100 3.3815012207031265 9.34403213582591 3011.381103515625 0.5390625 2.177281613375088 197191
3700 107.1 77.0790192704686 462.4015553042399 3015.235107421875 0.5390625 2.1833576693379118 198191
3710 113.8 6.4431394768096455 17.371729256603704 3015.235107421875 0.5390625 2.585909352924401 199262
3720 118.4 3.509303324931376 9.424933640157938 3015.235107421875 0.5390625 2.607813184665825 200400
3730 113.5 3.8127817834526447 10.020874960384191 3015.235107421875 0.5390625 2.6131080707980296 201584
3740 107.8 3.1659442852069812 8.747402702775457 3015.235107421875 0.5390625 2.619824903773049 202719
3750 105.6 3.00959454160748 8.542473751770185 3015.235107421875 0.5390625 2.622713644496346 203797
3760 113.8 6.445112124478245 21.262899922852817 3015.235107421875 0.5390625 2.6247079830090816 204853
3770 112.7 200.66127340457268 744.6674285214575 3062.5478515625 0.5390625 2.6458138561442763 205991
3780 105 3.3960444568452366 8.789785272591908 3062.5478515625 0.5390625 3.723283814868669 207118
3790 115.1 3.379311171331994 9.295442410146213 3062.5478515625 0.5390625 3.721633218591025 208168
3800 115.5 3.863819627637987 9.960221715746655 3062.5478515625 0.5390625 3.719750863542534 209319
3810 112.8 2.982064970841641 8.304999691026069 3062.5478515625 0.5390625 3.7205414572620916 210474
3820 108.5 4.884847755256334 12.00520920862588 3062.5478515625 0.5390625 3.7166048145239214 211602
3830 102.9 2.757672753811349 7.4023254695883125 3062.5478515625 0.5390625 3.722564481032428 212687
3840 100.1 102.14062378051642 536.4912429959804 3062.5478515625 0.5390625 3.71791871942679 213716
3850 112.2 3.0677133379985513 8.62074788536164 3062.5478515625 0.5390625 4.1767604868050165 214717
3860 115 2.8824441661005435 8.123981805939069 3062.5478515625 0.5390625 4.1709953058091775 215839
3870 108.5 3.6422037010368657 9.65315770123557 3062.5478515625 0.5390625 4.1641662323968625 216989
3880 104.9 4.373779762348075 11.054171775964562 3062.5478515625 0.5390625 4.161569272894466 218074
3890 108.8 4.132491167853856 10.617208741546904 3062.5478515625 0.5390625 4.16258518087052 219123
3900 101.9 2.974661844869358 8.165582586156667 3062.5478515625 0.5390625 4.162436494900418 220211
3910 110.5 3.26139904729921 8.917266377896897 3062.5478515625 0.5390625 4.156965526368205 221230
3920 105.5 3.027268540802725 8.349830388246366 3062.5478515625 0.5390625 4.152514580905856 222335
3930 108.3 3.6179713199013155 9.587736259589933 3062.5478515625 0.5390625 4.1472004013440635 223390
3940 113.3 181.72132759060594 708.5483591777323 3062.5478515625 0.5390625 4.144647064883988 224473
3950 110.1 3.2653318538544505 8.963035381998317 3062.5478515625 0.5390625 5.036442402931926 225606
3960 114 4.079082074081687 10.243623431915495 3062.5478515625 0.5390625 5.027841024436625 226707
3970 111.2 2.944922358012027 7.868194772310264 3062.5478515625 0.5390625 5.023094044211278 227847
3980 108.5 3.125475680443549 8.79006947033729 3062.5478515625 0.5390625 5.013000853224884 228959
3990 106.6 3.6287793701629916 9.684082197888925 3062.5478515625 0.5390625 5.004098361473447 230044
4000 110.6 4.690040077913085 13.161605161988902 3062.5478515625 0.5390625 4.99775467212752 231110
4010 102.3 3.742250981335535 10.52372713242257 3062.5478515625 0.5390625 4.996289086891356 232216
4020 100.3 3.6613221857863905 10.04031520044462 3062.5478515625 0.5390625 4.990788801853332 233239
4030 100.1 2.8837873552228968 8.256559088779634 3062.5478515625 0.5390625 4.985096163402862 234242
4040 108.4 2.6581384862920894 7.640514309155302 3062.5478515625 0.5390625 4.976154727878795 235243
4050 106.1 184.118293611201 715.1904304560726 3062.5478515625 0.5390625 4.96552230075079 236327
4060 107.5 4.49588708212209 10.653444400393159 3062.5478515625 0.5390625 5.76624133608698 237388
4070 110.8 3.436242719849955 8.86658414230575 3062.5478515625 0.5390625 5.760514532251533 238463
4080 106.9 3.8208466860822026 10.443169596892547 3062.5478515625 0.5390625 5.749764929135376 239571
4090 109.6 2.881025105497264 8.160047383744725 3062.5478515625 0.5390625 5.741196056122478 240640
4100 96.9 3.2058072715105794 8.839167679119035 3062.5478515625 0.5390625 5.7282284081019705 241736
4110 97.4 2.7597052164880647 7.9225241267238 3062.5478515625 0.5390625 5.718157638726156 242705
4120 111.9 5.975654663413205 16.161168081582392 3062.5478515625 0.5390625 5.706332521833605 243679
4130 107.6 3.7755224518616406 9.81202434113451 3062.5478515625 0.5390625 5.7075636245240995 244798
4140 100.8 2.808549426850818 7.6951133216452865 3062.5478515625 0.5390625 5.69910857721619 245874
4150 104.6 3.3099080481447176 8.691709039822726 3062.5478515625 0.5390625 5.687306649074129 246882
4160 118.7 148.89775012176216 644.0635404323979 3065.255859375 0.5390625 5.677276483314021 247928
4170 108.3 3.2234116657288765 8.546740572993556 3065.255859375 0.5390625 6.359703082309818 249115
4180 106.7 4.494098981519446 11.286329916479522 3065.255859375 0.5390625 6.346127419817883 250198
4190 120.1 3.4287828990164417 9.034340722989416 3065.255859375 0.5390625 6.338262757633876 251265
4200 124 3.603264199533769 10.23983634116975 3065.255859375 0.5390625 6.324422140243022 252466
4210 133.1 3.3520740764110646 8.64134495874349 3065.255859375 0.5390625 6.311122352904608 253706
4220 126.5 2.47398734714674 6.66098661085642 3065.255859375 0.5390625 6.295679522036879 255037
4230 113.5 183.80244484787997 713.2754840006387 3068.14501953125 0.5390625 6.276817240036599 256302
4240 127.2 6.173965166199883 15.183028322386411 3068.14501953125 0.5390625 7.059500332734626 257437
4250 135.2 3.8973888871232405 10.584594406574364 3068.14501953125 0.5390625 7.055146403293315 258709
4260 129.6 3.3196036256389854 8.649763722283051 3068.14501953125 0.5390625 7.038729915769765 260061
4270 129.6 3.4916820761598206 10.100318942159719 3068.14501953125 0.5390625 7.020287755536791 261357
4280 116.3 29.11833913840821 277.27446768561487 3068.14501953125 0.5390625 7.002876673384779 262653
4290 135.1 227.13972361329562 787.7516525858804 3068.14501953125 0.5390625 7.1003699370489315 263816
4300 128.3 4.144586243484498 10.17830605100436 3068.14501953125 0.5390625 8.221448980883984 265167
4310 140.7 3.8266237173507416 10.82569049472207 3068.14501953125 0.5390625 8.201818225049555 266450
4320 131 3.809158628041509 9.436711928594772 3068.14501953125 0.5390625 8.17883619108243 267857
4330 129.7 3.487152593725906 9.330972253217698 3068.14501953125 0.5390625 8.15756955138446 269167
4340 151 236.174639932999 800.5184804226757 3084.072998046875 0.5390625 8.135172741479693 270464
4350 143.4 3.7709303766779967 9.743721194498782 3084.072998046875 0.5390625 9.401248158465117 271974
4360 131.8 6.547876384080997 19.13771784458515 3084.072998046875 0.5390625 9.371717655703375 273408
4370 132.7 2.9197450708246984 8.125743882140679 3084.072998046875 0.5390625 9.358170256491075 274726
4380 129.4 3.3754799797140693 9.07174498756575 3084.072998046875 0.5390625 9.32722043808164 276053
4390 123.7 251.79467319497758 827.5580496836342 3084.072998046875 0.5390625 9.299451786705829 277347
4400 133.4 3.3163756866683833 8.593167356466399 3084.072998046875 0.5390625 10.376206334282257 278584
4410 121.5 4.044110685120881 10.191586286855657 3084.072998046875 0.5390625 10.342561430832259 279918
4420 120 5.601905314127606 17.02597294552056 3084.072998046875 0.5390625 10.315340799828288 281133
4430 123.4 4.185989058384827 10.407735084139949 3084.072998046875 0.5390625 10.295307284147015 282333
4440 123.6 2.7223301365923356 7.626580596373739 3084.072998046875 0.5390625 10.268721332006637 283567
4450 129.2 3.756031520595491 10.178532237871083 3084.072998046875 0.5390625 10.23597118710812 284803
4460 136.9 3.1468968638718944 8.613571746416246 3084.072998046875 0.5390625 10.206707893275183 286095
4470 139.8 280.6409751444588 869.7242610074705 3084.072998046875 0.5390625 10.173086704885495 287464
4480 142.2 4.398062876340529 10.47325233034297 3084.072998046875 0.5390625 11.482065068389604 288862
4490 131.1 4.028355695199271 10.172073034185098 3084.072998046875 0.5390625 11.447363014135515 290284
4500 129.7 3.7163878406298174 9.983729675793766 3084.072998046875 0.5390625 11.41400744015405 291595
4510 135.2 4.513264672996036 11.257457786890294 3084.072998046875 0.5390625 11.37992042985475 292892
4520 128.4 4.142378287151959 10.853507736697011 3084.072998046875 0.5390625 11.348369341019385 294244
4530 120.1 4.4233026433050435 10.862427752565806 3084.072998046875 0.5390625 11.317060996249463 295528
4540 130.7 248.94701532015074 820.7239255116486 3084.072998046875 0.5390625 11.289158756219381 296729
4550 141.1 4.317690280884566 10.798405198515093 3084.072998046875 0.5390625 12.331377879174521 298036
4560 130.9 5.111107671051377 12.82182837053911 3084.072998046875 0.5390625 12.293617229706712 299447
4570 136.7 3.209036525009148 8.376038682894372 3084.072998046875 0.5390625 12.262356323815292 300756
4580 131.2 4.140350900045263 11.156159235234197 3084.072998046875 0.5390625 12.221393245317568 302123
4590 129.4 4.1727715658809865 10.662000158583407 3084.072998046875 0.5390625 12.18645222810796 303435
4600 127.1 252.5167329489574 826.6377034101475 3084.072998046875 0.5390625 12.152422966774376 304729
4610 129.4 4.612136770068585 11.426489916716799 3084.072998046875 0.5390625 13.150798907909522 306000
4620 119.5 4.084388688219146 11.09759836807035 3084.072998046875 0.5390625 13.114843019391143 307294
4630 129.3 2.5124513606921886 6.94213758805695 3084.072998046875 0.5390625 13.079861568105196 308489
4640 125.1 3.5984640022357115 9.662805017690257 3084.072998046875 0.5390625 13.03575422359136 309782
4650 122.6 3.882169888420168 10.111464839712863 3084.072998046875 0.5390625 12.997796675463297 311033
4660 123.3 5.002971466633713 11.706560349345008 3084.072998046875 0.5390625 12.962006647182559 312259
4670 117.2 4.240165840643666 12.212929673599206 3084.072998046875 0.5390625 12.930702848751924 313492
4680 115.8 4.472827654428439 11.52880035312108 3084.072998046875 0.5390625 12.898334006515434 314664
4690 125.9 3.680842659414713 9.176449334743417 3084.072998046875 0.5390625 12.86744085671676 315822
4700 115.9 3.8883150378828684 9.983438238694395 3084.072998046875 0.5390625 12.830964602603762 317081
4710 142 238.9938933896348 807.0192699514987 3084.072998046875 0.5390625 12.798396318147027 318240
4720 139.2 5.285495977292113 12.42826798513606 3084.072998046875 0.5390625 13.803206447163836 319660
4730 137.2 5.055708726710551 15.176165821903245 3084.072998046875 0.5390625 13.766275816069616 321052
4740 136.1 3.5850108060479475 9.482932910153657 3084.072998046875 0.5390625 13.729210032980886 322424
4750 127.6 3.452574152931524 9.312299056894945 3084.072998046875 0.5390625 13.686569839186065 323785
4760 131 3.1516368603888343 8.39086254077777 3084.072998046875 0.5390625 13.646397137767991 325061
4770 114.3 3.41085599163386 9.283082063926514 3084.072998046875 0.5390625 13.604272880516683 326371
4780 59.6 1.9908082693215212 6.025599869266805 3084.072998046875 0.5390625 13.568698598183735 327514
4790 13.8 0.8815546450407609 0.28524844959169127 3084.072998046875 0.5390625 13.54766777731268 328110
4800 1.2 0.9350992838541666 0.09878748651684333 3084.072998046875 0.5390625 13.542342768135919 328248
4810 0 0 0 3084.072998046875 0.5390625 13.541881892848611 328260
4820 0.1 1.032958984375 0.0 3084.072998046875 0.5390625 13.541881892848611 328260
4824 0 0 0 3084.072998046875 0.5390625 13.541843786211185 328261
