20 0.1 336 0 336 336 0 0
30 0.1 490.0 0.0 490 336 336.0 1
40 0.1 331.0 0.0 490 331 413.0 2
50 0.1 508.0 0.0 508 331 385.6666666666667 3
60 0.1 475.0 0.0 508 331 416.25 4
70 0.1 591.0 0.0 591 331 428.0 5
80 0.1 423.0 0.0 591 331 455.1666666666667 6
90 0.1 331.0 0.0 591 331 450.57142857142856 7
100 0.1 533.0 0.0 591 331 435.625 8
110 0.1 507.0 0.0 591 331 446.44444444444446 9
120 0.1 556.0 0.0 591 331 452.5 10
130 0.1 648.0 0.0 648 331 461.90909090909093 11
140 0.1 762.0 0.0 762 331 477.4166666666667 12
150 0.1 813.0 0.0 813 331 499.3076923076923 13
160 0.1 924.0 0.0 924 331 521.7142857142857 14
170 0.1 949.0 0.0 949 331 548.5333333333333 15
180 0.1 1154.0 0.0 1154 331 573.5625 16
190 0.1 977.0 0.0 1154 331 607.7058823529412 17
200 0.1 1019.0 0.0 1154 331 628.2222222222222 18
210 0.1 1081.0 0.0 1154 331 648.7894736842105 19
220 0.1 742.0 0.0 1154 331 670.4 20
230 0.1 1012.0 0.0 1154 331 673.8095238095239 21
240 0.1 1032.0 0.0 1154 331 689.1818181818181 22
250 0.1 1245.0 0.0 1245 331 704.086956521739 23
260 0.1 1431.0 0.0 1431 331 726.6249999999999 24
270 0.1 1233.0 0.0 1431 331 754.7999999999998 25
280 0.1 1568.0 0.0 1568 331 773.1923076923075 26
290 0.1 1.4e3 0.0 1568 331 802.6296296296294 27
300 0.1 1418.0 0.0 1568 331 823.9642857142856 28
310 0.1 1535.0 0.0 1568 331 844.4482758620688 29
320 0.1 1399.0 0.0 1568 331 867.4666666666666 30
330 0.1 1412.0 0.0 1568 331 884.6129032258063 31
340 0.1 1204.0 0.0 1568 331 901.0937499999999 32
350 0.1 1628.0 0.0 1628 331 910.2727272727271 33
360 0.1 1376.0 0.0 1628 331 931.3823529411764 34
370 0.1 1734.0 0.0 1734 331 944.0857142857143 35
380 0.1 1879.0 0.0 1879 331 966.0277777777778 36
390 0.1 1844.0 0.0 1879 331 990.7027027027027 37
400 0.1 1807.0 0.0 1879 331 1013.1578947368421 38
410 0.1 2135.0 0.0 2135 331 1033.5128205128206 39
420 0.1 2191.0 0.0 2191 331 1061.05 40
430 0.1 1859.0 0.0 2191 331 1088.6097560975609 41
440 0.1 1913.0 0.0 2191 331 1106.9523809523807 42
450 0.1 1919.0 0.0 2191 331 1125.6976744186045 43
460 0.1 1622.0 0.0 2191 331 1143.7272727272725 44
470 0.1 1983.0 0.0 2191 331 1154.3555555555554 45
480 0.1 2133.0 0.0 2191 331 1172.3695652173913 46
490 0.1 2440.0 0.0 2440 331 1192.8085106382978 47
500 0.1 2465.0 0.0 2465 331 1218.7916666666665 48
510 0.1 2303.0 0.0 2465 331 1244.2244897959183 49
520 0.1 2506.0 0.0 2506 331 1265.4 50
530 0.1 2244.0 0.0 2506 331 1289.7254901960785 51
540 0.1 2348.0 0.0 2506 331 1308.076923076923 52
550 0.1 2336.0 0.0 2506 331 1327.698113207547 53
560 0.1 2515.0 0.0 2515 331 1346.3703703703704 54
570 0.1 2216.0 0.0 2515 331 1367.6181818181817 55
580 0.1 2312.0 0.0 2515 331 1382.767857142857 56
590 0.1 2172.0 0.0 2515 331 1399.0701754385964 57
600 0.1 2302.0 0.0 2515 331 1412.396551724138 58
610 0.1 2896.0 0.0 2896 331 1427.4745762711864 59
620 0.1 3310.0 0.0 3310 331 1451.95 60
630 0.1 4177.0 0.0 4177 331 1482.4098360655737 61
640 0.1 4166.0 0.0 4177 331 1525.8709677419354 62
650 0.1 4106.0 0.0 4177 331 1567.7777777777778 63
660 0.1 4206.0 0.0 4206 331 1607.4375 64
670 0.1 4092.0 0.0 4206 331 1647.4153846153847 65
680 0.1 4412.0 0.0 4412 331 1684.4545454545455 66
690 0.1 3845.0 0.0 4412 331 1725.1641791044776 67
700 0.1 3645.0 0.0 4412 331 1756.3382352941176 68
710 0.1 4029.0 0.0 4412 331 1783.7101449275362 69
720 0.1 3645.0 0.0 4412 331 1815.7857142857142 70
730 0.1 3763.0 0.0 4412 331 1841.5492957746478 71
740 0.1 3750.0 0.0 4412 331 1868.236111111111 72
750 0.1 3602.0 0.0 4412 331 1894.013698630137 73
760 0.1 4062.0 0.0 4412 331 1917.0945945945946 74
770 0.1 3812.0 0.0 4412 331 1945.6933333333334 75
780 0.1 3640.0 0.0 4412 331 1970.25 76
790 0.1 3576.0 0.0 4412 331 1991.935064935065 77
800 0.1 3814.0 0.0 4412 331 2012.2435897435898 78
810 0.1 3569.0 0.0 4412 331 2035.0506329113923 79
820 0.1 3667.0 0.0 4412 331 2054.225 80
830 0.1 3817.0 0.0 4412 331 2074.135802469136 81
840 0.1 3418.0 0.0 4412 331 2095.390243902439 82
850 0.1 3653.0 0.0 4412 331 2111.3253012048194 83
860 0.1 3653.0 0.0 4412 331 2129.6785714285716 84
870 0.1 3707.0 0.0 4412 331 2147.6 85
880 0.1 3844.0 0.0 4412 331 2165.732558139535 86
890 0.1 4075.0 0.0 4412 331 2185.022988505747 87
900 0.1 3826.0 0.0 4412 331 2206.5 88
910 0.1 3552.0 0.0 4412 331 2224.696629213483 89
920 0.1 4040.0 0.0 4412 331 2239.4444444444443 90
930 0.1 3465.0 0.0 4412 331 2259.230769230769 91
940 0.1 3667.0 0.0 4412 331 2272.336956521739 92
950 0.1 4134.0 0.0 4412 331 2287.3333333333335 93
960 0.1 3435.0 0.0 4412 331 2306.978723404255 94
970 0.1 3991.0 0.0 4412 331 2318.8526315789472 95
980 0.1 4391.0 0.0 4412 331 2336.2708333333335 96
990 0.1 3751.0 0.0 4412 331 2357.453608247423 97
1000 0.1 3867.0 0.0 4412 331 2371.673469387755 98
1010 0.1 4110.0 0.0 4412 331 2386.777777777778 99
1020 0.1 3915.0 0.0 4412 331 2404.01 100
1030 0.1 3484.0 0.0 4412 331 2418.970297029703 101
1040 0.1 3706.0 0.0 4412 331 2429.4117647058824 102
1050 0.1 3873.0 0.0 4412 331 2441.8058252427186 103
1060 0.1 4085.0 0.0 4412 331 2455.5673076923076 104
1070 0.1 3894.0 0.0 4412 331 2471.0857142857144 105
1080 0.1 3444.0 0.0 4412 331 2484.509433962264 106
1090 0.1 3306.0 0.0 4412 331 2493.4766355140187 107
1100 0.1 4111.0 0.0 4412 331 2501.0 108
1110 0.1 4204.0 0.0 4412 331 2515.770642201835 109
1120 0.1 3926.0 0.0 4412 331 2531.1181818181817 110
1130 0.1 4175.0 0.0 4412 331 2543.6846846846847 111
1140 0.1 3841.0 0.0 4412 331 2558.25 112
1150 0.1 3770.0 0.0 4412 331 2569.6017699115046 113
1160 0.1 3942.0 0.0 4412 331 2580.1315789473683 114
1170 0.1 4052.0 0.0 4412 331 2591.973913043478 115
1180 0.1 4203.0 0.0 4412 331 2604.560344827586 116
1190 0.1 4570.0 0.0 4570 331 2618.222222222222 117
1200 0.1 4658.0 0.0 4658 331 2634.762711864407 118
1210 0.1 4983.0 0.0 4983 331 2651.764705882353 119
1220 0.1 4740.0 0.0 4983 331 2671.1916666666666 120
1230 0.1 4999.0 0.0 4999 331 2688.289256198347 121
1240 0.1 4809.0 0.0 4999 331 2707.2295081967213 122
1250 0.1 5298.0 0.0 5298 331 2724.317073170732 123
1260 0.1 4920.0 0.0 5298 331 2745.0725806451615 124
1270 0.1 4842.0 0.0 5298 331 2762.472 125
1280 0.1 4776.0 0.0 5298 331 2778.9761904761904 126
1290 0.1 5106.0 0.0 5298 331 2794.700787401575 127
1300 0.1 5206.0 0.0 5298 331 2812.7578125 128
1310 0.1 5118.0 0.0 5298 331 2831.31007751938 129
1320 0.1 5091.0 0.0 5298 331 2848.9 130
1330 0.1 4761.0 0.0 5298 331 2866.0152671755727 131
1340 0.1 5465.0 0.0 5465 331 2880.371212121212 132
1350 0.1 5302.0 0.0 5465 331 2899.8045112781956 133
1360 0.1 5216.0 0.0 5465 331 2917.731343283582 134
1370 0.1 4979.0 0.0 5465 331 2934.7555555555555 135
1380 0.1 5104.0 0.0 5465 331 2949.7867647058824 136
1390 0.1 5039.0 0.0 5465 331 2965.5109489051097 137
1400 0.1 4999.0 0.0 5465 331 2980.536231884058 138
1410 0.1 4433.0 0.0 5465 331 2995.0575539568345 139
1420 0.1 5071.0 0.0 5465 331 3005.3285714285716 140
1430 0.1 4693.0 0.0 5465 331 3019.9787234042556 141
1440 0.1 5128.0 0.0 5465 331 3031.7605633802823 142
1450 0.1 5018.0 0.0 5465 331 3046.419580419581 143
1460 0.1 5025.0 0.0 5465 331 3060.1111111111118 144
1470 0.1 4855.0 0.0 5465 331 3073.662068965518 145
1480 0.1 4741.0 0.0 5465 331 3085.8630136986308 146
1490 0.1 4961.0 0.0 5465 331 3097.1224489795927 147
1500 0.1 4612.0 0.0 5465 331 3109.716216216217 148
1510 0.1 4803.0 0.0 5465 331 3119.7986577181214 149
1520 0.1 4830.0 0.0 5465 331 3131.0200000000004 150
1530 0.1 4903.0 0.0 5465 331 3142.2715231788084 151
1540 0.1 4650.0 0.0 5465 331 3153.855263157895 152
1550 0.1 4840.0 0.0 5465 331 3163.633986928105 153
1560 0.1 4949.0 0.0 5465 331 3174.519480519481 154
1570 0.1 4778.0 0.0 5465 331 3185.9677419354844 155
1580 0.1 5336.0 0.0 5465 331 3196.173076923077 156
1590 0.1 5294.0 0.0 5465 331 3209.802547770701 157
1600 0.1 5086.0 0.0 5465 331 3222.9936708860764 158
1610 0.1 4970.0 0.0 5465 331 3234.7106918238997 159
1620 0.1 5142.0 0.0 5465 331 3245.5562500000005 160
1630 0.1 5130.0 0.0 5465 331 3257.3354037267086 161
1640 0.1 4398.0 0.0 5465 331 3268.895061728396 162
1650 0.1 4913.0 0.0 5465 331 3275.822085889571 163
1660 0.1 5007.0 0.0 5465 331 3285.804878048781 164
1670 0.1 5087.0 0.0 5465 331 3296.2363636363643 165
1680 0.1 4557.0 0.0 5465 331 3307.024096385543 166
1690 0.1 4761.0 0.0 5465 331 3314.508982035929 167
1700 0.1 4606.0 0.0 5465 331 3323.119047619048 168
1710 0.1 4865.0 0.0 5465 331 3330.7100591715985 169
1720 0.1 4732.0 0.0 5465 331 3339.7352941176478 170
1730 0.1 4742.0 0.0 5465 331 3347.877192982457 171
1740 0.1 5009.0 0.0 5465 331 3355.9825581395357 172
1750 0.1 5014.0 0.0 5465 331 3365.537572254336 173
1760 0.1 5387.0 0.0 5465 331 3375.0114942528744 174
1770 0.1 5202.0 0.0 5465 331 3386.508571428572 175
1780 0.1 5654.0 0.0 5654 331 3396.8238636363644 176
1790 0.1 5914.0 0.0 5914 331 3409.5762711864413 177
1800 0.1 5499.0 0.0 5914 331 3423.646067415731 178
1810 0.1 6233.0 0.0 6233 331 3435.240223463688 179
1820 0.1 6609.0 0.0 6609 331 3450.7833333333338 180
1830 0.1 5872.0 0.0 6609 331 3468.232044198896 181
1840 0.1 5969.0 0.0 6609 331 3481.439560439561 182
1850 0.1 6244.0 0.0 6609 331 3495.0327868852464 183
1860 0.1 5860.0 0.0 6609 331 3509.972826086957 184
1870 0.1 5984.0 0.0 6609 331 3522.6756756756763 185
1880 0.1 6265.0 0.0 6609 331 3535.908602150538 186
1890 0.1 5822.0 0.0 6609 331 3550.502673796792 187
1900 0.1 6102.0 0.0 6609 331 3562.585106382979 188
1910 0.1 6292.0 0.0 6609 331 3576.0211640211646 189
1920 0.1 5931.0 0.0 6609 331 3590.3157894736846 190
1930 0.1 4918.0 0.0 6609 331 3602.570680628273 191
1940 0.1 6455.0 0.0 6609 331 3609.4218750000005 192
1950 0.1 6.0e3 0.0 6609 331 3624.165803108809 193
1960 0.1 6242.0 0.0 6609 331 3636.412371134021 194
1970 0.1 6381.0 0.0 6609 331 3649.7743589743595 195
1980 0.1 6686.0 0.0 6686 331 3663.70918367347 196
1990 0.1 6431.0 0.0 6686 331 3679.05076142132 197
2000 0.1 5755.0 0.0 6686 331 3692.9494949494956 198
2010 0.1 6045.0 0.0 6686 331 3703.3115577889453 199
2020 0.1 6268.0 0.0 6686 331 3715.0200000000004 200
2030 0.1 5789.0 0.0 6686 331 3727.7213930348266 201
2040 0.1 6111.0 0.0 6686 331 3737.925742574258 202
2050 0.1 6301.0 0.0 6686 331 3749.6157635467985 203
2060 0.1 5979.0 0.0 6686 331 3762.1225490196084 204
2070 0.1 5808.0 0.0 6686 331 3772.936585365854 205
2080 0.1 5754.0 0.0 6686 331 3782.815533980583 206
2090 0.1 6546.0 0.0 6686 331 3792.338164251208 207
2100 0.1 6208.0 0.0 6686 331 3805.576923076924 208
2110 0.1 6167.0 0.0 6686 331 3817.0717703349287 209
2120 0.1 6734.0 0.0 6734 331 3828.2619047619055 210
2130 0.1 6185.0 0.0 6734 331 3842.0331753554506 211
2140 0.1 6764.0 0.0 6764 331 3853.084905660378 212
2150 0.1 6030.0 0.0 6764 331 3866.7511737089208 213
2160 0.1 6543.0 0.0 6764 331 3876.859813084113 214
2170 0.1 6632.0 0.0 6764 331 3889.2604651162796 215
2180 0.1 6087.0 0.0 6764 331 3901.958333333334 216
2190 0.1 6142.0 0.0 6764 331 3912.027649769586 217
2200 0.1 6189.0 0.0 6764 331 3922.2568807339453 218
2210 0.1 6342.0 0.0 6764 331 3932.6073059360738 219
2220 0.1 6489.0 0.0 6764 331 3943.5590909090915 220
2230 0.1 6752.0 0.0 6764 331 3955.076923076924 221
2240 0.1 6619.0 0.0 6764 331 3967.6756756756763 222
2250 0.1 6534.0 0.0 6764 331 3979.565022421525 223
2260 0.1 6346.0 0.0 6764 331 3990.9687500000005 224
2270 0.1 6015.0 0.0 6764 331 4001.435555555556 225
2280 0.1 6443.0 0.0 6764 331 4010.345132743363 226
2290 0.1 6036.0 0.0 6764 331 4021.061674008811 227
2300 0.1 6330.0 0.0 6764 331 4029.899122807018 228
2310 0.1 6845.0 0.0 6845 331 4039.9432314410487 229
2320 0.1 6169.0 0.0 6845 331 4052.139130434783 230
2330 0.1 6462.0 0.0 6845 331 4061.303030303031 231
2340 0.1 6104.0 0.0 6845 331 4071.650862068966 232
2350 0.1 6183.0 0.0 6845 331 4080.3733905579406 233
2360 0.1 7005.0 0.0 7005 331 4089.358974358975 234
2370 0.1 6033.0 0.0 7005 331 4101.765957446809 235
2380 0.1 6575.0 0.0 7005 331 4109.949152542374 236
2390 0.1 7396.0 0.0 7396 331 4120.350210970465 237
2400 0.1 7731.0 0.0 7731 331 4134.113445378152 238
2410 0.1 7568.0 0.0 7731 331 4149.163179916319 239
2420 0.1 7611.0 0.0 7731 331 4163.408333333335 240
2430 0.1 7810.0 0.0 7810 331 4177.713692946059 241
2440 0.1 7458.0 0.0 7810 331 4192.723140495869 242
2450 0.1 6994.0 0.0 7810 331 4206.160493827162 243
2460 0.1 7119.0 0.0 7810 331 4217.5860655737715 244
2470 0.1 7359.0 0.0 7810 331 4229.4285714285725 245
2480 0.1 7229.0 0.0 7810 331 4242.150406504066 246
2490 0.1 7368.0 0.0 7810 331 4254.242914979759 247
2500 0.1 7406.0 0.0 7810 331 4266.798387096776 248
2510 0.1 7451.0 0.0 7810 331 4279.405622489961 249
2520 0.1 7992.0 0.0 7992 331 4292.0920000000015 250
2530 0.1 7969.0 0.0 7992 331 4306.832669322711 251
2540 0.1 7497.0 0.0 7992 331 4321.365079365081 252
2550 0.1 7909.0 0.0 7992 331 4333.916996047433 253
2560 0.1 7930.0 0.0 7992 331 4347.992125984254 254
2570 0.1 7355.0 0.0 7992 331 4362.039215686276 255
2580 0.1 8372.0 0.0 8372 331 4373.730468750002 256
2590 0.1 7498.0 0.0 8372 331 4389.287937743193 257
2600 0.1 7586.0 0.0 8372 331 4401.337209302327 258
2620 0.1 7399.0 0.0 8372 331 4413.633204633206 259
2630 0.1 7761.0 0.0 8372 331 4425.115384615387 260
2640 0.1 7297.0 0.0 8372 331 4437.8965517241395 261
2650 0.1 7440.0 0.0 8372 331 4448.809160305345 262
2660 0.1 7565.0 0.0 8372 331 4460.182509505706 263
2670 0.1 7434.0 0.0 8372 331 4471.943181818185 264
2680 0.1 7579.0 0.0 8372 331 4483.120754716983 265
2690 0.1 7273.0 0.0 8372 331 4494.759398496243 266
2700 0.1 6936.0 0.0 8372 331 4505.164794007494 267
2710 0.1 7669.0 0.0 8372 331 4514.2350746268685 268
2720 0.1 6974.0 0.0 8372 331 4525.962825278813 269
2730 0.1 7358.0 0.0 8372 331 4535.029629629632 270
2740 0.1 6712.0 0.0 8372 331 4545.446494464947 271
2750 0.1 7542.0 0.0 8372 331 4553.411764705885 272
2760 0.1 7339.0 0.0 8372 331 4564.358974358977 273
2770 0.1 7532.0 0.0 8372 331 4574.485401459857 274
2780 0.1 7366.0 0.0 8372 331 4585.2400000000025 275
2790 0.1 7444.0 0.0 8372 331 4595.315217391307 276
2800 0.1 7609.0 0.0 8372 331 4605.599277978342 277
2810 0.1 7363.0 0.0 8372 331 4616.402877697844 278
2820 0.1 6679.0 0.0 8372 331 4626.2473118279595 279
2830 0.1 7059.0 0.0 8372 331 4633.578571428574 280
2840 0.1 7531.0 0.0 8372 331 4642.209964412814 281
2850 0.1 7094.0 0.0 8372 331 4652.453900709223 282
2860 0.1 7.4e3 0.0 8372 331 4661.081272084808 283
2870 0.1 7402.0 0.0 8372 331 4670.725352112679 284
2880 0.1 7522.0 0.0 8372 331 4680.308771929827 285
2890 0.1 7205.0 0.0 8372 331 4690.2447552447575 286
2900 0.1 7346.0 0.0 8372 331 4699.006968641117 287
2910 0.1 7512.0 0.0 8372 331 4708.197916666669 288
2920 0.1 8030.0 0.0 8372 331 4717.8996539792415 289
2930 0.1 7027.0 0.0 8372 331 4729.320689655175 290
2940 0.1 7570.0 0.0 8372 331 4737.216494845363 291
2950 0.1 7841.0 0.0 8372 331 4746.91780821918 292
2960 0.1 7953.0 0.0 8372 331 4757.477815699661 293
2970 0.1 7745.0 0.0 8372 331 4768.346938775512 294
2980 0.1 8291.0 0.0 8372 331 4778.437288135595 295
2990 0.1 8030.0 0.0 8372 331 4790.304054054056 296
3000 0.1 8482.0 0.0 8482 331 4801.212121212123 297
3010 0.1 8335.0 0.0 8482 331 4813.563758389263 298
3020 0.1 8854.0 0.0 8854 331 4825.341137123747 299
3030 0.1 9098.0 0.0 9098 331 4838.770000000001 300
3040 0.1 9377.0 0.0 9377 331 4852.920265780733 301
3050 0.1 8640.0 0.0 9377 331 4867.900662251657 302
3060 0.1 8417.0 0.0 9377 331 4880.3498349835 303
3070 0.1 9029.0 0.0 9377 331 4891.98355263158 304
3080 0.1 8930.0 0.0 9377 331 4905.547540983608 305
3090 0.1 8558.0 0.0 9377 331 4918.69934640523 306
3100 0.1 8378.0 0.0 9377 331 4930.5537459283405 307
3110 0.1 8384.0 0.0 9377 331 4941.746753246754 308
3120 0.1 8526.0 0.0 9377 331 4952.886731391587 309
3130 0.1 8682.0 0.0 9377 331 4964.412903225808 310
3140 0.1 8802.0 0.0 9377 331 4976.366559485532 311
3150 0.1 8777.0 0.0 9377 331 4988.628205128207 312
3160 0.1 8989.0 0.0 9377 331 5000.7316293929725 313
3170 0.1 8847.0 0.0 9377 331 5013.433121019109 314
3180 0.1 8605.0 0.0 9377 331 5025.603174603176 315
3190 0.1 8259.0 0.0 9377 331 5036.9303797468365 316
3200 0.1 8683.0 0.0 9377 331 5047.094637223976 317
3210 0.1 8929.0 0.0 9377 331 5058.528301886794 318
3220 0.1 8608.0 0.0 9377 331 5070.6614420062715 319
3230 0.1 8490.0 0.0 9377 331 5081.715625000003 320
3240 0.1 8544.0 0.0 9377 331 5092.333333333337 321
3250 0.1 8277.0 0.0 9377 331 5103.05279503106 322
3260 0.1 7419.0 0.0 9377 331 5112.879256965948 323
3270 0.1 8342.0 0.0 9377 331 5119.99691358025 324
3280 0.1 8561.0 0.0 9377 331 5129.9107692307725 325
3290 0.1 8501.0 0.0 9377 331 5140.43558282209 326
3300 0.1 8301.0 0.0 9377 331 5150.712538226303 327
3310 0.1 8523.0 0.0 9377 331 5160.317073170735 328
3320 0.1 8989.0 0.0 9377 331 5170.537993920976 329
3330 0.1 8203.0 0.0 9377 331 5182.109090909094 330
3340 0.1 8821.0 0.0 9377 331 5191.235649546831 331
3350 0.1 8198.0 0.0 9377 331 5202.168674698799 332
3360 0.1 8661.0 0.0 9377 331 5211.165165165168 333
3370 0.1 8611.0 0.0 9377 331 5221.49401197605 334
3380 0.1 9020.0 0.0 9377 331 5231.6119402985105 335
3390 0.1 8886.0 0.0 9377 331 5242.886904761907 336
3400 0.1 8672.0 0.0 9377 331 5253.697329376857 337
3410 0.1 8899.0 0.0 9377 331 5263.810650887576 338
3420 0.1 8553.0 0.0 9377 331 5274.533923303837 339
3430 0.1 9197.0 0.0 9377 331 5284.176470588237 340
3440 0.1 9027.0 0.0 9377 331 5295.651026392963 341
3450 0.1 8630.0 0.0 9377 331 5306.561403508773 342
3460 0.1 9002.0 0.0 9377 331 5316.250728862974 343
3470 0.1 8398.0 0.0 9377 331 5326.96511627907 344
3480 0.1 8335.0 0.0 9377 331 5335.866666666667 345
3490 0.1 8344.0 0.0 9377 331 5344.5346820809245 346
3500 0.1 8682.0 0.0 9377 331 5353.178674351585 347
3510 0.1 8233.0 0.0 9377 331 5362.744252873563 348
3520 0.1 8344.0 0.0 9377 331 5370.968481375357 349
3530 0.1 8453.0 0.0 9377 331 5379.462857142857 350
3540 0.1 9239.0 0.0 9377 331 5388.219373219373 351
3550 0.1 8668.0 0.0 9377 331 5399.15909090909 352
3560 0.1 7880.0 0.0 9377 331 5408.4192634560895 353
3570 0.1 8233.0 0.0 9377 331 5415.4011299435015 354
3580 0.1 8.5e3 0.0 9377 331 5423.338028169012 355
3590 0.1 9207.0 0.0 9377 331 5431.980337078649 356
3600 0.1 9321.0 0.0 9377 331 5442.554621848738 357
3610 0.1 9660.0 0.0 9660 331 5453.388268156424 358
3620 0.1 9590.0 0.0 9660 331 5465.105849582172 359
3630 0.1 8780.0 0.0 9660 331 5476.563888888888 360
3640 0.1 9498.0 0.0 9660 331 5485.714681440442 361
3650 0.1 9724.0 0.0 9724 331 5496.798342541436 362
3660 0.1 9846.0 0.0 9846 331 5508.443526170799 363
3670 0.1 9699.0 0.0 9846 331 5520.35989010989 364
3680 0.1 9860.0 0.0 9860 331 5531.808219178082 365
3690 0.1 9508.0 0.0 9860 331 5543.633879781421 366
3700 0.1 8423.0 0.0 9860 331 5554.435967302452 367
3710 0.1 10176.0 0.0 10176 331 5562.230978260869 368
3720 0.1 9763.0 0.0 10176 331 5574.7344173441725 369
3730 0.1 10086.0 0.0 10176 331 5586.054054054052 370
3740 0.1 10002.0 0.0 10176 331 5598.183288409702 371
3750 0.1 9370.0 0.0 10176 331 5610.021505376343 372
3760 0.1 9488.0 0.0 10176 331 5620.101876675602 373
3770 0.1 9063.0 0.0 10176 331 5630.443850267379 374
3780 0.1 9965.0 0.0 10176 331 5639.597333333333 375
3790 0.1 9815.0 0.0 10176 331 5651.101063829788 376
3800 0.1 9894.0 0.0 10176 331 5662.145888594165 377
3810 0.1 9619.0 0.0 10176 331 5673.341269841269 378
3820 0.1 9914.0 0.0 10176 331 5683.751978891821 379
3830 0.1 9656.0 0.0 10176 331 5694.884210526316 380
3840 0.1 8509.0 0.0 10176 331 5705.280839895013 381
3850 0.1 9650.0 0.0 10176 331 5712.620418848168 382
3860 0.1 10080.0 0.0 10176 331 5722.900783289817 383
3870 0.1 9971.0 0.0 10176 331 5734.247395833333 384
3880 0.1 9686.0 0.0 10176 331 5745.251948051948 385
3890 0.1 9611.0 0.0 10176 331 5755.461139896373 386
3900 0.1 9511.0 0.0 10176 331 5765.423772609819 387
3910 0.1 9924.0 0.0 10176 331 5775.077319587629 388
3920 0.1 9717.0 0.0 10176 331 5785.742930591259 389
3930 0.1 9934.0 0.0 10176 331 5795.823076923077 390
3940 0.1 8597.0 0.0 10176 331 5806.406649616369 391
3950 0.1 10007.0 0.0 10176 331 5813.525510204082 392
3960 0.1 9769.0 0.0 10176 331 5824.195928753181 393
3970 0.1 10035.0 0.0 10176 331 5834.208121827412 394
3980 0.1 9979.0 0.0 10176 331 5844.843037974683 395
3990 0.1 9715.0 0.0 10176 331 5855.282828282829 396
4000 0.1 9.6e3 0.0 10176 331 5865.005037783375 397
4010 0.1 9667.0 0.0 10176 331 5874.389447236181 398
4020 0.1 9605.0 0.0 10176 331 5883.894736842105 399
4030 0.1 9259.0 0.0 10176 331 5893.1975 400
4040 0.1 9522.0 0.0 10176 331 5901.59102244389 401
4050 0.1 8773.0 0.0 10176 331 5910.5970149253735 402
4060 0.1 9469.0 0.0 10176 331 5917.699751861042 403
4070 0.1 9628.0 0.0 10176 331 5926.490099009901 404
4080 0.1 9921.0 0.0 10176 331 5935.62962962963 405
4090 0.1 9793.0 0.0 10176 331 5945.445812807881 406
4100 0.1 9299.0 0.0 10176 331 5954.899262899263 407
4110 0.1 9210.0 0.0 10176 331 5963.095588235294 408
4120 0.1 9527.0 0.0 10176 331 5971.034229828851 409
4130 0.1 9640.0 0.0 10176 331 5979.707317073171 410
4140 0.1 9642.0 0.0 10176 331 5988.613138686132 411
4150 0.1 9767.0 0.0 10176 331 5997.480582524272 412
4160 0.1 8768.0 0.0 10176 331 6006.607748184019 413
4170 0.1 9999.0 0.0 10176 331 6013.277777777777 414
4180 0.1 9385.0 0.0 10176 331 6022.881927710843 415
4190 0.1 10301.0 0.0 10301 331 6030.963942307692 416
4200 0.1 10174.0 0.0 10301 331 6041.2038369304555 417
4210 0.1 10272.0 0.0 10301 331 6051.090909090909 418
4220 0.1 10157.0 0.0 10301 331 6061.164677804296 419
4230 0.1 8511.0 0.0 10301 331 6070.916666666667 420
4240 0.1 10002.0 0.0 10301 331 6076.712589073634 421
4250 0.1 10435.0 0.0 10435 331 6086.014218009479 422
4260 0.1 10302.0 0.0 10435 331 6096.295508274232 423
4270 0.1 10286.0 0.0 10435 331 6106.21462264151 424
4280 0.1 8867.0 0.0 10435 331 6116.049411764706 425
4290 0.1 10248.0 0.0 10435 331 6122.507042253521 426
4300 0.1 10015.0 0.0 10435 331 6132.168618266979 427
4310 0.1 10354.0 0.0 10435 331 6141.240654205608 428
4320 0.1 10429.0 0.0 10435 331 6151.060606060606 429
4330 0.1 10320.0 0.0 10435 331 6161.009302325581 430
4340 0.1 9564.0 0.0 10435 331 6170.658932714618 431
4350 0.1 10477.0 0.0 10477 331 6178.513888888889 432
4360 0.1 10126.0 0.0 10477 331 6188.441108545035 433
4370 0.1 10428.0 0.0 10477 331 6197.5138248847925 434
4380 0.1 10274.0 0.0 10477 331 6207.23908045977 435
4390 0.1 9006.0 0.0 10477 331 6216.566513761468 436
4400 0.1 10546.0 0.0 10546 331 6222.949656750572 437
4410 0.1 10393.0 0.0 10546 331 6232.819634703196 438
4420 0.1 9809.0 0.0 10546 331 6242.296127562642 439
4430 0.1 10161.0 0.0 10546 331 6250.402272727273 440
4440 0.1 10409.0 0.0 10546 331 6259.269841269841 441
4450 0.1 10088.0 0.0 10546 331 6268.658371040724 442
4470 0.1 10437.0 0.0 10546 331 6277.279909706546 443
4480 0.1 9567.0 0.0 10546 331 6286.648648648648 444
4490 0.1 10297.0 0.0 10546 331 6294.020224719101 445
4500 0.1 10447.0 0.0 10546 331 6302.995515695067 446
4510 0.1 10057.0 0.0 10546 331 6312.266219239374 447
4520 0.1 1.02e4 0.0 10546 331 6320.625 448
4530 0.1 10396.0 0.0 10546 331 6329.265033407572 449
4540 0.1 9068.0 0.0 10546 331 6338.302222222223 450
4550 0.1 9786.0 0.0 10546 331 6344.354767184035 451
4560 0.1 10316.0 0.0 10546 331 6351.969026548672 452
4570 0.1 10096.0 0.0 10546 331 6360.719646799117 453
4580 0.1 10269.0 0.0 10546 331 6368.9471365638765 454
4590 0.1 10202.0 0.0 10546 331 6377.518681318681 455
4600 0.1 9946.0 0.0 10546 331 6385.9057017543855 456
4610 0.1 9076.0 0.0 10546 331 6393.695842450766 457
4620 0.1 10119.0 0.0 10546 331 6399.552401746725 458
4630 0.1 10109.0 0.0 10546 331 6407.655773420479 459
4640 0.1 10284.0 0.0 10546 331 6415.702173913043 460
4650 0.1 10228.0 0.0 10546 331 6424.09327548807 461
4660 0.1 10115.0 0.0 10546 331 6432.32683982684 462
4670 0.1 9880.0 0.0 10546 331 6440.280777537797 463
4680 0.1 9770.0 0.0 10546 331 6447.693965517241 464
4690 0.1 9940.0 0.0 10546 331 6454.8387096774195 465
4700 0.1 10021.0 0.0 10546 331 6462.317596566523 466
4710 0.1 8753.0 0.0 10546 331 6469.937901498929 467
4720 0.1 10354.0 0.0 10546 331 6474.816239316239 468
4730 0.1 10128.0 0.0 10546 331 6483.087420042644 469
4740 0.1 10330.0 0.0 10546 331 6490.842553191489 470
4750 0.1 10204.0 0.0 10546 331 6498.993630573248 471
4760 0.1 10222.0 0.0 10546 331 6506.843220338983 472
4770 0.1 10032.0 0.0 10546 331 6514.697674418605 473
4780 0.1 9618.0 0.0 10546 331 6522.118143459916 474
4790 0.1 5266.0 0.0 10546 331 6528.635789473684 475
4800 0.1 1723.0 0.0 10546 331 6525.983193277311 476
4810 0.1 251.0 0.0 10546 251 6515.914046121593 477
4820 0.1 131.0 0.0 10546 131 6502.807531380753 478
4824 0.1 44.0 0.0 10546 44 6489.5052192066805 479
