10 0.5 4914.092333984375 1316.2251716035012 6966.553955078125 2974.798095703125 0 0
20 1.1 7214.700705788352 3475.3890820000715 12004.116943359375 890.760986328125 4914.092333984375 5
30 1.9 10125.211747018913 4960.55854338388 19126.236083984375 890.760986328125 6495.760589599609 16
40 1.8 8858.280029296875 6559.1271019828055 24097.742919921875 890.760986328125 8466.034075055804 35
50 1.6 11898.638565063477 10597.679940497728 41403.544921875 890.760986328125 8599.249682156546 53
60 2.9 9244.658245218212 5993.926408954374 41403.544921875 890.760986328125 9364.325365149456 69
70 1.7 11277.998506433823 12707.413739214066 49913.845947265625 799.90283203125 9328.913666394292 98
80 1.6 11640.58578491211 6043.54439055498 49913.845947265625 799.90283203125 9617.039251443613 115
90 1.7 10721.324635225184 7199.365775997626 49913.845947265625 462.32421875 9864.189973088622 131
100 1.6 9671.535705566406 5579.3792022620355 49913.845947265625 462.32421875 9962.644630225928 148
110 2.5 12192.644404296874 6206.565588265889 49913.845947265625 462.32421875 9934.243759527439 164
120 2.5 8791.46486328125 5953.551672511947 49913.845947265625 462.32421875 10232.97400354456 189
130 2.3 10333.98729407269 8533.546085197122 49913.845947265625 462.32421875 10064.57340304651 214
140 3.7 8811.626741976352 7370.52920919113 49913.845947265625 462.32421875 10090.719054918249 237
150 3 10859.185514322917 6429.217251528431 49913.845947265625 462.32421875 9917.99491046989 274
160 3.9 9326.250820062096 5311.163267156329 49913.845947265625 462.32421875 10010.875562165913 304
170 5.4 10585.593239113141 8382.395251492966 49913.845947265625 462.32421875 9933.031932597258 343
180 4 10667.261987304688 7551.953294762065 49913.845947265625 462.32421875 10021.793420133423 397
190 4.3 10136.26617005814 6474.268972537173 49913.845947265625 462.32421875 10080.875211178847 437
200 4.5 9837.730278862848 7826.029859145643 49913.845947265625 462.32421875 10085.837317911784 480
210 3.7 9600.997129698057 6597.928648325908 49913.845947265625 462.32421875 10064.571000279018 525
220 3.2 12427.511589050293 7413.173403316405 49913.845947265625 462.32421875 10034.051012358208 562
230 4.5 8822.42513563368 6004.112298162732 49913.845947265625 462.32421875 10162.991649486401 594
240 4.7 10441.556552318818 6990.519982214821 49913.845947265625 462.32421875 10068.585556961561 639
250 5.6 9256.631696428572 6984.46719719816 49913.845947265625 462.32421875 10094.13896334901 686
260 5.5 9630.164941406252 6464.842095109537 49913.845947265625 462.32421875 10030.930867732373 742
270 6.6 9745.22175736861 6256.670367831077 49913.845947265625 462.32421875 10003.274498914385 797
280 5.9 9594.484242584746 6136.710024257343 49913.845947265625 462.32421875 9983.539295041823 863
290 5.9 9440.63517942267 6507.1121652295615 49913.845947265625 462.32421875 9958.643147433399 922
300 6.8 8603.373624913833 6194.348691951267 49913.845947265625 462.32421875 9927.488743648859 981
310 5.1 9137.529641544119 5342.436011308952 49913.845947265625 462.32421875 9841.65477980331 1049
320 5.9 11709.455711235434 9131.244966530967 49913.845947265625 462.32421875 9809.008977938565 1100
330 5.9 10698.079958123675 6988.898474482401 49913.845947265625 462.32421875 9905.75303079837 1159
340 6.2 11647.60064894153 9756.917594265817 49913.845947265625 462.32421875 9944.133399199187 1218
350 5.6 9420.18449183873 5973.958504785481 49913.845947265625 462.32421875 10026.645094108582 1280
360 6.8 10497.516447179456 7725.516091151185 49913.845947265625 462.32421875 10001.22458982182 1336
370 7.5 10828.387962239583 7306.348466643548 49913.845947265625 462.32421875 10025.26151738615 1404
380 8.3 11042.991025625939 6619.8361047579365 49913.845947265625 462.32421875 10065.988010532876 1479
390 7.7 10407.581127612622 7133.053166962418 49913.845947265625 462.32421875 10117.903023498768 1562
400 6.8 10512.116419175092 6042.604616775687 49913.845947265625 462.32421875 10131.512061947069 1639
410 9.9 9002.99717635338 6172.024931458747 49913.845947265625 462.32421875 10146.67380552733 1707
420 8.7 10320.144059806033 6243.074244904689 49913.845947265625 462.32421875 10083.98056837992 1806
430 7.8 11269.935083633814 8174.620290008652 49913.845947265625 462.32421875 10094.834358001723 1893
440 7.9 10856.471562252771 8014.754311176007 49913.845947265625 462.32421875 10141.33758306479 1971
450 7.2 8702.73952568902 6219.835806806076 49913.845947265625 462.32421875 10168.896404701789 2050
460 7.9 10308.12573860265 5571.340201483384 49913.845947265625 462.32421875 10119.149328693817 2122
470 8.4 9489.282005673364 6499.145748695102 49913.845947265625 462.32421875 10125.932216646019 2201
480 8.6 9622.448951898621 6909.3466481158775 49913.845947265625 462.32421875 10102.528007577439 2285
490 10.4 9623.393660325273 6107.874430634372 49913.845947265625 462.32421875 10085.114764731223 2371
500 9 10626.442268880208 6940.913220974272 49913.845947265625 462.32421875 10065.713150647094 2475
510 9.6 10640.73104095459 7036.79703025247 49913.845947265625 462.32421875 10085.38785655001 2565
520 11.7 10765.474765875399 8498.969292961494 49913.845947265625 462.32421875 10105.422785412407 2661
530 8.2 10212.895281535823 7573.341791547424 49913.845947265625 462.32421875 10133.22195089627 2778
540 9.6 10965.66268920899 7765.2120620456135 49913.845947265625 462.32421875 10135.506291145375 2860
550 9.9 10243.754540029197 6971.382958249907 49913.845947265625 462.32421875 10162.466715439728 2956
560 9.9 10590.101130938288 6194.247046292858 49913.845947265625 462.32421875 10165.100919902692 3055
570 10 11024.933945312505 8647.24939016308 50935.656005859375 366.656982421875 10178.441129443758 3154
580 9.5 8838.10142629523 5941.120760260475 50935.656005859375 366.656982421875 10204.455045112742 3254
590 9.5 9380.927194695729 5973.759383999159 50935.656005859375 366.656982421875 10165.696133859334 3349
600 8.7 9830.789778084592 8311.657120629268 50935.656005859375 366.656982421875 10144.0489070241 3444
610 12.8 9141.847002029417 5976.514847107761 50935.656005859375 366.656982421875 10136.33054275966 3531
620 14.3 9773.383147126307 6530.112338978101 50935.656005859375 366.656982421875 10101.541285253928 3659
630 15.2 9229.001945094054 5686.1595366368565 50935.656005859375 366.656982421875 10089.198672483742 3802
640 17 10268.355790441177 6616.8294878677625 50935.656005859375 366.656982421875 10056.130917662489 3954
650 17.6 10826.401367187498 7633.795494488282 50935.656005859375 366.656982421875 10064.879275657731 4124
660 16.8 10334.844854445682 6429.442967036007 50935.656005859375 366.656982421875 10096.048551962205 4300
670 16.3 10617.414436948804 7532.148005495153 50935.656005859375 366.656982421875 10105.02746396248 4468
680 18.2 9750.878006149123 6916.75511171122 50935.656005859375 366.656982421875 10123.062246211837 4631
690 15 11011.256525065104 7198.10737252854 50935.656005859375 366.656982421875 10108.988377171443 4813
700 15.2 9732.88605700041 6678.662706981077 50935.656005859375 366.656982421875 10136.258218433593 4963
710 15.2 9526.208231072678 6521.544759525025 50935.656005859375 366.656982421875 10124.271401515149 5115
720 14.8 10005.345651987433 6649.21548910975 50935.656005859375 366.656982421875 10107.011936562185 5267
730 15.5 9771.338389931958 6331.941962369225 50935.656005859375 366.656982421875 10104.233245866513 5415
740 14.4 10518.707956949867 7660.2278102471355 50935.656005859375 366.656982421875 10094.969564956305 5570
750 14.7 10800.81874800702 7313.256365504866 50935.656005859375 366.656982421875 10105.648306371613 5714
760 16.6 9936.59890636766 7283.962362395639 50935.656005859375 366.656982421875 10123.083906938138 5861
770 15.5 10879.944326486891 7453.203320855004 56568.241943359375 366.656982421875 10117.947601961418 6027
780 15.2 9986.710775274978 6890.556764264266 56568.241943359375 366.656982421875 10137.052987322377 6182
790 13.5 10629.42418800636 8408.339772543843 56568.241943359375 366.656982421875 10133.445154005167 6334
800 16.6 10009.521871176115 7338.069084660039 56568.241943359375 366.656982421875 10143.795620783674 6469
810 13.2 10381.244982170332 6607.094372952261 56568.241943359375 366.656982421875 10140.43624739485 6635
820 15.2 10484.405249344678 7410.821716443984 56568.241943359375 366.656982421875 10145.133565702869 6767
830 15 10558.44890299479 7225.4026850029895 56568.241943359375 366.656982421875 10152.586853159662 6919
840 14.1 10929.095794894172 7526.521239364682 56568.241943359375 366.656982421875 10161.199005865175 7069
850 13.5 9860.689228877312 7067.467998260559 56568.241943359375 366.656982421875 10176.216127536893 7210
860 16.4 10553.193207531442 7331.666101415962 56568.241943359375 366.656982421875 10170.416790393389 7345
870 16 9905.577722167964 7763.6837877575945 56568.241943359375 366.656982421875 10178.776802700038 7509
880 13.4 9498.581049221666 6440.242086454524 56568.241943359375 366.656982421875 10173.076991396723 7669
890 16.4 10840.80821711842 7077.613057641276 56568.241943359375 366.656982421875 10161.493952020655 7803
900 16.1 10496.44424798622 6539.106573923997 56568.241943359375 366.656982421875 10175.477576907819 7967
910 15.1 11019.416123952302 7036.289470766438 56568.241943359375 366.656982421875 10181.83530747421 8128
920 16.2 10232.600525655867 6513.1766536496925 56568.241943359375 366.656982421875 10197.111875089646 8279
930 13.5 10069.903115957757 6588.833039485615 56568.241943359375 366.656982421875 10197.792974650329 8441
940 15.3 9852.81886042177 6348.9219589629565 56568.241943359375 366.656982421875 10195.779783078093 8576
950 15.1 9253.987047612272 6021.367798164248 56568.241943359375 366.656982421875 10189.768439147927 8729
960 13.4 10537.104876617886 7366.443834655841 56568.241943359375 366.656982421875 10173.855940260328 8880
970 17 10828.550311638328 8161.100061928547 56568.241943359375 366.656982421875 10179.255913354615 9014
980 18.8 9580.572018887136 6536.051737304851 56568.241943359375 366.656982421875 10191.274646772323 9184
990 13 11567.309393780048 8766.401343123172 56568.241943359375 366.656982421875 10179.024103233867 9372
1000 15.3 10047.521816278599 6554.04608457796 56568.241943359375 366.656982421875 10198.01769276986 9502
1010 18 10663.754237196175 7159.353251089913 56568.241943359375 366.656982421875 10195.632828025875 9655
1020 15.5 10754.292693107358 7134.671515140403 56568.241943359375 366.656982421875 10204.200377964935 9835
1030 13.7 10408.486705919251 6848.305097444956 56568.241943359375 366.656982421875 10212.735343815493 9990
1040 14.2 10237.602109237461 7231.383557613196 56568.241943359375 366.656982421875 10215.383505818872 10127
1050 17.7 9829.476675604696 6334.655491411557 56568.241943359375 366.656982421875 10215.690745246804 10269
1060 15.9 9639.110838308272 6423.026604324035 56568.241943359375 366.656982421875 10209.146624020817 10446
1070 15.1 10294.36046312345 7151.360828828356 56568.241943359375 366.656982421875 10200.600118605607 10605
1080 13.4 9584.579187193918 6189.9636168136 56568.241943359375 366.656982421875 10201.91638971217 10756
1090 14.9 10038.074258074666 6596.286214377909 56568.241943359375 366.656982421875 10194.320137633435 10890
1100 15.6 9963.74018116486 7038.110073242829 56568.241943359375 366.656982421875 10192.211193340087 11039
1110 15.6 9705.385282076326 6070.041922126086 56568.241943359375 366.656982421875 10189.027497234742 11195
1120 16.7 11486.337769285652 8299.032977106413 56568.241943359375 366.656982421875 10182.3806656283 11351
1130 16.9 10336.934642543458 7475.003931801186 56568.241943359375 366.656982421875 10201.286798317202 11518
1140 14.9 9812.804313915685 6664.608694838869 56568.241943359375 366.656982421875 10203.248335552955 11687
1150 16.3 10313.571214172733 6310.153724880016 56568.241943359375 366.656982421875 10198.333148055155 11836
1160 15 9749.243868815109 6142.392908775712 56568.241943359375 366.656982421875 10199.898595573879 11999
1170 16 9910.200942993162 6274.907735671717 56568.241943359375 366.656982421875 10194.334499021585 12149
1180 16.4 10395.653433450845 7588.385668264398 56568.241943359375 366.656982421875 10190.641155210995 12309
1190 18 9804.368698459199 6473.012587290693 56568.241943359375 366.656982421875 10193.336738761973 12473
1200 19.6 10592.609517000159 7124.984742343278 56568.241943359375 366.656982421875 10187.803327930193 12653
1210 19.8 10648.241276288276 7645.906921667643 56568.241943359375 366.656982421875 10193.978284195871 12849
1220 20.3 9684.69138099408 6344.65894188444 56568.241943359375 366.656982421875 10200.872135076097 13047
1230 18.9 9286.797248315568 6226.097268839054 56568.241943359375 366.656982421875 10192.963856353179 13250
1240 19.8 10215.799317639292 7469.35236632972 56568.241943359375 366.656982421875 10180.219940219606 13439
1250 21.2 10211.65620623895 7077.308314863036 56568.241943359375 366.656982421875 10180.736528672278 13637
1260 18.5 9123.637201752535 6098.739824324827 56568.241943359375 327.47900390625 10181.209845998015 13849
1270 20.1 9576.940541433447 6365.644474464644 56568.241943359375 327.47900390625 10167.268636137289 14034
1280 19 9864.518282277959 6822.09994683166 56568.241943359375 327.47900390625 10158.933128793737 14235
1290 19.7 10560.224362755795 6788.54296472411 56568.241943359375 327.47900390625 10155.055220936683 14425
1300 22 10004.691096635292 6891.186592906263 56568.241943359375 327.47900390625 10160.51400365713 14622
1310 20.6 10498.208556536336 7196.887603037578 56568.241943359375 327.47900390625 10158.204271845729 14842
1320 18.3 9404.571590569503 6142.064450394272 56568.241943359375 327.47900390625 10162.85876962924 15048
1330 21.3 10076.059345657275 6709.404045594652 56568.241943359375 327.47900390625 10153.747972323223 15231
1340 21.6 10165.577620894815 6041.341364304808 56568.241943359375 327.47900390625 10152.67650913494 15444
1350 20 10658.452974853524 6686.418208190487 56568.241943359375 327.47900390625 10152.854455504043 15660
1360 20.7 11271.271253208028 7668.009360901792 56568.241943359375 327.47900390625 10159.230224978815 15860
1370 21.7 9963.022613947294 6862.200952297009 56568.241943359375 327.47900390625 10173.557261316864 16067
1380 18.7 10120.65734406334 6522.776498502192 56568.241943359375 327.47900390625 10170.751684156512 16284
1390 22.7 10731.166181253442 6533.416876259443 56568.241943359375 327.47900390625 10170.182948706482 16471
1400 17.7 9708.360841223071 7265.495842812385 56568.241943359375 327.47900390625 10177.809202975746 16698
1410 17.6 9539.008779352369 5817.527833627901 56568.241943359375 327.47900390625 10172.885211270252 16875
1420 20.4 9897.3073682598 6970.322354509212 56568.241943359375 327.47900390625 10166.342354427981 17051
1430 20.1 10412.956561188203 7326.043638315452 56568.241943359375 327.47900390625 10163.161645231903 17255
1440 21 10797.518755812873 8140.382464470937 56568.241943359375 327.47900390625 10166.037950118887 17456
1450 19 9209.795843184625 6383.299094658439 56568.241943359375 327.47900390625 10173.544514660705 17666
1460 19.7 9705.914574327797 6915.927772459036 56568.241943359375 327.47900390625 10163.289572479902 17856
1470 19.3 10553.896603282868 7629.731304253002 56568.241943359375 327.47900390625 10158.298553001921 18053
1480 19.2 10164.519636789955 6891.138586266411 56568.241943359375 327.47900390625 10162.483055013552 18246
1490 19.7 10536.867695609935 6987.434805633659 56568.241943359375 327.47900390625 10162.504262503577 18438
1500 18.4 10376.341041896658 7971.152113992143 67764.27294921875 327.47900390625 10166.461847495364 18635
1510 20.2 10018.061773621213 6429.795706179586 67764.27294921875 327.47900390625 10168.513910398273 18819
1520 18.4 10293.797706935718 6653.387262075594 67764.27294921875 327.47900390625 10166.91613259327 19021
1530 19.6 10221.157434580278 7044.1373330944625 67764.27294921875 327.47900390625 10168.131764443257 19205
1540 20 10304.886009521488 7355.525916225289 67764.27294921875 327.47900390625 10168.667460095381 19401
1550 18.2 10563.460600800568 7210.432823955045 67764.27294921875 327.47900390625 10170.057374379612 19601
1560 20.7 10415.306933121981 7097.5144008052075 67764.27294921875 327.47900390625 10173.67661247336 19783
1570 18.2 8863.229878519916 5680.613756019646 67764.27294921875 327.47900390625 10176.178737354514 19990
1580 21.4 10233.245114905818 7123.0599926101395 67764.27294921875 327.47900390625 10164.332777989657 20172
1590 22 10557.605365545109 7495.865327484387 67764.27294921875 327.47900390625 10165.05617836737 20386
1600 19.1 10879.240395431121 7597.434677695469 67764.27294921875 327.47900390625 10169.247230545332 20606
1610 20.5 10912.125498999623 6896.963603462491 67764.27294921875 327.47900390625 10175.767819788645 20797
1620 20.5 10017.59415729801 7632.529820583334 67764.27294921875 327.47900390625 10182.955388793418 21002
1630 21.1 10151.481305307681 6574.176619358666 67764.27294921875 327.47900390625 10181.356904686445 21207
1640 18.1 10014.825995176534 7049.563150335676 67764.27294921875 327.47900390625 10181.062584419897 21418
1650 18.4 9990.069465968918 7524.121523110114 67764.27294921875 327.47900390625 10179.66951887737 21599
1660 19.1 10410.849425310858 7480.917682153019 67764.27294921875 327.47900390625 10178.067975943195 21783
1670 22.3 10767.312596342485 7304.866669336647 67764.27294921875 327.47900390625 10180.09133340334 21974
1680 19.1 9836.308857063974 7782.774927468611 67764.27294921875 327.053955078125 10185.990794665468 22197
1690 17.6 9817.123070456775 7274.57077214364 67764.27294921875 327.053955078125 10183.007533539781 22388
1700 19.2 10854.886184692388 7650.655216191883 67764.27294921875 327.053955078125 10180.153621755408 22564
1710 19.4 9902.763316990173 6866.05256620479 67764.27294921875 327.053955078125 10185.84656656486 22756
1720 18 9908.83331298828 6900.679195823346 67764.27294921875 327.053955078125 10183.45361883425 22950
1730 19.2 10140.578081766756 6382.658831012083 67764.27294921875 327.053955078125 10181.316495831557 23130
1740 19.7 10163.654619091058 6614.597021014336 67764.27294921875 327.053955078125 10180.981113981783 23322
1750 20.4 10846.167850269978 7566.670385954597 67764.27294921875 327.053955078125 10180.835983683153 23519
1760 20.5 10432.119798018293 6494.539537128998 67764.27294921875 327.053955078125 10186.557338519544 23723
1770 21.6 11287.849520082833 7970.730306596189 67764.27294921875 327.053955078125 10188.661162666871 23928
1780 21.7 10397.774002286144 7792.553231072614 67764.27294921875 327.053955078125 10198.494855725265 24144
1790 25.1 10140.8091355282 6834.641290447189 67764.27294921875 327.053955078125 10200.269970655017 24361
1800 21.5 9905.20192246548 6836.664906326449 67764.27294921875 327.053955078125 10199.663572572097 24612
1810 23.5 9195.975422830781 6416.606737304139 67764.27294921875 327.053955078125 10197.113556268358 24827
1820 27.5 9782.354119318185 6749.616479111209 67764.27294921875 327.053955078125 10187.726138609838 25062
1830 22.6 11074.486842332688 7231.461974677767 67764.27294921875 327.053955078125 10183.326355474297 25337
1840 24.1 10370.123799557512 7036.2559811369065 67764.27294921875 327.053955078125 10191.205018777899 25563
1850 25.8 10398.093729181803 7089.469250383285 67764.27294921875 327.053955078125 10192.876055290373 25804
1860 22.8 10393.957083718811 7372.968921990632 67764.27294921875 327.053955078125 10194.907601597793 26062
1870 24.7 10456.521532807756 7529.3693077642965 67764.27294921875 327.053955078125 10196.633858042205 26290
1880 23.9 9652.816840391279 6403.403317412113 67764.27294921875 327.053955078125 10199.052829880284 26537
1890 23.3 10054.313168505227 6683.2934246563 67764.27294921875 327.053955078125 10194.177179989043 26776
1900 24.5 9807.064777981506 6624.045898291689 67764.27294921875 327.053955078125 10192.970607562233 27009
1910 24.9 10154.020369564194 6966.710730472176 67764.27294921875 327.053955078125 10189.501504742562 27254
1920 24.2 10361.256569602272 6811.187846664862 67764.27294921875 327.053955078125 10189.180274234639 27503
1930 21.9 10042.690844392118 6667.935357648336 67764.27294921875 327.053955078125 10190.681173981584 27745
1940 27.3 10058.94999141483 7083.12546151552 67764.27294921875 327.053955078125 10189.522188064686 27964
1950 22.3 9775.210432796735 6499.205836025787 67764.27294921875 327.053955078125 10188.259794407944 28237
1960 24.9 10305.299194826188 7072.870379645355 67764.27294921875 327.053955078125 10185.02332189778 28460
1970 26.2 10238.86473677541 7129.569073886616 67764.27294921875 327.053955078125 10186.066503212322 28709
1980 26 10476.006249060998 7060.333255366817 67764.27294921875 327.053955078125 10186.543985425345 28971
1990 24.9 10522.742157104985 7220.990443693581 67764.27294921875 327.053955078125 10189.118655759761 29231
2000 24.3 10639.91116395801 6649.091111537815 67764.27294921875 327.053955078125 10191.93657475009 29480
2010 23.7 10483.30041349387 6984.397994409983 67764.27294921875 327.053955078125 10195.598985178969 29723
2020 25.5 10885.977174287687 7635.047429807373 67764.27294921875 327.053955078125 10197.874860963702 29960
2030 22.7 10462.362194985548 7139.116822318615 67764.27294921875 327.053955078125 10203.682111994569 30215
2040 25.6 10461.723645210272 7299.946636492836 67764.27294921875 327.053955078125 10205.611038439578 30442
2050 24.2 10376.126402295322 7615.136230660992 67764.27294921875 327.053955078125 10207.746839707846 30698
2060 23.4 10797.750326564166 6769.3851076895435 67764.27294921875 327.053955078125 10209.063835640172 30940
2070 23.4 10630.760490743525 7305.838267808038 67764.27294921875 327.053955078125 10213.482666681302 31174
2080 22.6 10615.460275295562 7222.949450575055 67764.27294921875 327.053955078125 10216.591524642032 31408
2090 27.3 10525.3211397164 7350.31224816042 67764.27294921875 327.053955078125 10219.441127526512 31634
2100 24.1 10036.517475808805 7082.0123012761305 67764.27294921875 327.053955078125 10222.058272457965 31907
2110 25.2 10435.857080853173 6649.693848117127 67764.27294921875 327.053955078125 10220.667351343356 32148
2120 26.3 9833.571880384094 6739.754390937811 67764.27294921875 327.053955078125 10222.341049239543 32400
2130 24.2 9720.854007941636 6823.564667429138 67764.27294921875 327.053955078125 10219.210709362344 32663
2140 27.5 10202.911892755681 7028.6637733820935 67764.27294921875 327.053955078125 10215.545542313452 32905
2150 23.8 10473.041696756825 7395.207945218806 67764.27294921875 327.053955078125 10215.44083304195 33180
2160 25.6 10353.395500183096 6786.890291750987 67764.27294921875 327.053955078125 10217.275443298822 33418
2170 27.7 10579.9166484516 7340.128423203897 67764.27294921875 327.053955078125 10218.310269412808 33674
2180 23.8 10630.627817875204 7648.9982123655645 67764.27294921875 327.053955078125 10221.260549728373 33951
2190 24.2 10390.874252445441 7220.857245502131 67764.27294921875 327.053955078125 10224.110279460712 34189
2200 25 10856.02394140625 7213.27467446063 67764.27294921875 327.053955078125 10225.282388358575 34431
2210 24.6 10077.750338422567 6939.826342331533 67764.27294921875 327.053955078125 10229.829125426766 34681
2220 26.2 10850.92089005099 7622.899861760756 67764.27294921875 327.053955078125 10228.757994736954 34927
2230 25.5 10060.729788985907 6715.268054658375 67764.27294921875 301.751953125 10233.390313887037 35189
2240 27.1 10541.022729402099 6658.815901399062 67764.27294921875 301.751953125 10232.148116791626 35444
2250 27.3 10353.598402086198 6330.929457134176 67764.27294921875 301.751953125 10234.491810478241 35715
2260 24.7 10570.279323562438 6860.18601454925 67764.27294921875 301.751953125 10235.395336639987 35988
2270 24.5 10204.466806839928 7340.172122483032 67764.27294921875 301.751953125 10237.678111437002 36235
2280 24.9 10315.355385408822 7242.981008695713 67764.27294921875 301.751953125 10237.455064024001 36480
2290 24.7 10241.919327832418 6885.063877027749 67764.27294921875 301.751953125 10237.983180227133 36729
2300 25.6 10893.825017929083 7008.250031752438 67764.27294921875 301.751953125 10238.009473727201 36976
2310 27.3 9822.476625100151 6413.7591514482 67764.27294921875 301.751953125 10242.51873402253 37232
2320 24.5 9559.36476702009 6174.896418154207 67764.27294921875 301.751953125 10239.461235136094 37505
2330 26.1 10857.800660582798 7356.1637752417155 67764.27294921875 301.751953125 10235.04736401852 37750
2340 24.4 9904.714716676806 6803.196228542997 67764.27294921875 301.751953125 10239.323458054543 38011
2350 24.2 10939.213977151665 7305.571932748598 67764.27294921875 301.751953125 10237.189239445312 38255
2360 27.5 9498.23361772017 6647.00201852818 67764.27294921875 301.751953125 10241.602310243685 38497
2370 24.9 10175.742045329764 6038.593778341415 67764.27294921875 301.751953125 10236.32978392459 38772
2380 25.1 10490.615708066172 7340.361318475154 67764.27294921875 301.751953125 10235.9431626973 39021
2390 27.9 9202.475947335626 6042.062254260795 67764.27294921875 301.751953125 10237.570856954979 39272
2400 31 9696.399814925659 6015.205728347684 67764.27294921875 301.751953125 10230.269107826416 39551
2410 30.1 10827.981901960908 7120.515246841854 67764.27294921875 301.751953125 10226.117192902073 39861
2420 31.1 10323.161575562695 6994.792017335316 67764.27294921875 301.751953125 10230.627956246197 40162
2430 31 10098.231202746978 7199.816476580102 67764.27294921875 301.751953125 10231.338997078541 40473
2440 31 10327.235817004786 6766.344646470035 67764.27294921875 301.751953125 10230.327217262373 40783
2450 27.9 10753.814988659273 7418.436780748294 67764.27294921875 301.751953125 10231.058282551354 41093
2460 27.4 10955.917806583599 7470.039810797252 67764.27294921875 301.751953125 10234.583592447036 41372
2470 30.3 10008.394414417027 6489.335144831109 67764.27294921875 301.751953125 10239.329440179672 41646
2480 29.3 10260.519015471682 6704.086885694119 67764.27294921875 301.751953125 10237.661383424896 41949
2490 26.7 10349.538157259485 6569.0284487675235 67764.27294921875 301.751953125 10237.819929094838 42242
2500 31.3 9961.472090748553 6561.864198483203 67764.27294921875 301.751953125 10238.521633837832 42509
2510 29.7 10048.361536096645 7124.169628467197 67764.27294921875 301.751953125 10236.49658813733 42822
2520 32.2 9892.934400475544 6380.062424377411 67764.27294921875 301.751953125 10235.200729920394 43119
2530 30.9 9686.376197790245 6322.939371498852 67764.27294921875 301.751953125 10232.663731276689 43441
2540 29.4 11070.760714783959 7804.277038502757 67764.27294921875 301.751953125 10228.80538046875 43750
2550 32.5 10694.937378305289 7139.1975573562295 67764.27294921875 301.751953125 10234.425552757568 44044
2560 32 10665.95317459107 7226.657691322777 67764.27294921875 301.751953125 10237.798771520736 44369
2570 29.1 10152.73400585266 6359.008681712505 67764.27294921875 301.751953125 10240.86461342775 44689
2580 33.6 10235.864026024235 6818.2949296029155 67764.27294921875 301.751953125 10240.294448758912 44980
2590 30.1 10567.43426452839 6987.559658934763 67764.27294921875 301.751953125 10240.261598947833 45316
2600 30.9 10284.30685237156 6497.283743678789 67764.27294921875 301.751953125 10242.420420710328 45617
2610 30.1 10886.85813969711 7300.329949598832 67764.27294921875 301.751953125 10242.70224162622 45926
2620 30.9 9568.765584704945 6665.93846132835 67764.27294921875 301.751953125 10246.896563674361 46227
2630 29.5 9906.885628806935 6663.550630397477 67764.27294921875 301.751953125 10242.393759984712 46536
2640 28.8 9442.271948072656 6551.636500989985 67764.27294921875 301.751953125 10240.280311655668 46831
2650 29.8 9751.060024184673 6513.733840697484 67764.27294921875 301.751953125 10235.402737668277 47119
2660 28.7 10302.582729645315 7385.419755892371 67764.27294921875 301.751953125 10232.358805563375 47417
2670 31.1 10096.203434297126 6886.718271439459 67764.27294921875 301.751953125 10232.781291439014 47704
2680 29.9 10507.507518551416 7549.149629877451 67764.27294921875 301.751953125 10231.896657187819 48015
2690 27 11427.961601200814 8288.945158840801 67764.27294921875 301.751953125 10233.602325266382 48314
2700 29.4 10033.78919038319 6965.196467085082 67764.27294921875 301.751953125 10240.239839767088 48584
2710 30.6 10507.855538960373 6966.465379214552 67764.27294921875 301.751953125 10238.998044052883 48878
2720 26.6 10454.734914679284 6863.359374129657 67764.27294921875 301.751953125 10240.670750490784 49184
2730 28.5 11031.984095737396 7380.061620627517 67764.27294921875 301.751953125 10241.82223820917 49450
2740 29.7 10662.778701730851 6885.738419850057 67764.27294921875 301.751953125 10246.350158776086 49735
2750 31.4 11041.802745260253 7309.404324457413 67764.27294921875 301.751953125 10248.822162239021 50032
2760 29.7 9835.97326865661 6464.716752523477 67764.27294921875 301.751953125 10253.767856098884 50346
2770 29.9 10415.194838916179 7260.965891109945 67764.27294921875 301.751953125 10251.317665698032 50643
2780 27.9 9000.673631237403 6274.228686021983 67764.27294921875 301.751953125 10252.279529676522 50942
2790 31.3 9631.07035150011 6252.599448262762 67764.27294921875 301.751953125 10245.462051578388 51221
2800 29.6 10409.166105528138 7241.241524727477 67764.27294921875 301.751953125 10241.730445219004 51534
2810 28.1 11549.93132089635 8684.930021252916 67764.27294921875 301.751953125 10242.68666662459 51830
2820 25.6 10281.088832855228 7264.640046044722 67764.27294921875 301.751953125 10249.735768500399 52111
2830 32.4 10260.95018174913 7398.278470547629 67764.27294921875 301.751953125 10249.88904030277 52367
2840 27.7 10695.595361151845 7632.275733931628 67764.27294921875 301.751953125 10249.957055899904 52691
2850 28.9 10310.854737172896 7290.403200076641 67764.27294921875 301.751953125 10252.287553758137 52968
2860 30 9932.065262044278 7128.97479887471 67764.27294921875 301.751953125 10252.605369557126 53257
2870 29.9 9963.63882211539 6755.720610061728 67764.27294921875 301.751953125 10250.809861364849 53557
2880 28.1 9588.37830588996 6711.593069234696 67764.27294921875 301.751953125 10249.215533142633 53856
2890 31.3 10036.415986764923 6980.4929377393455 67764.27294921875 301.751953125 10245.785434303429 54137
2900 28.5 9003.645757092934 5796.155423257839 67764.27294921875 301.751953125 10244.581896432363 54450
2910 29.3 9911.209809287011 6554.271289858135 67764.27294921875 301.751953125 10238.120458600779 54735
2920 29.4 10555.301415683467 6626.161627418462 67764.27294921875 301.751953125 10236.379802566598 55028
2930 29.8 10278.522634621428 7847.367168033045 67764.27294921875 301.751953125 10238.074660927763 55322
2940 30.9 10605.550447828176 7608.04757062707 67764.27294921875 301.751953125 10238.291372473263 55620
2950 32 10469.27733001709 7136.777993769767 67764.27294921875 301.751953125 10240.320428138208 55929
2960 29.4 9975.824872282894 7006.822252266589 67764.27294921875 301.751953125 10241.622961669493 56249
2970 33.7 10894.573784078264 7488.051858019544 67764.27294921875 301.751953125 10240.240922543877 56543
2980 32.3 10844.874567651903 7047.27332967886 67764.27294921875 301.751953125 10244.117683696077 56880
2990 33.3 9818.854954808327 6852.326601776958 67764.27294921875 301.751953125 10247.509891683729 57203
3000 32.3 10525.02591745477 7057.896116691191 67764.27294921875 301.751953125 10245.02897375444 57536
3010 34 9990.789285816873 6721.446271136255 67764.27294921875 301.751953125 10246.592067012452 57859
3020 35.6 10502.20678573779 6830.070658050222 67764.27294921875 301.751953125 10245.097660826666 58199
3030 38.8 10423.436071022255 6948.787909731181 67764.27294921875 301.751953125 10246.660821077172 58555
3040 35.7 10631.04728600425 7024.92096291695 67764.27294921875 301.751953125 10247.824467260412 58943
3050 34.6 10789.71390458476 7020.322998452131 67764.27294921875 301.751953125 10250.13155910344 59300
3060 35.8 10212.494122212156 7056.551462076721 67764.27294921875 301.751953125 10253.261617976399 59646
3070 36.5 10384.856542968757 7457.563322390578 67764.27294921875 301.751953125 10253.018388133662 60004
3080 33 9710.619916696261 7141.566311603379 67764.27294921875 301.751953125 10253.815501329422 60369
3090 33.7 10432.74500996848 7426.86416641742 67764.27294921875 301.751953125 10250.862330059237 60699
3100 34.2 10734.520479971907 7069.069704803255 67764.27294921875 301.751953125 10251.86656466061 61036
3110 32.4 10236.799686384787 6360.822751407739 67764.27294921875 301.751953125 10254.555926305442 61378
3120 35.7 10031.409111300776 6828.165369708833 67764.27294921875 301.751953125 10254.462687484425 61702
3130 34.9 10831.230479942698 7707.012897625267 67764.27294921875 301.751953125 10253.179551650823 62059
3140 33.9 10185.065534113432 7080.270177650853 67764.27294921875 301.751953125 10256.412146413897 62408
3150 36.2 10681.693430863686 7356.541680272716 67764.27294921875 301.751953125 10256.026685729403 62747
3160 35.4 10238.479007354572 6876.650794690957 67764.27294921875 301.751953125 10258.468355883242 63109
3170 33.8 10094.254135944435 6626.749765556472 67764.27294921875 301.751953125 10258.356854230638 63463
3180 33.1 10627.168573569665 6706.595907919237 67764.27294921875 301.751953125 10257.48748355023 63801
3190 35.9 10603.212443147204 7406.725749096452 67764.27294921875 301.751953125 10259.395492668868 64132
3200 35.4 10793.172532938293 7575.280631260144 67764.27294921875 301.751953125 10261.309407559655 64491
3210 35.1 10036.04180090923 6470.423665374688 67764.27294921875 301.751953125 10264.21293977315 64845
3220 31.6 10683.50782331636 6386.943103441784 67764.27294921875 301.751953125 10262.984519782027 65196
3230 36 10548.905118136938 6997.040079459505 67764.27294921875 301.751953125 10265.012932346393 65512
3240 34 10433.688587143837 6426.380895011626 67764.27294921875 301.751953125 10266.564444170608 65872
3250 31.8 10351.615457786695 6825.177227320182 67764.27294921875 301.751953125 10267.422630128 66212
3260 29.4 10199.645747801083 7182.174588853506 67764.27294921875 301.751953125 10267.825054886687 66530
3270 34.1 10469.232877222325 7409.678969999995 67764.27294921875 301.751953125 10267.525092054724 66824
3280 35.5 10532.503442038958 7003.566258688705 67764.27294921875 301.751953125 10268.549172375459 67165
3290 32.7 9920.098862767585 6312.08660064778 67764.27294921875 301.751953125 10269.936965114359 67520
3300 32 9914.501306152342 6552.829918158651 67764.27294921875 301.751953125 10268.25086168359 67847
3310 36.1 10353.195709482125 7002.781362244502 67764.27294921875 301.751953125 10266.59023619369 68167
3320 34.6 10136.609873865384 6806.517380455786 67764.27294921875 301.751953125 10267.046466871036 68528
3330 33.8 10290.970312355537 7162.8373383745175 67764.27294921875 301.751953125 10266.391196940727 68874
3340 34.5 10157.617203068392 6776.07370055315 67764.27294921875 301.751953125 10266.511230186556 69212
3350 33.1 10058.677594971448 6845.406164113885 67764.27294921875 301.751953125 10265.97112007031 69557
3360 33.1 10177.382610401724 7039.572529409412 67764.27294921875 301.751953125 10264.989346993276 69888
3370 37.2 10435.424468665991 7743.205028065651 67764.27294921875 301.751953125 10264.57638426507 70219
3380 34 10304.032711971517 7079.394382658907 67764.27294921875 301.751953125 10265.476718406777 70591
3390 35.8 11065.278207107627 7718.75001380183 67764.27294921875 301.751953125 10265.661532350074 70931
3400 36.3 10703.454287190087 7226.033041992991 67764.27294921875 301.751953125 10269.677057460023 71289
3410 34.3 10415.493005335511 6757.505528627631 67764.27294921875 301.751953125 10271.874639305499 71652
3420 34 10345.548187614884 7147.146562179014 67764.27294921875 301.751953125 10272.558868759603 71995
3430 37.3 10403.796283957148 6427.059581311688 67764.27294921875 301.751953125 10272.901944288888 72335
3440 35.5 10768.562321880505 6346.01976617339 67764.27294921875 301.751953125 10273.57344658157 72708
3450 36.8 10529.856063842763 6974.59047231088 67764.27294921875 301.751953125 10275.978508661297 73063
3460 32.6 10602.232189716739 7133.584816127451 67764.27294921875 301.751953125 10277.250817908165 73431
3470 35.2 10144.208682667118 6624.002072528728 67764.27294921875 301.751953125 10278.687209399272 73757
3480 34.2 10073.242869951575 6927.177207765325 67764.27294921875 301.751953125 10278.048468606525 74109
3490 32.6 11127.977703071076 8530.102633107339 67764.27294921875 301.751953125 10277.107668419287 74451
3500 35.8 10131.260584655414 7446.012315064028 67764.27294921875 301.751953125 10280.817146350955 74777
3510 30.9 9846.346846398412 6538.277936449385 67764.27294921875 301.751953125 10280.104545710949 75135
3520 33.9 10890.472882386159 7279.7891669859855 67764.27294921875 301.751953125 10278.327981251381 75444
3530 35.4 10100.413962498898 6727.715235331126 67764.27294921875 301.751953125 10281.06628827914 75783
3540 35.8 9783.013819859681 6225.767981837862 67764.27294921875 301.751953125 10280.226342873802 76137
3550 33.8 10315.808827055975 6960.863888128305 67764.27294921875 301.751953125 10277.899366166317 76495
3560 29.9 9879.908138619625 6218.6540199733245 67764.27294921875 301.751953125 10278.066135624502 76833
3570 33.4 9970.867123175523 6425.940402322931 67764.27294921875 301.751953125 10276.522687495264 77132
3580 35.4 10977.5827484993 7901.426599494292 67764.27294921875 301.751953125 10275.204832455856 77466
3590 35.7 10100.445920458022 6320.737469102632 67764.27294921875 301.751953125 10278.399920894297 77820
3600 39 10583.990911708719 6629.651503708923 67764.27294921875 301.751953125 10277.587283185561 78177
3610 39.8 10338.872221213489 7064.773924038997 67764.27294921875 301.751953125 10279.108245104993 78567
3620 36.8 10428.056838325827 6468.577082160935 67764.27294921875 301.751953125 10279.409467956779 78965
3630 39.9 11192.048506887335 6497.8324886293185 67764.27294921875 301.751953125 10280.098994790453 79333
3640 41.7 11699.945418469915 7866.110670102549 67764.27294921875 301.751953125 10284.662631163887 79732
3650 37.7 10946.325706259333 7075.910823170784 67764.27294921875 301.751953125 10292.02607827248 80149
3660 41.2 11283.788117343935 6714.703256215693 67764.27294921875 301.751953125 10295.089324425908 80526
3670 39 10987.040157376809 7002.384148439913 67764.27294921875 301.751953125 10300.122113754558 80938
3680 41.4 10973.120483398436 6871.824374022705 67764.27294921875 301.751953125 10303.41615808139 81328
3690 35.7 10970.858167290353 7882.919070352852 67764.27294921875 301.751953125 10306.808020167971 81742
3700 37.8 11386.434195059308 7111.24761884118 67764.27294921875 301.751953125 10309.695581557546 82099
3710 40.7 10955.471472137977 6643.438944643976 67764.27294921875 301.751953125 10314.630377875352 82477
3720 41.2 11548.63336240898 6954.647696325888 67764.27294921875 301.751953125 10317.777213517513 82884
3730 44.3 11039.693842145169 6522.166546811738 67764.27294921875 301.751953125 10323.86529377759 83296
3740 40.6 10716.222774712318 6851.153677954739 67764.27294921875 301.751953125 10327.652203663387 83739
3750 35.4 10773.122934459972 6938.585117155138 67764.27294921875 301.751953125 10329.5270584004 84145
3760 40.3 10711.092084633816 6556.458100587996 67764.27294921875 301.751953125 10331.385458382943 84499
3770 42.2 11655.269149997226 7096.0807966089615 67764.27294921875 301.751953125 10333.187792490256 84902
3780 40.8 11152.937076942599 7201.0170025689085 67764.27294921875 301.751953125 10339.726613137062 85324
3790 38.4 10852.290441513063 7696.50493497026 67764.27294921875 301.751953125 10343.596695127831 85732
3800 44.3 11143.838818138936 6904.84195455726 67764.27294921875 301.751953125 10345.86501226532 86116
3810 38 10774.668478875408 7276.830968310645 67764.27294921875 301.751953125 10349.948959584512 86559
3820 41.8 10838.382060219797 7077.793777012284 67764.27294921875 301.751953125 10351.805357948084 86939
3830 39.7 11777.426869120942 7382.6736570756675 67764.27294921875 301.751953125 10354.13360939387 87357
3840 34.9 11857.024036309094 7254.723528871534 67764.27294921875 301.751953125 10360.572602762966 87754
3850 40.1 11489.751877630146 7361.865927485298 67764.27294921875 301.751953125 10366.500454825979 88103
3860 41.2 10883.428666494423 6959.239380855989 67764.27294921875 301.751953125 10371.589759496326 88504
3870 39.9 11233.192352830314 7430.8422057262005 67764.27294921875 301.751953125 10373.961409477019 88916
3880 39.2 12142.834581647605 8242.806681959768 67764.27294921875 301.751953125 10377.799881697787 89315
3890 40.4 10411.89221372698 6500.208974779777 67764.27294921875 301.751953125 10385.512697892515 89707
3900 38.9 10576.803262823343 7296.425136813193 67764.27294921875 301.751953125 10385.630966743121 90111
3910 40 10430.538197021471 6740.528888671361 67764.27294921875 301.751953125 10386.452690756107 90500
3920 39.7 11109.300654567463 8106.933516995845 67764.27294921875 301.751953125 10386.646686383237 90900
3930 35 10756.321999860489 6909.701377425688 67764.27294921875 301.751953125 10389.789107551174 91297
3940 42.8 11990.208397981158 6836.239769185382 67764.27294921875 301.751953125 10391.18889709484 91647
3950 41.7 10942.129437855976 6838.070449755284 67764.27294921875 301.751953125 10398.62175450868 92075
3960 37.9 10560.757899463017 7133.6168691572475 67764.27294921875 301.751953125 10401.07215782957 92492
3970 42.4 10709.5503177283 6929.995626922272 67764.27294921875 301.751953125 10401.723824077151 92871
3980 41.9 11366.075806538072 7202.85711571251 67764.27294921875 301.751953125 10403.122810446283 93295
3990 39.4 10757.049352345728 7645.218968222695 67764.27294921875 301.751953125 10407.42822164805 93714
4000 40.5 11348.635328052667 7729.046583777954 67764.27294921875 301.751953125 10408.89197314096 94108
4010 37.1 10193.20084218644 6171.787608888327 67764.27294921875 301.751953125 10412.918890694516 94513
4020 39.7 10744.900811260228 6685.6948989088505 67764.27294921875 301.751953125 10412.05978488114 94884
4030 37.1 10388.02164889024 6983.528500110926 67764.27294921875 301.751953125 10413.446607935814 95281
4040 31 10916.14801222278 7303.4491945316295 67764.27294921875 301.751953125 10413.347993585818 95652
4050 44 11053.2742520419 6923.077506903579 67764.27294921875 301.751953125 10414.972261585415 95962
4060 41.3 11317.95315337471 6967.9825775772815 67764.27294921875 301.751953125 10417.885612717144 96402
4070 38.1 11435.15179203064 6937.708850870162 67764.27294921875 301.751953125 10421.7251819398 96815
4080 42.8 10520.145431946366 7008.0467399201925 67764.27294921875 301.751953125 10425.697727501805 97196
4090 38.9 10623.666097214402 6557.611700377019 67764.27294921875 301.751953125 10426.11180208902 97624
4100 37.1 10629.417628532477 6886.111900677151 67764.27294921875 301.751953125 10426.895867680358 98013
4110 36.3 10223.865247826272 6302.926235448187 67764.27294921875 301.751953125 10427.65956475789 98384
4120 39.4 11320.690256186554 7481.488239092508 67764.27294921875 301.751953125 10426.910404408247 98747
4130 39.5 10885.566079287 6941.5812854575925 67764.27294921875 301.751953125 10430.462408741476 99141
4140 40.2 10594.649528237713 6366.103563818789 67764.27294921875 301.751953125 10432.268448263514 99536
4150 33 10543.60996537641 6889.0280054938785 67764.27294921875 301.751953125 10432.921625174697 99938
4160 43.3 11347.756097313433 6916.973781209112 67764.27294921875 301.751953125 10433.285920386195 100268
4170 40.9 10899.197764053899 6816.485962001853 67764.27294921875 301.751953125 10437.218012288058 100701
4180 38.1 10850.849299233103 7819.014141171906 67764.27294921875 301.751953125 10439.086766303213 101110
4190 40.4 10991.01154410485 7055.602381776116 67764.27294921875 301.751953125 10440.632534155005 101491
4200 45.4 10841.330022736276 6631.075609598986 67764.27294921875 301.751953125 10442.814713064861 101895
4210 42.1 11836.08306058399 7675.632106697536 67764.27294921875 301.751953125 10444.582448466192 102349
4220 45.8 11363.186453073831 6166.219659984024 67764.27294921875 301.751953125 10450.282767213897 102770
4230 39 11895.64283353365 6389.244616587316 67764.27294921875 301.751953125 10454.333120685085 103228
4240 42 11802.17915562221 6989.174072783046 67764.27294921875 301.751953125 10459.757957952848 103618
4250 46.8 11564.121980585596 7646.392349709891 67764.27294921875 301.751953125 10465.177294185965 104038
4260 43.9 11359.149960181161 6633.937784454768 67764.27294921875 301.751953125 10470.098601223217 104506
4270 45 11819.338534613715 7329.039925940502 67764.27294921875 301.751953125 10473.817630682292 104945
4280 40.3 12584.020218842083 7606.2750992469855 67764.27294921875 301.751953125 10479.562537051372 105395
4290 44.6 12160.554844603941 6859.725486728661 67764.27294921875 301.751953125 10487.578723045073 105798
4300 43.5 12285.930396910926 7203.902154509814 67764.27294921875 301.751953125 10494.601682931892 106244
4310 46.8 12002.231260642027 7635.140696687569 67764.27294921875 301.751953125 10501.906100770277 106679
4320 45.6 11502.096166778023 7188.488754130582 67764.27294921875 301.751953125 10508.459267679475 107147
4330 38.3 11911.752274396209 6682.388421982756 67764.27294921875 301.751953125 10512.670102191421 107603
4340 52 12482.510480205825 7191.415071555491 67764.27294921875 301.751953125 10517.632305365485 107986
4350 50 11763.20029443359 6307.293219975203 67764.27294921875 301.751953125 10527.048712300742 108506
4360 43.7 11761.816455413325 7180.106033174065 67764.27294921875 301.751953125 10532.718820286233 109006
4370 47.1 12244.88760563877 7253.652166222881 67764.27294921875 301.751953125 10537.626540894682 109443
4380 45.2 11687.747707130637 7366.299467205828 67764.27294921875 301.751953125 10544.942442067368 109914
4390 43.6 12508.75337765195 6731.024669210719 67764.27294921875 301.751953125 10549.62276009836 110366
4400 46.3 11687.391083225068 6640.895069500527 67764.27294921875 301.751953125 10557.33183528882 110802
4410 42.1 11768.742492530804 7098.093819369222 67764.27294921875 301.751953125 10562.034279290028 111265
4420 42.1 11426.539393046698 7390.275047326048 67764.27294921875 301.751953125 10566.582961826554 111686
4430 44.5 12012.361553612176 7263.58334120007 67764.27294921875 301.751953125 10569.812391367472 112107
4440 43.5 11049.825057246771 6921.093621810733 67764.27294921875 301.751953125 10575.515838460362 112552
4450 40.9 11288.008204676999 6954.400621141721 67764.27294921875 301.751953125 10577.341929162585 112987
4460 45.4 11396.444604814844 7438.241707262293 67764.27294921875 301.751953125 10579.905181011727 113396
4470 44.1 12823.82329533376 7411.739479210818 67764.27294921875 301.751953125 10583.16129781811 113850
4480 49.9 12068.640252184055 7351.829486727406 67764.27294921875 301.751953125 10591.807052434871 114291
4490 47 12320.190411506812 7043.599806714028 67764.27294921875 301.751953125 10598.226947605835 114790
4500 42.6 12847.610975095364 7268.129928087668 67764.27294921875 301.751953125 10605.248662233924 115260
4510 45.6 12038.69604438648 7128.206633891774 67764.27294921875 301.751953125 10613.505895998414 115686
4520 48.1 11960.298284011169 7263.540348757658 67764.27294921875 301.751953125 10619.101517803318 116142
4530 38.2 11543.41980875226 7427.287961607805 67764.27294921875 301.751953125 10624.633150882093 116623
4540 43 12153.670984738374 6630.178309056235 67764.27294921875 93.875 10627.632821864583 117005
4550 50.2 12070.9196130517 6644.781121074164 67764.27294921875 93.875 10633.22056325374 117435
4560 44.9 12195.403127827463 7193.0648756256705 67764.27294921875 93.875 10639.340143393974 117937
4570 43.8 12226.274452523014 6705.359184045259 67764.27294921875 93.875 10645.241789534655 118386
4580 45.3 11867.40013408871 6566.694611322812 67764.27294921875 93.875 10651.06967200275 118824
4590 40.9 12290.279187638485 6923.919881477086 67764.27294921875 93.875 10655.689151863284 119277
4600 43.9 12779.146736857558 7269.309695682564 67764.27294921875 93.875 10661.274995860344 119686
4610 46.7 11705.65275152235 6514.2153699740375 67764.27294921875 93.875 10669.014814335247 120125
4620 41.9 11392.058815748998 6983.7925078893395 67764.27294921875 93.875 10673.029259046889 120592
4630 46.1 11211.07367062517 7113.455949352243 67764.27294921875 93.875 10675.518895396131 121011
4640 44.5 11794.953347195396 7708.397478551567 67764.27294921875 93.875 10677.551386434236 121472
4650 44.2 10795.054664301118 6370.162100618295 67764.27294921875 93.875 10681.629930628555 121917
4660 40.4 11255.20603051516 6558.7496226651065 67764.27294921875 93.875 10682.039657189602 122359
4670 42.3 10996.42928117613 6949.933939872167 67764.27294921875 93.875 10683.925886874633 122763
4680 39.6 11390.696802620938 7130.741534257935 67764.27294921875 93.875 10684.998970957155 123186
4690 43.5 11533.427673760772 7175.204645649979 67764.27294921875 93.875 10687.260273908547 123582
4700 37.6 12117.02587371177 7419.902539746162 67764.27294921875 93.875 10690.228276835047 124017
4710 46.9 12291.302682319421 7072.85659831353 67764.27294921875 93.875 10694.541026719893 124393
4720 47.2 12286.120045290156 7171.453138321585 67764.27294921875 93.875 10700.538697880664 124862
4730 45.1 11618.101249610243 6503.140072583798 67764.27294921875 93.875 10706.509898001757 125334
4740 46.8 12287.886381230803 7458.171080384591 67764.27294921875 93.875 10709.778393446966 125785
4750 45.3 10848.466108646358 6458.426884784676 67764.27294921875 93.875 10715.62819137876 126253
4760 43.1 11871.918931151211 6625.434979289749 67764.27294921875 93.875 10716.103114243677 126706
4770 46.9 12189.05774264142 7111.337349352464 67764.27294921875 93.875 10720.02138050045 127137
4780 32 13058.671466827393 8323.610251249478 67764.27294921875 93.875 10725.420641145278 127606
4790 17.2 16442.509623682778 7766.616369667189 67764.27294921875 93.875 10731.257142436792 127926
4800 3.5 24466.58047572545 8493.757940663108 67764.27294921875 93.875 10738.92576666804 128098
4810 0.3 30507.980305989582 5769.216567903904 67764.27294921875 93.875 10742.675526018224 128133
4820 0.1 54986.760009765625 0.0 67764.27294921875 93.875 10743.138283668999 128136
4824 0 0 0 67764.27294921875 93.875 10743.48356740224 128137
