0 0 0
10 14 14
20 25 25
30 17 25
40 20 25
50 26 26
60 16 28
70 19 28
80 14 28
90 18 28
100 30 31
110 22 33
120 28 33
130 38 38
140 34 41
150 47 47
160 52 52
170 42 54
180 41 54
190 42 54
200 40 54
210 34 54
220 47 54
230 48 55
240 48 55
250 59 63
260 58 64
270 58 64
280 61 64
290 58 65
300 61 69
310 65 69
320 69 76
330 61 76
340 69 76
350 73 76
360 82 83
370 83 89
380 81 89
390 76 89
400 104 105
410 96 105
420 79 105
430 74 105
440 69 105
450 79 105
460 85 105
470 88 105
480 114 114
490 103 120
500 110 120
510 108 120
520 95 120
530 100 120
540 104 120
550 110 124
560 93 124
570 90 124
580 91 124
590 76 124
600 118 124
610 136 140
620 165 173
630 195 198
640 175 198
650 172 198
660 168 198
670 179 198
680 145 198
690 143 198
700 159 198
710 150 198
720 159 198
730 153 198
740 154 198
750 174 198
760 167 198
770 156 198
780 141 198
790 153 198
800 142 198
810 154 198
820 151 198
830 150 198
840 154 198
850 168 198
860 149 198
870 144 198
880 170 198
890 163 198
900 157 198
910 158 198
920 141 198
930 149 198
940 152 198
950 147 198
960 167 198
970 174 198
980 139 198
990 171 198
1000 179 198
1010 155 198
1020 132 198
1030 149 198
1040 167 198
1050 150 198
1060 148 198
1070 146 198
1080 143 198
1090 158 198
1100 177 198
1110 163 198
1120 167 198
1130 155 198
1140 162 198
1150 161 198
1160 168 198
1170 172 198
1180 187 199
1190 212 215
1200 193 217
1210 190 217
1220 199 217
1230 194 217
1240 202 217
1250 186 217
1260 208 217
1270 194 217
1280 222 228
1290 233 237
1300 200 237
1310 194 237
1320 207 237
1330 226 237
1340 227 256
1350 216 256
1360 210 256
1370 199 256
1380 216 256
1390 172 256
1400 177 256
1410 222 256
1420 205 256
1430 211 256
1440 196 256
1450 202 256
1460 195 256
1470 193 256
1480 193 256
1490 196 256
1500 203 256
1510 191 256
1520 202 256
1530 189 256
1540 194 256
1550 199 256
1560 179 256
1570 226 256
1580 230 256
1590 200 256
1600 220 256
1610 206 256
1620 199 256
1630 179 256
1640 198 256
1650 209 256
1660 211 256
1670 189 256
1680 186 256
1690 200 256
1700 197 256
1710 189 256
1720 213 256
1730 208 256
1740 211 256
1750 239 256
1760 227 256
1770 233 256
1780 236 256
1790 217 263
1800 232 263
1810 278 282
1820 247 287
1830 257 287
1840 265 287
1850 232 287
1860 236 287
1870 242 287
1880 239 287
1890 249 287
1900 247 287
1910 244 287
1920 228 287
1930 266 287
1940 232 287
1950 262 287
1960 275 287
1970 261 287
1980 268 287
1990 263 287
2000 262 287
2010 255 287
2020 240 287
2030 264 287
2040 254 287
2050 246 287
2060 256 287
2070 245 287
2080 253 287
2090 252 287
2100 256 287
2110 256 287
2120 260 287
2130 271 287
2140 244 290
2150 270 290
2160 284 300
2170 233 300
2180 255 300
2190 258 300
2200 266 300
2210 259 300
2220 273 300
2230 285 300
2240 277 308
2250 254 308
2260 255 308
2270 246 308
2280 272 308
2290 264 308
2300 264 308
2310 261 308
2320 258 308
2330 268 308
2340 234 308
2350 261 308
2360 268 308
2370 244 308
2380 275 308
2390 323 328
2400 313 334
2410 318 338
2420 326 338
2430 326 338
2440 285 338
2450 283 338
2460 296 338
2470 293 338
2480 285 338
2490 324 338
2500 293 338
2510 314 338
2520 302 340
2530 331 371
2540 335 371
2550 327 371
2560 318 371
2570 321 371
2580 320 371
2590 311 371
2600 294 371
2610 299 371
2620 304 371
2630 282 371
2640 303 371
2650 309 371
2660 323 371
2670 307 371
2680 285 371
2690 307 371
2700 322 371
2710 271 371
2720 329 371
2730 323 371
2740 327 371
2750 305 371
2760 285 371
2770 287 371
2780 322 371
2790 316 371
2800 298 371
2810 283 371
2820 323 371
2830 290 371
2840 288 371
2850 298 371
2860 285 371
2870 289 371
2880 293 371
2890 274 371
2900 302 371
2910 328 371
2920 308 371
2930 334 371
2940 335 371
2950 318 371
2960 356 371
2970 334 380
2980 332 380
2990 348 380
3000 363 380
3010 382 383
3020 392 410
3030 374 417
3040 371 417
3050 356 417
3060 342 417
3070 331 417
3080 355 417
3090 361 417
3100 338 417
3110 353 417
3120 358 417
3130 356 417
3140 362 417
3150 362 417
3160 363 417
3170 376 417
3180 374 417
3190 351 417
3200 370 417
3210 354 417
3220 372 417
3230 356 417
3240 333 417
3250 298 417
3260 365 417
3270 343 417
3280 346 417
3290 340 417
3300 361 417
3310 380 417
3320 340 417
3330 360 417
3340 335 417
3350 351 417
3360 375 417
3370 370 417
3380 380 417
3390 366 417
3400 357 417
3410 349 417
3420 398 417
3430 375 435
3440 374 435
3450 353 435
3460 362 435
3470 330 435
3480 329 435
3490 340 435
3500 311 435
3510 351 435
3520 335 435
3530 369 435
3540 336 435
3550 313 435
3560 355 435
3570 371 435
3580 382 435
3590 410 435
3600 410 435
3610 434 439
3620 469 473
3630 457 495
3640 416 495
3650 458 495
3660 441 495
3670 452 495
3680 401 495
3690 435 495
3700 466 495
3710 479 495
3720 472 505
3730 410 505
3740 410 505
3750 461 505
3760 468 505
3770 438 535
3780 422 535
3790 477 535
3800 422 535
3810 470 535
3820 447 535
3830 412 535
3840 442 535
3850 472 535
3860 450 535
3870 443 535
3880 434 535
3890 434 535
3900 435 535
3910 414 535
3920 427 535
3930 506 545
3940 441 545
3950 439 545
3960 479 545
3970 458 545
3980 419 545
3990 417 545
4000 400 545
4010 426 545
4020 388 545
4030 389 545
4040 519 545
4050 444 545
4060 424 545
4070 456 545
4080 407 545
4090 407 545
4100 392 545
4110 428 545
4120 429 545
4130 423 545
4140 392 545
4150 490 545
4160 429 545
4170 427 545
4180 459 545
4190 493 545
4200 487 545
4210 529 545
4220 480 545
4230 504 545
4240 518 545
4250 536 545
4260 528 552
4270 520 552
4280 552 608
4290 526 608
4300 529 608
4310 545 608
4320 531 608
4330 603 608
4340 575 629
4350 555 629
4360 549 629
4370 522 629
4380 532 629
4390 529 629
4400 506 629
4410 508 629
4420 500 629
4430 490 629
4440 489 629
4450 536 629
4460 562 629
4470 615 649
4480 574 649
4490 546 649
4500 561 649
4510 544 649
4520 481 649
4530 547 649
4540 582 649
4550 541 649
4560 527 649
4570 545 649
4580 514 649
4590 550 649
4600 533 649
4610 493 649
4620 523 649
4630 487 649
4640 494 649
4650 442 649
4660 485 649
4670 480 649
4680 503 649
4690 512 649
4700 593 649
4710 553 649
4720 531 649
4730 530 649
4740 527 649
4750 522 649
4760 554 649
4770 378 649
4780 211 649
4790 39 649
4800 4 649
4810 1 649
4820 0 649
4824 0 649
