10 0 0
20 8 8
30 16 8
40 18 2
50 16 -2
60 23 7
70 20 -3
80 15 -5
90 14 -1
100 13 -1
110 15 2
120 14 -1
130 34 20
140 39 5
150 39 0
160 41 2
170 52 11
180 40 -12
190 33 -7
200 35 2
210 51 16
220 48 -3
230 41 -7
240 49 8
250 52 3
260 47 -5
270 49 2
280 45 -4
290 43 -2
300 45 2
310 55 10
320 49 -6
330 45 -4
340 50 5
350 52 2
360 59 7
370 63 4
380 87 24
390 93 6
400 80 -13
410 66 -14
420 79 13
430 75 -4
440 68 -7
450 63 -5
460 78 15
470 83 5
480 89 6
490 75 -14
500 96 21
510 92 -4
520 110 18
530 109 -1
540 116 7
550 112 -4
560 118 6
570 108 -10
580 95 -13
590 108 13
600 109 1
610 106 -3
620 129 23
630 125 -4
640 138 13
650 125 -13
660 128 3
670 131 3
680 139 8
690 155 16
700 149 -6
710 143 -6
720 160 17
730 161 1
740 163 2
750 165 2
760 159 -6
770 156 -3
780 149 -7
790 146 -3
800 133 -13
810 127 -6
820 144 17
830 132 -12
840 125 -7
850 114 -11
860 117 3
870 118 1
880 113 -5
890 137 24
900 187 50
910 217 30
920 220 3
930 233 13
940 242 9
950 245 3
960 272 27
970 266 -6
980 279 13
990 288 9
1000 309 21
1010 309 0
1020 291 -18
1030 275 -16
1040 260 -15
1050 253 -7
1060 260 7
1070 263 3
1080 277 14
1090 287 10
1100 281 -6
1110 283 2
1120 266 -17
1130 267 1
1140 264 -3
1150 250 -14
1160 283 33
1170 278 -5
1180 292 14
1190 325 33
1200 348 23
1210 403 55
1220 436 33
1230 449 13
1240 471 22
1250 498 27
1260 522 24
1270 540 18
1280 575 35
1290 573 -2
1300 611 38
1310 576 -35
1320 593 17
1330 571 -22
1340 570 -1
1350 566 -4
1360 546 -20
1370 572 26
1380 557 -15
1390 529 -28
1400 508 -21
1410 518 10
1420 507 -11
1430 534 27
1440 551 17
1450 541 -10
1460 540 -1
1470 523 -17
1480 522 -1
1490 524 2
1500 514 -10
1510 525 11
1520 537 12
1530 560 23
1540 575 15
1550 619 44
1560 592 -27
1570 590 -2
1580 552 -38
1590 526 -26
1600 535 9
1610 552 17
1620 592 40
1630 602 10
1640 625 23
1650 609 -16
1660 563 -46
1670 541 -22
1680 546 5
1690 533 -13
1700 536 3
1710 556 20
1720 566 10
1730 587 21
1740 570 -17
1750 558 -12
1760 545 -13
1770 524 -21
1780 545 21
1790 529 -16
1800 559 30
1810 537 -22
1820 546 9
1830 513 -33
1840 553 40
1850 574 21
1860 575 1
1870 581 6
1880 577 -4
1890 576 -1
1900 544 -32
1910 564 20
1920 557 -7
1930 581 24
1940 585 4
1950 586 1
1960 583 -3
1970 569 -14
1980 557 -12
1990 570 13
2000 531 -39
2010 548 17
2020 558 10
2030 582 24
2040 601 19
2050 618 17
2060 616 -2
2070 631 15
2080 581 -50
2090 609 28
2100 618 9
2110 598 -20
2120 651 53
2130 675 24
2140 662 -13
2150 689 27
2160 676 -13
2170 655 -21
2180 664 9
2190 646 -18
2200 626 -20
2210 680 54
2220 635 -45
2230 641 6
2240 668 27
2250 638 -30
2260 659 21
2270 660 1
2280 624 -36
2290 651 27
2300 697 46
2310 681 -16
2320 712 31
2330 757 45
2340 722 -35
2350 775 53
2360 751 -24
2370 706 -45
2380 764 58
2390 858 94
2400 937 79
2410 932 -5
2420 952 20
2430 958 6
2440 974 16
2450 981 7
2460 990 9
2470 1003 13
2480 1010 7
2490 1011 1
2500 1020 9
2510 1018 -2
2520 1017 -1
2530 1024 7
2540 1042 18
2550 1047 5
2560 1035 -12
2570 1041 6
2580 1049 8
2590 1062 13
2600 1061 -1
2610 1056 -5
2620 1047 -9
2630 1044 -3
2640 1042 -2
2650 1053 11
