10 0.1 14.1630859375 0.0 14.1630859375 14.1630859375 0 0
20 0.8 0.746978759765625 0.10017354461053235 14.1630859375 0.577880859375 14.1630859375 1
30 1.1 0.7025257457386364 0.09924654853893379 14.1630859375 0.515869140625 2.2376573350694446 9
40 0.7 0.7301548549107143 0.14935197235923675 14.1630859375 0.515869140625 1.3933349609375 20
50 1 0.7107666015625 0.10739135586087356 14.1630859375 0.48486328125 1.2213993778935186 27
60 1.6 0.7119140625 0.08314892610956365 14.1630859375 0.48486328125 1.0833905194256757 37
70 1.1 0.7181729403409091 0.12294710296069819 14.1630859375 0.48486328125 0.9712466833726415 53
80 0.8 0.75665283203125 0.11193706216199348 14.1630859375 0.48486328125 0.9277496337890625 64
90 1 0.734619140625 0.13348001021838127 14.1630859375 0.48486328125 0.9087388780381944 72
100 0.7 0.87939453125 0.1943348859223164 14.1630859375 0.48486328125 0.8875047637195121 82
110 1.2 0.7232259114583334 0.11514827866888432 14.1630859375 0.48486328125 0.8868668802668539 89
120 0.8 0.64666748046875 0.05875282945312584 14.1630859375 0.48486328125 0.8674243889232673 101
130 3.1 3.099058089717742 5.376419658997532 20.412109375 0.48486328125 0.8512220470183486 109
140 1.9 1.126747532894737 2.1716634310959986 20.412109375 0.48486328125 1.3489571707589285 140
150 1.9 0.6598478618421053 0.10520031897976628 20.412109375 0.48486328125 1.3224038178066038 159
160 2.4 0.6514790852864584 0.09226593891703747 20.412109375 0.48486328125 1.2516815528441012 178
170 2.9 0.9890389278017241 1.6554795998730558 20.412109375 0.48486328125 1.1803703685798268 202
180 1.8 1.2198486328125 2.249138563062878 20.412109375 0.48486328125 1.1563504041531385 231
190 1.3 0.7675969050480769 0.19522361403128755 20.412109375 0.48486328125 1.1609406375502007 249
200 2.1 0.8063616071428571 0.30015267360345305 20.412109375 0.48486328125 1.1414235821207062 262
210 2.6 0.6456392728365384 0.18657096206060944 20.412109375 0.44384765625 1.1165603260269434 283
220 1.9 0.7009662828947368 0.11550072882276032 20.412109375 0.44384765625 1.0769359008394013 309
230 1.9 0.6815249794407895 0.10194874476330433 20.412109375 0.44384765625 1.0551571729706555 328
240 2.5 1.13201171875 2.2417611049863293 20.412109375 0.44384765625 1.0346989260626802 347
250 2.9 1.088774582435345 2.17965919478494 20.412109375 0.44384765625 1.0412387642809142 372
260 2.5 0.683466796875 0.11757173985984844 20.412109375 0.44384765625 1.0446765167160228 401
270 3.2 1.0320892333984375 2.083306718938176 20.412109375 0.44384765625 1.0234787632042257 426
280 2.7 1.3780201099537037 2.5133619070629534 20.412109375 0.44384765625 1.0240803681086248 458
290 1.9 0.6751773231907895 0.1054189573666579 20.412109375 0.44384765625 1.0437842300257736 485
300 2.6 0.6516770582932693 0.09455539222157539 20.412109375 0.44384765625 1.0298883347284231 504
310 3.7 0.9334881756756757 1.6000400904482346 20.412109375 0.44384765625 1.011334573997642 530
320 3.5 1.1305454799107142 1.9818377813586137 20.412109375 0.44384765625 1.0062546502976195 567
330 2.7 0.6838559751157407 0.17755850979671947 20.412109375 0.44384765625 1.0134808613216366 602
340 2.4 1.0993754069010417 1.9331433301141085 20.412109375 0.44091796875 0.9993316213732119 629
350 2.7 0.6546947337962963 0.10957471885689868 20.412109375 0.44091796875 1.0030085752057813 653
360 2.9 0.983221646012931 1.7859684261086248 20.412109375 0.44091796875 0.9891784667968754 680
370 3.8 0.9858526932565791 1.829130725731435 20.412109375 0.44091796875 0.9889348168635406 709
380 5.2 0.8352801983173077 1.5668972368697471 20.412109375 0.44091796875 0.9887780287817941 747
390 4.5 1.8805121527777784 3.812652290752121 20.620849609375 0.44091796875 0.9787881824937424 799
400 3.5 0.944614955357143 1.619384051194064 20.620849609375 0.43701171875 1.0268658823311614 844
410 2.5 1.87224609375 4.248812247255494 20.620849609375 0.43701171875 1.0235908169795225 879
420 4.8 1.0461680094401042 1.9404996455466923 20.620849609375 0.43701171875 1.0470602660052546 904
430 3.3 0.6954456676136364 0.155733283998317 20.620849609375 0.43701171875 1.0470152782792805 952
440 3 0.6187581380208333 0.09264514677163485 20.620849609375 0.43701171875 1.035236804013325 985
450 3.1 0.6380024571572582 0.09649947612832284 20.620849609375 0.43701171875 1.022927089747537 1015
460 4.5 0.8464626736111112 1.4455326993729913 20.620849609375 0.43701171875 1.0115191895464868 1046
470 4.5 0.6348795572916668 0.18743808995809436 20.620849609375 0.43603515625 1.0047111755986482 1091
480 4.6 1.279036812160326 2.4215430233624295 20.620849609375 0.43603515625 0.9900611555072625 1136
490 4.1 0.979468368902439 1.8511115569033743 20.620849609375 0.43603515625 1.0013072470521365 1182
500 5.5 1.6830433238636364 3.0315095127989187 20.620849609375 0.43603515625 1.000575117858238 1223
510 4.7 1.0675126745345742 2.8514081138109315 20.620849609375 0.43603515625 1.029945815299785 1278
520 6.5 0.9153771033653846 1.6751944571899533 20.620849609375 0.4248046875 1.0312783755896227 1325
530 5.3 1.0662588443396228 2.2274983829663952 20.620849609375 0.4248046875 1.0258585319244604 1390
540 6.1 0.756311635502049 1.230621612556033 20.620849609375 0.4248046875 1.0273423964830215 1443
550 5.3 0.7127478257665094 0.6233320570032042 20.620849609375 0.4248046875 1.0163497924804688 1504
560 5.8 1.1985915611530173 2.2230584969563023 20.620849609375 0.4248046875 1.0060152361311818 1557
570 5.7 1.3729355126096492 3.2601554451448775 20.620849609375 0.4248046875 1.0129312899090557 1615
580 4.2 0.8628917875744048 1.472805921978747 20.620849609375 0.423828125 1.0252041611374851 1672
590 6.1 1.275270555840164 2.921713213371434 20.620849609375 0.423828125 1.0212268450991833 1714
600 5.5 1.1090953480113632 2.6008281892676908 20.620849609375 0.423828125 1.0299573613556339 1775
610 6.1 0.853575659579918 1.228322219095001 20.620849609375 0.423828125 1.0323358254354509 1830
620 7.4 1.1026611328125 2.163995062013359 20.620849609375 0.423828125 1.0265693684723693 1891
630 7.6 0.781494140625 1.135904668135918 20.620849609375 0.419921875 1.0294349107426848 1965
640 6.9 1.0437896286231882 1.9893353775990381 20.620849609375 0.419921875 1.0202024273870043 2041
650 5.8 0.8075330010775862 1.2818596230597037 20.620849609375 0.419921875 1.0209737624037327 2110
660 5.6 0.9033944266183036 1.3529965024410633 20.620849609375 0.419921875 1.0152636313350443 2168
670 6.7 1.9716432486007462 3.9256300377237507 20.620849609375 0.419921875 1.0124467808565651 2224
680 7.6 0.9012162057976976 2.1649530322600428 20.620849609375 0.419921875 1.040498358045068 2291
690 7.7 1.0173656909496753 2.4880162674030384 20.620849609375 0.419921875 1.036026265281739 2367
700 6.1 0.8084936923668032 1.267739727338501 20.620849609375 0.419921875 1.0354383502966453 2444
710 5.5 1.374267578125 3.1663630473068367 20.620849609375 0.419921875 1.0299119534368768 2505
720 7.8 0.80043694911859 1.156187922552692 20.620849609375 0.419921875 1.0373102188110357 2560
730 6.9 0.9662378283514492 1.8381963464692592 20.620849609375 0.419921875 1.0303063844531848 2638
740 6.6 1.2864213423295454 2.9369424884584214 20.620849609375 0.419921875 1.0286733108030113 2707
750 6.8 1.140603458180147 2.4396292622326814 20.620849609375 0.419921875 1.034807955621169 2773
760 6.3 1.0818026103670633 1.854659039048222 20.620849609375 0.419921875 1.037340195738737 2841
770 7 1.4451171875000002 3.334043288448241 20.620849609375 0.419921875 1.0383047729155912 2904
780 6.4 0.9281806945800781 1.6357839730204653 20.620849609375 0.419921875 1.0478800483093063 2974
790 7.2 1.3194817437065973 2.6844100523968373 20.620849609375 0.419921875 1.0453584029377887 3038
800 6.5 1.0223707932692305 2.0968306019155234 20.620849609375 0.419921875 1.0517046667755232 3110
810 6.1 0.6408171106557377 0.11140881869711654 20.620849609375 0.419921875 1.051104130782481 3175
820 8.6 0.7160758085029068 1.0497172447461753 20.620849609375 0.419921875 1.0433700429494368 3236
830 6 1.0367879231770833 1.8541467557464897 20.620849609375 0.419921875 1.034897043502597 3322
840 5.1 0.6248420266544116 0.0914343127544482 20.620849609375 0.419921875 1.0349305895642378 3382
850 6.3 1.4745318700396826 2.644920736987402 20.620849609375 0.419921875 1.028838391280404 3433
860 6.1 0.7901111039959017 1.2509074070513524 20.620849609375 0.419921875 1.0368700529399677 3496
870 7.4 0.9222445101351351 1.607890257869063 20.620849609375 0.419921875 1.0326383138661448 3557
880 5.5 1.1092507102272724 2.3121562045519357 20.620849609375 0.419921875 1.0303884814574158 3631
890 7.3 1.8789564158818493 3.7056697063708977 20.620849609375 0.419921875 1.0315652103186046 3686
900 10.8 1.6104758933738426 3.8687816547272678 20.620849609375 0.419921875 1.0480215971252331 3759
910 10.3 1.2176881067961165 2.833856193435398 21.176025390625 0.419921875 1.0637301732811293 3867
920 10.4 1.0866628793569713 2.403195023968103 21.176025390625 0.419921875 1.0677245478786213 3970
930 10.2 0.8502843520220589 1.023566205066733 21.176025390625 0.419921875 1.0682080006213186 4074
940 10 1.2670312499999994 2.675918150162158 21.176025390625 0.419921875 1.0628851528825436 4176
950 9.4 1.0835038854720744 1.856890840358176 21.176025390625 0.419921875 1.0676593834044672 4276
960 11.2 0.8818446568080357 1.0981195360981508 21.176025390625 0.419921875 1.068000203357409 4370
970 8.8 1.1267700195312502 2.0213032387089647 21.176025390625 0.419921875 1.0633483913954433 4482
980 10.6 1.5681382665094346 3.204485841346884 21.176025390625 0.419921875 1.0645696393770518 4570
990 9.6 0.8780136108398438 1.0345772280398757 21.176025390625 0.419921875 1.0759850103086241 4676
1000 11.8 1.2961694749735164 2.9243436929635793 21.721923828125 0.419921875 1.0720023501349019 4772
1010 10.8 1.2339115849247686 2.1977096427826486 21.721923828125 0.419921875 1.0774116999776333 4890
1020 9.5 1.4689350328947368 3.027183022802657 21.721923828125 0.419921875 1.0807934501925773 4998
1030 9.7 1.0138908464884033 1.3955002566679868 21.721923828125 0.419921875 1.0880334757878465 5093
1040 8.5 0.9390251608455882 1.1619446926557162 21.721923828125 0.419921875 1.0866477657604772 5190
1050 9 1.2507052951388888 3.3823005969164806 26.3359375 0.419921875 1.0842690128850714 5275
1060 10.1 1.132437828743812 2.5495886517375244 26.3359375 0.419921875 1.0870610474429174 5365
1070 9.7 0.7207182264819587 0.3404186349477195 26.3359375 0.419921875 1.0878995133981664 5466
1080 10.2 0.9004337086397062 1.7890369892667197 26.3359375 0.419921875 1.0814971073527104 5563
1090 9.9 1.4985820115214643 2.804792870577883 26.3359375 0.419921875 1.0782370073229264 5665
1100 10.3 1.0261348983616507 2.7142462977927564 26.6669921875 0.419921875 1.085456673425573 5764
1110 10.5 0.7433710007440476 0.5234991266764866 26.6669921875 0.419921875 1.0844152309794193 5867
1120 9 0.8884304470486111 1.4423693310251309 26.6669921875 0.419921875 1.0784189744196881 5972
1130 9.3 0.9636230468749997 1.9357235793503837 26.6669921875 0.419921875 1.075598293544829 6062
1140 9.5 0.9676346628289474 1.7028706372726552 26.6669921875 0.419921875 1.073906384862409 6155
1150 9 0.971053059895833 1.7347441336972125 26.6669921875 0.419921875 1.0722910546875004 6250
1160 11.4 1.0723791289747804 2.6645713387682317 26.6669921875 0.419921875 1.0708539222693223 6340
1170 9.3 0.7813025033602148 1.0405835867622377 26.6669921875 0.419921875 1.070880862703847 6454
1180 11.5 1.0484014096467387 2.2694797638988287 26.6669921875 0.419921875 1.0667674080805145 6547
1190 14 1.1865461077008927 2.718358851217563 26.6669921875 0.404052734375 1.0664503726827534 6662
1200 13.9 0.8730029648156474 1.2039706682255116 26.6669921875 0.404052734375 1.0689222049236444 6802
1210 15.8 1.3179498986352847 2.798470224937548 26.6669921875 0.404052734375 1.0649987393747304 6941
1220 14.8 1.0972075591216213 2.250064425801536 26.6669921875 0.404052734375 1.0706285862775573 7099
1230 15.4 1.10214748630276 2.21937754660017 26.6669921875 0.404052734375 1.0711713885379301 7247
1240 14.2 1.8315687582526408 3.9937200341524024 26.6669921875 0.404052734375 1.0718159391467375 7401
1250 15.7 1.2394381966560506 2.5206570251199927 26.6669921875 0.404052734375 1.0861185906531723 7543
1260 15 1.349181315104167 2.830763126126775 26.6669921875 0.404052734375 1.0892447176846596 7700
1270 14.8 1.5463949667440877 4.654110047990052 52.2490234375 0.404052734375 1.0942116590366247 7850
1280 17 1.1463206571691176 2.52576354817356 52.2490234375 0.404052734375 1.1025791420999786 7998
1290 14 1.5879464285714286 3.1371218737821898 52.2490234375 0.404052734375 1.1034895311256585 8168
1300 16.9 1.056821202385355 1.7079013065727158 52.2490234375 0.404052734375 1.1116532246310036 8308
1310 14.5 1.4215332031249999 3.06838763457993 52.2490234375 0.404052734375 1.1105600770835793 8477
1320 15.4 0.7495006214488639 0.32792998948292457 52.2490234375 0.404052734375 1.1157898501380916 8622
1330 15.9 1.1278406299135222 2.5666849574965167 52.2490234375 0.404052734375 1.1093622588415852 8776
1340 15.8 1.3077639809137656 2.5676361888539807 52.2490234375 0.404052734375 1.1096910849188586 8935
1350 14.5 1.7929468615301725 5.508995593093303 56.037841796875 0.404052734375 1.1131328002567225 9093
1360 13.4 1.2848264779617535 2.5642498584221416 56.037841796875 0.404052734375 1.1238031876657557 9238
1370 15.8 1.392948971518987 2.9110456108576725 56.037841796875 0.404052734375 1.1261054839632016 9372
1380 15.9 1.1026542231721699 2.114204036447373 56.037841796875 0.404052734375 1.1305295417841683 9530
1390 12.6 1.2614610460069449 2.949366638059896 56.037841796875 0.404052734375 1.1300720977074517 9689
1400 13.2 1.4933693625710227 3.451848162894687 56.037841796875 0.404052734375 1.1317588024945873 9815
1410 15.5 1.0904359879032253 1.8172174538713541 56.037841796875 0.404052734375 1.1365574949576505 9947
1420 13.5 1.1337962962962962 2.4292902538145715 56.037841796875 0.404052734375 1.1358498297830875 10102
1430 16.7 1.3706624836264962 3.0293996639632423 56.037841796875 0.404052734375 1.1358227488979926 10237
1440 16.4 0.9032979825647866 1.2978221529123475 56.037841796875 0.404052734375 1.1395922832789673 10404
1450 13.1 0.9510246451574428 1.3533040540360477 56.037841796875 0.404052734375 1.1359253391725022 10568
1460 13.6 1.4043489343979783 2.367023350945394 56.037841796875 0.404052734375 1.1336613901196961 10699
1470 14.2 0.771914200044014 0.7257058227100288 56.037841796875 0.404052734375 1.137059037191394 10835
1480 13.4 1.4668588211287314 3.5455497328650525 56.037841796875 0.404052734375 1.132335472749841 10977
1490 14.9 1.2835619625629187 2.863427910616266 56.037841796875 0.404052734375 1.1363698646752096 11111
1500 14.5 1.0560597386853445 2.1652487562935767 56.037841796875 0.404052734375 1.1383176109083595 11260
1510 15.5 1.2179671748991936 2.3822655663774275 56.037841796875 0.40185546875 1.137271807184349 11405
1520 15.7 1.2329661375398087 2.0638070466234644 56.037841796875 0.40185546875 1.1383537952462697 11560
1530 15 1.3342008463541661 2.597720259263456 56.037841796875 0.40185546875 1.1396215376496226 11717
1540 17.3 1.0576327108923405 2.325853857018118 56.037841796875 0.40185546875 1.142081038475921 11867
1550 16.6 1.0933602574359935 2.66236397414724 56.037841796875 0.40185546875 1.1408676198154593 12040
1560 13.9 0.988189916816547 1.4855629013206977 56.037841796875 0.40185546875 1.1402215259145096 12206
1570 13.5 1.9384819878472217 5.9013968225481 62.10009765625 0.40185546875 1.1385097078776838 12345
1580 14.1 1.6256510416666667 4.7401386087338935 62.10009765625 0.40185546875 1.1471632541754313 12480
1590 14.4 1.3603566487630208 2.8426633411095477 62.10009765625 0.40185546875 1.152508851040677 12621
1600 15 1.0910579427083333 1.8815448990203643 62.10009765625 0.40185546875 1.1548535500514108 12765
1610 14.9 1.0456952600671148 2.102282516884706 62.10009765625 0.40185546875 1.1541126022309338 12915
1620 17.3 1.0349389225072254 1.661431057960864 62.10009765625 0.40185546875 1.1528760602849442 13064
1630 16.3 3.478424259490028 10.988998730402608 87.615966796875 0.40185546875 1.1513346895184906 13237
1640 14.4 1.1650848388671875 2.3028065653278755 87.615966796875 0.40185546875 1.1796418238397863 13400
1650 15.9 1.4727145980738992 4.714720573339004 87.615966796875 0.40185546875 1.1794870537691975 13544
1660 14.3 1.2117433347902098 2.1051882085058407 87.615966796875 0.40185546875 1.1828894605081923 13703
1670 14.4 1.6981777615017357 3.6505557686717585 87.615966796875 0.40185546875 1.183187460220913 13846
1680 14 1.0352172851562493 1.6852974702250734 87.615966796875 0.40185546875 1.1884882896265196 13990
1690 13.9 1.6334044092850715 3.8963637892725056 87.615966796875 0.40185546875 1.1869696809481165 14130
1700 14.9 1.035467570260067 1.9899807492167716 87.615966796875 0.40185546875 1.1913185790656327 14269
1710 17 0.9467859604779412 1.454684733105182 87.615966796875 0.40185546875 1.1897079673086601 14418
1720 15.6 1.8076970027043269 4.214154346445013 87.615966796875 0.40185546875 1.1868770966505011 14588
1730 16.9 1.2596847263313602 2.47495014677322 87.615966796875 0.40185546875 1.1934457283206312 14744
1740 14.4 0.9941796196831602 1.4982041398840005 87.615966796875 0.40185546875 1.1941963747810223 14913
1750 13.8 1.1140826681385867 2.0283146886508914 87.615966796875 0.40185546875 1.1922834829211504 15057
1760 13.1 1.1738430343511457 2.407544056260021 87.615966796875 0.40185546875 1.1915732682163136 15195
1770 12.7 1.5989557701771653 3.281584688628586 87.615966796875 0.40185546875 1.1914217178681252 15326
1780 15.3 1.0970371221405226 2.2076124495852567 87.615966796875 0.40185546875 1.1947710238050466 15453
1790 14.6 1.4466619622217465 3.060800319620008 87.615966796875 0.40185546875 1.1938128482985317 15606
1800 16.4 1.7112486304306402 3.4785787609633196 87.615966796875 0.40185546875 1.1961564218531782 15752
1810 13 0.8346360426682692 0.8903381582728829 87.615966796875 0.40185546875 1.2014639816801889 15916
1820 15 0.8334374999999998 1.1370305516783088 87.615966796875 0.40185546875 1.1984920489822237 16046
1830 13.5 0.8629484953703701 0.9578512511596915 87.615966796875 0.40185546875 1.1951110794621365 16196
1840 16.1 0.8763723432647518 1.1070568822724314 87.615966796875 0.40185546875 1.1923652617625229 16331
1850 15.4 1.2135659750405845 2.660591336930194 87.615966796875 0.40185546875 1.1892804412508724 16492
1860 14 1.0582728794642857 1.5548652550280977 87.615966796875 0.40185546875 1.1895051181824845 16646
1870 14.9 0.8322032954068791 1.0093815570948435 87.615966796875 0.40185546875 1.1884106040980957 16786
1880 15.1 1.3575770902317876 2.718528872064871 87.615966796875 0.40185546875 1.1852765687278572 16935
1890 16.1 1.3093307210791922 2.505644958351081 87.615966796875 0.40185546875 1.1867992995453156 17086
1900 13.8 0.9527782495471017 1.1195671286409405 87.615966796875 0.40185546875 1.187943125072477 17247
1910 14.8 1.271971006651182 2.705466241133233 87.615966796875 0.40185546875 1.1860764151028191 17385
1920 16.1 0.9306140212538824 1.521671493829936 87.615966796875 0.40185546875 1.1868014706865275 17533
1930 15.2 1.4032014545641447 2.346721553629446 87.615966796875 0.39990234375 1.1844703878698293 17694
1940 15 1.1600862630208337 1.9469172355958146 87.615966796875 0.39990234375 1.1863333892223753 17846
1950 15 1.9515315755208338 6.332011496109465 87.615966796875 0.39990234375 1.1861146145541028 17996
1960 13.5 1.0216435185185186 1.5614260347536517 87.615966796875 0.39990234375 1.19244176897629 18146
1970 14.2 1.5803893183318662 2.661979550503012 87.615966796875 0.39990234375 1.1911804723397932 18281
1980 14.7 1.2190838249362244 2.407405710382508 87.615966796875 0.39990234375 1.1941803993946092 18423
1990 15.6 1.2457103240184297 2.5792276666980443 87.615966796875 0.39990234375 1.1943775347502699 18570
2000 13.8 0.9971127717391313 1.4582108649310166 87.615966796875 0.39990234375 1.1948051709312926 18726
2010 15.6 1.0676394731570513 1.7291973822037146 87.615966796875 0.39990234375 1.1933589479092126 18864
2020 15.2 0.8762704949629935 0.9472852692820963 87.615966796875 0.39990234375 1.192327810261403 19020
2030 15.7 0.8790244327229301 1.1397116117795638 87.615966796875 0.39990234375 1.1898220355939004 19172
2040 15.4 1.1320943460836044 2.168077300745968 87.615966796875 0.39990234375 1.1872975788889109 19329
2050 16.2 2.383888527199074 6.639652337793147 87.615966796875 0.39990234375 1.1868612344936935 19483
2060 14.4 1.3830735948350692 2.4105932478510956 87.615966796875 0.39990234375 1.1967323681876754 19645
2070 12.5 1.63244921875 3.3824127335461194 87.615966796875 0.39990234375 1.1980883304210992 19789
2080 14.8 1.609495420713683 3.4884119751968883 87.615966796875 0.39990234375 1.200814809834633 19914
2090 16.1 1.332123750485248 2.6684033807544374 87.615966796875 0.39990234375 1.203829700195021 20062
2100 16.1 1.2864785520186335 3.632199959012523 87.615966796875 0.39990234375 1.2048510789269957 20223
2110 13.8 1.1830010897871377 2.355445852149375 87.615966796875 0.39990234375 1.2054958014136399 20384
2120 14.4 1.1646999782986107 2.7132889792743415 87.615966796875 0.39990234375 1.2053445359324755 20522
2130 16.6 1.7107786615210843 3.850955873025662 87.615966796875 0.39990234375 1.2050613260079968 20666
2140 13.7 0.9119436445027371 1.2657336724171713 87.615966796875 0.39990234375 1.2090911396454378 20832
2150 16.4 1.6038624833269821 2.945764064506067 87.615966796875 0.39990234375 1.2071497401111468 20969
2160 16.1 1.3943932574728264 2.889264987451811 87.615966796875 0.39990234375 1.210228379674266 21133
2170 13 1.6829195462740394 3.3737329455937126 87.615966796875 0.39990234375 1.2116208162914148 21294
2180 16.3 1.3691795676763798 2.5582129377937033 87.615966796875 0.39990234375 1.2144806386820861 21424
2190 16 1.1895675659179674 2.4821975081262964 87.615966796875 0.39990234375 1.2156487456643472 21587
2200 14.1 1.323399753435283 2.4357682981251956 87.615966796875 0.39990234375 1.215456857644877 21747
2210 17.5 1.2159709821428575 3.9998625683739695 87.615966796875 0.39990234375 1.2161522134702811 21888
2220 11.9 1.371319426207983 2.463148006069547 87.615966796875 0.39990234375 1.2161507759739163 22063
2230 15.6 2.5085809169671474 8.706407641755542 89.614990234375 0.39990234375 1.2169832108029603 22182
2240 15.8 1.0306319224683544 1.587863312958358 89.614990234375 0.39990234375 1.226003232387776 22338
2250 15.1 0.9740418693087748 1.3189735930736814 89.614990234375 0.39990234375 1.224631047689729 22496
2260 15.2 1.5652690686677628 4.4538597994262235 89.614990234375 0.39990234375 1.2229602318670805 22647
2270 13.3 1.45322228912124 4.235183829495295 89.614990234375 0.39990234375 1.2252423908737784 22799
2280 14.5 1.378483634159483 2.7197422940183666 89.614990234375 0.39990234375 1.226564618610867 22932
2290 15.9 2.3650209438875773 6.358780337315529 89.614990234375 0.39990234375 1.227519173243382 23077
2300 15 1.212176106770833 2.156426595025518 89.614990234375 0.39990234375 1.2353029045883823 23236
2310 15.5 1.7254788306451614 3.138675723198741 89.614990234375 0.39990234375 1.2351545671355202 23386
2320 17.8 1.3155202115519669 2.695392089742561 89.614990234375 0.39990234375 1.2383829882240038 23541
2330 14.4 1.180148654513889 2.559347859216455 89.614990234375 0.39990234375 1.2389618670027205 23719
2340 14.4 1.899242824978299 3.8073850541852967 89.614990234375 0.39990234375 1.2386069618106494 23863
2350 15.9 1.933619853085693 4.191824146100943 89.614990234375 0.39990234375 1.242569621213996 24007
2360 13.8 1.1785251783288044 1.9201764798227086 89.614990234375 0.39990234375 1.2471163805811896 24166
2370 11.7 1.0345114683493586 1.3461420584140424 89.614990234375 0.39990234375 1.2467269144064517 24304
2380 16 1.2799041748046878 2.3653750770714255 89.614990234375 0.39990234375 1.245710198989856 24421
2390 17.3 0.9635143831286127 1.8907463078483957 89.614990234375 0.39990234375 1.2459327707375625 24581
2400 19.3 1.200855630667099 2.5932917557834836 89.614990234375 0.39990234375 1.243959013726318 24754
2410 8.5 1522.1553050321695 2334.7463685969337 9029.90283203125 0.39990234375 1.2436255486631669 24947
2420 7.9 3045.9133517108385 3499.660474629436 9032.693115234375 0.39990234375 6.408114712777023 25032
2430 6.2 3735.4987517326117 3727.5266725892166 9032.693115234375 0.39990234375 15.970494296339877 25111
2440 6.7 3186.844369461288 3847.3965236362005 9032.693115234375 0.39990234375 25.1315300076595 25173
2450 4.8 3633.857579549154 3524.1016246430477 9032.693115234375 0.39990234375 33.52434935169251 25240
2460 5 4872.301791992187 3845.5641501825207 9032.693115234375 0.39990234375 40.358262474496925 25288
2470 5.5 4593.5227139559665 3797.6863758995237 9032.693115234375 0.39990234375 49.89323668224357 25338
2480 4.7 4032.404769572806 3469.263172212488 9032.693115234375 0.39990234375 59.734516611753854 25393
2490 4.2 4082.1659109933044 3871.780746611035 9032.693115234375 0.39990234375 67.07396244073064 25440
2500 4.9 3878.6144919882017 3490.912221432384 9078.361083984375 0.39990234375 73.69172642468826 25482
2510 4.2 4084.340372721354 3872.92017697404 9078.361083984375 0.39990234375 80.99426904004261 25531
2520 3.5 3782.752357700893 3960.302368157385 9078.361083984375 0.39990234375 87.56919323175322 25573
2530 3.5 3436.9302525111607 3531.5010092595967 9078.361083984375 0.39990234375 92.61962320505921 25608
2540 5.2 5380.853586050178 3504.1835360643513 9078.361083984375 0.39990234375 97.18425573735705 25643
2550 4.8 5264.685063680013 3759.0249058361564 9078.361083984375 0.39990234375 107.8770288518255 25695
2560 3.9 5631.2238206129805 3615.5834219713283 9078.361083984375 0.39990234375 117.49233342672947 25743
2570 4.9 3498.100735411352 3233.86073729349 9078.361083984375 0.39990234375 125.8328627883098 25782
2580 4.5 4881.362006293402 3547.5020171186925 9078.361083984375 0.39990234375 132.2298712571468 25831
2590 5.6 4835.367174421038 3668.0574033600533 9078.361083984375 0.39990234375 140.48891230200041 25876
2600 3.8 5382.810810289885 3596.4027361708077 9078.361083984375 0.39990234375 150.62747402800173 25932
2610 4.3 4619.683712981468 3391.977354867447 9078.361083984375 0.39990234375 158.2833449089394 25970
2620 4.3 4337.018384356832 3628.564764815685 9078.361083984375 0.39990234375 165.65812735721983 26013
2630 3.6 4095.8511895073784 3696.2185641882775 9078.361083984375 0.39990234375 172.54208848137486 26056
2640 3.4 3185.8696145450367 3493.3910467443648 9078.361083984375 0.39990234375 177.955208504253 26092
2650 4.1 4255.8132919683685 3253.1580538864678 9078.361083984375 0.39990234375 181.86966497693868 26126
