10 0.1 6368.4453125 0 6368.4453125 6368.4453125 0 0
20 0.1 6367.86328125 0.0 6368.4453125 6367.86328125 6368.4453125 1
30 0.1 6359.9296875 0.0 6368.4453125 6359.9296875 6368.154296875 2
40 0.1 6356.55859375 0.0 6368.4453125 6356.55859375 6365.412760416667 3
50 0.1 6352.4296875 0.0 6368.4453125 6352.4296875 6363.19921875 4
60 0.1 6350.67578125 0.0 6368.4453125 6350.67578125 6361.0453125 5
70 0.1 6348.03125 0.0 6368.4453125 6348.03125 6359.317057291667 6
80 0.1 6344.8359375 0.0 6368.4453125 6344.8359375 6357.704799107143 7
90 0.1 6345.8203125 0.0 6368.4453125 6344.8359375 6356.09619140625 8
100 0.1 6353.76171875 0.0 6368.4453125 6344.8359375 6354.954427083333 9
110 0.1 6357.8828125 0.0 6368.4453125 6344.8359375 6354.83515625 10
120 0.1 6362.30078125 0.0 6368.4453125 6344.8359375 6355.112215909091 11
130 0.1 6364.609375 0.0 6368.4453125 6344.8359375 6355.711263020833 12
140 0.1 6365.0703125 0.0 6368.4453125 6344.8359375 6356.395733173077 13
150 0.1 6371.33984375 0.0 6371.33984375 6344.8359375 6357.015345982143 14
160 0.1 6377.43359375 0.0 6377.43359375 6344.8359375 6357.9703125 15
170 0.1 6373.98046875 0.0 6377.43359375 6344.8359375 6359.186767578125 16
180 0.1 6367.33203125 0.0 6377.43359375 6344.8359375 6360.056985294118 17
190 0.1 6363.80859375 0.0 6377.43359375 6344.8359375 6360.461154513889 18
200 0.1 6373.75 0.0 6377.43359375 6344.8359375 6360.637335526316 19
210 0.1 6385.20703125 0.0 6385.20703125 6344.8359375 6361.29296875 20
220 0.1 6392.48828125 0.0 6392.48828125 6344.8359375 6362.431733630952 21
230 0.1 6389.65625 0.0 6392.48828125 6344.8359375 6363.797940340909 22
240 0.1 6390.68359375 0.0 6392.48828125 6344.8359375 6364.922214673913 23
250 0.1 6394.46484375 0.0 6394.46484375 6344.8359375 6365.99560546875 24
260 0.1 6383.99609375 0.0 6394.46484375 6344.8359375 6367.134375 25
270 0.1 6364.89453125 0.0 6394.46484375 6344.8359375 6367.7829026442305 26
280 0.1 6349.4140625 0.0 6394.46484375 6344.8359375 6367.675925925926 27
290 0.1 6342.8359375 0.0 6394.46484375 6342.8359375 6367.023716517857 28
300 0.1 6346.13671875 0.0 6394.46484375 6342.8359375 6366.189655172414 29
310 0.1 6357.1171875 0.0 6394.46484375 6342.8359375 6365.521223958333 30
320 0.1 6356.3203125 0.0 6394.46484375 6342.8359375 6365.250126008064 31
330 0.1 6356.94921875 0.0 6394.46484375 6342.8359375 6364.9710693359375 32
340 0.1 6362.30078125 0.0 6394.46484375 6342.8359375 6364.727982954545 33
350 0.1 6369.8828125 0.0 6394.46484375 6342.8359375 6364.656594669118 34
360 0.1 6376.484375 0.0 6394.46484375 6342.8359375 6364.805915178571 35
370 0.1 6367.30859375 0.0 6394.46484375 6342.8359375 6365.130316840277 36
380 0.1 6345.8046875 0.0 6394.46484375 6342.8359375 6365.189189189189 37
390 0.1 6320.91796875 0.0 6394.46484375 6320.91796875 6364.679070723684 38
400 0.1 6294.3671875 0.0 6394.46484375 6294.3671875 6363.5569911858975 39
410 0.1 6282.140625 0.0 6394.46484375 6282.140625 6361.82724609375 40
420 0.1 6290.7734375 0.0 6394.46484375 6282.140625 6359.883669969512 41
430 0.1 6303.08203125 0.0 6394.46484375 6282.140625 6358.238188244048 42
440 0.1 6290.5546875 0.0 6394.46484375 6282.140625 6356.955486918605 43
450 0.1 6268.51171875 0.0 6394.46484375 6268.51171875 6355.446377840909 44
460 0.1 6265.03515625 0.0 6394.46484375 6265.03515625 6353.514496527778 45
470 0.1 6263.90625 0.0 6394.46484375 6263.90625 6351.591032608696 46
480 0.1 6262.8046875 0.0 6394.46484375 6262.8046875 6349.72539893617 47
490 0.1 6260.80859375 0.0 6394.46484375 6260.80859375 6347.91455078125 48
500 0.1 6259.8671875 0.0 6394.46484375 6259.8671875 6346.136878188776 49
510 0.1 6259.1015625 0.0 6394.46484375 6259.1015625 6344.411484375 50
520 0.1 6258.08203125 0.0 6394.46484375 6258.08203125 6342.738740808823 51
530 0.1 6257.421875 0.0 6394.46484375 6257.421875 6341.110727163462 52
540 0.1 6256.79296875 0.0 6394.46484375 6256.79296875 6339.531692216981 53
550 0.1 6255.9375 0.0 6394.46484375 6255.9375 6337.999493634259 54
560 0.1 6255.671875 0.0 6394.46484375 6255.671875 6336.507457386364 55
570 0.1 6255.1875 0.0 6394.46484375 6255.1875 6335.06396484375 56
580 0.1 6254.44921875 0.0 6394.46484375 6254.44921875 6333.662623355263 57
590 0.1 6254.54296875 0.0 6394.46484375 6254.44921875 6332.296875 58
600 0.1 6253.9140625 0.0 6394.46484375 6253.9140625 6330.979012182203 59
610 0.1 6253.41796875 0.0 6394.46484375 6253.41796875 6329.694596354167 60
620 0.1 6253.5390625 0.0 6394.46484375 6253.41796875 6328.444159836065 61
630 0.1 6253.00390625 0.0 6394.46484375 6253.00390625 6327.236013104839 62
640 0.1 6252.3515625 0.0 6394.46484375 6252.3515625 6326.057725694444 63
650 0.1 6252.42578125 0.0 6394.46484375 6252.3515625 6324.906066894531 64
660 0.1 6251.86328125 0.0 6394.46484375 6251.86328125 6323.790985576923 65
670 0.1 6251.61328125 0.0 6394.46484375 6251.61328125 6322.701171875 66
680 0.1 6251.85546875 0.0 6394.46484375 6251.61328125 6321.6401585820895 67
690 0.1 6250.7421875 0.0 6394.46484375 6250.7421875 6320.613913143382 68
700 0.1 6250.58984375 0.0 6394.46484375 6250.58984375 6319.601279438406 69
710 0.1 6250.34375 0.0 6394.46484375 6250.34375 6318.615401785714 70
720 0.1 6250.36328125 0.0 6394.46484375 6250.34375 6317.653829225352 71
730 0.1 6249.859375 0.0 6394.46484375 6249.859375 6316.71923828125 72
740 0.1 6249.5078125 0.0 6394.46484375 6249.5078125 6315.803349743151 73
750 0.1 6248.91796875 0.0 6394.46484375 6248.91796875 6314.90746410473 74
760 0.1 6249.33203125 0.0 6394.46484375 6248.91796875 6314.027604166667 75
770 0.1 6248.734375 0.0 6394.46484375 6248.734375 6313.176346628289 76
780 0.1 6248.62890625 0.0 6394.46484375 6248.62890625 6312.3394379058445 77
790 0.1 6248.41015625 0.0 6394.46484375 6248.41015625 6311.522636217948 78
800 0.1 6248.44921875 0.0 6394.46484375 6248.41015625 6310.723744066455 79
810 0.1 6248.3671875 0.0 6394.46484375 6248.3671875 6309.945312499999 80
820 0.1 6248.62109375 0.0 6394.46484375 6248.3671875 6309.185088734567 81
830 0.1 6248.48828125 0.0 6394.46484375 6248.3671875 6308.446503429877 82
840 0.1 6248.640625 0.0 6394.46484375 6248.3671875 6307.724115210843 83
850 0.1 6248.38671875 0.0 6394.46484375 6248.3671875 6307.020740327381 84
860 0.1 6241.0078125 0.0 6394.46484375 6241.0078125 6306.330928308824 85
870 0.1 6237.52734375 0.0 6394.46484375 6237.52734375 6305.571357194767 86
880 0.1 6235.21484375 0.0 6394.46484375 6235.21484375 6304.789242097701 87
890 0.1 6234.734375 0.0 6394.46484375 6234.734375 6303.998623934659 88
900 0.1 6234.3359375 0.0 6394.46484375 6234.3359375 6303.2203739466295 89
910 0.1 6234.2421875 0.0 6394.46484375 6234.2421875 6302.454991319444 90
920 0.1 6233.28125 0.0 6394.46484375 6233.28125 6301.705400068681 91
930 0.1 6232.29296875 0.0 6394.46484375 6232.29296875 6300.961659307065 92
940 0.1 6231.6875 0.0 6394.46484375 6231.6875 6300.223286290323 93
950 0.1 6230.8515625 0.0 6394.46484375 6230.8515625 6299.494182180851 94
960 0.1 6229.53515625 0.0 6394.46484375 6229.53515625 6298.7716282894735 95
970 0.1 6224.921875 0.0 6394.46484375 6224.921875 6298.0504150390625 96
980 0.1 6210.5625 0.0 6394.46484375 6210.5625 6297.296512564433 97
990 0.1 6199.796875 0.0 6394.46484375 6199.796875 6296.411471619898 98
1000 0.1 6200.0390625 0.0 6394.46484375 6199.796875 6295.435566603535 99
1010 0.1 6203.046875 0.0 6394.46484375 6199.796875 6294.4816015625 100
1020 0.1 6189.5390625 0.0 6394.46484375 6189.5390625 6293.576307240099 101
1030 0.1 6176.51171875 0.0 6394.46484375 6176.51171875 6292.556334252451 102
1040 0.1 6181.5703125 0.0 6394.46484375 6176.51171875 6291.4296875 103
1050 0.1 6181.50390625 0.0 6394.46484375 6176.51171875 6290.3733473557695 104
1060 0.1 6178.04296875 0.0 6394.46484375 6176.51171875 6289.336495535715 105
1070 0.1 6177.86328125 0.0 6394.46484375 6176.51171875 6288.2865566037735 106
1080 0.1 6177.91796875 0.0 6394.46484375 6176.51171875 6287.254563376168 107
1090 0.1 6176.8984375 0.0 6394.46484375 6176.51171875 6286.2421875 108
1100 0.1 6161.21875 0.0 6394.46484375 6161.21875 6285.239033830275 109
1110 0.1 6164.44921875 0.0 6394.46484375 6161.21875 6284.111576704546 110
1120 0.1 6164.37890625 0.0 6394.46484375 6161.21875 6283.033537443694 111
1130 0.1 6164.10546875 0.0 6394.46484375 6161.21875 6281.97412109375 112
1140 0.1 6163.52734375 0.0 6394.46484375 6161.21875 6280.931035674779 113
1150 0.1 6163.48828125 0.0 6394.46484375 6161.21875 6279.901178728071 114
1160 0.1 6163.171875 0.0 6394.46484375 6161.21875 6278.888892663043 115
1170 0.1 6152.56640625 0.0 6394.46484375 6152.56640625 6277.891332165948 116
1180 0.1 6136.984375 0.0 6394.46484375 6136.984375 6276.820178952991 117
1190 0.1 6137.703125 0.0 6394.46484375 6136.984375 6275.635129766949 118
1200 0.1 6137.6171875 0.0 6394.46484375 6136.984375 6274.476037289916 119
1210 0.1 6136.53125 0.0 6394.46484375 6136.53125 6273.335546875 120
1220 0.1 6136.1171875 0.0 6394.46484375 6136.1171875 6272.204932851239 121
1230 0.1 6134.65234375 0.0 6394.46484375 6134.65234375 6271.089459528688 122
1240 0.1 6114.96875 0.0 6394.46484375 6114.96875 6269.98021468496 123
1250 0.1 6115.5 0.0 6394.46484375 6114.96875 6268.730122227823 124
1260 0.1 6114.87109375 0.0 6394.46484375 6114.87109375 6267.50428125 125
1270 0.1 6114.6640625 0.0 6394.46484375 6114.6640625 6266.292906746032 126
1280 0.1 6100.265625 0.0 6394.46484375 6100.265625 6265.098978838582 127
1290 0.1 6090.72265625 0.0 6394.46484375 6090.72265625 6263.811218261719 128
1300 0.1 6090.50390625 0.0 6394.46484375 6090.50390625 6262.469446463178 129
1310 0.1 6089.3515625 0.0 6394.46484375 6089.3515625 6261.146634615385 130
1320 0.1 6088.84765625 0.0 6394.46484375 6088.84765625 6259.835221851145 131
1330 0.1 6093.140625 0.0 6394.46484375 6088.84765625 6258.539861505682 132
1340 0.1 6092.28125 0.0 6394.46484375 6088.84765625 6257.296258223684 133
1350 0.1 6092.1875 0.0 6394.46484375 6088.84765625 6256.064802938433 134
1360 0.1 6091.75 0.0 6394.46484375 6088.84765625 6254.850896990741 135
1370 0.1 6065.9921875 0.0 6394.46484375 6065.9921875 6253.651625689338 136
1380 0.1 6066.2734375 0.0 6394.46484375 6065.9921875 6252.281848768248 137
1390 0.1 6065.69921875 0.0 6394.46484375 6065.69921875 6250.933961730072 138
1400 0.1 6066.3203125 0.0 6394.46484375 6065.69921875 6249.601337679856 139
1410 0.1 6065.6015625 0.0 6394.46484375 6065.6015625 6248.2921875 140
1420 0.1 6054.40234375 0.0 6394.46484375 6054.40234375 6246.99650930851 141
1430 0.1 6054.26171875 0.0 6394.46484375 6054.26171875 6245.640212367957 142
1440 0.1 6054.15625 0.0 6394.46484375 6054.15625 6244.3019012237755 143
1450 0.1 6053.59765625 0.0 6394.46484375 6053.59765625 6242.981445312499 144
1460 0.1 6053.86328125 0.0 6394.46484375 6053.59765625 6241.675350215516 145
1470 0.1 6053.234375 0.0 6394.46484375 6053.234375 6240.3889661815065 146
1480 0.1 6042.85546875 0.0 6394.46484375 6042.85546875 6239.115805697279 147
1490 0.1 6043.22265625 0.0 6394.46484375 6042.85546875 6237.789722339527 148
1500 0.1 6043.75390625 0.0 6394.46484375 6042.85546875 6236.4839031040265 149
1510 0.1 6043.6484375 0.0 6394.46484375 6042.85546875 6235.1990364583335 150
1520 0.1 6043.18359375 0.0 6394.46484375 6042.85546875 6233.930489445364 151
1530 0.1 6043.67578125 0.0 6394.46484375 6042.85546875 6232.675575657895 152
1540 0.1 6039.94140625 0.0 6394.46484375 6039.94140625 6231.440282883987 153
1550 0.1 6040.09375 0.0 6394.46484375 6039.94140625 6230.196783685065 154
1560 0.1 6039.18359375 0.0 6394.46484375 6039.18359375 6228.970312500001 155
1570 0.1 6038.9609375 0.0 6394.46484375 6038.9609375 6227.753730969552 156
1580 0.1 6013.34375 0.0 6394.46484375 6013.34375 6226.551229100319 157
1590 0.1 6016.42578125 0.0 6394.46484375 6013.34375 6225.201814675633 158
1600 0.1 6015.796875 0.0 6394.46484375 6013.34375 6223.888757861635 159
1610 0.1 6015.34765625 0.0 6394.46484375 6013.34375 6222.58818359375 160
1620 0.1 6015.71875 0.0 6394.46484375 6013.34375 6221.300975349379 161
1630 0.1 6015.875 0.0 6394.46484375 6013.34375 6220.031949266975 162
1640 0.1 6009.09765625 0.0 6394.46484375 6009.09765625 6218.7794526457055 163
1650 0.1 6009.39453125 0.0 6394.46484375 6009.09765625 6217.500905106707 164
1660 0.1 6009.5390625 0.0 6394.46484375 6009.09765625 6216.239654356061 165
1670 0.1 6009.58984375 0.0 6394.46484375 6009.09765625 6214.994470067771 166
1680 0.1 6007.09765625 0.0 6394.46484375 6007.09765625 6213.764502245508 167
1690 0.1 6007.0 0.0 6394.46484375 6007.0 6212.534342447916 168
1700 0.1 6006.80078125 0.0 6394.46484375 6006.80078125 6211.318162906805 169
1710 0.1 6007.08984375 0.0 6394.46484375 6006.80078125 6210.115119485294 170
1720 0.1 6006.89453125 0.0 6394.46484375 6006.80078125 6208.9278371710525 171
1730 0.1 6006.56640625 0.0 6394.46484375 6006.56640625 6207.753224927325 172
1740 0.1 6012.640625 0.0 6394.46484375 6006.56640625 6206.590295339595 173
1750 0.1 6013.31640625 0.0 6394.46484375 6006.56640625 6205.475642061781 174
1760 0.1 6013.30078125 0.0 6394.46484375 6006.56640625 6204.377589285714 175
1770 0.1 6013.1953125 0.0 6394.46484375 6006.56640625 6203.291925603693 176
1780 0.1 6013.34375 0.0 6394.46484375 6006.56640625 6202.217933439266 177
1790 0.1 6010.2109375 0.0 6394.46484375 6006.56640625 6201.156842521067 178
1800 0.1 6010.11328125 0.0 6394.46484375 6006.56640625 6200.090105621508 179
1810 0.1 6010.02734375 0.0 6394.46484375 6006.56640625 6199.034678819445 180
1820 0.1 6010.18359375 0.0 6394.46484375 6006.56640625 6197.990439399171 181
1830 0.1 6010.46484375 0.0 6394.46484375 6006.56640625 6196.958533653846 182
1840 0.1 6011.3828125 0.0 6394.46484375 6006.56640625 6195.939442452186 183
1850 0.1 6011.6953125 0.0 6394.46484375 6006.56640625 6194.936417289402 184
1860 0.1 6011.06640625 0.0 6394.46484375 6006.56640625 6193.945924831081 185
1870 0.1 6011.12109375 0.0 6394.46484375 6006.56640625 6192.962701612903 186
1880 0.1 6007.49609375 0.0 6394.46484375 6006.56640625 6191.990286597594 187
1890 0.1 6007.56640625 0.0 6394.46484375 6006.56640625 6191.008934507979 188
1900 0.1 6007.51171875 0.0 6394.46484375 6006.56640625 6190.03833912037 189
1910 0.1 6007.609375 0.0 6394.46484375 6006.56640625 6189.077672697368 190
1920 0.1 6007.51953125 0.0 6394.46484375 6006.56640625 6188.127576897906 191
1930 0.1 6007.16015625 0.0 6394.46484375 6006.56640625 6187.186909993489 192
1940 0.1 6007.55078125 0.0 6394.46484375 6006.56640625 6186.25412888601 193
1950 0.1 6007.2109375 0.0 6394.46484375 6006.56640625 6185.332977609536 194
1960 0.1 6007.48828125 0.0 6394.46484375 6006.56640625 6184.41953125 195
1970 0.1 6006.04296875 0.0 6394.46484375 6006.04296875 6183.516820790816 196
1980 0.1 6005.96484375 0.0 6394.46484375 6005.96484375 6182.615938293147 197
1990 0.1 6005.41015625 0.0 6394.46484375 6005.41015625 6181.72376104798 198
2000 0.1 6005.31640625 0.0 6394.46484375 6005.31640625 6180.837763033919 199
2010 0.1 6007.7578125 0.0 6394.46484375 6005.31640625 6179.96015625 200
2020 0.1 6007.80859375 0.0 6394.46484375 6005.31640625 6179.103428171642 201
2030 0.1 6007.69921875 0.0 6394.46484375 6005.31640625 6178.255433941832 202
2040 0.1 6007.359375 0.0 6394.46484375 6005.31640625 6177.415255541872 203
2050 0.1 6007.16015625 0.0 6394.46484375 6005.31640625 6176.581648284314 204
2060 0.1 6011.91796875 0.0 6394.46484375 6005.31640625 6175.755201981708 205
2070 0.1 6011.4609375 0.0 6394.46484375 6005.31640625 6174.959875606796 206
2080 0.1 6011.65625 0.0 6394.46484375 6005.31640625 6174.170025664252 207
2090 0.1 6012.54296875 0.0 6394.46484375 6005.31640625 6173.388709435096 208
2100 0.1 6005.41796875 0.0 6394.46484375 6005.31640625 6172.619112589713 209
2110 0.1 6005.59375 0.0 6394.46484375 6005.31640625 6171.822916666667 210
2120 0.1 6004.94140625 0.0 6394.46484375 6004.94140625 6171.0351007109 211
2130 0.1 5998.9140625 0.0 6394.46484375 5998.9140625 6170.251639887972 212
2140 0.1 5999.234375 0.0 6394.46484375 5998.9140625 6169.447238116197 213
2150 0.1 5999.26171875 0.0 6394.46484375 5998.9140625 6168.651850905374 214
2160 0.1 5997.85546875 0.0 6394.46484375 5997.85546875 6167.8639898255815 215
2170 0.1 5997.80078125 0.0 6394.46484375 5997.80078125 6167.07691333912 216
2180 0.1 5998.56640625 0.0 6394.46484375 5997.80078125 6166.296838997696 217
2190 0.1 6003.32421875 0.0 6394.46484375 5997.80078125 6165.52743334289 218
2200 0.1 6003.59375 0.0 6394.46484375 5997.80078125 6164.786779394977 219
2210 0.1 6003.10546875 0.0 6394.46484375 5997.80078125 6164.054083806818 220
2220 0.1 6004.86328125 0.0 6394.46484375 5997.80078125 6163.325809530543 221
2230 0.1 6005.60546875 0.0 6394.46484375 5997.80078125 6162.612014358108 222
2240 0.1 6006.0078125 0.0 6394.46484375 5997.80078125 6161.907949131166 223
2250 0.1 5999.9765625 0.0 6394.46484375 5997.80078125 6161.211966378348 224
2260 0.1 5999.97265625 0.0 6394.46484375 5997.80078125 6160.495364583333 225
2270 0.1 6000.12109375 0.0 6394.46484375 5997.80078125 6159.785087112832 226
2280 0.1 6002.05859375 0.0 6394.46484375 5997.80078125 6159.081721503304 227
2290 0.1 6002.33984375 0.0 6394.46484375 5997.80078125 6158.393023574561 228
2300 0.1 5983.2734375 0.0 6394.46484375 5983.2734375 6157.71156864083 229
2310 0.1 5984.36328125 0.0 6394.46484375 5983.2734375 6156.953141983696 230
2320 0.1 5984.16015625 0.0 6394.46484375 5983.2734375 6156.205999729437 231
2330 0.1 5982.5625 0.0 6394.46484375 5982.5625 6155.464422817888 232
2340 0.1 5985.6796875 0.0 6394.46484375 5982.5625 6154.722354479613 233
2350 0.1 5990.0234375 0.0 6394.46484375 5982.5625 6153.999949919872 234
2360 0.1 5988.1484375 0.0 6394.46484375 5982.5625 6153.302177526596 235
2370 0.1 5987.97265625 0.0 6394.46484375 5982.5625 6152.602373543432 236
2380 0.1 5988.4609375 0.0 6394.46484375 5982.5625 6151.907733386076 237
2390 0.1 5988.94921875 0.0 6394.46484375 5982.5625 6151.220982142857 238
2400 0.1 5989.21875 0.0 6394.46484375 5982.5625 6150.542020789749 239
2410 0.1 5987.62890625 0.0 6394.46484375 5982.5625 6149.869840494792 240
2420 0.1 5986.453125 0.0 6394.46484375 5982.5625 6149.19664159751 241
2430 0.1 5985.3203125 0.0 6394.46484375 5982.5625 6148.524147727273 242
2440 0.1 5984.21484375 0.0 6394.46484375 5982.5625 6147.852527006173 243
2450 0.1 5983.1640625 0.0 6394.46484375 5982.5625 6147.18188076332 244
2470 0.1 5982.484375 0.0 6394.46484375 5982.484375 6146.512420280612 245
2480 0.1 5982.60546875 0.0 6394.46484375 5982.484375 6145.8456396087395 246
2490 0.1 5981.3359375 0.0 6394.46484375 5981.3359375 6145.184748228745 247
2500 0.1 5979.6953125 0.0 6394.46484375 5979.6953125 6144.524067540323 248
2510 0.1 5979.109375 0.0 6394.46484375 5979.109375 6143.862104668675 249
2520 0.1 5978.0546875 0.0 6394.46484375 5978.0546875 6143.20309375 250
2530 0.1 5977.62890625 0.0 6394.46484375 5977.62890625 6142.545131972111 251
2540 0.1 5976.22265625 0.0 6394.46484375 5976.22265625 6141.89070250496 252
2550 0.1 5975.27734375 0.0 6394.46484375 5975.27734375 6141.235888092885 253
2560 0.1 5974.140625 0.0 6394.46484375 5974.140625 6140.582507997047 254
2570 0.1 5972.87109375 0.0 6394.46484375 5972.87109375 6139.929794730392 255
2580 0.1 5972.01953125 0.0 6394.46484375 5972.01953125 6139.2772216796875 256
2590 0.1 5969.21875 0.0 6394.46484375 5969.21875 6138.6264135457195 257
2600 0.1 5968.40625 0.0 6394.46484375 5968.40625 6137.969794694767 258
2610 0.1 5967.03515625 0.0 6394.46484375 5967.03515625 6137.315109194015 259
2620 0.1 5966.90234375 0.0 6394.46484375 5966.90234375 6136.660186298077 260
2630 0.1 5965.28515625 0.0 6394.46484375 5965.28515625 6136.009773108238 261
2640 0.1 5964.15234375 0.0 6394.46484375 5964.15234375 6135.358152433206 262
2650 0.1 5963.24609375 0.0 6394.46484375 5963.24609375 6134.707179776616 263
