20 0.1 21 0 21 21 0 0
30 0.1 151.0 0.0 151 21 21.0 1
40 0.1 183.0 0.0 183 21 86.0 2
50 0.1 478.0 0.0 478 21 118.33333333333333 3
60 0.1 457.0 0.0 478 21 208.25 4
70 0.1 422.0 0.0 478 21 258.0 5
80 0.1 578.0 0.0 578 21 285.3333333333333 6
90 0.1 318.0 0.0 578 21 327.14285714285717 7
100 0.1 388.0 0.0 578 21 326.0 8
110 0.1 355.0 0.0 578 21 332.8888888888889 9
120 0.1 468.0 0.0 578 21 335.1 10
130 0.1 442.0 0.0 578 21 347.1818181818182 11
140 0.1 729.0 0.0 729 21 355.0833333333333 12
150 0.1 775.0 0.0 775 21 383.84615384615387 13
160 0.1 796.0 0.0 796 21 411.7857142857143 14
170 0.1 1004.0 0.0 1004 21 437.4 15
180 0.1 1338.0 0.0 1338 21 472.8125 16
190 0.1 943.0 0.0 1338 21 523.7058823529412 17
200 0.1 783.0 0.0 1338 21 547.0 18
210 0.1 720.0 0.0 1338 21 559.421052631579 19
220 0.1 901.0 0.0 1338 21 567.45 20
230 0.1 1036.0 0.0 1338 21 583.3333333333334 21
240 0.1 933.0 0.0 1338 21 603.9090909090909 22
250 0.1 1025.0 0.0 1338 21 618.2173913043479 23
260 0.1 1350.0 0.0 1350 21 635.1666666666667 24
270 0.1 1115.0 0.0 1350 21 663.76 25
280 0.1 1509.0 0.0 1509 21 681.1153846153846 26
290 0.1 1273.0 0.0 1509 21 711.7777777777778 27
300 0.1 916.0 0.0 1509 21 731.8214285714286 28
310 0.1 1224.0 0.0 1509 21 738.1724137931035 29
320 0.1 1655.0 0.0 1655 21 754.3666666666667 30
330 0.1 1479.0 0.0 1655 21 783.4193548387096 31
340 0.1 1093.0 0.0 1655 21 805.15625 32
350 0.1 1021.0 0.0 1655 21 813.8787878787879 33
360 0.1 1105.0 0.0 1655 21 819.9705882352941 34
370 0.1 1171.0 0.0 1655 21 828.1142857142858 35
380 0.1 1561.0 0.0 1655 21 837.6388888888889 36
390 0.1 1830.0 0.0 1830 21 857.1891891891892 37
400 0.1 2130.0 0.0 2130 21 882.7894736842105 38
410 0.1 1684.0 0.0 2130 21 914.7692307692307 39
420 0.1 1509.0 0.0 2130 21 934.0 40
430 0.1 1474.0 0.0 2130 21 948.0243902439024 41
440 0.1 1763.0 0.0 2130 21 960.547619047619 42
450 0.1 1614.0 0.0 2130 21 979.2093023255813 43
460 0.1 1264.0 0.0 2130 21 993.6363636363636 44
470 0.1 1617.0 0.0 2130 21 999.6444444444444 45
480 0.1 1828.0 0.0 2130 21 1013.0652173913044 46
490 0.1 2035.0 0.0 2130 21 1030.404255319149 47
500 0.1 1698.0 0.0 2130 21 1051.3333333333333 48
510 0.1 2276.0 0.0 2276 21 1064.530612244898 49
520 0.1 2301.0 0.0 2301 21 1088.7600000000002 50
530 0.1 2713.0 0.0 2713 21 1112.529411764706 51
540 0.1 2182.0 0.0 2713 21 1143.3076923076924 52
550 0.1 2603.0 0.0 2713 21 1162.9056603773586 53
560 0.1 2372.0 0.0 2713 21 1189.5740740740741 54
570 0.1 2877.0 0.0 2877 21 1211.0727272727272 55
580 0.1 2658.0 0.0 2877 21 1240.8214285714287 56
590 0.1 2136.0 0.0 2877 21 1265.6842105263158 57
600 0.1 2656.0 0.0 2877 21 1280.6896551724137 58
610 0.1 2483.0 0.0 2877 21 1304.0 59
620 0.1 2406.0 0.0 2877 21 1323.65 60
630 0.1 3126.0 0.0 3126 21 1341.3934426229507 61
640 0.1 3195.0 0.0 3195 21 1370.1774193548388 62
650 0.1 2963.0 0.0 3195 21 1399.142857142857 63
660 0.1 2798.0 0.0 3195 21 1423.578125 64
670 0.1 2928.0 0.0 3195 21 1444.7230769230769 65
680 0.1 2819.0 0.0 3195 21 1467.1969696969697 66
690 0.1 3062.0 0.0 3195 21 1487.3731343283582 67
700 0.1 2982.0 0.0 3195 21 1510.5294117647059 68
710 0.1 2513.0 0.0 3195 21 1531.855072463768 69
720 0.1 2945.0 0.0 3195 21 1545.8714285714286 70
730 0.1 2902.0 0.0 3195 21 1565.5774647887324 71
740 0.1 2582.0 0.0 3195 21 1584.138888888889 72
750 0.1 3178.0 0.0 3195 21 1597.8082191780823 73
760 0.1 3026.0 0.0 3195 21 1619.162162162162 74
770 0.1 3319.0 0.0 3319 21 1637.92 75
780 0.1 3094.0 0.0 3319 21 1660.0394736842106 76
790 0.1 3101.0 0.0 3319 21 1678.662337662338 77
800 0.1 3265.0 0.0 3319 21 1696.8974358974358 78
810 0.1 3312.0 0.0 3319 21 1716.746835443038 79
820 0.1 2928.0 0.0 3319 21 1736.6875 80
830 0.1 3485.0 0.0 3485 21 1751.3950617283951 81
840 0.1 2521.0 0.0 3485 21 1772.5365853658536 82
850 0.1 3081.0 0.0 3485 21 1781.55421686747 83
860 0.1 2726.0 0.0 3485 21 1797.0238095238096 84
870 0.1 3276.0 0.0 3485 21 1807.9529411764706 85
880 0.1 2997.0 0.0 3485 21 1825.0232558139535 86
890 0.1 2528.0 0.0 3485 21 1838.4942528735633 87
900 0.1 2612.0 0.0 3485 21 1846.3295454545455 88
910 0.1 3145.0 0.0 3485 21 1854.9325842696628 89
920 0.1 4795.0 0.0 4795 21 1869.2666666666667 90
930 0.1 4236.0 0.0 4795 21 1901.4175824175825 91
940 0.1 4533.0 0.0 4795 21 1926.7934782608695 92
950 0.1 4188.0 0.0 4795 21 1954.8172043010752 93
960 0.1 4158.0 0.0 4795 21 1978.5744680851064 94
970 0.1 3809.0 0.0 4795 21 2001.5157894736842 95
980 0.1 4415.0 0.0 4795 21 2020.34375 96
990 0.1 4311.0 0.0 4795 21 2045.0309278350514 97
1000 0.1 4187.0 0.0 4795 21 2068.1530612244896 98
1010 0.1 4740.0 0.0 4795 21 2089.5555555555557 99
1020 0.1 4637.0 0.0 4795 21 2116.06 100
1030 0.1 5113.0 0.0 5113 21 2141.019801980198 101
1040 0.1 4811.0 0.0 5113 21 2170.156862745098 102
1050 0.1 4137.0 0.0 5113 21 2195.7961165048546 103
1060 0.1 3680.0 0.0 5113 21 2214.4615384615386 104
1070 0.1 4288.0 0.0 5113 21 2228.4190476190474 105
1080 0.1 4252.0 0.0 5113 21 2247.8490566037735 106
1090 0.1 4003.0 0.0 5113 21 2266.5794392523367 107
1100 0.1 4281.0 0.0 5113 21 2282.657407407408 108
1110 0.1 4727.0 0.0 5113 21 2300.990825688074 109
1120 0.1 5107.0 0.0 5113 21 2323.045454545455 110
1130 0.1 4365.0 0.0 5113 21 2348.1261261261266 111
1140 0.1 3950.0 0.0 5113 21 2366.133928571429 112
1150 0.1 4759.0 0.0 5113 21 2380.150442477877 113
1160 0.1 3913.0 0.0 5113 21 2401.01754385965 114
1170 0.1 3970.0 0.0 5113 21 2414.165217391305 115
1180 0.1 4873.0 0.0 5113 21 2427.577586206897 116
1190 0.1 4583.0 0.0 5113 21 2448.478632478633 117
1200 0.1 4890.0 0.0 5113 21 2466.56779661017 118
1210 0.1 5.9e3 0.0 5900 21 2486.9327731092444 119
1220 0.1 6.1e3 0.0 6100 21 2515.3750000000005 120
1230 0.1 5995.0 0.0 6100 21 2545.0000000000005 121
1240 0.1 5621.0 0.0 6100 21 2573.2786885245905 122
1250 0.1 6371.0 0.0 6371 21 2598.056910569106 123
1260 0.1 6462.0 0.0 6462 21 2628.4838709677424 124
1270 0.1 5979.0 0.0 6462 21 2659.1520000000005 125
1280 0.1 5928.0 0.0 6462 21 2685.5000000000005 126
1290 0.1 6720.0 0.0 6720 21 2711.0314960629926 127
1300 0.1 6662.0 0.0 6720 21 2742.3515625000005 128
1310 0.1 7240.0 0.0 7240 21 2772.7364341085276 129
1320 0.1 6240.0 0.0 7240 21 2807.1000000000004 130
1330 0.1 7549.0 0.0 7549 21 2833.3053435114507 131
1340 0.1 7263.0 0.0 7549 21 2869.0303030303035 132
1350 0.1 6441.0 0.0 7549 21 2902.0676691729327 133
1360 0.1 6738.0 0.0 7549 21 2928.477611940299 134
1370 0.1 6978.0 0.0 7549 21 2956.6962962962966 135
1380 0.1 6903.0 0.0 7549 21 2986.264705882353 136
1390 0.1 6939.0 0.0 7549 21 3014.8540145985403 137
1400 0.1 6088.0 0.0 7549 21 3043.289855072464 138
1410 0.1 6185.0 0.0 7549 21 3065.1942446043167 139
1420 0.1 6901.0 0.0 7549 21 3087.4785714285713 140
1430 0.1 5879.0 0.0 7549 21 3114.5248226950353 141
1440 0.1 6687.0 0.0 7549 21 3133.992957746479 142
1450 0.1 6851.0 0.0 7549 21 3158.8391608391607 143
1460 0.1 6585.0 0.0 7549 21 3184.4791666666665 144
1470 0.1 6506.0 0.0 7549 21 3207.9310344827586 145
1480 0.1 6041.0 0.0 7549 21 3230.5205479452056 146
1490 0.1 6873.0 0.0 7549 21 3249.639455782313 147
1500 0.1 6376.0 0.0 7549 21 3274.1216216216217 148
1510 0.1 6189.0 0.0 7549 21 3294.9395973154365 149
1520 0.1 6148.0 0.0 7549 21 3314.2333333333336 150
1530 0.1 6576.0 0.0 7549 21 3333.0000000000005 151
1540 0.1 6372.0 0.0 7549 21 3354.33552631579 152
1550 0.1 6602.0 0.0 7549 21 3374.0588235294126 153
1560 0.1 7343.0 0.0 7549 21 3395.0194805194815 154
1570 0.1 6390.0 0.0 7549 21 3420.4903225806465 155
1580 0.1 7634.0 0.0 7634 21 3439.5256410256425 156
1590 0.1 6961.0 0.0 7634 21 3466.242038216562 157
1600 0.1 6688.0 0.0 7634 21 3488.3607594936725 158
1610 0.1 6101.0 0.0 7634 21 3508.4842767295613 159
1620 0.1 6124.0 0.0 7634 21 3524.6875000000014 160
1630 0.1 6574.0 0.0 7634 21 3540.8322981366473 161
1640 0.1 6532.0 0.0 7634 21 3559.555555555557 162
1650 0.1 7865.0 0.0 7865 21 3577.791411042946 163
1660 0.1 7820.0 0.0 7865 21 3603.9329268292695 164
1670 0.1 6282.0 0.0 7865 21 3629.48484848485 165
1680 0.1 7423.0 0.0 7865 21 3645.463855421688 166
1690 0.1 6026.0 0.0 7865 21 3668.083832335331 167
1700 0.1 6731.0 0.0 7865 21 3682.119047619049 168
1710 0.1 6261.0 0.0 7865 21 3700.1597633136107 169
1720 0.1 6678.0 0.0 7865 21 3715.223529411766 170
1730 0.1 6932.0 0.0 7865 21 3732.5497076023407 171
1740 0.1 6918.0 0.0 7865 21 3751.151162790699 172
1750 0.1 7109.0 0.0 7865 21 3769.4566473988452 173
1760 0.1 6078.0 0.0 7865 21 3788.6494252873576 174
1770 0.1 6248.0 0.0 7865 21 3801.73142857143 175
1780 0.1 6342.0 0.0 7865 21 3815.6306818181833 176
1790 0.1 6650.0 0.0 7865 21 3829.903954802261 177
1800 0.1 6575.0 0.0 7865 21 3845.747191011237 178
1810 0.1 6421.0 0.0 7865 21 3860.9944134078223 179
1820 0.1 6503.0 0.0 7865 21 3875.216666666668 180
1830 0.1 6742.0 0.0 7865 21 3889.7348066298355 181
1840 0.1 5723.0 0.0 7865 21 3905.4065934065948 182
1850 0.1 5971.0 0.0 7865 21 3915.338797814209 183
1860 0.1 6535.0 0.0 7865 21 3926.510869565219 184
1870 0.1 6618.0 0.0 7865 21 3940.610810810812 185
1880 0.1 6553.0 0.0 7865 21 3955.0053763440874 186
1890 0.1 7098.0 0.0 7865 21 3968.8983957219266 187
1900 0.1 7451.0 0.0 7865 21 3985.5425531914907 188
1910 0.1 5775.0 0.0 7865 21 4003.878306878308 189
1920 0.1 6789.0 0.0 7865 21 4013.200000000001 190
1930 0.1 6451.0 0.0 7865 21 4027.732984293195 191
1940 0.1 6545.0 0.0 7865 21 4040.354166666668 192
1950 0.1 6496.0 0.0 7865 21 4053.3316062176177 193
1960 0.1 7133.0 0.0 7865 21 4065.9226804123723 194
1970 0.1 6323.0 0.0 7865 21 4081.651282051283 195
1980 0.1 6822.0 0.0 7865 21 4093.086734693879 196
1990 0.1 6710.0 0.0 7865 21 4106.939086294417 197
2000 0.1 6872.0 0.0 7865 21 4120.08585858586 198
2010 0.1 6281.0 0.0 7865 21 4133.9145728643225 199
2020 0.1 6773.0 0.0 7865 21 4144.6500000000015 200
2030 0.1 6353.0 0.0 7865 21 4157.726368159205 201
2040 0.1 5906.0 0.0 7865 21 4168.594059405942 202
2050 0.1 6753.0 0.0 7865 21 4177.152709359608 203
2060 0.1 6455.0 0.0 7865 21 4189.779411764707 204
2070 0.1 5627.0 0.0 7865 21 4200.829268292684 205
2080 0.1 7919.0 0.0 7919 21 4207.752427184467 206
2090 0.1 6532.0 0.0 7919 21 4225.68115942029 207
2100 0.1 6458.0 0.0 7919 21 4236.7692307692305 208
2110 0.1 6515.0 0.0 7919 21 4247.397129186603 209
2120 0.1 4590.0 0.0 7919 21 4258.195238095238 210
2130 0.1 5988.0 0.0 7919 21 4259.767772511848 211
2140 0.1 7544.0 0.0 7919 21 4267.919811320755 212
2150 0.1 6821.0 0.0 7919 21 4283.300469483568 213
2160 0.1 7154.0 0.0 7919 21 4295.158878504673 214
2170 0.1 7053.0 0.0 7919 21 4308.455813953489 215
2180 0.1 7189.0 0.0 7919 21 4321.162037037038 216
2190 0.1 7012.0 0.0 7919 21 4334.377880184333 217
2200 0.1 6476.0 0.0 7919 21 4346.660550458717 218
2210 0.1 5973.0 0.0 7919 21 4356.383561643836 219
2220 0.1 7141.0 0.0 7919 21 4363.731818181819 220
2230 0.1 6343.0 0.0 7919 21 4376.298642533938 221
2240 0.1 7051.0 0.0 7919 21 4385.157657657659 222
2250 0.1 6662.0 0.0 7919 21 4397.11210762332 223
2260 0.1 6056.0 0.0 7919 21 4407.2232142857165 224
2270 0.1 6575.0 0.0 7919 21 4414.551111111113 225
2280 0.1 6798.0 0.0 7919 21 4424.110619469028 226
2290 0.1 6908.0 0.0 7919 21 4434.568281938327 227
2300 0.1 4235.0 0.0 7919 21 4445.416666666668 228
2310 0.1 7787.0 0.0 7919 21 4444.497816593887 229
2320 0.1 6552.0 0.0 7919 21 4459.0304347826095 230
2330 0.1 5629.0 0.0 7919 21 4468.09090909091 231
2340 0.1 6992.0 0.0 7919 21 4473.094827586208 232
2350 0.1 5883.0 0.0 7919 21 4483.905579399143 233
2360 0.1 6001.0 0.0 7919 21 4489.884615384616 234
2370 0.1 7732.0 0.0 7919 21 4496.314893617022 235
2380 0.1 4880.0 0.0 7919 21 4510.0254237288145 236
2390 0.1 2514.0 0.0 7919 21 4511.586497890296 237
2400 0.1 2801.0 0.0 7919 21 4503.193277310926 238
2410 0.1 1025.0 0.0 7919 21 4496.071129707114 239
2420 0.1 836.0 0.0 7919 21 4481.6083333333345 240
2430 0.1 733.0 0.0 7919 21 4466.4813278008305 241
2440 0.1 698.0 0.0 7919 21 4451.053719008265 242
2450 0.1 486.0 0.0 7919 21 4435.609053497943 243
2470 0.1 562.0 0.0 7919 21 4419.422131147542 244
2480 0.1 548.0 0.0 7919 21 4403.677551020409 245
2490 0.1 464.0 0.0 7919 21 4388.004065040652 246
2500 0.1 424.0 0.0 7919 21 4372.117408906884 247
2510 0.1 521.0 0.0 7919 21 4356.197580645162 248
2520 0.1 580.0 0.0 7919 21 4340.795180722893 249
2530 0.1 535.0 0.0 7919 21 4325.752000000001 250
2540 0.1 439.0 0.0 7919 21 4310.649402390439 251
2550 0.1 505.0 0.0 7919 21 4295.285714285716 252
2560 0.1 447.0 0.0 7919 21 4280.304347826088 253
2570 0.1 370.0 0.0 7919 21 4265.212598425198 254
2580 0.1 365.0 0.0 7919 21 4249.937254901962 255
2590 0.1 321.0 0.0 7919 21 4234.761718750001 256
2600 0.1 314.0 0.0 7919 21 4219.533073929962 257
2610 0.1 421.0 0.0 7919 21 4204.39534883721 258
2620 0.1 372.0 0.0 7919 21 4189.787644787646 259
2630 0.1 273.0 0.0 7919 21 4175.103846153847 260
2640 0.1 327.0 0.0 7919 21 4160.153256704982 261
2650 0.1 299.0 0.0 7919 21 4145.52290076336 262
