10 1.403125 1.403125
20 1.70625 3.109375
30 5.3875 8.496875
40 5.93359375 14.43046875
50 10.43515625 24.865625
60 9.51796875 34.38359375
70 12.5609375 46.94453125
80 8.37265625 55.3171875
90 9.52109375 64.83828125
100 7.4828125 72.32109375
110 8.51875 80.83984375
120 6.79140625 87.63125
130 13.0875 100.71875
140 16.05546875 116.77421875
150 17.08359375 133.8578125
160 18.48671875 152.34453125
170 18.66640625 171.0109375
180 21.578125 192.5890625
190 17.55625 210.1453125
200 15.06875 225.2140625
210 15.72421875 240.93828125
220 17.46484375 258.403125
230 19.59375 277.996875
240 16.96328125 294.96015625
250 24.40859375 319.36875
260 24.85703125 344.22578125
270 24.92578125 369.1515625
280 27.74140625 396.89296875
290 17.9765625 414.86953125
300 19.7828125 434.65234375
310 27.846875 462.49921875
320 31.97890625 494.478125
330 22.79921875 517.27734375
340 19.61796875 536.8953125
350 25.8859375 562.78125
360 23.79140625 586.57265625
370 31.18671875 617.759375
380 31.2625 649.021875
390 40.99296875 690.01484375
400 39.18828125 729.203125
410 30.309375 759.5125
420 31.875 791.3875
430 34.24453125 825.63203125
440 33.32265625 858.9546875
450 28.875 887.8296875
460 32.04921875 919.87890625
470 35.725 955.60390625
480 41.17578125 996.7796875
490 40.1421875 1036.921875
500 34.72421875 1071.64609375
510 44.77890625 1116.425
520 47.59140625 1164.01640625
530 46.04765625 1210.0640625
540 52.8109375 1262.875
550 47.6078125 1310.4828125
560 48.4328125 1358.915625
570 57.3625 1416.278125
580 46.54375 1462.821875
590 47.77421875 1510.59609375
600 47.50625 1558.10234375
610 54.246875 1612.34921875
620 51.45625 1663.80546875
630 66.5890625 1730.39453125
640 55.45703125 1785.8515625
650 57.71796875 1843.56953125
660 52.88125 1896.45078125
670 59.14453125 1955.5953125
680 59.0640625 2014.659375
690 60.04765625 2074.70703125
700 60.68125 2135.38828125
710 55.178125 2190.56640625
720 57.18359375 2247.75
730 65.809375 2313.559375
740 58.44765625 2372.00703125
750 59.69296875 2431.7
760 64.1734375 2495.8734375
770 62.45546875 2558.32890625
780 62.47578125 2620.8046875
790 68.3984375 2689.203125
800 59.99140625 2749.19453125
810 56.7765625 2805.97109375
820 63.64765625 2869.61875
830 59.0734375 2928.6921875
840 54.73046875 2983.42265625
850 59.77578125 3043.1984375
860 52.990625 3096.1890625
870 63.8359375 3160.025
880 50.39375 3210.41875
890 50.3796875 3260.7984375
900 63.05390625 3323.85234375
910 76.86875 3400.72109375
920 86.3421875 3487.06328125
930 83.4921875 3570.55546875
940 85.46015625 3656.015625
950 88.4 3744.415625
960 76.99375 3821.409375
970 93.09609375 3914.50546875
980 85.9 4000.40546875
990 86.32890625 4086.734375
1000 85.56796875 4172.30234375
1010 100.78515625 4273.0875
1020 97.3046875 4370.3921875
1030 93.81796875 4464.21015625
1040 84.24296875 4548.453125
1050 81.665625 4630.11875
1060 80.3046875 4710.4234375
1070 89.58984375 4800.01328125
1080 85.44453125 4885.4578125
1090 89.28046875 4974.73828125
1100 97.915625 5072.65390625
1110 93.16953125 5165.8234375
1120 86.47265625 5252.29609375
1130 83.6234375 5335.91953125
1140 87.859375 5423.77890625
1150 94.5328125 5518.31171875
1160 79.35 5597.66171875
1170 92.89140625 5690.553125
1180 91.38671875 5781.93984375
1190 95.0484375 5876.98828125
1200 104.1078125 5981.09609375
1210 121.3 6102.39609375
1220 108.81796875 6211.2140625
1230 125.4125 6336.6265625
1240 116.92734375 6453.55390625
1250 118.11171875 6571.665625
1260 125.0890625 6696.7546875
1270 124.6046875 6821.359375
1280 116.1296875 6937.4890625
1290 132.84765625 7070.33671875
1300 129.54921875 7199.8859375
1310 148.15 7348.0359375
1320 136.6546875 7484.690625
1330 145.365625 7630.05625
1340 141.93359375 7771.98984375
1350 124.65546875 7896.6453125
1360 136.47265625 8033.11796875
1370 140.73515625 8173.853125
1380 141.04375 8314.896875
1390 135.646875 8450.54375
1400 126.01171875 8576.55546875
1410 126.48671875 8703.0421875
1420 132.7359375 8835.778125
1430 118.7484375 8954.5265625
1440 138.0796875 9092.60625
1450 131.70390625 9224.31015625
1460 129.17578125 9353.4859375
1470 132.27109375 9485.75703125
1480 119.421875 9605.17890625
1490 133.71640625 9738.8953125
1500 132.30078125 9871.19609375
1510 126.2421875 9997.43828125
1520 130.57890625 10128.0171875
1530 126.0671875 10254.084375
1540 132.85546875 10386.93984375
1550 131.96875 10518.90859375
1560 147.165625 10666.07421875
1570 137.1203125 10803.19453125
1580 142.9 10946.09453125
1590 132.0515625 11078.14609375
1600 117.0921875 11195.23828125
1610 125.1984375 11320.43671875
1620 126.09609375 11446.5328125
1630 134.14140625 11580.67421875
1640 131.8421875 11712.51640625
1650 145.07421875 11857.590625
1660 141.20234375 11998.79296875
1670 136.2140625 12135.00703125
1680 134.41015625 12269.4171875
1690 128.68046875 12398.09765625
1700 131.50234375 12529.6
1710 132.84140625 12662.44140625
1720 141.00859375 12803.45
1730 138.375 12941.825
1740 140.17734375 13082.00234375
1750 143.353125 13225.35546875
1760 119.54921875 13344.9046875
1770 123.4046875 13468.309375
1780 129.55625 13597.865625
1790 133.0859375 13730.9515625
1800 129.19375 13860.1453125
1810 138.08046875 13998.22578125
1820 128.9296875 14127.15546875
1830 139.678125 14266.83359375
1840 113.921875 14380.75546875
1850 128.12421875 14508.8796875
1860 127.0828125 14635.9625
1870 135.3546875 14771.3171875
1880 131.99375 14903.3109375
1890 140.803125 15044.1140625
1900 139.90390625 15184.01796875
1910 125.3078125 15309.32578125
1920 135.4125 15444.73828125
1930 123.4625 15568.20078125
1940 125.08828125 15693.2890625
1950 134.271875 15827.5609375
1960 139.34453125 15966.90546875
1970 130.50546875 16097.4109375
1980 138.96875 16236.3796875
1990 131.56796875 16367.94765625
2000 132.04140625 16499.9890625
2010 122.3765625 16622.365625
2020 132.5171875 16754.8828125
2030 131.81328125 16886.69609375
2040 131.44765625 17018.14375
2050 131.246875 17149.390625
2060 135.40625 17284.796875
2070 110.94609375 17395.74296875
2080 145.3859375 17541.12890625
2090 128.71015625 17669.8390625
2100 130.48359375 17800.32265625
2110 133.92421875 17934.246875
2120 105.8625 18040.109375
2130 112.753125 18152.8625
2140 144.0859375 18296.9484375
2150 138.73125 18435.6796875
2160 132.03515625 18567.71484375
2170 147.6234375 18715.33828125
2180 147.31953125 18862.6578125
2190 127.8625 18990.5203125
2200 142.071875 19132.5921875
2210 130.40859375 19263.00078125
2220 130.55234375 19393.553125
2230 132.2765625 19525.8296875
2240 131.25546875 19657.08515625
2250 136.25234375 19793.3375
2260 128.53046875 19921.86796875
2270 131.28984375 20053.1578125
2280 130.3890625 20183.546875
2290 132.4265625 20315.9734375
2300 110.94140625 20426.91484375
2310 133.865625 20560.78046875
2320 140.80078125 20701.58125
2330 125.31640625 20826.89765625
2340 129.93828125 20956.8359375
2350 144.65859375 21101.49453125
2360 109.1328125 21210.62734375
2370 135.546875 21346.17421875
2380 123.3171875 21469.49140625
2390 77.70234375 21547.19375
2400 47.34140625 21594.53515625
2410 32.00625 21626.54140625
2420 21.59140625 21648.1328125
2430 13.075 21661.2078125
2440 12.16171875 21673.36953125
2450 11.0796875 21684.44921875
2460 7.3828125 21691.83203125
2470 9.07265625 21700.9046875
2480 6.41875 21707.3234375
2490 4.9265625 21712.25
2500 7.85390625 21720.10390625
2510 7.54140625 21727.6453125
2520 9.85859375 21737.50390625
2530 7.13515625 21744.6390625
2540 8.69609375 21753.33515625
2550 7.45703125 21760.7921875
2560 5.75 21766.5421875
2570 7.1734375 21773.715625
2580 4.68671875 21778.40234375
2590 5.69375 21784.09609375
2600 6.3484375 21790.44453125
2610 5.746875 21796.19140625
2620 4.75390625 21800.9453125
2630 3.48828125 21804.43359375
2640 5.6046875 21810.03828125
2650 3.62734375 21813.665625
