10 16.4953125 16.4953125
20 58.0390625 74.534375
30 142.8203125 217.3546875
40 256.41875 473.7734375
50 355.578125 829.3515625
60 392.884375 1222.2359375
70 418.0171875 1640.253125
80 203.68359375 1843.93671875
90 337.8921875 2181.82890625
100 297.46171875 2479.290625
110 362.42578125 2841.71640625
120 239.2140625 3080.93046875
130 659.5921875 3740.52265625
140 554.96484375 4295.4875
150 612.51953125 4908.00703125
160 858.940625 5766.94765625
170 945.46171875 6712.409375
180 838.45546875 7550.86484375
190 756.74921875 8307.6140625
200 652.7578125 8960.371875
210 759.67890625 9720.05078125
220 747.35234375 10467.403125
230 717.33828125 11184.74140625
240 917.62265625 12102.3640625
250 1001.76171875 13104.12578125
260 1128.05390625 14232.1796875
270 1159.97265625 15392.15234375
280 1140.86640625 16533.01875
290 832.54765625 17365.56640625
300 823.2171875 18188.78359375
310 1446.43828125 19635.221875
320 1361.10859375 20996.33046875
330 942.2890625 21938.61953125
340 891.52734375 22830.146875
350 803.27109375 23633.41796875
360 914.1546875 24547.57265625
370 1332.9515625 25880.52421875
380 1401.478125 27282.00234375
390 1864.6984375 29146.70078125
400 1504.2890625 30650.98984375
410 1201.2953125 31852.28515625
420 1230.94765625 33083.2328125
430 1365.22734375 34448.46015625
440 1488.4 35936.86015625
450 1110.56953125 37047.4296875
460 1343.378125 38390.8078125
470 1497.37109375 39888.17890625
480 1631.4125 41519.59140625
490 1626.4234375 43146.01484375
500 1698.61875 44844.63359375
510 1839.61953125 46684.253125
520 2537.4015625 49221.6546875
530 1643.1046875 50864.759375
540 2228.29765625 53093.05703125
550 1849.18671875 54942.24375
560 2164.97109375 57107.21484375
570 2355.946875 59463.16171875
580 2038.984375 61502.14609375
590 1997.91953125 63500.065625
600 2111.39609375 65611.46171875
610 2096.30390625 67707.765625
620 2223.4421875 69931.2078125
630 2883.9296875 72815.1375
640 2593.85625 75408.99375
650 2426.81640625 77835.81015625
660 2096.48828125 79932.2984375
670 2661.54921875 82593.84765625
680 2125.6890625 84719.53671875
690 2435.50703125 87155.04375
700 2411.45 89566.49375
710 2372.6765625 91939.1703125
720 2165.07890625 94104.24921875
730 2539.171875 96643.42109375
740 2357.34765625 99000.76875
750 2466.32890625 101467.09765625
760 2694.34765625 104161.4453125
770 2672.04140625 106833.48671875
780 2387.0828125 109220.56953125
790 2932.41328125 112152.9828125
800 2647.93046875 114800.91328125
810 2498.42734375 117299.340625
820 2766.49453125 120065.83515625
830 2670.54765625 122736.3828125
840 2300.08046875 125036.46328125
850 2504.92890625 127541.3921875
860 2264.896875 129806.2890625
870 2905.4421875 132711.73125
880 2248.20546875 134959.93671875
890 2114.0609375 137073.99765625
900 2210.178125 139284.17578125
910 3319.01171875 142603.1875
920 3832.2375 146435.425
930 3721.77578125 150157.20078125
940 3357.621875 153514.82265625
950 3764.37265625 157279.1953125
960 2979.84375 160259.0390625
970 3557.2328125 163816.271875
980 3393.0515625 167209.3234375
990 3818.61953125 171027.94296875
1000 3542.76875 174570.71171875
1010 4060.484375 178631.19609375
1020 3757.52265625 182388.71875
1030 4320.55859375 186709.27734375
1040 3902.08671875 190611.3640625
1050 3282.671875 193894.0359375
1060 3089.1546875 196983.190625
1070 3589.7328125 200572.9234375
1080 3361.10625 203934.0296875
1090 3889.265625 207823.2953125
1100 3597.7140625 211421.009375
1110 4105.1953125 215526.2046875
1120 3697.29921875 219223.50390625
1130 3380.28125 222603.78515625
1140 3493.85625 226097.64140625
1150 3904.60390625 230002.2453125
1160 2885.9671875 232888.2125
1170 3795.64375 236683.85625
1180 4129.734375 240813.590625
1190 4462.64140625 245276.23203125
1200 3662.9125 248939.14453125
1210 5150.32109375 254089.465625
1220 4389.84453125 258479.31015625
1230 5464.70234375 263944.0125
1240 5097.67421875 269041.68671875
1250 4515.27890625 273556.965625
1260 5229.03203125 278785.99765625
1270 5276.26875 284062.26640625
1280 4938.2375 289000.50390625
1290 5885.98125 294886.48515625
1300 5256.02734375 300142.5125
1310 6386.43203125 306528.94453125
1320 5795.60703125 312324.5515625
1330 5967.696875 318292.2484375
1340 6397.6984375 324689.946875
1350 5190.28515625 329880.23203125
1360 5317.5421875 335197.77421875
1370 5971.115625 341168.88984375
1380 5523.37734375 346692.2671875
1390 5552.053125 352244.3203125
1400 5843.2671875 358087.5875
1410 4888.63671875 362976.22421875
1420 5936.40546875 368912.6296875
1430 5080.8203125 373993.45
1440 5621.10078125 379614.55078125
1450 5493.06328125 385107.6140625
1460 5620.61640625 390728.23046875
1470 5154.43046875 395882.6609375
1480 4698.9515625 400581.6125
1490 6000.79296875 406582.40546875
1500 5464.14140625 412046.546875
1510 4678.02734375 416724.57421875
1520 5444.18984375 422168.7640625
1530 5880.61640625 428049.38046875
1540 5237.47421875 433286.8546875
1550 5431.065625 438717.9203125
1560 5868.77578125 444586.69609375
1570 5557.91171875 450144.6078125
1580 5929.81796875 456074.42578125
1590 6492.42734375 462566.853125
1600 4782.77890625 467349.63203125
1610 4816.55390625 472166.1859375
1620 5953.89296875 478120.07890625
1630 5087.11640625 483207.1953125
1640 5725.1890625 488932.384375
1650 6853.99453125 495786.37890625
1660 6673.0359375 502459.41484375
1670 4916.86015625 507376.275
1680 6286.16171875 513662.43671875
1690 5082.9046875 518745.34140625
1700 5279.51875 524024.86015625
1710 5223.64375 529248.50390625
1720 5553.27890625 534801.7828125
1730 5955.82265625 540757.60546875
1740 5701.20390625 546458.809375
1750 5793.671875 552252.48125
1760 5090.44921875 557342.93046875
1770 5351.78359375 562694.7140625
1780 5023.1109375 567717.825
1790 5704.0296875 573421.8546875
1800 5676.146875 579098.0015625
1810 5398.67890625 584496.68046875
1820 5221.40546875 589718.0859375
1830 5582.11796875 595300.20390625
1840 4775.759375 600075.96328125
1850 4726.1640625 604802.12734375
1860 5781.75546875 610583.8828125
1870 5195.28125 615779.1640625
1880 5820.96171875 621600.12578125
1890 5698.29609375 627298.421875
1900 6262.24296875 633560.66484375
1910 4935.39609375 638496.0609375
1920 5405.6234375 643901.684375
1930 5773.41171875 649675.09609375
1940 5095.07734375 654770.1734375
1950 5486.2578125 660256.43125
1960 5877.67109375 666134.10234375
1970 5681.828125 671815.93046875
1980 5548.89453125 677364.825
1990 5515.05859375 682879.88359375
2000 5904.7640625 688784.64765625
2010 5212.76328125 693997.4109375
2020 5510.07890625 699507.48984375
2030 5245.7640625 704753.25390625
2040 4600.3109375 709353.56484375
2050 6024.72265625 715378.2875
2060 5222.1046875 720600.3921875
2070 4863.85078125 725464.24296875
2080 6510.7328125 731974.97578125
2090 5246.375 737221.35078125
2100 5668.94765625 742890.2984375
2110 5679.76171875 748570.06015625
2120 3599.12421875 752169.184375
2130 4825.4234375 756994.6078125
2140 5900.70859375 762895.31640625
2150 6145.946875 769041.26328125
2160 5851.7703125 774893.03359375
2170 5796.11328125 780689.146875
2180 5768.95546875 786458.10234375
2190 6154.371875 792612.47421875
2200 5312.54140625 797925.015625
2210 4996.6203125 802921.6359375
2220 5877.46875 808799.1046875
2230 5247.01171875 814046.11640625
2240 5892.1921875 819938.30859375
2250 5466.1765625 825404.48515625
2260 4976.6171875 830381.10234375
2270 5406.3796875 835787.48203125
2280 5867.42734375 841654.909375
2290 5913.31328125 847568.22265625
2300 3267.81484375 850836.0375
2310 6571.5578125 857407.5953125
2320 5326.87890625 862734.47421875
2330 4857.5265625 867592.00078125
2340 5698.32578125 873290.3265625
2350 4695.1484375 877985.475
2360 5338.50234375 883323.97734375
2370 6408.12734375 889732.1046875
2380 3709.7625 893441.8671875
2390 1804.4171875 895246.284375
2400 2030.79765625 897277.08203125
2410 503.03984375 897780.121875
2420 454.65703125 898234.77890625
2430 404.16953125 898638.9484375
2440 298.7453125 898937.69375
2450 222.83828125 899160.53203125
2460 309.3609375 899469.89296875
2470 236.58046875 899706.4734375
2480 191.53984375 899898.01328125
2490 167.9171875 900065.93046875
2500 252.953125 900318.88359375
2510 303.91171875 900622.7953125
2520 97.571875 900720.3671875
2530 208.31015625 900928.67734375
2540 206.4671875 901135.14453125
2550 188.72734375 901323.871875
2560 109.596875 901433.46875
2570 103.41875 901536.8875
2580 55.140625 901592.028125
2590 36.90390625 901628.93203125
2600 158.9171875 901787.84921875
2610 105.44921875 901893.2984375
2620 36.79375 901930.0921875
2630 101.9609375 902032.053125
2640 85.7859375 902117.8390625
2650 34.8671875 902152.70625
