170 0.1 1
180 0 1
190 0.1 2
200 0 2
210 0 2
220 0 2
230 0 2
240 0 2
250 0 2
260 0 2
270 0 2
280 0 2
290 0 2
300 0 2
310 0.1 3
320 0 3
330 0.1 4
340 0 4
350 0 4
360 0 4
370 0 4
380 0 4
390 0 4
400 0.1 5
410 0.1 6
420 0.1 7
430 0 7
440 0.3 10
450 0.1 11
460 0 11
470 0.1 12
480 0 12
490 0.2 14
500 0 14
510 0.1 15
520 0 15
530 0.2 17
540 0.1 18
550 0.1 19
560 0.1 20
570 0 20
580 0.1 21
590 0.2 23
600 0.2 25
610 0 25
620 0.1 26
630 0.2 28
640 0 28
650 0.1 29
660 0 29
670 0 29
680 0.2 31
690 0.1 32
700 0.3 35
710 0 35
720 0.3 38
730 0.1 39
740 0 39
750 0.1 40
760 0.3 43
770 0.1 44
780 0 44
790 0 44
800 0 44
810 0 44
820 0 44
830 0.2 46
840 0.4 50
850 0 50
860 0 50
870 0.1 51
880 0.4 55
890 0.2 57
900 0.4 61
910 0.3 64
920 0.5 69
930 0.4 73
940 0.3 76
950 0.3 79
960 0.4 83
970 0.3 86
980 0.6 92
990 0.3 95
1000 0.4 99
1010 0.6 105
1020 0.3 108
1030 0.6 114
1040 0.3 117
1050 0.4 121
1060 0.8 129
1070 0 129
1080 0.2 131
1090 0.1 132
1100 0.3 135
1110 0.3 138
1120 0.7 145
1130 0.3 148
1140 0.3 151
1150 0.4 155
1160 0.5 160
1170 0.4 164
1180 0.1 165
1190 0.6 171
1200 0.3 174
1210 0.6 180
1220 0.9 189
1230 2 209
1240 1.5 224
1250 2.6 250
1260 2.8 278
1270 2.3 301
1280 1.7 318
1290 3.3 351
1300 1.9 370
1310 1.7 387
1320 2 407
1330 2.3 430
1340 2 450
1350 1.8 468
1360 2.2 490
1370 2 510
1380 1.4 524
1390 1.8 542
1400 2.4 566
1410 2.3 589
1420 2.6 615
1430 1.6 631
1440 1.9 650
1450 1.7 667
1460 1.4 681
1470 2.1 702
1480 1.8 720
1490 3.2 752
1500 2.3 775
1510 2.6 801
1520 2 821
1530 2.3 844
1540 2.6 870
1550 2.8 898
1560 2.1 919
1570 2.8 947
1580 2.9 976
1590 2.1 997
1600 2.6 1023
1610 4 1063
1620 2.7 1090
1630 3 1120
1640 2.9 1149
1650 3.4 1183
1660 3.2 1215
1670 2.5 1240
1680 3 1270
1690 1.4 1284
1700 3.7 1321
1710 3.5 1356
1720 2.6 1382
1730 3 1412
1740 2.7 1439
1750 2.5 1464
1760 2.1 1485
1770 2.8 1513
1780 2.4 1537
1790 1.6 1553
1800 3.3 1586
1810 2.9 1615
1820 2.3 1638
1830 2.7 1665
1840 2.6 1691
1850 2.9 1720
1860 4.2 1762
1870 3.2 1794
1880 4.6 1840
1890 1.9 1859
1900 2.8 1887
1910 3 1917
1920 3.2 1949
1930 2.7 1976
1940 3 2006
1950 3.1 2037
1960 2.9 2066
1970 2.9 2095
1980 3 2125
1990 2.6 2151
2000 3 2181
2010 2.6 2207
2020 2.2 2229
2030 3.3 2262
2040 3 2292
2050 2.3 2315
2060 2.1 2336
2070 4 2376
2080 2.4 2400
2090 2.7 2427
2100 2.8 2455
2110 3 2485
2120 2.6 2511
2130 2.7 2538
2140 2.6 2564
2150 3.3 2597
2160 3.4 2631
2170 2.9 2660
2180 1.8 2678
2190 3.1 2709
2200 2.7 2736
2210 3.3 2769
2220 3.4 2803
2230 2.3 2826
2240 1.8 2844
2250 1.7 2861
2260 2.4 2885
2270 3.2 2917
2280 3.6 2953
2290 2.9 2982
2300 3.4 3016
2310 3.2 3048
2320 3.2 3080
2330 2.5 3105
2340 2.8 3133
2350 4.5 3178
2360 2.7 3205
2370 3.5 3240
2380 2.7 3267
2390 3.8 3305
2400 3.2 3337
2410 3.1 3368
2420 2.9 3397
2430 3.3 3430
2440 3.2 3462
2450 3.6 3498
2460 2.4 3522
2470 2.3 3545
2480 3.2 3577
2490 4.5 3622
2500 3 3652
2510 4.2 3694
2520 3 3724
2530 3 3754
2540 3.8 3792
2550 3.8 3830
2560 2.9 3859
2570 3 3889
2580 3.3 3922
2590 3 3952
2600 2.3 3975
2610 2.8 4003
2620 2.5 4028
2630 2.6 4054
2640 4 4094
2650 2.5 4119
2660 2.8 4147
2670 3 4177
2680 2.8 4205
2690 1.9 4224
2700 2.8 4252
2710 2.9 4281
2720 3.6 4317
2730 2.8 4345
2740 2.7 4372
2750 3.5 4407
2760 4 4447
2770 2.5 4472
2780 2.7 4499
2790 1.6 4515
2800 3.9 4554
2810 3 4584
2820 3.2 4616
2830 3.3 4649
2840 4.6 4695
2850 3.1 4726
2860 3.4 4760
2870 3 4790
2880 3.2 4822
2890 3.7 4859
2900 3.1 4890
2910 3 4920
2920 3.5 4955
2930 3.4 4989
2940 3.8 5027
2950 3.1 5058
2960 3.9 5097
2970 4.3 5140
2980 2.9 5169
2990 3.7 5206
3000 3.9 5245
3010 4.1 5286
3020 3.3 5319
3030 4.8 5367
3040 4 5407
3050 3.1 5438
3060 3 5468
3070 2.3 5491
3080 3.2 5523
3090 5 5573
3100 3.5 5608
3110 3.1 5639
3120 2.5 5664
3130 4.2 5706
3140 2.7 5733
3150 2.7 5760
3160 3.6 5796
3170 2.8 5824
3180 3.4 5858
3190 3.4 5892
3200 3 5922
3210 3.1 5953
3220 2.8 5981
3230 3 6011
3240 3.4 6045
3250 3.4 6079
3260 3.9 6118
3270 2.2 6140
3280 3.4 6174
3290 3.1 6205
3300 4.4 6249
3310 3.8 6287
3320 3.5 6322
3330 3.7 6359
3340 3.5 6394
3350 3.6 6430
3360 3.7 6467
3370 3.2 6499
3380 3.2 6531
3390 3.4 6565
3400 3.2 6597
3410 3.9 6636
3420 2.7 6663
3430 3.1 6694
3440 4.1 6735
3450 3.1 6766
3460 3.9 6805
3470 3.8 6843
3480 3 6873
3490 2.4 6897
3500 4.2 6939
3510 3.9 6978
3520 4.1 7019
3530 3 7049
3540 2.8 7077
3550 3.4 7111
3560 2.8 7139
3570 4.1 7180
3580 3.9 7219
3590 2.4 7243
3600 3.7 7280
3610 2.3 7303
3620 3.4 7337
3630 5.6 7393
3640 2.1 7414
3650 4.3 7457
3660 3.8 7495
3670 2.6 7521
3680 3.2 7553
3690 2.4 7577
3700 3 7607
3710 2.5 7632
3720 4.9 7681
3730 2.8 7709
3740 5.1 7760
3750 4.4 7804
3760 2.8 7832
3770 3.5 7867
3780 4.5 7912
3790 3.2 7944
3800 3.6 7980
3810 2.8 8008
3820 2.9 8037
3830 4.4 8081
3840 3.2 8113
3850 3 8143
3860 3.6 8179
3870 4.2 8221
3880 3.6 8257
3890 3.3 8290
3900 4.3 8333
3910 3.3 8366
3920 3 8396
3930 3.1 8427
3940 3.6 8463
3950 3.7 8500
3960 4.1 8541
3970 3.7 8578
3980 3.3 8611
3990 3.8 8649
4000 3.7 8686
4010 3 8716
4020 3 8746
4030 2.6 8772
4040 3.6 8808
4050 4.1 8849
4060 3.1 8880
4070 3.8 8918
4080 4 8958
4090 3.6 8994
4100 3.8 9032
4110 4.4 9076
4120 3.8 9114
4130 3.5 9149
4140 3.1 9180
4150 3.9 9219
4160 2.2 9241
4170 4.3 9284
4180 3.7 9321
4190 3 9351
4200 4.5 9396
4210 2.5 9421
4220 0.1 9422
4230 4.5 9467
4240 5.1 9518
4250 3.8 9556
4260 3.1 9587
4270 3.9 9626
4280 4.5 9671
4290 3.7 9708
4300 3.6 9744
4310 3 9774
4320 3.2 9806
4330 4.6 9852
4340 3.4 9886
4350 4.5 9931
4360 1.8 9949
4370 4 9989
4380 3.6 10025
4390 3 10055
4400 3.2 10087
4410 3.1 10118
4420 2.7 10145
4430 3.6 10181
4440 5.4 10235
4450 3.3 10268
4460 4.5 10313
4470 4 10353
4480 3.7 10390
4490 3.5 10425
4500 3.8 10463
4510 3.6 10499
4520 3.3 10532
4530 3 10562
4540 2.7 10589
4550 4.1 10630
4560 2.5 10655
4570 3.3 10688
4580 2.8 10716
4590 3.8 10754
4600 2.4 10778
4610 3.3 10811
4620 3.5 10846
4630 3.1 10877
4640 4.4 10921
4650 3.7 10958
4660 3.4 10992
4670 2.9 11021
4680 3.7 11058
4690 3.2 11090
4700 3.5 11125
4710 4 11165
4720 4 11205
4730 4.4 11249
4740 2.7 11276
4750 3.4 11310
4760 3.7 11347
4770 4.7 11394
4780 2.9 11423
4790 3.4 11457
4800 3.6 11493
4810 3.6 11529
4820 1.7 11546
4830 0.9 11555
4840 0.7 11562
4850 0.4 11566
4860 0 11566
4870 0.1 11567
4880 0 11567
4890 0 11567
4900 0.1 11568
4900 0 11568
