10 0.1 1.1669921875 0.0 1.1669921875 1.1669921875 0 0
20 1.6 0.9036865234375 0.1237974435720275 1.1669921875 0.739013671875 1.1669921875 1
30 1 0.9372314453125 0.07321145595504959 1.1669921875 0.739013671875 0.9191750919117647 17
40 1 1.01328125 0.0830190278498727 1.1669921875 0.739013671875 0.9258626302083334 27
50 1.1 0.887451171875 0.08777507546019296 1.1669921875 0.718017578125 0.949489284206081 37
60 1.1 0.9126198508522727 0.1681209287619584 1.3720703125 0.661865234375 0.935272216796875 48
70 0.8 0.945404052734375 0.10511713668697267 1.3720703125 0.661865234375 0.9310488943326272 59
80 0.8 0.884246826171875 0.0493747535983106 1.3720703125 0.661865234375 0.9327629430970149 67
90 0.7 0.9705287388392857 0.06675458498793152 1.3720703125 0.661865234375 0.927587890625 75
100 0.9 0.9324544270833334 0.06957089250101357 1.3720703125 0.661865234375 0.9312535727896342 82
110 0.7 0.9700753348214286 0.06994153904131431 1.3720703125 0.661865234375 0.9313723385989011 91
120 0.9 0.8473036024305556 0.09307755167606052 1.3720703125 0.661865234375 0.9341368383290817 98
130 1 0.928125 0.08186259051912213 1.3720703125 0.661865234375 0.9268331082067757 107
140 1.8 0.8579915364583334 0.11683556728431213 1.3720703125 0.661865234375 0.9269435263087606 117
150 2.3 0.9125127377717391 0.13064390329211104 1.3720703125 0.661865234375 0.917749927662037 135
160 1.8 0.9286566840277778 0.11572859523767046 1.3720703125 0.661865234375 0.9169875519185127 158
170 1.4 0.9276646205357143 0.11078338158941325 1.3720703125 0.661865234375 0.9181809858842329 176
180 2.3 0.8605001698369565 0.08625564907429092 1.3720703125 0.661865234375 0.9188797800164473 190
190 2 0.94803466796875 0.13476512245416236 1.3720703125 0.661865234375 0.91257587844777 213
200 2.7 0.8715549045138888 0.14729166252603446 1.3720703125 0.661865234375 0.9156195513680258 233
210 1.5 1.4506022135416667 2.2095145359367336 9.7109375 0.661865234375 0.9110436072716346 260
220 1.8 0.9550374348958334 0.18095182120937525 9.7109375 0.661865234375 0.9404740767045454 275
230 2.2 0.8739790482954546 0.09528463545779253 9.7109375 0.661865234375 0.9413687539995734 293
240 1.6 0.9550018310546875 0.21240717948144344 9.7109375 0.661865234375 0.9366621713789682 315
250 1.8 0.9901258680555556 0.1612071723770931 9.7109375 0.661865234375 0.937548680608006 331
260 2.5 0.8851953125 0.12974365636352764 9.7109375 0.661865234375 0.9402603980121776 349
270 3.3 0.8577547940340909 0.07716329844954846 9.7109375 0.661865234375 0.9365795767881016 374
280 3.9 0.8451647636217948 0.07950044774427804 9.7109375 0.661865234375 0.9301883781864251 407
290 2.2 0.9146506569602273 0.12329599632476558 9.7109375 0.661865234375 0.9227535778096974 446
300 2.4 0.8807169596354166 0.1452210250641439 9.7109375 0.661865234375 0.9223726712740384 468
310 2.7 1.0639919704861112 0.5606115073126814 9.7109375 0.661865234375 0.9203406853404471 492
320 2.7 0.8945493344907407 0.1125873525972901 9.7109375 0.661865234375 0.9278138735850193 519
330 3.7 0.8382865287162162 0.07684490621834385 9.7109375 0.661865234375 0.9261689238495879 546
340 3.7 0.8844686972128378 0.17981063205643272 9.7109375 0.661865234375 0.9205914819629074 583
350 4 0.876275634765625 0.12717648722680008 9.7109375 0.661865234375 0.9184357673891129 620
360 3.6 0.8585137261284722 0.0812758625902285 9.7109375 0.661865234375 0.9158806078361742 660
370 4.1 0.8830149580792683 0.126981989199801 9.7109375 0.661865234375 0.9129133553340517 696
380 5.1 0.8254681755514706 0.08012164409981885 9.7109375 0.661865234375 0.9112500795030529 737
390 4.9 0.9274553571428571 0.6513045899822312 9.7109375 0.661865234375 0.9056982050087247 788
400 4.2 0.8077683221726191 0.07280288861245528 9.7109375 0.661865234375 0.906971921202957 837
410 4 0.885662841796875 0.1375618945690786 9.7109375 0.661865234375 0.9022318174950228 879
420 5.9 0.815963486493644 0.11669402862991825 9.7109375 0.661865234375 0.9015106433623504 919
430 5.9 1.1535230733580513 2.2972034931330185 18.617919921875 0.661865234375 0.896349823060455 978
440 4.8 0.8551584879557291 0.13364922614940308 18.617919921875 0.661865234375 0.9109816666164416 1037
450 4 0.8984375 0.13001970233536372 18.617919921875 0.661865234375 0.9085120697724655 1085
460 4.1 0.8550221512957317 0.09668213703187065 18.617919921875 0.661865234375 0.9081538628472222 1125
470 4.1 0.9056664443597561 0.17968307342456127 18.617919921875 0.661865234375 0.9062855951168525 1166
480 6.1 0.8268362576844263 0.10445807940372877 18.617919921875 0.661865234375 0.9062645634838442 1207
490 4.9 0.9061902104591837 0.16325426626954184 18.617919921875 0.661865234375 0.9024434856811908 1268
500 9.6 0.8303705851236979 0.15537560346630055 18.617919921875 0.661865234375 0.902582885464123 1317
510 12.4 0.819062263734879 0.12323737876485563 18.617919921875 0.661865234375 0.8976767419165782 1413
520 9.1 0.8939141912774725 0.48322514130788363 18.617919921875 0.661865234375 0.891334389740566 1537
530 7.6 0.8045429430509868 0.08881627949687303 18.617919921875 0.661865234375 0.8914785924063268 1628
540 7.4 0.8244035050675675 0.09263235734534851 18.617919921875 0.661865234375 0.8876011808153609 1704
550 7.1 0.8749828069982394 0.16675059345349103 18.617919921875 0.661865234375 0.8849709063466676 1778
560 9.9 0.8020266137941919 0.08153077405978751 18.617919921875 0.661865234375 0.884587371974716 1849
570 6.9 0.8169829879981884 0.07621138644517599 18.617919921875 0.661865234375 0.8803915223546587 1948
580 11 1.0155051491477274 1.3242442394801568 18.617919921875 0.64208984375 0.8782223657504958 2017
590 8.7 0.9614538433908046 1.179597992444174 18.617919921875 0.64208984375 0.8853220865655853 2127
600 9.6 0.8173777262369791 0.10923864163455 18.617919921875 0.64208984375 0.8883137138663053 2214
610 11.3 27.58282632743363 281.83019896487025 3010.18505859375 0.64208984375 0.8853657247700216 2310
620 16.8 0.8111703055245534 0.14423068781122256 3010.18505859375 0.64208984375 2.130439207271461 2423
630 17.2 0.7946677984193312 0.11893539511932535 3010.18505859375 0.635009765625 2.0448980357185933 2591
640 16.8 0.9021693638392857 0.7894102802879605 3010.18505859375 0.635009765625 1.967069732853782 2763
650 16.7 0.8053716785179641 0.12581358117364122 3010.18505859375 0.635009765625 1.9060314312521325 2931
660 17.9 0.8469074611557262 0.3210576854694453 3010.18505859375 0.635009765625 1.8466995465824725 3098
670 19.3 0.8494158334682642 0.20720760768091384 3010.18505859375 0.635009765625 1.7920877726150062 3277
680 17.9 0.91321687325419 1.4461412284948172 3010.18505859375 0.635009765625 1.7396567396884006 3470
690 16.7 0.8071186728106288 0.1743958444247529 3010.18505859375 0.635009765625 1.6991161159307344 3649
700 18.9 0.8231840587797619 0.21278786782453443 3010.18505859375 0.635009765625 1.6600795401967046 3816
710 22.3 14.564297663256724 200.597591841712 3010.18505859375 0.635009765625 1.6205855961298377 4005
720 20.6 0.821215583282767 0.1889495306258349 3010.18505859375 0.635009765625 2.3032837491500118 4228
730 22 0.8585404829545454 0.44469416444017784 3010.18505859375 0.635009765625 2.234428078836829 4434
740 22.9 0.8175715150791487 0.3346247923127654 3010.18505859375 0.635009765625 2.169388269835088 4654
750 19.1 0.7816897087696336 0.0948348011492925 3010.18505859375 0.635009765625 2.105991579923331 4883
760 18.1 0.8092182644164363 0.1299187200322822 3010.18505859375 0.635009765625 2.056141036488101 5074
770 16.5 0.8214414654356059 0.17116792611734385 3010.18505859375 0.635009765625 2.0131927925784967 5255
780 19.1 0.8173674738219894 0.2883355709937994 3010.18505859375 0.598876953125 1.9769125399994234 5420
790 15.5 0.9218466481854839 1.2825173125647904 3010.18505859375 0.598876953125 1.93744130356387 5611
800 18.1 0.853452229368094 0.3931166314479024 3010.18505859375 0.598876953125 1.9101403719676768 5766
810 19.1 0.8181523028468588 0.24408722304643635 3010.18505859375 0.598876953125 1.8779795255223222 5947
820 20.2 0.7935730584777229 0.12914870492033245 3010.18505859375 0.598876953125 1.8450002163774846 6138
830 22.6 0.9440518269496683 1.2298270873554558 3010.18505859375 0.598876953125 1.8115004867409306 6340
840 16.3 0.7988565831096626 0.12532140038072007 3010.18505859375 0.598876953125 1.7816431311038874 6566
850 16.5 0.8364849668560606 0.17352420296909282 3010.18505859375 0.598876953125 1.7578365911539604 6729
860 16 0.8670516967773437 0.9489390281901596 3010.18505859375 0.598876953125 1.735785094488867 6894
870 18.1 0.8081594224792816 0.13910402259091395 3010.18505859375 0.598876953125 1.716080339224642 7054
880 17.8 0.7793668254037923 0.0923670523567324 3010.18505859375 0.598876953125 1.6933666300427608 7235
890 18.8 0.8087054313497339 0.14809605783629426 3010.18505859375 0.598876953125 1.6714197846055916 7413
900 22 0.8276711203835228 0.34826905736434094 3010.18505859375 0.598876953125 1.650081763501513 7601
910 26.8 0.9179787706972949 0.7834366130151751 3010.18505859375 0.598876953125 1.6269478494897551 7821
920 29.8 0.790088218330537 0.13471746974420287 3010.18505859375 0.598876953125 1.6034587021147546 8089
930 32.5 1.0498880709134613 3.4997915253301306 3010.18505859375 0.598876953125 1.5745586896946167 8387
940 27.7 0.8451769446638087 0.42308609978276857 3010.18505859375 0.598876953125 1.5549859221207099 8712
950 34.7 9.489818562004686 160.82764140812876 3010.18505859375 0.598876953125 1.5331128453874179 8989
960 33.6 0.8079456147693452 0.1629871692342437 3010.18505859375 0.598876953125 1.8288473016498634 9336
970 31.2 0.9760663937299682 1.0230915586307174 3010.18505859375 0.598876953125 1.7933817343636915 9672
980 32.5 0.8365955528846154 0.506546166243688 3010.18505859375 0.598876953125 1.7678406299688878 9984
990 30.1 0.8208640469269103 0.4756492022557512 3010.18505859375 0.598876953125 1.7384823362398754 10309
1000 29.3 0.8327961684087031 0.3567157973937891 3010.18505859375 0.598876953125 1.7124499983432493 10610
1010 34.2 1.1804134971217102 4.098413073531923 3010.18505859375 0.598876953125 1.6888107639884091 10903
1020 32.4 0.8733957549672068 0.6963795944433875 3010.18505859375 0.598876953125 1.6733486150094485 11245
1030 31.6 0.9968794810621042 1.0604981584739261 3010.18505859375 0.598876953125 1.65094523298389 11569
1040 30.8 0.9621502764813312 1.644415159622009 3010.18505859375 0.598876953125 1.6335548436185319 11885
1050 33.8 0.8343657544378699 0.24814053332802805 3010.18505859375 0.598876953125 1.6165948988405232 12193
1060 35.6 0.8295342948999301 0.3395621627210966 3010.18505859375 0.598876953125 1.5954957486683026 12531
1070 31 0.9842403288810492 1.6885944123372076 3010.18505859375 0.598876953125 1.5743362641069973 12887
1080 32.1 0.9158353716413555 1.7483863125115127 3010.18505859375 0.598876953125 1.560474800143972 13197
1090 39.6 0.9609917534722222 1.1389612242659006 3010.18505859375 0.598876953125 1.5451671173100219 13518
1100 35.1 0.8328666143607549 0.32595132270904564 3010.18505859375 0.598876953125 1.5285411690507313 13914
1110 32.8 0.8209675114329268 0.1893736389946502 3010.18505859375 0.598876953125 1.5114236248028392 14265
1120 26.8 0.8605519764458955 0.4462892008907977 3010.18505859375 0.598876953125 1.4959045673653464 14593
1130 30.1 0.8568305842504153 0.5410305941368329 3010.18505859375 0.598876953125 1.484446758714084 14861
1140 30.1 0.8498381047549833 0.28644016715610915 3010.18505859375 0.598876953125 1.4719871578359962 15162
1150 28.1 0.8626226784919929 0.32987667452917885 3010.18505859375 0.573974609375 1.4598765153360036 15463
1160 24.9 0.9155851923318273 0.8349864031909665 3010.18505859375 0.573974609375 1.4492166875823727 15744
1170 30.9 0.8264199661205505 0.17640133491534474 3010.18505859375 0.573974609375 1.440908412567217 15993
1180 33.3 0.8282987577421175 0.24541185128381499 3010.18505859375 0.573974609375 1.4292609502955926 16302
1190 35.1 0.8392977374910968 0.33739627225823215 3010.18505859375 0.573974609375 1.4172308685330253 16635
1200 48.7 0.8703487952387063 0.7743967940855526 3010.18505859375 0.566162109375 1.405288414217959 16986
1210 65.3 1.455627721812787 3.6254126286124975 3010.18505859375 0.566162109375 1.3903788054247983 17473
1220 69.6 1.3285185715247854 2.318800179604157 3010.18505859375 0.566162109375 1.392729436694872 18126
1230 77.6 1.1913747885792507 1.899175680958675 3010.18505859375 0.566162109375 1.3903550470360482 18822
1240 77.1 1.236639713035018 1.9207467657983524 3010.18505859375 0.566162109375 1.3824762491708338 19598
1250 72.2 1.5236620282202222 3.027614415092644 3010.18505859375 0.555908203125 1.3769560975011046 20369
1260 80.7 1.602324872211896 2.8640834686463683 3010.18505859375 0.555908203125 1.3819782245685364 21091
1270 76 1.3800803736636502 2.187481015369229 3010.18505859375 0.555908203125 1.3900985891976436 21898
1280 72.2 1.3338765067737202 2.0774855288594996 3010.18505859375 0.555908203125 1.3897625558405144 22658
1290 73 1.5230184476669515 2.3519539496677186 3010.18505859375 0.555908203125 1.3880367334527375 23380
1300 73.8 1.6217166724889909 2.7883797088645568 3010.18505859375 0.555908203125 1.3921236953513842 24110
1310 74 1.734144386085304 2.783256625674313 3010.18505859375 0.555908203125 1.3989427398268974 24848
1320 72.5 1.4491089709051719 2.5076080991237153 3010.18505859375 0.555908203125 1.4086367064609142 25588
1330 72 1.5258015950520831 2.6660987942228536 3010.18505859375 0.555908203125 1.4097518355500371 26313
1340 81.1 1.8549172510789143 5.047771376552739 3010.18505859375 0.555908203125 1.4128427180581373 27033
1350 78.8 1.4597223736913059 3.275774375061407 3010.18505859375 0.555908203125 1.425718829474595 27844
1360 74.1 1.4790378421263493 2.867246029394949 3010.18505859375 0.555908203125 1.4266546632564745 28632
1370 78.6 1.3719553862515903 2.0457479433673154 3010.18505859375 0.555908203125 1.4279761467802063 29373
1380 83.6 1.6432623612253283 2.611188451116978 3010.18505859375 0.555908203125 1.426516140885598 30159
1390 78.6 1.7664099152154897 2.7704158351123183 3010.18505859375 0.555908203125 1.4323622399404137 30995
1400 67.4 1.399073207413761 2.5880165630688157 3010.18505859375 0.555908203125 1.4406238261952897 31781
1410 73.2 1.2445278480404705 2.6665161555343477 3010.18505859375 0.555908203125 1.4397609355140772 32455
1420 78 1.1937462439903836 1.8005694015885008 3010.18505859375 0.552001953125 1.43545471259454 33187
1430 82.9 1.366341990067098 2.2884051788161908 3010.18505859375 0.552001953125 1.4299042487469455 33967
1440 79.7 1.5282195317401193 2.314757809723068 3010.18505859375 0.5419921875 1.4283899047865596 34796
1450 72.5 5.490905509159481 111.53810229164175 3010.18505859375 0.5419921875 1.4306252941238446 35593
1460 70.3 1.3201787956747866 2.9234465902919626 3010.18505859375 0.5419921875 1.5116788531276675 36318
1470 72.6 1.4689171320807504 2.5899072898916455 3010.18505859375 0.5419921875 1.5080424159598607 37021
1480 80.9 1.7926186843325094 3.0616390813890257 3010.18505859375 0.5419921875 1.507289906989711 37747
1490 70.4 1.4584166786887436 2.165808955591124 3010.18505859375 0.5419921875 1.5132768086618327 38556
1500 72.6 1.6598337557033396 4.03435444298944 3010.18505859375 0.5419921875 1.5122930712318516 39260
1510 73.3 1.504510772829979 3.019358651121606 3010.18505859375 0.5419921875 1.5149718722353602 39986
1520 68.1 1.3557315327872617 3.0190381889659563 3010.18505859375 0.5419921875 1.5147835575453104 40719
1530 83.3 5.490010750393908 104.1644264210394 3010.18505859375 0.512939453125 1.5121672669931308 41400
1540 80.5 1.701309564246895 2.699636646378624 3010.18505859375 0.512939453125 1.5906259041174848 42233
1550 75.7 1.3875688882926018 2.130086504313632 3010.18505859375 0.512939453125 1.5926961756543632 43038
1560 71.4 1.271573961615897 1.9287699310996391 3010.18505859375 0.512939453125 1.5891505344502794 43795
1570 78.9 2.0614894001505033 5.459964225831678 3010.18505859375 0.512939453125 1.5840560665223604 44509
1580 75 1.8753899739583322 4.692842073215443 3010.18505859375 0.512939453125 1.59237199438303 45298
1590 82.9 1.6259350379787394 2.5154016426878387 3010.18505859375 0.512939453125 1.596981607931533 46048
1600 88.3 5.305151726624426 101.09009149667885 3010.18505859375 0.512939453125 1.5974936371464814 46877
1610 85.5 1.6836243032711993 2.311289717715072 3010.18505859375 0.512939453125 1.6660418384238898 47760
1620 79.3 1.9809086957164244 3.8777076931207612 3010.18505859375 0.512939453125 1.6663510641246908 48615
1630 78.5 1.415800719048567 4.09445102807219 3010.18505859375 0.512939453125 1.67139972429819 49408
1640 80.4 5.696714790306284 106.0769649140031 3010.18505859375 0.512939453125 1.6674022501659214 50193
1650 75.3 1.5729341747592966 2.6574251180169304 3010.18505859375 0.512939453125 1.730926914014243 50997
1660 73.3 1.2061016504305944 1.8315301609856933 3010.18505859375 0.512939453125 1.7286280051705911 51750
1670 71.8 1.2591749951035867 1.8930481216764141 3010.18505859375 0.512939453125 1.721330178864465 52483
1680 78.7 2.056358948141676 4.111284157928782 3010.18505859375 0.512939453125 1.7150929385505553 53201
1690 76.7 180.0301321096805 711.5290655206826 3164.573974609375 0.512939453125 1.7200676801514336 53988
1700 87.7 2.037450392406643 3.673257509381153 3164.573974609375 0.512939453125 4.217808880360525 54755
1710 75.8 1.9474115296215364 2.9814589593713956 3164.573974609375 0.512939453125 4.18343703692625 55632
1720 77.8 1.594964427016388 3.5248296461566673 3164.573974609375 0.512939453125 4.153380159207914 56390
1730 79.7 4.016328014723175 19.25909017774204 3164.573974609375 0.512939453125 4.118562648718742 57168
1740 72.4 5.652093539580453 111.69627724817185 3164.573974609375 0.512939453125 4.117156955571248 57965
1750 75.2 1.4162876859624336 2.0059973169808756 3164.573974609375 0.512939453125 4.136092260088665 58689
1760 73.4 1.64115020169874 4.531997048385383 3164.573974609375 0.512939453125 4.101683467508747 59441
1770 82.6 1.6591173222798135 2.465922595676934 3164.573974609375 0.512939453125 4.071670481765422 60175
1780 81 1.9966619044174376 3.3452638935823344 3164.573974609375 0.512939453125 4.039002674520703 61001
1790 80.3 1.9297866156211079 3.242804212498192 3164.573974609375 0.512939453125 4.012238894226198 61811
1800 75.3 2.124822325282203 4.4765525798009085 3164.573974609375 0.512939453125 3.98553226025105 62614
1810 71.7 2.071761680613668 3.516907348844492 3164.573974609375 0.512939453125 3.963421152244808 63367
1820 83.1 2.1153783327692532 3.87839885605503 3164.573974609375 0.512939453125 3.9422564334201478 64084
1830 79.6 1.4484774335544919 2.3662397331272413 3164.573974609375 0.512939453125 3.9188699171813606 64915
1840 79.2 1.6226421317668875 2.501450909149511 3164.573974609375 0.512939453125 3.8889444493454275 65711
1850 85.5 4.557467562134504 26.641686043972747 3164.573974609375 0.512939453125 3.8619545175299876 66503
1860 79.9 1.8859631057376414 2.9246602968240873 3164.573974609375 0.512939453125 3.8707829217750196 67358
1870 72.7 1.727875217610901 2.6663288479294063 3164.573974609375 0.512939453125 3.847515010437756 68157
1880 71.3 5.528867488823628 112.3913366451295 3164.573974609375 0.512939453125 3.825144385482975 68884
1890 73 1.5098191352739727 3.7872758696654993 3164.573974609375 0.512939453125 3.8425985081130007 69597
1900 72.7 1.5506415491746912 2.695625393417184 3164.573974609375 0.512939453125 3.818384067824456 70327
1910 79.9 1.8342187377776915 3.1040909840870476 3164.573974609375 0.512939453125 3.79518130920343 71054
1920 85.3 1.780931443709701 2.615235071040293 3164.573974609375 0.512939453125 3.7733755516906027 71853
1930 78.2 1.7570888197330563 2.9995774889047087 3164.573974609375 0.512939453125 3.749999835462125 72706
1940 78.4 1.703306859853317 3.2926898540201797 3164.573974609375 0.512939453125 3.728792884472846 73488
1950 81 1.7609706548996913 3.5082056839886304 3164.573974609375 0.512939453125 3.7074122693917695 74272
1960 77.1 5.850761364096952 108.02270787113613 3164.573974609375 0.512939453125 3.686413658436566 75082
1970 72.2 1.6204881324662397 2.4884711691835033 3164.573974609375 0.512939453125 3.7084129476019805 75853
1980 68.5 1.822306255702554 3.0364262383053893 3164.573974609375 0.512939453125 3.6887266045849643 76575
1990 74.5 1.7069044279572148 2.7874882224943693 3164.573974609375 0.512939453125 3.6721786115874955 77260
2000 73.9 5.677040605970906 110.60159414257366 3164.573974609375 0.512939453125 3.6534089267364656 78005
2010 75.7 1.155897173257926 1.7022888677609596 3164.573974609375 0.512939453125 3.6724003903521605 78744
2020 80.7 1.6369141835114622 2.580074138719271 3164.573974609375 0.512939453125 3.648438516472079 79501
2030 77.7 1.8911874346444653 2.875493000018847 3164.573974609375 0.512939453125 3.6282250864688512 80308
2040 71.6 6.455418080590952 112.35340071742532 3164.573974609375 0.512939453125 3.6115798591707375 81085
2050 72.6 1.9821683184831267 5.253013888941806 3164.573974609375 0.512939453125 3.6364718307424404 81801
2060 70.8 1.6645314706920904 2.935870053350929 3164.573974609375 0.512939453125 3.621918722669928 82527
2070 75.1 1.9245095081557926 3.9600570238289743 3164.573974609375 0.512939453125 3.6052691140389395 83235
2080 77.3 1.825710439743694 3.388160101969315 3164.573974609375 0.512939453125 3.5902398179179404 83986
2090 69 1.680862559442934 4.398617502292519 3164.573974609375 0.512939453125 3.5741473532908365 84759
2100 72.7 1.4660422890517542 2.3777795522293648 3164.573974609375 0.512939453125 3.558859093536421 85449
2110 79.4 5.328081645052739 106.6041100680548 3164.573974609375 0.512939453125 3.541203623140251 86176
2120 78.5 2.022467779657644 4.217983968771273 3164.573974609375 0.512939453125 3.5575170777728657 86970
2130 84 2.0464503696986607 3.3091675857423546 3164.573974609375 0.512939453125 3.543785510351973 87755
2140 82.3 2.1218694823625444 3.91492517733548 3164.573974609375 0.512939453125 3.5295887552512473 88595
2150 69 3.396277032382246 27.28888000277075 3164.573974609375 0.512939453125 3.5166321585751037 89418
2160 69.6 5.7975351618624344 113.84262105720475 3164.573974609375 0.512939453125 3.5157105418809915 90108
2170 67.8 1.3520302561532067 1.8485003379379048 3164.573974609375 0.512939453125 3.533200409458489 90804
2180 79.3 5.770422840479188 106.77504021053613 3164.573974609375 0.512939453125 3.517035116133671 91482
2190 81 2.1380129967206813 4.304460437159135 3164.573974609375 0.512939453125 3.536400453065733 92275
2200 80.2 1.8480172858868464 2.7159215549798414 3164.573974609375 0.512939453125 3.524232071053169 93085
2210 78.3 1.8657385581297898 3.1039427586445805 3164.573974609375 0.512939453125 3.509913536456224 93887
2220 75.8 1.7976112868980871 3.827468086226594 3164.573974609375 0.512939453125 3.4963148356214337 94670
2230 69.9 1.7556002157099428 2.9353826156555924 3164.573974609375 0.512939453125 3.4828217592713866 95428
2240 77.6 1.9736073287491942 5.382926536642993 3164.573974609375 0.512939453125 3.470262042865492 96127
2250 75.8 1.5774663356489116 2.27462251253195 3164.573974609375 0.512939453125 3.4582768199296257 96903
2260 72.7 1.5952155153885832 3.19437974570391 3164.573974609375 0.512939453125 3.4436788294617338 97661
2270 80 1.3964242553710933 2.086951655342284 3164.573974609375 0.512939453125 3.4300203260941364 98388
2280 79.1 5.404769106550253 106.87195204004442 3164.573974609375 0.512939453125 3.4136183736747063 99188
2290 81 1.5303750120563282 2.588732390336085 3164.573974609375 0.512939453125 3.4293716841669553 99979
2300 78.6 2.302062832975509 3.9714906900370086 3164.573974609375 0.512939453125 3.414110224043235 100789
2310 72.5 1.7509863281249998 2.8088548179623145 3164.573974609375 0.512939453125 3.4055050628384187 101575
2320 68.3 1.5673320541270128 3.0581190723570173 3164.573974609375 0.512939453125 3.3937794901828253 102300
2330 81.4 1.6595563958845203 2.620358339527405 3164.573974609375 0.512939453125 3.38166619382492 102983
2340 81.6 1.6536646824257046 2.668374164518409 3164.573974609375 0.512939453125 3.3681610118300314 103797
2350 78 1.8272739508213147 3.0944159249347725 3164.573974609375 0.512939453125 3.354787635626367 104613
2360 73.9 1.6887712491542626 2.8728862693775965 3164.573974609375 0.512939453125 3.343482703855301 105393
2370 82.6 1.6793877922593836 3.1475171609974297 3164.573974609375 0.501953125 3.3319609030315718 106132
2380 74 1.7586188239020257 2.767594482438065 3164.573974609375 0.501953125 3.3191986469170423 106958
2390 82.2 1.8504745594776462 2.945834117101297 3164.573974609375 0.501953125 3.308475800912185 107698
2400 75.8 1.7782146685356202 3.759447436582598 3164.573974609375 0.501953125 3.2974319654859117 108520
2410 74 1.6529174804687503 2.7065735428535147 3164.573974609375 0.501953125 3.286894009894774 109278
2420 76.3 1.982067663110255 4.124487519807741 3164.573974609375 0.501953125 3.2759036025816504 110018
2430 81.4 1.6690334910549758 2.7446142046865885 3164.573974609375 0.501953125 3.266992355871324 110781
2440 78.9 2.164481159398764 4.079840738436001 3164.573974609375 0.501953125 3.2553364706080012 111595
2450 77.9 1.983838768152277 4.652969475195467 3164.573974609375 0.501953125 3.2476780420012235 112384
2460 73 1.5586054553724318 2.48026777024676 3164.573974609375 0.501953125 3.2389779298238484 113163
2470 73.3 1.6668326467641539 2.6145698179488046 3164.573974609375 0.501953125 3.228207540894331 113893
2480 96.6 151.00435156654368 653.1572533793484 3164.573974609375 0.501953125 3.2182230016327544 114626
2490 81.7 2.05418158803167 3.6607269655155363 3164.573974609375 0.501953125 4.453268681210095 115592
2500 84.7 1.6242096415658216 3.30064631753106 3164.573974609375 0.501953125 4.436431029867615 116409
2510 79.7 1.84654306677384 2.9955467895384356 3164.573974609375 0.501953125 4.4161169178742705 117256
2520 78.1 1.9917176621518893 3.3549306864336477 3164.573974609375 0.501953125 4.3987691981269785 118053
2530 82 1.9014252453315543 2.780884195461581 3164.573974609375 0.501953125 4.382949590526489 118834
2540 81.3 1.819389390182965 2.856909206967632 3164.573974609375 0.501953125 4.365943473196021 119654
2550 73.1 1.7534092852257182 4.8690691545937215 3164.573974609375 0.501953125 4.348757451551175 120467
2560 81.7 5.217885795976131 104.90315152311483 3164.573974609375 0.501953125 4.333103731938773 121198
2570 72.8 5.866378951858688 111.1357856910578 3164.573974609375 0.501953125 4.339028142431897 122015
2580 69.9 6.183761050943312 113.69413355740049 3164.573974609375 0.501953125 4.348087000283365 122743
2590 67.9 1.5979144134296763 2.504636901657601 3164.573974609375 0.501953125 4.358481648469649 123442
2600 71.6 1.326234274070355 1.9332595489931899 3164.573974609375 0.501953125 4.343380052828362 124121
2610 74.9 2.121565733477972 5.480728653156822 3164.573974609375 0.501953125 4.326075276379147 124837
2620 72.9 2.6521558722350833 12.72610322487178 3164.573974609375 0.501953125 4.3129274920112 125586
2630 76.7 1.5118581679840282 2.539884726686017 3164.573974609375 0.501953125 4.303342703895641 126315
2640 71.3 1.9653926383897264 3.171022951469196 3164.573974609375 0.501953125 4.286494773905208 127082
2650 70.9 1.8814216904310672 2.8648511157350782 3164.573974609375 0.501953125 4.273544769424418 127795
2660 73.6 6.6506284630816905 110.82705854973844 3164.573974609375 0.501953125 4.260346617903794 128504
2670 73.7 1.6698930551433162 2.7395725766787478 3164.573974609375 0.501953125 4.273958869823098 129240
2680 67.3 1.3571425462017077 2.402663284150385 3164.573974609375 0.501953125 4.2591932073949845 129977
2690 75.9 1.6287129317975955 2.535192125331129 3164.573974609375 0.501953125 4.244244259098138 130650
2700 75 1.5697695312499989 2.3393230289976237 3164.573974609375 0.501953125 4.229137316062111 131409
2710 75.3 3.349849300713812 9.397234530814192 3164.573974609375 0.501953125 4.214045450668086 132159
2720 84.2 1.724592847665528 2.6920944758909786 3164.573974609375 0.501953125 4.209149431490618 132912
2730 76 2.1941171746504917 4.678797179134771 3164.573974609375 0.501953125 4.193508802847132 133754
2740 76.8 5.768584569295247 108.31399903581323 3164.573974609375 0.501953125 4.182212301089476 134514
2750 74.6 5.596650233537196 109.88516954373057 3164.573974609375 0.501953125 4.191218184370194 135282
2760 82.2 1.9864849452554725 3.1679696229285255 3164.573974609375 0.501953125 4.1989258056590355 136028
2770 77.1 1.9012588916585609 3.1192648936093477 3164.573974609375 0.501953125 4.185636610282699 136850
2780 84 9.048887125651023 146.4237130343164 3164.573974609375 0.501953125 4.1728387435250145 137621
2790 81.8 1.9947599303751533 3.8297337933559987 3164.573974609375 0.501953125 4.2024202187489825 138461
2800 84.7 2.0517742422705116 3.1956237358430903 3164.573974609375 0.501953125 4.18945440110318 139279
2810 85.6 1.778565023547021 2.818767895217683 3164.573974609375 0.501953125 4.176533065344425 140126
2820 76.4 135.30436794420805 619.7802383897812 3164.573974609375 0.501953125 4.161973329748544 140982
2830 86.4 1.9019331755461508 2.915842354651358 3164.573974609375 0.501953125 4.868820715110015 141746
2840 80.4 1.948725002915112 3.359530280008008 3164.573974609375 0.501953125 4.850845882810856 142610
2850 75.8 1.981102291701024 3.3596661554124725 3164.573974609375 0.501953125 4.834576165855495 143414
2860 80.5 1.9276000218361806 3.3381650651927077 3164.573974609375 0.501953125 4.819573716027449 144172
2870 77.6 5.575994747201191 107.74675105022634 3164.573974609375 0.501953125 4.803515728734126 144977
2880 76.4 1.5927373276955163 2.557037257481446 3164.573974609375 0.501953125 4.807628465475946 145753
2890 78.5 2.2395013311106675 5.663336652932219 3164.573974609375 0.501953125 4.790864698614324 146517
2900 80.7 1.8198726233348823 2.5636916457078116 3164.573974609375 0.501953125 4.777268004452056 147302
2910 87 5.323738606770833 102.12072234656245 3164.573974609375 0.501953125 4.761154074356238 148109
2920 86.7 2.0809352923154556 4.0938230883540685 3164.573974609375 0.501953125 4.764439426944191 148979
2930 86 3.559059320494188 11.62231104660822 3164.573974609375 0.501953125 4.7489128324089815 149846
2940 89.3 1.7740359589340706 2.464418429833645 3164.573974609375 0.501953125 4.74212296325814 150706
2950 84.7 1.792358830799882 2.8437517598339626 3164.573974609375 0.501953125 4.7246393275160745 151599
2960 83.8 2.0360649309181125 3.293889896307558 3164.573974609375 0.501953125 4.708347384265884 152446
2970 86.9 2.534599980221518 9.539443830788025 3164.573974609375 0.501953125 4.693738079342308 153284
2980 80.2 1.9017218306772126 3.17547758044823 3164.573974609375 0.501953125 4.681566464076072 154153
2990 85.4 2.2631398542703485 4.375019826103805 3164.573974609375 0.501953125 4.667178832854195 154955
3000 84.2 1.721295789415083 3.496268536002896 3164.573974609375 0.501953125 4.654002127479599 155809
3010 84.8 5.893623496001625 103.34034977018838 3164.573974609375 0.501953125 4.638238814531387 156651
3020 82.9 1.9787541701221354 3.3982920732700186 3164.573974609375 0.501953125 4.644998007985865 157499
3030 85 2.087768267463236 3.42097926404525 3164.573974609375 0.501953125 4.631037646321541 158328
3040 77.4 1.69668303102794 2.6196729962687826 3164.573974609375 0.501953125 4.617456755921928 159178
3050 72.5 1.6220160964439658 2.4986084593420808 3164.573974609375 0.501953125 4.603323272982872 159952
3060 76.9 1.669717419131989 3.571286969512948 3164.573974609375 0.501953125 4.5898711441592654 160677
3070 69.5 5.851041549572843 113.91661609388548 3164.573974609375 0.501953125 4.575961860469698 161446
3080 87 133.24398123204014 614.6392732551498 3164.573974609375 0.501953125 4.581427352750655 162141
3090 74.7 1.9041720266482585 3.0213450902180474 3164.573974609375 0.501953125 5.268107526941242 163011
3100 81.3 1.8055271275369007 3.0060583923745883 3164.573974609375 0.501953125 5.252762567802032 163758
3110 76.8 1.5799643198649085 2.3172274092665286 3164.573974609375 0.501953125 5.235732821291799 164571
3120 73.7 1.841274142427068 5.027654822785552 3164.573974609375 0.501953125 5.218751768974464 165339
3130 79.8 5.524900814046836 106.21797269432506 3164.573974609375 0.501953125 5.20376344428718 166076
3140 76 5.5632141113281275 108.98630181547057 3164.573974609375 0.501953125 5.205299139608609 166874
3150 80.8 1.6901486840578583 3.013177452971477 3164.573974609375 0.501953125 5.20692181387819 167634
3160 84.3 2.0864231747664603 6.40325328190467 3164.573974609375 0.501953125 5.19005219294698 168442
3170 81.6 1.598364736519608 2.690693402962267 3164.573974609375 0.501953125 5.174596840952851 169285
3180 83.2 1.9323850778432994 2.961082478645603 3164.573974609375 0.501953125 5.157441119368513 170101
3190 75.7 1.6668802762755945 2.603325632782311 3164.573974609375 0.501953125 5.14174346808673 170933
3200 78 1.6266263521634619 2.76726511244322 3164.573974609375 0.501953125 5.126422415980021 171690
3210 83.4 1.8467598967700833 3.2329788288557855 3164.573974609375 0.501953125 5.1105944984884175 172470
3220 77.1 1.9897432438594378 8.84515705701931 3164.573974609375 0.501953125 5.0948877747092025 173304
3230 76.2 1.5705768254798225 2.5509865958212394 3164.573974609375 0.501953125 5.081134700268386 174075
3240 81.2 1.565253196678725 2.270226121912535 3164.573974609375 0.501953125 5.065834477200106 174837
3250 82.9 2.2868749528799728 5.099311898060813 3164.573974609375 0.501953125 5.049651794692473 175649
3260 81.1 1.6052833114981506 2.3588848913764524 3164.573974609375 0.501953125 5.036673735093754 176478
3270 75.9 1.547853492465415 2.6716775426099773 3164.573974609375 0.501953125 5.0209770047070075 177289
3280 72.3 5.930976751599236 111.77111282376507 3164.573974609375 0.501953125 5.0061714424665364 178048
3290 80.7 1.9454217128446412 4.07631688991482 3164.573974609375 0.501953125 5.0099116141862385 178771
3300 86.8 1.8405325753348225 2.7215107081728944 3164.573974609375 0.501953125 4.9961401981420535 179578
3310 80.7 1.8043535083643123 2.7875862146353634 3164.573974609375 0.501953125 4.980960768192946 180446
3320 78.4 1.852699435487086 3.375413956744245 3164.573974609375 0.501953125 4.966817432310607 181253
3330 79.5 1.7622546309944962 3.0711709482794696 3164.573974609375 0.501953125 4.9534054967727235 182037
3340 82.7 1.9799533092125166 4.0883713975940665 3164.573974609375 0.501953125 4.939529561825374 182832
3350 79.2 221.74383421618538 783.0816338756962 3164.573974609375 0.501953125 4.9262028554787705 183659
3360 83.8 2.1127734491534884 3.861271160331675 3164.573974609375 0.501953125 5.857179451093213 184451
3370 79.7 6.0370539302658495 106.57294873169828 3164.573974609375 0.501953125 5.840244758641823 185289
3380 79.4 2.001199179392322 3.101026775008182 3164.573974609375 0.501953125 5.841087685620663 186086
3390 81.6 1.9025552787032796 3.2627941625342287 3164.573974609375 0.501953125 5.824773090832856 186880
3400 80.4 5.308338070390231 106.41226782345343 3164.573974609375 0.501953125 5.807721423590626 187696
3410 79.2 1.627970994120897 2.6786752571900454 3164.573974609375 0.501953125 5.80559142774992 188500
3420 81.5 1.9366723183473946 3.29682650554888 3164.573974609375 0.501953125 5.788112213713224 189292
3430 78.2 5.635140577545554 107.37319135148522 3164.573974609375 0.501953125 5.771600862133728 190107
3440 78.6 5.346643035345102 106.95021625937778 3164.573974609375 0.501953125 5.771041835984773 190889
3450 80.7 1.6110864046042435 2.855199790340331 3164.573974609375 0.501953125 5.76930150752617 191675
3460 86.1 2.1492895819722695 4.95009190230616 3164.573974609375 0.501953125 5.751867775602883 192482
3470 79.8 6.280349310776942 107.04699001270332 3164.573974609375 0.501953125 5.735824682112476 193343
3480 83.1 2.02910884852587 3.446591620911946 3164.573974609375 0.501953125 5.738062904093789 194141
3490 84.7 1.990251957736864 5.132145910825474 3164.573974609375 0.501953125 5.722254783849975 194972
3500 88 1.8572870427911925 3.0401747179372904 3164.573974609375 0.501953125 5.706112293112519 195819
3510 83.2 2.1658348670372596 3.9491185530618678 3164.573974609375 0.501953125 5.688893261900959 196699
3520 78.2 1.6750300961077367 2.6401694753174807 3164.573974609375 0.501953125 5.674054150143682 197531
3530 80.1 1.7874757383348938 3.2518296024182147 3164.573974609375 0.501953125 5.6582849529137675 198313
3540 77.3 1.6064708951528137 3.236219494284666 3164.573974609375 0.501953125 5.64271337994111 199114
3550 76.9 1.8495642931160603 3.5480544115657766 3164.573974609375 0.501953125 5.627104483711033 199887
3560 81.8 1.8597671769941946 3.396554392909246 3164.573974609375 0.501953125 5.612627326753018 200656
3570 83.3 1.7869686937274905 2.8380568217395976 3164.573974609375 0.501953125 5.597390424708572 201474
3580 74.3 1.705597293489233 3.347570946031269 3164.573974609375 0.501953125 5.581700995761936 202307
3590 76.5 1.1485855800653582 1.7248181623434 3164.573974609375 0.501953125 5.567517567784646 203050
3600 82.8 1.9101530065859 3.1831079066677703 3164.573974609375 0.501953125 5.550931531572369 203815
3610 78.6 1.9840808509263672 3.2318355666069962 3164.573974609375 0.501953125 5.53620068508024 204643
3620 88.2 189.45536101810532 726.4334320699146 3164.573974609375 0.501953125 5.522609779270228 205429
3630 81.2 1.9738453832165979 3.3370661546296505 3164.573974609375 0.501953125 6.308940544923308 206311
3640 87.5 5.364224888392851 101.39466831410412 3164.573974609375 0.501953125 6.291945342694169 207123
3650 89.2 1.8845524125035031 3.1476691683821656 3164.573974609375 0.501953125 6.28804263498778 207998
3660 80.6 2.2137024077233223 4.961980000158709 3164.573974609375 0.501953125 6.269238894844853 208890
3670 75.8 1.5259133693725266 2.315963295268533 3164.573974609375 0.501953125 6.253650793933915 209696
3680 77 1.6962820870535709 2.8550761718632076 3164.573974609375 0.501953125 6.236622726195514 210454
3690 79.6 1.6289685119935613 2.556012643225775 3164.573974609375 0.501953125 6.220071281794597 211224
3700 79.8 5.450706845238095 106.25666400110214 3164.573974609375 0.501953125 6.202834616363215 212020
3710 84.6 1.2921419617132075 2.0761391161475635 3164.573974609375 0.501953125 6.200014375775681 212818
3720 89.8 5.268715363568342 100.40770373514803 3164.573974609375 0.501953125 6.180581714858087 213664
3730 86.8 2.2031224685879898 4.1354368094420435 3164.573974609375 0.501953125 6.176765307556429 214562
3740 87.6 1.8882504815924663 3.5966405796726595 3164.573974609375 0.501953125 6.160754900536865 215430
3750 82 5.507816965987042 104.85642901456404 3164.573974609375 0.501953125 6.143452033898884 216306
3760 78.7 1.950134510006353 6.644418678138645 3164.573974609375 0.501953125 6.141051488797479 217126
3770 87.3 5.349168915109536 102.00165555439534 3164.573974609375 0.501953125 6.12591585364809 217913
3780 89.2 2.0704797308541187 3.5384479067040284 3164.573974609375 0.501953125 6.122816477648967 218786
3790 81.3 2.1167649835678026 3.9268024133680393 3164.573974609375 0.501953125 6.106362010755873 219678
3800 81.1 1.771445541287762 2.707382119930966 3164.573974609375 0.501953125 6.091651467545022 220491
3810 78.9 1.5804813128762671 2.671028586760511 3164.573974609375 0.501953125 6.075819315073763 221302
3820 80.9 1.598093832084364 2.6693203004838204 3164.573974609375 0.501953125 6.059849187136414 222091
3830 83.7 2.0594530549955223 3.892976624674775 3164.573974609375 0.501953125 6.043655557337234 222900
3840 84.5 5.5445468518860945 103.52811282381637 3164.573974609375 0.501953125 6.0287506578594545 223737
3850 89.4 1.9161297757620246 3.7500394992838864 3164.573974609375 0.501953125 6.0269288189941514 224582
3860 80.8 1.676690734258973 2.858179415971604 3164.573974609375 0.501953125 6.010629725766271 225476
3870 80.7 2.5443044140140945 5.371331201232951 3164.573974609375 0.501953125 5.995154381927829 226284
3880 75.3 157.61737263186836 665.9836517830776 3164.573974609375 0.501953125 5.982891298300093 227091
3890 81.2 5.595479730314806 105.38943593760153 3164.573974609375 0.501953125 6.484027007136739 227844
3900 84.4 1.955705253998815 3.171702035582767 3164.573974609375 0.501953125 6.48087161043261 228656
3910 76.4 5.558913305791882 108.73064297984325 3164.573974609375 0.501953125 6.464230040041193 229500
3920 75.9 1.4005270092226614 2.26399909356763 3164.573974609375 0.501953125 6.461226261834585 230264
3930 72.1 1.3110189027825931 1.7990725373295395 3164.573974609375 0.501953125 6.444599905442656 231023
3940 74 1.3638249577702717 2.4188795727272914 3164.573974609375 0.501953125 6.428628351042465 231744
3950 81.4 1.8734553756526413 3.5393468994235135 3164.573974609375 0.501953125 6.412507007160643 232484
3960 76.9 1.7713634158606955 3.1678998647365617 3164.573974609375 0.501953125 6.396669803120971 233298
3970 77 2.1718778535917207 3.9618822179250803 3164.573974609375 0.501953125 6.3814738950612995 234067
3980 83.2 2.1973457336425786 4.631728414236012 3164.573974609375 0.501953125 6.3676711767846585 234837
3990 73.8 2.012053864435129 3.8740099598403965 3164.573974609375 0.501953125 6.352948363140547 235669
4000 69.6 5.687084680316096 113.96373227006468 3164.573974609375 0.501953125 6.339397240965464 236407
4010 76.5 1.7235562193627456 2.930623593188199 3164.573974609375 0.501953125 6.337482421067732 237103
4020 82.2 2.0179939362834536 5.106667658176188 3164.573974609375 0.501953125 6.322643714119743 237868
4030 78.8 1.761086091172272 2.873465757774421 3164.573974609375 0.501953125 6.307819372432276 238690
4040 75.3 1.8534400808225426 6.099555711049287 3164.573974609375 0.501953125 6.292858391358304 239478
4050 82.4 1.8295972509291565 3.017046326387382 3164.573974609375 0.501953125 6.278943109867432 240231
4060 79.7 1.5846193856845974 2.3725906657699487 3164.573974609375 0.501953125 6.263733879659533 241055
4070 86.5 1.6927011831647396 3.201399429789656 3164.573974609375 0.501953125 6.248314307972311 241852
4080 85 2.411203182444855 5.287943776381783 3164.573974609375 0.501953125 6.232078917155193 242717
4090 83 1.9351436017507537 3.6361248346224313 3164.573974609375 0.501953125 6.218744826845324 243567
4100 83.1 5.661467147074308 104.03364573424841 3164.573974609375 0.501953125 6.204197230038373 244397
4110 80.7 1.7993902232419454 3.1023794738420545 3164.573974609375 0.501953125 6.20235808973244 245228
4120 85.1 1.8550088705383372 3.1841723971767983 3164.573974609375 0.501953125 6.187916262072727 246035
4130 83.1 2.0204273136657656 4.330127414396864 3164.573974609375 0.501953125 6.172981011834982 246886
4140 74.8 1.5235967789104283 2.5402192008392666 3164.573974609375 0.501953125 6.159050711842738 247717
4150 80.1 95.67941409907536 522.7059103787299 3164.573974609375 0.501953125 6.145095750210985 248465
4160 85.9 1.8371684348624846 3.1715984904250796 3164.573974609375 0.501953125 6.432808430630459 249266
4170 82.4 1.8035491647072208 3.320410317878265 3164.573974609375 0.501953125 6.4170257029688305 250125
4180 80.7 1.7973983745740392 3.0562735264449135 3164.573974609375 0.501953125 6.4018771880613095 250949
4190 85 1.6676843979779417 2.541969551122239 3164.573974609375 0.501953125 6.387117601785375 251756
4200 83.5 2.0645186190119773 3.8517179914104047 3164.573974609375 0.501953125 6.371237067580976 252606
4210 80.6 1.8382398733134302 4.233380639543258 3164.573974609375 0.501953125 6.357047927289725 253441
4220 84.3 0.9040964653766312 2.204479353660158 3164.573974609375 0.501953125 6.342722647968809 254247
4230 96.5 2.0482563552461155 3.6516294962239124 3164.573974609375 0.501953125 6.3247495330998404 255090
4240 84 2.414474051339285 5.486839410842152 3164.573974609375 0.501953125 6.308632621043333 256055
4250 84.2 1.8598873473686164 3.966604917626325 3164.573974609375 0.501953125 6.295899429667279 256895
4260 83.2 1.4848274817833524 2.337650651655841 3164.573974609375 0.501953125 6.281407439098229 257737
4270 81.6 1.6720763561772365 2.4292527542723636 3164.573974609375 0.501953125 6.2659734368609685 258569
4280 85.4 1.6457934055730385 2.6284906258275624 3164.573974609375 0.501953125 6.2515214831325805 259385
4290 85.4 1.4677885890844533 2.3073835801141924 3164.573974609375 0.501953125 6.236407331225157 260239
4300 78.9 5.352740811153354 107.00135639953001 3164.573974609375 0.501953125 6.22080982226939 261093
4310 81.1 1.7680944026471954 3.0800918875396595 3164.573974609375 0.501953125 6.2181944976202335 261882
4320 93.8 5.398231359941365 98.15466159443481 3164.573974609375 0.501953125 6.204455908556104 262693
4330 83.3 5.826913089454532 104.20682246980567 3164.573974609375 0.501953125 6.201587358853677 263631
4340 86.7 1.557084977833044 2.798930224926436 3164.573974609375 0.501953125 6.200407222175682 264464
4350 81.8 5.371501148475698 105.04883045575731 3164.573974609375 0.501953125 6.185234624982572 265331
4360 83.1 1.2421005377557148 1.9531502135735135 3164.573974609375 0.501953125 6.182733642511164 266149
4370 78.7 207.89366450424873 759.5896967197716 3164.573974609375 0.501953125 6.16735546395827 266980
4380 81.8 6.034809737450333 105.00500602780654 3164.573974609375 0.501953125 6.760253786808765 267767
4390 80.1 5.756618618816321 106.29002318775656 3164.573974609375 0.501953125 6.758044381099678 268585
4400 77.7 1.9976893048182114 3.285242467952416 3164.573974609375 0.501953125 6.755066713234276 269386
4410 86.5 3.4288334311777446 13.752672661049266 3164.573974609375 0.501953125 6.741384298372362 270163
4420 85.6 5.293538886810022 102.6766776819323 3164.573974609375 0.501953125 6.730812119482642 271028
4430 91.3 1.9075717821570375 3.2285160912952624 3164.573974609375 0.501953125 6.726287006246234 271884
4440 79.5 1.7488929220715412 2.9147715907419385 3164.573974609375 0.501953125 6.710159677134868 272797
4450 85.2 5.5391037632042295 103.08984635553696 3164.573974609375 0.501953125 6.695743294089035 273592
4460 82.2 2.1937021223007904 4.544790857010009 3164.573974609375 0.501953125 6.692152554702079 274444
4470 87.4 1.931383634868418 3.334804030360199 3164.573974609375 0.501953125 6.678719271058498 275266
4480 87.5 2.371232979910718 7.862483178996995 3164.573974609375 0.501953125 6.663693663229028 276140
4490 76.3 1.6044889877539306 2.319517636516143 3164.573974609375 0.501953125 6.6501351804829545 277015
4500 79.4 1.5050162596426317 2.4409309069556335 3164.573974609375 0.501953125 6.636275810608262 277778
4510 80.1 1.6746157147315854 3.0368316480420257 3164.573974609375 0.501953125 6.621650435181203 278572
4520 71.6 1.7588088392545391 2.7216294468922637 3164.573974609375 0.501953125 6.607466620671282 279373
4530 77.5 1.7783518145161297 4.726007958430028 3164.573974609375 0.501953125 6.595071849825249 280089
4540 76.7 1.8855776233499029 3.1987915791152868 3164.573974609375 0.501953125 6.581780869039657 280864
4550 82 2.0672065548780525 3.1825232052299732 3164.573974609375 0.501953125 6.568991126825753 281631
4560 82.1 1.9565179896848344 3.2439307932051076 3164.573974609375 0.501953125 6.555921733022944 282451
4570 84.5 2.2378010586168653 3.4952730330465123 3164.573974609375 0.501953125 6.5425913986683994 283272
4580 80.6 1.8186471338011796 3.6346853825724894 3164.573974609375 0.501953125 6.529788406107787 284117
4590 80.6 2.1205230788616625 4.911055722256006 3164.573974609375 0.501953125 6.516461367344756 284923
4600 70.1 113.30810268255169 568.602880420144 3164.573974609375 0.501953125 6.504061064048565 285729
4610 74.4 1.7975043840305804 3.9468493623456635 3164.573974609375 0.501953125 6.765450000872818 286430
4620 81.2 1.8853991278286668 3.075765548045102 3164.573974609375 0.501953125 6.752579227268903 287174
4630 83.4 1.8158667402015893 3.3878463933740854 3164.573974609375 0.501953125 6.738855816267169 287986
4640 87.2 1.7970147089127022 3.0008469778383158 3164.573974609375 0.501953125 6.724640135602953 288820
4650 81.6 1.8287673651003362 3.8388160385230132 3164.573974609375 0.501953125 6.7098075224411335 289692
4660 85 1.2202315027573514 1.841234959775231 3164.573974609375 0.501953125 6.696097301833129 290508
4670 89.9 1.8139808663271686 2.8370699391071508 3164.573974609375 0.501953125 6.680122158095135 291358
4680 81.6 1.689881867053462 2.9310921373006664 3164.573974609375 0.501953125 6.665153616635737 292257
4690 88.8 1.7000674685916386 2.6267294698611017 3164.573974609375 0.501953125 6.651301021044676 293073
4700 81.8 1.6680096390777812 3.2580575878934557 3164.573974609375 0.501953125 6.636344290748554 293961
4710 83.5 1.7290278817365272 3.1169835099268304 3164.573974609375 0.501953125 6.622557359708464 294779
4720 73.9 1.3841200894367378 1.8001378552109677 3164.573974609375 0.501953125 6.608734952399925 295614
4730 78.2 1.506882455342872 2.313107898692557 3164.573974609375 0.501953125 6.595706603155174 296353
4740 75.8 1.8818159682140496 3.776422482551053 3164.573974609375 0.501953125 6.582313833930447 297135
4750 85.3 1.7335063402146835 3.1768699879509894 3164.573974609375 0.501953125 6.570353239414251 297893
4760 93.8 1.6697251049440294 2.721569610911423 3164.573974609375 0.501953125 6.556542743524709 298746
4770 92 2.5227278999660316 5.8755193020739584 3164.573974609375 0.501953125 6.541247182383678 299684
4780 84.5 1.5888128698224864 2.7621150533494228 3164.573974609375 0.501953125 6.528948484629076 300604
4790 79.2 1.762882117069129 3.0887118890683087 3164.573974609375 0.501953125 6.515100654334361 301449
4800 51.5 1.0651817543992699 1.5259044950780565 3164.573974609375 0.501953125 6.502647820067951 302241
4810 16.9 0.8642202524038465 0.27432917414328434 3164.573974609375 0.501953125 6.493398473981269 302756
4820 3 0.9484944661458333 0.46479861463297706 3164.573974609375 0.501953125 6.490257989968901 302925
4830 1 0.9222900390625 0.10107551905583424 3164.573974609375 0.501953125 6.48970921901046 302955
4840 0.8 0.936676025390625 0.11219018406300389 3164.573974609375 0.501953125 6.489525454576286 302965
4850 0.2 1.041015625 0.053955078125 3164.573974609375 0.501953125 6.489378831624956 302973
4860 0 0 0 3164.573974609375 0.501953125 6.489342865864041 302975
4870 0 0 0 3164.573974609375 0.501953125 6.489342865864041 302975
4880 0 0 0 3164.573974609375 0.501953125 6.489342865864041 302975
4890 0 0 0 3164.573974609375 0.501953125 6.489342865864041 302975
4900 0.1 1.02294921875 0.0 3164.573974609375 0.501953125 6.489342865864041 302975
4900 0 0 0 3164.573974609375 0.501953125 6.489324823531819 302976
