10 0.1 0.6103375929811177 0 0.6103375929811177 0.6103375929811177 0 0
20 0.1 0.1180417495029821 0.0 0.6103375929811177 0.1180417495029821 0.6103375929811177 1
30 0.1 4.224525718756112 0.0 4.224525718756112 0.1180417495029821 0.3641896712420499 2
40 0.1 3.6204341944211813 0.0 4.224525718756112 0.1180417495029821 1.6509683537467374 3
50 0.1 2.957128099173554 0.0 4.224525718756112 0.1180417495029821 2.1433348139153483 4
60 0.1 1.666455455582309 0.0 4.224525718756112 0.1180417495029821 2.3060934709669896 5
70 0.1 2.8271715491876677 0.0 4.224525718756112 0.1180417495029821 2.1994871350695426 6
80 0.1 2.559672361937672 0.0 4.224525718756112 0.1180417495029821 2.2891563370864176 7
90 0.1 2.4873063821582364 0.0 4.224525718756112 0.1180417495029821 2.3229708401928244 8
100 0.1 1.3839089136315028 0.0 4.224525718756112 0.1180417495029821 2.341230344855648 9
110 0.1 1.4940555661516943 0.0 4.224525718756112 0.1180417495029821 2.2454982017332332 10
120 0.1 1.8426737831998983 0.0 4.224525718756112 0.1180417495029821 2.1771852348621845 11
130 0.1 1.7392408277262918 0.0 4.224525718756112 0.1180417495029821 2.1493092805569938 12
140 0.1 2.948006708811766 0.0 4.224525718756112 0.1180417495029821 2.1177655534161706 13
150 0.1 2.7289305718379575 0.0 4.224525718756112 0.1180417495029821 2.1770684930872846 14
160 0.1 3.4762236433863105 0.0 4.224525718756112 0.1180417495029821 2.2138592983373298 15
170 0.1 4.020990488684815 0.0 4.224525718756112 0.1180417495029821 2.292757069902891 16
180 0.1 2.840513696463592 0.0 4.224525718756112 0.1180417495029821 2.394417859243004 17
190 0.1 4.793312871416443 0.0 4.793312871416443 0.1180417495029821 2.419200961310815 18
200 0.1 4.890186450799549 0.0 4.890186450799549 0.1180417495029821 2.544154219737427 19
210 0.1 4.812979431131628 0.0 4.890186450799549 0.1180417495029821 2.661455831290533 20
220 0.1 4.29200520994852 0.0 4.890186450799549 0.1180417495029821 2.763909336044871 21
230 0.1 2.6100506427736656 0.0 4.890186450799549 0.1180417495029821 2.8333682394041277 22
240 0.1 3.4424961320268177 0.0 4.890186450799549 0.1180417495029821 2.8236587786810645 23
250 0.1 3.4954811270600747 0.0 4.890186450799549 0.1180417495029821 2.8494436684038043 24
260 0.1 2.770135067533767 0.0 4.890186450799549 0.1180417495029821 2.875285166750055 25
270 0.1 3.63551151580075 0.0 4.890186450799549 0.1180417495029821 2.8712409321648136 26
280 0.1 4.592573977508325 0.0 4.890186450799549 0.1180417495029821 2.8995472500772554 27
290 0.1 4.675785873997106 0.0 4.890186450799549 0.1180417495029821 2.9600124903426503 28
300 0.1 5.9607894910555155 0.0 5.9607894910555155 0.1180417495029821 3.019177089779011 29
310 0.1 3.5991250745675085 0.0 5.9607894910555155 0.1180417495029821 3.1172308364882277 30
320 0.1 4.456964006259781 0.0 5.9607894910555155 0.1180417495029821 3.13277581191014 31
330 0.1 4.367509986684421 0.0 5.9607894910555155 0.1180417495029821 3.1741566929835665 32
340 0.1 4.713049054184033 0.0 5.9607894910555155 0.1180417495029821 3.2103189140048047 33
350 0.1 4.9983113812901045 0.0 5.9607894910555155 0.1180417495029821 3.2545168593041933 34
360 0.1 6.278634574433761 0.0 6.278634574433761 0.1180417495029821 3.3043395599323624 35
370 0.1 5.3615156592344375 0.0 6.278634574433761 0.1180417495029821 3.386958865890735 36
380 0.1 5.158047877264912 0.0 6.278634574433761 0.1180417495029821 3.440325265710835 37
390 0.1 5.69164265129683 0.0 6.278634574433761 0.1180417495029821 3.4855284923306793 38
400 0.1 4.959864256346668 0.0 6.278634574433761 0.1180417495029821 3.5420955220477603 39
410 0.1 5.486451959927385 0.0 6.278634574433761 0.1180417495029821 3.577539740405233 40
420 0.1 5.380568688819338 0.0 6.278634574433761 0.1180417495029821 3.6240985750277246 41
430 0.1 6.146492527265384 0.0 6.278634574433761 0.1180417495029821 3.665919292022763 42
440 0.1 6.997216648326752 0.0 6.997216648326752 0.1180417495029821 3.7236070416795686 43
450 0.1 5.465903175429464 0.0 6.997216648326752 0.1180417495029821 3.798007260012459 44
460 0.1 5.548499231232034 0.0 6.997216648326752 0.1180417495029821 3.8350716136883927 45
470 0.1 4.906914893617021 0.0 6.997216648326752 0.1180417495029821 3.8723200401567324 46
480 0.1 4.824056301983366 0.0 6.997216648326752 0.1180417495029821 3.8943326966133345 47
490 0.1 6.937534549474848 0.0 6.997216648326752 0.1180417495029821 3.913701938391877 48
500 0.1 4.648818897637795 0.0 6.997216648326752 0.1180417495029821 3.9754128080058155 49
510 0.1 7.720364741641338 0.0 7.720364741641338 0.1180417495029821 3.988880929798455 50
520 0.1 8.138372325534892 0.0 8.138372325534892 0.1180417495029821 4.062047279050276 51
530 0.1 7.233870424054473 0.0 8.138372325534892 0.1180417495029821 4.140438145328827 52
540 0.1 6.293565683646113 0.0 8.138372325534892 0.1180417495029821 4.198804792097235 53
550 0.1 5.288585416129863 0.0 8.138372325534892 0.1180417495029821 4.237596660459251 54
560 0.1 5.872973691203827 0.0 8.138372325534892 0.1180417495029821 4.256705546925989 55
570 0.1 6.070791603786527 0.0 8.138372325534892 0.1180417495029821 4.285567478073808 56
580 0.1 5.719616547642025 0.0 8.138372325534892 0.1180417495029821 4.316887199577539 57
590 0.1 7.65001030998694 0.0 8.138372325534892 0.1180417495029821 4.341072188337272 58
600 0.1 5.412622940141992 0.0 8.138372325534892 0.1180417495029821 4.397155885314385 59
610 0.1 6.858924395947 0.0 8.138372325534892 0.1180417495029821 4.414080336228179 60
620 0.1 8.088333111613675 0.0 8.138372325534892 0.1180417495029821 4.454159747043241 61
630 0.1 8.782408035835482 0.0 8.782408035835482 0.1180417495029821 4.512775446471797 62
640 0.1 8.494965195647767 0.0 8.782408035835482 0.1180417495029821 4.580547392334712 63
650 0.1 7.857046345088501 0.0 8.782408035835482 0.1180417495029821 4.6417101705114785 64
660 0.1 9.386084583901773 0.0 9.386084583901773 0.1180417495029821 4.691176880889587 65
670 0.1 10.270122034827917 0.0 10.270122034827917 0.1180417495029821 4.7623118460867415 66
680 0.1 8.19805194805195 0.0 10.270122034827917 0.1180417495029821 4.844517968306759 67
690 0.1 9.050757627233812 0.0 10.270122034827917 0.1180417495029821 4.893834644479482 68
700 0.1 9.113060428849902 0.0 10.270122034827917 0.1180417495029821 4.95407990509911 69
710 0.1 9.115637232136933 0.0 10.270122034827917 0.1180417495029821 5.013493912581263 70
720 0.1 11.683702441794434 0.0 11.683702441794434 0.1180417495029821 5.071270579053878 71
730 0.1 10.48866090712743 0.0 11.683702441794434 0.1180417495029821 5.163109910480831 72
740 0.1 11.28826530612245 0.0 11.683702441794434 0.1180417495029821 5.236062663859551 73
750 0.1 10.817618626182858 0.0 11.683702441794434 0.1180417495029821 5.317849186052293 74
760 0.1 8.459647685374847 0.0 11.683702441794434 0.1180417495029821 5.391179445254034 75
770 0.1 8.404154863078375 0.0 11.683702441794434 0.1180417495029821 5.431554027360886 76
780 0.1 8.351663000733186 0.0 11.683702441794434 0.1180417495029821 5.4701592330195545 77
790 0.1 10.245411715069263 0.0 11.683702441794434 0.1180417495029821 5.507101589015883 78
800 0.1 8.921482876942743 0.0 11.683702441794434 0.1180417495029821 5.5670801982064315 79
810 0.1 9.553921231699773 0.0 11.683702441794434 0.1180417495029821 5.609010231690635 80
820 0.1 10.503371704924733 0.0 11.683702441794434 0.1180417495029821 5.6577128366290195 81
830 0.1 10.642907058001398 0.0 11.683702441794434 0.1180417495029821 5.716806237461894 82
840 0.1 11.271735424480054 0.0 11.683702441794434 0.1180417495029821 5.77615684975755 83
850 0.1 8.362676056338028 0.0 11.683702441794434 0.1180417495029821 5.841580404218531 84
860 0.1 7.898741181352885 0.0 11.683702441794434 0.1180417495029821 5.871240353066995 85
870 0.1 9.582606361562206 0.0 11.683702441794434 0.1180417495029821 5.894815944093576 86
880 0.1 8.564923324181343 0.0 11.683702441794434 0.1180417495029821 5.937204339696664 87
890 0.1 8.211343364880506 0.0 11.683702441794434 0.1180417495029821 5.967064782702172 88
900 0.1 9.640268274507147 0.0 11.683702441794434 0.1180417495029821 5.992281395985074 89
910 0.1 10.393084996912945 0.0 11.683702441794434 0.1180417495029821 6.032814583524208 90
920 0.1 13.780034324942791 0.0 13.780034324942791 0.1180417495029821 6.080729643011996 91
930 0.1 12.527716186252771 0.0 13.780034324942791 0.1180417495029821 6.164417737380809 92
940 0.1 13.180556544018218 0.0 13.780034324942791 0.1180417495029821 6.232840301347174 93
950 0.1 11.87633703678145 0.0 13.780034324942791 0.1180417495029821 6.306752176269208 94
960 0.1 14.08319610510489 0.0 14.08319610510489 0.1180417495029821 6.365379385327231 95
970 0.1 14.101297968397292 0.0 14.101297968397292 0.1180417495029821 6.445773309491582 96
980 0.1 14.575130646431383 0.0 14.575130646431383 0.1180417495029821 6.524696244119475 97
990 0.1 13.181367690782952 0.0 14.575130646431383 0.1180417495029821 6.606843533938984 98
1000 0.1 12.987929695771863 0.0 14.575130646431383 0.1180417495029821 6.673252868856601 99
1010 0.1 14.083806818181818 0.0 14.575130646431383 0.1180417495029821 6.7363996371257535 100
1020 0.1 12.924208144796381 0.0 14.575130646431383 0.1180417495029821 6.809146242878784 101
1030 0.1 13.34218618954431 0.0 14.575130646431383 0.1180417495029821 6.869097830152485 102
1040 0.1 12.761330152939527 0.0 14.575130646431383 0.1180417495029821 6.931943348204833 103
1050 0.1 13.868092691622103 0.0 14.575130646431383 0.1180417495029821 6.987995144404206 104
1060 0.1 14.920045688178185 0.0 14.920045688178185 0.1180417495029821 7.053519882949138 105
1070 0.1 14.635547576301617 0.0 14.920045688178185 0.1180417495029821 7.127732390545639 106
1080 0.1 14.259429622815087 0.0 14.920045688178185 0.1180417495029821 7.197898887608779 107
1090 0.1 14.527412906910337 0.0 14.920045688178185 0.1180417495029821 7.263283431453282 108
1100 0.1 16.283315078495804 0.0 16.283315078495804 0.1180417495029821 7.329926821136374 109
1110 0.1 15.647495091979932 0.0 16.283315078495804 0.1180417495029821 7.411321259839641 110
1120 0.1 12.94984021119911 0.0 16.283315078495804 0.1180417495029821 7.485521024093158 111
1130 0.1 10.776281072073324 0.0 16.283315078495804 0.1180417495029821 7.5343095882637465 112
1140 0.1 12.656271948307346 0.0 16.283315078495804 0.1180417495029821 7.562999601394805 113
1150 0.1 13.138789032212589 0.0 16.283315078495804 0.1180417495029821 7.607677428999301 114
1160 0.1 11.760157458175172 0.0 16.283315078495804 0.1180417495029821 7.655774051635937 115
1170 0.1 11.151423877327492 0.0 16.283315078495804 0.1180417495029821 7.691156667209552 116
1180 0.1 12.86085551731404 0.0 16.283315078495804 0.1180417495029821 7.720731600629363 117
1190 0.1 13.255305647606288 0.0 16.283315078495804 0.1180417495029821 7.764291972804656 118
1200 0.1 16.345103749544958 0.0 16.345103749544958 0.1180417495029821 7.8104349448618136 119
1210 0.1 21.130795326045988 0.0 21.130795326045988 0.1180417495029821 7.8815571849008395 120
1220 0.1 28.273905996758508 0.0 28.273905996758508 0.1180417495029821 7.991055020778072 121
1230 0.1 31.44086733427129 0.0 31.44086733427129 0.1180417495029821 8.157307897630371 122
1240 0.1 32.00532313066623 0.0 32.00532313066623 0.1180417495029821 8.346605128822574 123
1250 0.1 28.19772107205906 0.0 32.00532313066623 0.1180417495029821 8.53740124174067 124
1260 0.1 34.24506732153442 0.0 34.24506732153442 0.1180417495029821 8.694683800383217 125
1270 0.1 31.29896907216495 0.0 34.24506732153442 0.1180417495029821 8.897464621979655 126
1280 0.1 31.798117764637297 0.0 34.24506732153442 0.1180417495029821 9.07385442080001 127
1290 0.1 29.56642443047277 0.0 34.24506732153442 0.1180417495029821 9.25138772817374 128
1300 0.1 26.973369478552065 0.0 34.24506732153442 0.1180417495029821 9.408868632842724 129
1310 0.1 29.386358080026078 0.0 34.24506732153442 0.1180417495029821 9.543980177809718 130
1320 0.1 29.17648971628323 0.0 34.24506732153442 0.1180417495029821 9.695448711414425 131
1330 0.1 28.753036437246966 0.0 34.24506732153442 0.1180417495029821 9.843032355390704 132
1340 0.1 27.23267921505807 0.0 34.24506732153442 0.1180417495029821 9.985212837209174 133
1350 0.1 31.366047745358088 0.0 34.24506732153442 0.1180417495029821 10.113925272864762 134
1360 0.1 30.265530240944106 0.0 34.24506732153442 0.1180417495029821 10.27134840229064 135
1370 0.1 29.10095919362705 0.0 34.24506732153442 0.1180417495029821 10.418364445221915 136
1380 0.1 30.433355219960607 0.0 34.24506732153442 0.1180417495029821 10.5547337499548 137
1390 0.1 32.04946110786197 0.0 34.24506732153442 0.1180417495029821 10.698781731621507 138
1400 0.1 29.84220423514022 0.0 34.24506732153442 0.1180417495029821 10.852383741522518 139
1410 0.1 25.974639678664253 0.0 34.24506732153442 0.1180417495029821 10.98802531647693 140
1420 0.1 29.222150048717115 0.0 34.24506732153442 0.1180417495029821 11.094313361598825 141
1430 0.1 28.894655745681614 0.0 34.24506732153442 0.1180417495029821 11.221974183339096 142
1440 0.1 32.055518836748185 0.0 34.24506732153442 0.1180417495029821 11.345559369089742 143
1450 0.1 29.3572716838826 0.0 34.24506732153442 0.1180417495029821 11.489378532059593 144
1460 0.1 27.914825231016472 0.0 34.24506732153442 0.1180417495029821 11.61260538138251 145
1470 0.1 27.33893557422969 0.0 34.24506732153442 0.1180417495029821 11.724264421448495 146
1480 0.1 28.13208157979929 0.0 34.24506732153442 0.1180417495029821 11.830486674188505 147
1490 0.1 29.315854158131916 0.0 34.24506732153442 0.1180417495029821 11.940632585712901 148
1500 0.1 26.071059534218264 0.0 34.24506732153442 0.1180417495029821 12.05724481103115 149
1510 0.1 28.13507414571244 0.0 34.24506732153442 0.1180417495029821 12.150670242519064 150
1520 0.1 24.391393120779018 0.0 34.24506732153442 0.1180417495029821 12.256527222010412 151
1530 0.1 29.754826097580846 0.0 34.24506732153442 0.1180417495029821 12.336361866081257 152
1540 0.1 29.565217391304348 0.0 34.24506732153442 0.1180417495029821 12.450208037528967 153
1550 0.1 29.033306255077175 0.0 34.24506732153442 0.1180417495029821 12.561344461904131 154
1560 0.1 28.89214250854075 0.0 34.24506732153442 0.1180417495029821 12.667615183150408 155
1570 0.1 30.466628261048474 0.0 34.24506732153442 0.1180417495029821 12.771618563441372 156
1580 0.1 27.107517412537025 0.0 34.24506732153442 0.1180417495029821 12.884325631578996 157
1590 0.1 24.80259001895136 0.0 34.24506732153442 0.1180417495029821 12.974345832724298 158
1600 0.1 33.4124226760444 0.0 34.24506732153442 0.1180417495029821 13.04873730559365 159
1610 0.1 30.883327809081866 0.0 34.24506732153442 0.1180417495029821 13.17601033915897 160
1620 0.1 29.301796309843127 0.0 34.24506732153442 0.1180417495029821 13.285993677481473 161
1630 0.1 29.162640901771336 0.0 34.24506732153442 0.1180417495029821 13.384856656693582 162
1640 0.1 30.33089744642417 0.0 34.24506732153442 0.1180417495029821 13.481652879056021 163
1650 0.1 27.015513222409776 0.0 34.24506732153442 0.1180417495029821 13.584392175198511 164
1660 0.1 23.639468985327223 0.0 34.24506732153442 0.1180417495029821 13.665792908817975 165
1670 0.1 25.912698412698415 0.0 34.24506732153442 0.1180417495029821 13.725875294821043 166
1680 0.1 27.810555241251112 0.0 34.24506732153442 0.1180417495029821 13.798850283550847 167
1690 0.1 25.965220165922144 0.0 34.24506732153442 0.1180417495029821 13.882253289251445 168
1700 0.1 30.16433853738702 0.0 34.24506732153442 0.1180417495029821 13.953750134675532 169
1710 0.1 31.142643764002987 0.0 34.24506732153442 0.1180417495029821 14.049106537044423 170
1720 0.1 28.803245436105477 0.0 34.24506732153442 0.1180417495029821 14.149068743050028 171
1730 0.1 29.7585810477911 0.0 34.24506732153442 0.1180417495029821 14.23426744475384 172
1740 0.1 27.093358999037537 0.0 34.24506732153442 0.1180417495029821 14.324003361534402 173
1750 0.1 26.945244956772335 0.0 34.24506732153442 0.1180417495029821 14.397390462899365 174
1760 0.1 27.195171026156938 0.0 34.24506732153442 0.1180417495029821 14.469092488578639 175
1770 0.1 29.562877181536457 0.0 34.24506732153442 0.1180417495029821 14.541399752996698 176
1780 0.1 30.865528104791906 0.0 34.24506732153442 0.1180417495029821 14.626266857112741 177
1790 0.1 29.096276857470887 0.0 34.24506732153442 0.1180417495029821 14.717498661874982 178
1800 0.1 29.828870875296815 0.0 34.24506732153442 0.1180417495029821 14.79782703168278 179
1810 0.1 26.688025630756908 0.0 34.24506732153442 0.1180417495029821 14.88133283081397 180
1820 0.1 29.846582984658298 0.0 34.24506732153442 0.1180417495029821 14.94656317777498 181
1830 0.1 29.269488478509558 0.0 34.24506732153442 0.1180417495029821 15.02843141847214 182
1840 0.1 19.98022512929723 0.0 34.24506732153442 0.1180417495029821 15.106251402406771 183
1850 0.1 23.98006851448147 0.0 34.24506732153442 0.1180417495029821 15.132740390052914 184
1860 0.1 26.221446700507617 0.0 34.24506732153442 0.1180417495029821 15.180563785320096 185
1870 0.1 28.945645055664706 0.0 34.24506732153442 0.1180417495029821 15.239923370885622 186
1880 0.1 25.301584798549236 0.0 34.24506732153442 0.1180417495029821 15.31321600021599 187
1890 0.1 24.88666562451149 0.0 34.24506732153442 0.1180417495029821 15.36634562148372 188
1900 0.1 26.172525990000793 0.0 34.24506732153442 0.1180417495029821 15.416717684991802 189
1910 0.1 26.600512163892446 0.0 34.24506732153442 0.1180417495029821 15.473327202386587 190
1920 0.1 31.806086811907537 0.0 34.24506732153442 0.1180417495029821 15.531584715274052 191
1930 0.1 24.80125934671389 0.0 34.24506732153442 0.1180417495029821 15.61634774702735 192
1940 0.1 28.371563364242718 0.0 34.24506732153442 0.1180417495029821 15.663937962569767 193
1950 0.1 28.083245606931733 0.0 34.24506732153442 0.1180417495029821 15.729441186289732 194
1960 0.1 30.27780067595417 0.0 34.24506732153442 0.1180417495029821 15.792794029472509 195
1970 0.1 28.712547963099027 0.0 34.24506732153442 0.1180417495029821 15.866697124607619 196
1980 0.1 25.69229548520194 0.0 34.24506732153442 0.1180417495029821 15.931904489270012 197
1990 0.1 27.960739779364047 0.0 34.24506732153442 0.1180417495029821 15.98119939328987 198
2000 0.1 25.581578739847018 0.0 34.24506732153442 0.1180417495029821 16.041398088697278 199
2010 0.1 26.066650835114384 0.0 34.24506732153442 0.1180417495029821 16.089098991953026 200
2020 0.1 27.955684942584508 0.0 34.24506732153442 0.1180417495029821 16.138738553361787 201
2030 0.1 23.657338841686805 0.0 34.24506732153442 0.1180417495029821 16.1972382879619 202
2040 0.1 27.597324091238818 0.0 34.24506732153442 0.1180417495029821 16.23398755177335 203
2050 0.1 25.666746278162567 0.0 34.24506732153442 0.1180417495029821 16.28969018186877 204
2060 0.1 26.084886949623165 0.0 34.24506732153442 0.1180417495029821 16.335431918923863 205
2070 0.1 26.842401350156713 0.0 34.24506732153442 0.1180417495029821 16.3827593705292 206
2080 0.1 29.0435776073119 0.0 34.24506732153442 0.1180417495029821 16.433289041928365 207
2090 0.1 23.625048619214315 0.0 34.24506732153442 0.1180417495029821 16.49391542926194 208
2100 0.1 23.96230823144615 0.0 34.24506732153442 0.1180417495029821 16.52803568375932 209
2110 0.1 28.455350613472007 0.0 34.24506732153442 0.1180417495029821 16.56343698160545 210
2120 0.1 26.29945076812863 0.0 34.24506732153442 0.1180417495029821 16.619796761851262 211
2130 0.1 27.350496327979982 0.0 34.24506732153442 0.1180417495029821 16.66545550716389 212
2140 0.1 29.95562130177515 0.0 34.24506732153442 0.1180417495029821 16.71562001805974 213
2150 0.1 23.86860174781523 0.0 34.24506732153442 0.1180417495029821 16.777489182936915 214
2160 0.1 25.23026056836968 0.0 34.24506732153442 0.1180417495029821 16.810471101843326 215
2170 0.1 24.11137901532239 0.0 34.24506732153442 0.1180417495029821 16.8494516086328 216
2180 0.1 25.858922478774893 0.0 34.24506732153442 0.1180417495029821 16.882916711889436 217
2190 0.1 28.763089005235603 0.0 34.24506732153442 0.1180417495029821 16.92409105026964 218
2200 0.1 27.687954729183506 0.0 34.24506732153442 0.1180417495029821 16.97815040166218 219
2210 0.1 27.00151963528753 0.0 34.24506732153442 0.1180417495029821 17.02683133042364 220
2220 0.1 28.46496557310652 0.0 34.24506732153442 0.1180417495029821 17.071965666644743 221
2230 0.1 25.076862435947973 0.0 34.24506732153442 0.1180417495029821 17.12328548604322 222
2240 0.1 28.38144664288031 0.0 34.24506732153442 0.1180417495029821 17.158951750392568 223
2250 0.1 22.167297443423188 0.0 34.24506732153442 0.1180417495029821 17.209052174019746 224
2260 0.1 27.211103938024532 0.0 34.24506732153442 0.1180417495029821 17.23108881966154 225
2270 0.1 26.970590579421376 0.0 34.24506732153442 0.1180417495029821 17.275248178592353 226
2280 0.1 26.58429653248306 0.0 34.24506732153442 0.1180417495029821 17.31795893806737 227
2290 0.1 19.710935771698253 0.0 34.24506732153442 0.1180417495029821 17.358600769621827 228
2300 0.1 27.389765046668813 0.0 34.24506732153442 0.1180417495029821 17.368872974871067 229
2310 0.1 27.036561898652984 0.0 34.24506732153442 0.1180417495029821 17.412442070835407 230
2320 0.1 23.73277271665499 0.0 34.24506732153442 0.1180417495029821 17.454104927232887 231
2330 0.1 26.55092776937166 0.0 34.24506732153442 0.1180417495029821 17.481168150463155 232
2340 0.1 29.148970924534467 0.0 34.24506732153442 0.1180417495029821 17.52009415741126 233
2350 0.1 26.646370773914434 0.0 34.24506732153442 0.1180417495029821 17.569790211971615 234
2360 0.1 26.776131357629158 0.0 34.24506732153442 0.1180417495029821 17.608413959043713 235
2370 0.1 27.030060120240478 0.0 34.24506732153442 0.1180417495029821 17.647260219207208 236
2380 0.1 27.397260273972602 0.0 34.24506732153442 0.1180417495029821 17.68685009220735 237
2390 0.1 29.3658458071785 0.0 34.24506732153442 0.1180417495029821 17.727650134987876 238
2400 0.1 26.984509190143672 0.0 34.24506732153442 0.1180417495029821 17.776345514369428 239
2410 0.1 24.171952078928825 0.0 34.24506732153442 0.1180417495029821 17.814712863018485 240
2430 0.1 26.986158892711416 0.0 34.24506732153442 0.1180417495029821 17.841091448976616 241
2440 0.1 27.29829636772742 0.0 34.24506732153442 0.1180417495029821 17.878880983868083 242
2450 0.1 27.211158590663548 0.0 34.24506732153442 0.1180417495029821 17.91764401013911 243
2460 0.1 22.28883252632388 0.0 34.24506732153442 0.1180417495029821 17.955732184649456 244
2470 0.1 24.54416850047155 0.0 34.24506732153442 0.1180417495029821 17.973418308493024 245
2480 0.1 21.63818864454831 0.0 34.24506732153442 0.1180417495029821 18.000128675127083 246
2490 0.1 26.98119273428709 0.0 34.24506732153442 0.1180417495029821 18.014857662857533 247
2500 0.1 28.817310056552742 0.0 34.24506732153442 0.1180417495029821 18.05101223975846 248
2510 0.1 19.61636445376892 0.0 34.24506732153442 0.1180417495029821 18.094250383601008 249
2520 0.1 29.197199153232372 0.0 34.24506732153442 0.1180417495029821 18.10033883988168 250
2530 0.1 23.386152525173678 0.0 34.24506732153442 0.1180417495029821 18.144549438739652 251
2540 0.1 27.917879081797608 0.0 34.24506732153442 0.1180417495029821 18.165349450987406 252
2550 0.1 29.147248794047908 0.0 34.24506732153442 0.1180417495029821 18.203896998935274 253
2560 0.1 26.071400174922477 0.0 34.24506732153442 0.1180417495029821 18.246981061120756 254
2570 0.1 27.363184079601986 0.0 34.24506732153442 0.1180417495029821 18.27766505764547 255
2580 0.1 26.152864209350568 0.0 34.24506732153442 0.1180417495029821 18.31315536632499 256
2590 0.1 26.04669568658488 0.0 34.24506732153442 0.1180417495029821 18.343660069994353 257
2600 0.1 22.79900974779514 0.0 34.24506732153442 0.1180417495029821 18.37351679719044 258
2610 0.1 24.78558501849083 0.0 34.24506732153442 0.1180417495029821 18.39060364255957 259
2620 0.1 25.933344015382147 0.0 34.24506732153442 0.1180417495029821 18.415199724774688 260
2630 0.1 25.543992431409652 0.0 34.24506732153442 0.1180417495029821 18.444004875313414 261
2640 0.1 15.05313728344737 0.0 34.24506732153442 0.1180417495029821 18.47110406445882 262
2650 0.1 25.015723270440255 0.0 34.24506732153442 0.1180417495029821 18.45810799304813 263
2660 0.1 26.447473937449878 0.0 34.24506732153442 0.1180417495029821 18.482947444856435 264
2670 0.1 26.68973286128098 0.0 34.24506732153442 0.1180417495029821 18.513002261809618 265
2680 0.1 26.42198919605974 0.0 34.24506732153442 0.1180417495029821 18.543741850529436 266
2690 0.1 24.643361028374354 0.0 34.24506732153442 0.1180417495029821 18.573248394894723 267
2700 0.1 27.066944934981542 0.0 34.24506732153442 0.1180417495029821 18.595898068900244 268
2710 0.1 24.50571090980701 0.0 34.24506732153442 0.1180417495029821 18.627388949443297 269
2720 0.1 24.295164592849268 0.0 34.24506732153442 0.1180417495029821 18.64916051225946 270
2730 0.1 27.511022044088172 0.0 34.24506732153442 0.1180417495029821 18.66999447565647 271
2740 0.1 25.993956743002546 0.0 34.24506732153442 0.1180417495029821 18.70249825348159 272
2750 0.1 25.897048293420323 0.0 34.24506732153442 0.1180417495029821 18.729206892637343 273
2760 0.1 25.680903134128048 0.0 34.24506732153442 0.1180417495029821 18.75536689774969 274
2770 0.1 29.06843483955468 0.0 34.24506732153442 0.1180417495029821 18.780550665881975 275
2780 0.1 26.612709351710873 0.0 34.24506732153442 0.1180417495029821 18.817825608540208 276
2790 0.1 27.51126851255634 0.0 34.24506732153442 0.1180417495029821 18.84596598306429 277
2800 0.1 25.04927856185445 0.0 34.24506732153442 0.1180417495029821 18.877136136048073 278
2810 0.1 29.531467957659803 0.0 34.24506732153442 0.1180417495029821 18.899258510334118 279
2820 0.1 26.44476372924649 0.0 34.24506732153442 0.1180417495029821 18.937230686931706 280
2830 0.1 19.22961405616459 0.0 34.24506732153442 0.1180417495029821 18.96394788637055 281
2840 0.1 27.190794238351973 0.0 34.24506732153442 0.1180417495029821 18.964889964986842 282
2850 0.1 25.171950351806466 0.0 34.24506732153442 0.1180417495029821 18.99395676453937 283
2860 0.1 24.2673562137596 0.0 34.24506732153442 0.1180417495029821 19.015710263086085 284
2870 0.1 22.888008082692156 0.0 34.24506732153442 0.1180417495029821 19.034137090983187 285
2880 0.1 24.492515087389293 0.0 34.24506732153442 0.1180417495029821 19.04761216438077 286
2890 0.1 24.11314267854352 0.0 34.24506732153442 0.1180417495029821 19.066583951568955 287
2900 0.1 27.287371134020617 0.0 34.24506732153442 0.1180417495029821 19.084106724926507 288
2910 0.1 27.398918569929787 0.0 34.24506732153442 0.1180417495029821 19.11249172288185 289
2920 0.1 24.157919473601755 0.0 34.24506732153442 0.1180417495029821 19.141065608561327 290
2930 0.1 25.481714510420762 0.0 34.24506732153442 0.1180417495029821 19.158305656207514 291
2940 0.1 26.952181613266784 0.0 34.24506732153442 0.1180417495029821 19.179961165982213 292
2950 0.1 27.135758935726876 0.0 34.24506732153442 0.1180417495029821 19.20648751563165 293
2960 0.1 24.39446366782007 0.0 34.24506732153442 0.1180417495029821 19.233457826584353 294
2970 0.1 24.68235294117647 0.0 34.24506732153442 0.1180417495029821 19.25095276163939 295
2980 0.1 27.927636892262964 0.0 34.24506732153442 0.1180417495029821 19.269302086570256 296
2990 0.1 24.84271783579742 0.0 34.24506732153442 0.1180417495029821 19.298454729013663 297
3000 0.1 27.923126614987083 0.0 34.24506732153442 0.1180417495029821 19.317059638767972 298
3010 0.1 26.493672913663303 0.0 34.24506732153442 0.1180417495029821 19.345842471464355 299
3020 0.1 27.97049764953801 0.0 34.24506732153442 0.1180417495029821 19.36966857293835 300
3030 0.1 25.581951530612244 0.0 34.24506732153442 0.1180417495029821 19.398242755917085 301
3040 0.1 29.328303124743705 0.0 34.24506732153442 0.1180417495029821 19.418718612786936 302
3050 0.1 26.60177132370542 0.0 34.24506732153442 0.1180417495029821 19.451423512166333 303
3060 0.1 25.667644028845395 0.0 34.24506732153442 0.1180417495029821 19.47494439312534 304
3070 0.1 24.064420757799734 0.0 34.24506732153442 0.1180417495029821 19.49524832635721 305
3080 0.1 18.486454213000968 0.0 34.24506732153442 0.1180417495029821 19.510180262407676 306
3090 0.1 19.202762555363712 0.0 34.24506732153442 0.1180417495029821 19.506845649868893 307
3100 0.1 26.260925346804587 0.0 34.24506732153442 0.1180417495029821 19.505858367094525 308
3110 0.1 26.130055511498814 0.0 34.24506732153442 0.1180417495029821 19.52771942528129 309
3120 0.1 26.55092776937166 0.0 34.24506732153442 0.1180417495029821 19.549017283623925 310
3130 0.1 20.86473319631575 0.0 34.24506732153442 0.1180417495029821 19.571531465250125 311
3140 0.1 26.77814225138011 0.0 34.24506732153442 0.1180417495029821 19.575676342593283 312
3150 0.1 26.446280991735538 0.0 34.24506732153442 0.1180417495029821 19.598687415784294 313
3160 0.1 23.7102942324202 0.0 34.24506732153442 0.1180417495029821 19.620495038637642 314
3170 0.1 26.858706147409077 0.0 34.24506732153442 0.1180417495029821 19.633478528141715 315
3180 0.1 26.55874338836352 0.0 34.24506732153442 0.1180417495029821 19.656343172506485 316
3190 0.1 26.462819178740094 0.0 34.24506732153442 0.1180417495029821 19.678117305679535 317
3200 0.1 24.759425776936425 0.0 34.24506732153442 0.1180417495029821 19.699452846160856 318
3210 0.1 25.818382121498267 0.0 34.24506732153442 0.1180417495029821 19.715314830269868 319
3220 0.1 24.454730895967362 0.0 34.24506732153442 0.1180417495029821 19.734386915554957 320
3230 0.1 24.366076304907544 0.0 34.24506732153442 0.1180417495029821 19.74909203698926 321
3240 0.1 24.210113680909448 0.0 34.24506732153442 0.1180417495029821 19.763430497448635 322
3250 0.1 25.5559085133418 0.0 34.24506732153442 0.1180417495029821 19.777197318450064 323
3260 0.1 26.64526484751204 0.0 34.24506732153442 0.1180417495029821 19.79503284682936 324
3270 0.1 21.725117028624048 0.0 34.24506732153442 0.1180417495029821 19.81611048375454 325
3280 0.1 23.460342146189735 0.0 34.24506732153442 0.1180417495029821 19.821966332051687 326
3290 0.1 24.690481823200063 0.0 34.24506732153442 0.1180417495029821 19.833092863593393 327
3300 0.1 26.68211603004635 0.0 34.24506732153442 0.1180417495029821 19.847901976275118 328
3310 0.1 26.456718088082486 0.0 34.24506732153442 0.1180417495029821 19.868674663368644 329
3320 0.1 21.933799247369635 0.0 34.24506732153442 0.1180417495029821 19.888638431322324 330
3330 0.1 26.946778711484594 0.0 34.24506732153442 0.1180417495029821 19.894817164905547 331
3340 0.1 23.83261634728197 0.0 34.24506732153442 0.1180417495029821 19.91605801293741 332
3350 0.1 22.958022754021183 0.0 34.24506732153442 0.1180417495029821 19.92781944937688 333
3360 0.1 20.082366154998127 0.0 34.24506732153442 0.1180417495029821 19.936891914360846 334
3370 0.1 25.28917762636666 0.0 34.24506732153442 0.1180417495029821 19.937326165825436 335
3380 0.1 23.297098615781653 0.0 34.24506732153442 0.1180417495029821 19.953254295172286 336
3390 0.1 22.436493184634447 0.0 34.24506732153442 0.1180417495029821 19.963176681880327 337
3400 0.1 25.077448566208595 0.0 34.24506732153442 0.1180417495029821 19.970494186326345 338
3410 0.1 17.697543651968036 0.0 34.24506732153442 0.1180417495029821 19.98555894850889 339
3420 0.1 24.614173228346456 0.0 34.24506732153442 0.1180417495029821 19.978829491754357 340
3430 0.1 26.211190039109265 0.0 34.24506732153442 0.1180417495029821 19.992422875146126 341
3440 0.1 25.07913896802786 0.0 34.24506732153442 0.1180417495029821 20.010606404865317 342
3450 0.1 25.95978062157221 0.0 34.24506732153442 0.1180417495029821 20.02538346773168 343
3460 0.1 26.734092538026598 0.0 34.24506732153442 0.1180417495029821 20.042634622248656 344
3470 0.1 26.0207336523126 0.0 34.24506732153442 0.1180417495029821 20.062030152439316 345
3480 0.1 27.011261443733293 0.0 34.24506732153442 0.1180417495029821 20.079251838855136 346
3490 0.1 25.49050508234182 0.0 34.24506732153442 0.1180417495029821 20.099228811779856 347
3500 0.1 23.10136391816491 0.0 34.24506732153442 0.1180417495029821 20.114720984971125 348
3510 0.1 26.54009452855884 0.0 34.24506732153442 0.1180417495029821 20.12327870111208 349
3520 0.1 25.492689129052764 0.0 34.24506732153442 0.1180417495029821 20.141612460619076 350
3530 0.1 26.263509218054672 0.0 34.24506732153442 0.1180417495029821 20.156857693292675 351
3540 0.1 25.236593059936908 0.0 34.24506732153442 0.1180417495029821 20.174206135124386 352
3550 0.1 23.192583359301963 0.0 34.24506732153442 0.1180417495029821 20.188547174571447 353
3560 0.1 26.86960690316395 0.0 34.24506732153442 0.1180417495029821 20.197033152494416 354
3570 0.1 19.705771407016222 0.0 34.24506732153442 0.1180417495029821 20.21582913489067 355
3580 0.1 26.32965979875419 0.0 34.24506732153442 0.1180417495029821 20.214396388464053 356
3590 0.1 24.731098374813534 0.0 34.24506732153442 0.1180417495029821 20.23152597784862 357
3600 0.1 17.945480205006316 0.0 34.24506732153442 0.1180417495029821 20.244094615828967 358
3610 0.1 26.310718586912884 0.0 34.24506732153442 0.1180417495029821 20.23769179017208 359
3620 0.1 22.441734835622782 0.0 34.24506732153442 0.1180417495029821 20.254561309051915 360
3630 0.1 26.3847576171718 0.0 34.24506732153442 0.1180417495029821 20.26061996148009 361
3640 0.1 23.990646921278255 0.0 34.24506732153442 0.1180417495029821 20.277537468816256 362
3650 0.1 27.73333333333333 0.0 34.24506732153442 0.1180417495029821 20.28776642047593 363
3660 0.1 25.780624499599682 0.0 34.24506732153442 0.1180417495029821 20.308221274632132 364
3670 0.1 25.659777424483305 0.0 34.24506732153442 0.1180417495029821 20.32321416017999 365
3680 0.1 25.179856115107913 0.0 34.24506732153442 0.1180417495029821 20.337794934126173 366
3690 0.1 24.326230021936695 0.0 34.24506732153442 0.1180417495029821 20.350988561322307 367
3700 0.1 23.387348083515114 0.0 34.24506732153442 0.1180417495029821 20.361790847900064 368
3710 0.1 17.90507610407138 0.0 34.24506732153442 0.1180417495029821 20.369990190002003 369
3720 0.1 17.868154456027018 0.0 34.24506732153442 0.1180417495029821 20.36332826004003 370
3730 0.1 25.673747622067218 0.0 34.24506732153442 0.1180417495029821 20.35660272418016 371
3740 0.1 22.81245160291157 0.0 34.24506732153442 0.1180417495029821 20.3708961244433 372
3750 0.1 26.8806899856253 0.0 34.24506732153442 0.1180417495029821 20.377441849586646 373
3760 0.1 18.524321098179648 0.0 34.24506732153442 0.1180417495029821 20.394830213586747 374
3770 0.1 25.596460736293253 0.0 34.24506732153442 0.1180417495029821 20.389842189278994 375
3780 0.1 24.163393558523175 0.0 34.24506732153442 0.1180417495029821 20.403689579031692 376
3790 0.1 24.644400785854618 0.0 34.24506732153442 0.1180417495029821 20.413662268632464 377
3800 0.1 25.55378486055777 0.0 34.24506732153442 0.1180417495029821 20.424854698572204 378
3810 0.1 25.749264647428255 0.0 34.24506732153442 0.1180417495029821 20.438387495833382 379
3820 0.1 23.809151960018742 0.0 34.24506732153442 0.1180417495029821 20.45236348833758 380
3830 0.1 27.039664624314735 0.0 34.24506732153442 0.1180417495029821 20.461173956767187 381
3840 0.1 24.323260937991815 0.0 34.24506732153442 0.1180417495029821 20.478395136525165 382
3850 0.1 25.194290245836637 0.0 34.24506732153442 0.1180417495029821 20.488433950628213 383
3860 0.1 26.13645410397261 0.0 34.24506732153442 0.1180417495029821 20.50068878473032 384
3870 0.1 26.11546457700304 0.0 34.24506732153442 0.1180417495029821 20.51532713620887 385
3880 0.1 20.890176053654447 0.0 34.24506732153442 0.1180417495029821 20.52983526429383 386
3890 0.1 25.425338292316212 0.0 34.24506732153442 0.1180417495029821 20.530766377444632 387
3900 0.1 24.29276702452786 0.0 34.24506732153442 0.1180417495029821 20.54338125351389 388
3910 0.1 22.249786805178694 0.0 34.24506732153442 0.1180417495029821 20.553019777346833 389
3920 0.1 24.31520288831332 0.0 34.24506732153442 0.1180417495029821 20.55737046203358 390
3930 0.1 22.823402284655756 0.0 34.24506732153442 0.1180417495029821 20.566981286653224 391
3940 0.1 23.35732528442071 0.0 34.24506732153442 0.1180417495029821 20.572737462668535 392
3950 0.1 20.75687200182746 0.0 34.24506732153442 0.1180417495029821 20.579822927863834 393
3960 0.1 25.188797986154814 0.0 34.24506732153442 0.1180417495029821 20.58027229099572 394
3970 0.1 23.449083105735465 0.0 34.24506732153442 0.1180417495029821 20.59193944465435 395
3980 0.1 24.591964846202135 0.0 34.24506732153442 0.1180417495029821 20.599154453899505 396
3990 0.1 25.112213560122843 0.0 34.24506732153442 0.1180417495029821 20.60921191080707 397
4000 0.1 16.64593546498866 0.0 34.24506732153442 0.1180417495029821 20.620525985302837 398
4010 0.1 22.24280311800571 0.0 34.24506732153442 0.1180417495029821 20.610564605552675 399
4020 0.1 23.40260545905707 0.0 34.24506732153442 0.1180417495029821 20.61464520183381 400
4030 0.1 22.912470952749807 0.0 34.24506732153442 0.1180417495029821 20.621597721178507 401
4040 0.1 23.28170000778392 0.0 34.24506732153442 0.1180417495029821 20.627296410809283 402
4050 0.1 24.934900970567348 0.0 34.24506732153442 0.1180417495029821 20.633883020231057 403
4060 0.1 26.031973276067767 0.0 34.24506732153442 0.1180417495029821 20.644529104266542 404
4070 0.1 22.124846248462486 0.0 34.24506732153442 0.1180417495029821 20.65783143555494 405
4080 0.1 24.911284599006386 0.0 34.24506732153442 0.1180417495029821 20.661444772532544 406
4090 0.1 25.0059500198334 0.0 34.24506732153442 0.1180417495029821 20.671886639428056 407
4100 0.1 25.856028029941076 0.0 34.24506732153442 0.1180417495029821 20.682509343791793 408
4110 0.1 21.721122871606074 0.0 34.24506732153442 0.1180417495029821 20.695158533733476 409
4120 0.1 25.510527148963114 0.0 34.24506732153442 0.1180417495029821 20.69766088577707 410
4130 0.1 24.374558858128776 0.0 34.24506732153442 0.1180417495029821 20.709371022670464 411
4140 0.1 23.41238882821033 0.0 34.24506732153442 0.1180417495029821 20.718267109649734 412
4150 0.1 22.17937842214853 0.0 34.24506732153442 0.1180417495029821 20.724790406789104 413
4160 0.1 25.56474705695196 0.0 34.24506732153442 0.1180417495029821 20.728303904410744 414
4170 0.1 22.455274521900062 0.0 34.24506732153442 0.1180417495029821 20.739957984296385 415
4180 0.1 25.448057097541632 0.0 34.24506732153442 0.1180417495029821 20.744081341357933 416
4190 0.1 25.398579321231257 0.0 34.24506732153442 0.1180417495029821 20.755361858758853 417
4200 0.1 25.104834243215446 0.0 34.24506732153442 0.1180417495029821 20.766470034506394 418
4210 0.1 14.203771420377143 0.0 34.24506732153442 0.1180417495029821 20.776824125696628 419
4220 0.1 6.829002856754183 0.0 34.24506732153442 0.1180417495029821 20.761174000207774 420
4230 0.1 17.750145433391506 0.0 34.24506732153442 0.1180417495029821 20.728080957111683 421
4240 0.1 25.926517571884983 0.0 34.24506732153442 0.1180417495029821 20.72102423786116 422
4250 0.1 23.649891991359308 0.0 34.24506732153442 0.1180417495029821 20.73333036867446 423
4260 0.1 15.38571021918588 0.0 34.24506732153442 0.1180417495029821 20.740209051746827 424
4270 0.1 24.760634123371528 0.0 34.24506732153442 0.1180417495029821 20.72761023096433 425
4280 0.1 23.563352826510723 0.0 34.24506732153442 0.1180417495029821 20.737077423200027 426
4290 0.1 24.542239685658153 0.0 34.24506732153442 0.1180417495029821 20.743696335151576 427
4300 0.1 19.0561797752809 0.0 34.24506732153442 0.1180417495029821 20.752571436437805 428
4310 0.1 20.63277852751537 0.0 34.24506732153442 0.1180417495029821 20.748617143521358 429
4320 0.1 26.36465503441652 0.0 34.24506732153442 0.1180417495029821 20.748347751391112 430
4330 0.1 24.63699494949495 0.0 34.24506732153442 0.1180417495029821 20.761378626757757 431
4340 0.1 19.002393060125637 0.0 34.24506732153442 0.1180417495029821 20.770349960838168 432
4350 0.1 26.72998643147897 0.0 34.24506732153442 0.1180417495029821 20.76626691949703 433
4360 0.1 19.749503589430272 0.0 34.24506732153442 0.1180417495029821 20.780008208695147 434
4370 0.1 14.276586681811729 0.0 34.24506732153442 0.1180417495029821 20.777639232558904 435
4380 0.1 24.74960876369327 0.0 34.24506732153442 0.1180417495029821 20.762728561570952 436
4390 0.1 24.253819036427732 0.0 34.24506732153442 0.1180417495029821 20.771851857227983 437
4400 0.1 22.697011921350054 0.0 34.24506732153442 0.1180417495029821 20.77980155398415 438
4410 0.1 25.42655344813904 0.0 34.24506732153442 0.1180417495029821 20.78416877577769 439
4420 0.1 23.4912951830744 0.0 34.24506732153442 0.1180417495029821 20.794719650033056 440
4430 0.1 25.0553972776195 0.0 34.24506732153442 0.1180417495029821 20.80083433378145 441
4440 0.1 25.1960313650184 0.0 34.24506732153442 0.1180417495029821 20.810460041799182 442
4450 0.1 23.415765069551778 0.0 34.24506732153442 0.1180417495029821 20.820359751332408 443
4460 0.1 24.404434310873498 0.0 34.24506732153442 0.1180417495029821 20.826205258805874 444
4470 0.1 23.958985597996243 0.0 34.24506732153442 0.1180417495029821 20.834246222967824 445
4480 0.1 23.72205721431921 0.0 34.24506732153442 0.1180417495029821 20.841252365064296 446
4490 0.1 24.862139593508743 0.0 34.24506732153442 0.1180417495029821 20.84769711864205 447
4500 0.1 21.66833090099086 0.0 34.24506732153442 0.1180417495029821 20.856657927737732 448
4510 0.1 22.60030864197531 0.0 34.24506732153442 0.1180417495029821 20.858465662644758 449
4520 0.1 24.05102919308132 0.0 34.24506732153442 0.1180417495029821 20.862336424821045 450
4530 0.1 18.779483339573193 0.0 34.24506732153442 0.1180417495029821 20.86940669703448 451
4540 0.1 24.343862957724344 0.0 34.24506732153442 0.1180417495029821 20.86478297279231 452
4550 0.1 24.352617079889807 0.0 34.24506732153442 0.1180417495029821 20.872463061059268 453
4560 0.1 18.787059971477895 0.0 34.24506732153442 0.1180417495029821 20.88012859854568 454
4570 0.1 24.44567190089166 0.0 34.24506732153442 0.1180417495029821 20.87552844771696 455
4580 0.1 18.435114503816795 0.0 34.24506732153442 0.1180417495029821 20.88335770967568 456
4590 0.1 14.561864828370407 0.0 34.24506732153442 0.1180417495029821 20.87800050353594 457
4600 0.1 20.777836973894512 0.0 34.24506732153442 0.1180417495029821 20.864209814288856 458
4610 0.1 23.318838328933065 0.0 34.24506732153442 0.1180417495029821 20.864021638165994 459
4620 0.1 22.916827852998065 0.0 34.24506732153442 0.1180417495029821 20.8693581961894 460
4630 0.1 14.408307492608351 0.0 34.24506732153442 0.1180417495029821 20.87379956203931 461
4640 0.1 24.798610014215765 0.0 34.24506732153442 0.1180417495029821 20.85980499046045 462
4650 0.1 24.377056887635167 0.0 34.24506732153442 0.1180417495029821 20.8683121287407 463
4660 0.1 20.9130401646216 0.0 34.24506732153442 0.1180417495029821 20.87587407865211 464
4670 0.1 23.64716922114482 0.0 34.24506732153442 0.1180417495029821 20.87595400571871 465
4680 0.1 21.53527924615031 0.0 34.24506732153442 0.1180417495029821 20.881900819485722 466
4690 0.1 23.431158289103966 0.0 34.24506732153442 0.1180417495029821 20.883299916759093 467
4700 0.1 23.543613707165107 0.0 34.24506732153442 0.1180417495029821 20.888744058580343 468
4710 0.1 22.351391149345112 0.0 34.24506732153442 0.1180417495029821 20.894404761455792 469
4720 0.1 22.54357550516736 0.0 34.24506732153442 0.1180417495029821 20.897504732493854 470
4730 0.1 22.734659134875805 0.0 34.24506732153442 0.1180417495029821 20.90099957489868 471
4740 0.1 24.077109185982987 0.0 34.24506732153442 0.1180417495029821 20.904884446847785 472
4750 0.1 20.65416285452882 0.0 34.24506732153442 0.1180417495029821 20.9115910530616 473
4760 0.1 21.46318947611355 0.0 34.24506732153442 0.1180417495029821 20.91104795559634 474
4770 0.1 24.75613593455003 0.0 34.24506732153442 0.1180417495029821 20.91221035879743 475
4780 0.1 18.35806427559466 0.0 34.24506732153442 0.1180417495029821 20.92028583269607 476
4790 0.1 23.71754770096966 0.0 34.24506732153442 0.1180417495029821 20.914914299033384 477
4800 0.1 20.93466493862926 0.0 34.24506732153442 0.1180417495029821 20.92077754882823 478
4810 0.1 8.419396758087682 0.0 34.24506732153442 0.1180417495029821 20.92080654129128 479
4820 0.1 1.8973998594518624 0.0 34.24506732153442 0.1180417495029821 20.894761937576273 480
4830 0.1 0.8500188893086513 0.0 34.24506732153442 0.1180417495029821 20.8552663823203 481
4840 0.1 0.40122876308695377 0.0 34.24506732153442 0.1180417495029821 20.813761719471724 482
4850 0.1 0.17665615141955834 0.0 34.24506732153442 0.1180417495029821 20.77149974647714 483
4860 0.1 0.09298289114802877 0.0 34.24506732153442 0.09298289114802877 20.728948416735285 484
4870 0.1 0.10749288650015808 0.0 34.24506732153442 0.09298289114802877 20.6864000342083 485
4880 0.1 0.06185056902523503 0.0 34.24506732153442 0.06185056902523503 20.644056603863223 486
4890 0.1 0.03772161448509996 0.0 34.24506732153442 0.03772161448509996 20.601793347118175 487
4900 0.1 0.04287376737918785 0.0 34.24506732153442 0.03772161448509996 20.55965385586278 488
