10 0.1 1005.931884765625 0 1005.931884765625 1005.931884765625 0 0
20 0 0 0 1005.931884765625 1005.931884765625 1005.931884765625 1
30 1 20751.37314453125 3918.379389875944 26378.7529296875 1005.931884765625 1005.931884765625 1
40 0.8 23198.414611816406 4315.308161376453 29331.9169921875 1005.931884765625 18956.333030007103 11
50 1 28235.805517578126 6786.669983131132 42979.1669921875 1005.931884765625 20742.472643400495 19
60 0.8 26436.794067382813 7682.959755066963 42979.1669921875 1005.931884765625 23326.38053104795 29
70 1.3 24348.444993239184 7716.470449533172 42979.1669921875 1005.931884765625 23998.902376741975 37
80 1.2 26283.804077148438 15956.580305759564 73154.73999023438 1005.931884765625 24089.78345703125 50
90 0.6 39390.46252441406 16852.118597602548 73154.73999023438 1005.931884765625 24514.432609311996 62
100 0.6 32489.002604166668 9984.713155748783 73154.73999023438 1005.931884765625 25827.023484173944 68
110 0.7 34786.8612234933 8551.792074129215 73154.73999023438 1005.931884765625 26367.183953362543 74
120 0.9 23320.85519748264 6918.507644159641 73154.73999023438 1005.931884765625 27094.810384114582 81
130 1.1 31861.03486772017 11653.361626274624 73154.73999023438 1005.931884765625 26717.41486545139 90
140 1.2 22753.38759358724 13532.177392256022 73154.73999023438 1005.931884765625 27277.611103322248 101
150 1.6 26215.621185302734 10312.067586692772 73154.73999023438 1005.931884765625 26797.162589014104 113
160 1.5 21706.749934895834 5314.98787512313 73154.73999023438 1005.931884765625 26725.033422662305 129
170 1.4 25439.69473702567 8769.721541699888 73154.73999023438 1005.931884765625 26202.295559353297 144
180 1.4 34416.49502999442 15285.744274989007 83182.10595703125 1005.931884765625 26134.72333459009 158
190 2.6 27074.600858248195 10580.37659484485 83182.10595703125 1005.931884765625 26808.821030727653 172
200 2 25472.98448486328 9040.154544595434 83182.10595703125 1005.931884765625 26843.72141211924 198
210 2.1 31076.69161551339 14648.476916794063 83182.10595703125 1005.931884765625 26717.96573071961 218
220 2 27771.333837890626 7674.627401766832 83182.10595703125 1005.931884765625 27100.950013483918 239
230 2 29488.374072265626 13399.663811051008 83182.10595703125 1005.931884765625 27152.717104171694 259
240 2 29620.94675292969 9426.087496335613 83182.10595703125 1005.931884765625 27320.147711203517 279
250 2 28252.40529785156 11556.869749148631 83182.10595703125 1005.931884765625 27474.047312656774 299
260 1.8 27267.322360568578 13581.751569518903 83182.10595703125 1005.931884765625 27522.847186336698 319
270 2.1 25299.525844029016 11018.238897244943 83182.10595703125 1005.931884765625 27509.19897605828 337
280 1.8 26220.74651421441 11052.939649336888 83182.10595703125 1005.931884765625 27379.581278369413 358
290 4 26192.857037353522 9334.4835638875 83182.10595703125 1005.931884765625 27324.105146042843 376
300 2.5 29847.946708984375 12426.27155168938 83182.10595703125 1005.931884765625 27215.3312894381 416
310 3.1 29685.77775327621 12242.337653078866 83182.10595703125 1005.931884765625 27364.57252637383 441
320 2.7 33062.86373336227 14685.351561461699 83182.10595703125 1005.931884765625 27517.024564581403 472
330 2.9 25700.488651670257 9542.049120048518 83182.10595703125 1005.931884765625 27817.100030627662 499
340 2.7 25725.429597077546 9035.518579447511 83182.10595703125 1005.931884765625 27700.846754131897 528
350 4.2 27719.186500186013 10535.35194236388 83182.10595703125 1005.931884765625 27604.745378923846 555
360 3.2 25194.659385681156 6273.02520997094 83182.10595703125 1005.931884765625 27612.796513082994 597
370 3.8 25763.337273848683 9405.871992207818 83182.10595703125 1005.931884765625 27489.775228382103 629
380 2.8 33179.312212262834 22128.62547842651 127434.03100585938 1005.931884765625 27391.417443865957 667
390 3.8 29185.65071828742 14627.278603304065 127434.03100585938 1005.931884765625 27624.598815830148 695
400 4.3 31349.41651526163 12025.486768969717 127434.03100585938 1005.931884765625 27705.526472437756 733
410 3.5 29712.39876534598 11142.184003063541 127434.03100585938 1005.931884765625 27907.443059862275 776
420 3.5 29731.40469447545 12680.73813211613 127434.03100585938 1005.931884765625 27985.33880547501 811
430 5.1 28374.62845626532 15079.398714439043 127434.03100585938 1005.931884765625 28057.575573932478 846
440 4.4 30109.094648881393 12379.468123389743 127434.03100585938 1005.931884765625 28075.601991991534 897
450 3.6 29624.31369357639 12080.097730929403 127434.03100585938 1005.931884765625 28170.685601877987 941
460 4.2 26018.759114583332 8170.449654666353 127434.03100585938 1005.931884765625 28224.248151827982 977
470 3.5 28752.92312360491 10401.519179590605 127434.03100585938 1005.931884765625 28133.344776396898 1019
480 4 29409.890588378905 13922.610101431246 127434.03100585938 1005.931884765625 28153.91900993796 1054
490 4.5 27853.69367404514 10441.126942313522 127434.03100585938 1005.931884765625 28199.841188308743 1094
500 3.8 28500.934692382813 11723.446553209209 127434.03100585938 1005.931884765625 28186.16547440017 1139
510 6.2 26160.69750189012 8810.34679365622 127434.03100585938 1005.931884765625 28196.32794702833 1177
520 4.7 27477.927407122672 11841.180023240546 127434.03100585938 1005.931884765625 28094.464276650146 1239
530 5.2 29375.880080003004 17417.066672338566 127434.03100585938 1005.931884765625 28071.931436161973 1286
540 4.5 30996.206575520835 11114.460856388832 127434.03100585938 1005.931884765625 28122.60806507059 1338
550 4.2 28279.82950265067 11663.583128239467 127434.03100585938 1005.931884765625 28216.10910120238 1383
560 4.9 30492.392428651146 16404.097198168252 127434.03100585938 1005.931884765625 28217.987176192433 1425
570 3.9 30945.571551983172 13301.204479043452 127434.03100585938 1005.931884765625 28293.59494917105 1474
580 5.8 28418.130808863145 12555.452742888243 127434.03100585938 1005.931884765625 28361.95389663283 1513
590 4.2 28329.047607421875 13540.121473436202 127434.03100585938 1005.931884765625 28364.02790103089 1571
600 5.1 29234.93031460631 12030.367644919452 127434.03100585938 1005.931884765625 28363.117068835243 1613
610 4.7 30087.04278174867 11377.683088116928 127434.03100585938 1005.931884765625 28389.83730653616 1664
620 5.5 30167.128289240056 19597.989188886353 127434.03100585938 1005.931884765625 28436.458380373093 1711
630 6.6 26416.675929214016 9957.290943288604 127434.03100585938 1005.931884765625 28490.35806609658 1766
640 7.1 31679.28669674295 14494.695541290093 127434.03100585938 1005.931884765625 28415.651176885745 1832
650 5.2 30198.160034179688 16403.30664951669 127434.03100585938 1005.931884765625 28537.415823186253 1903
660 7.1 28893.255347023543 14368.6878372311 127434.03100585938 1005.931884765625 28581.589070742088 1955
670 7.2 30900.52795071072 16694.607520372527 127434.03100585938 1005.931884765625 28592.511235409405 2026
680 7.2 30370.84905327691 11607.966357621362 127434.03100585938 1005.931884765625 28671.71867273147 2098
690 6.6 28743.32862067945 12361.802131382257 127434.03100585938 1005.931884765625 28728.095348952334 2170
700 6.3 28900.135308159723 11192.479350210971 127434.03100585938 1005.931884765625 28728.54498935215 2236
710 7.6 28101.392494603206 13098.99329127785 127434.03100585938 1005.931884765625 28733.247116400813 2299
720 8.3 26386.47359751506 10332.55290079508 127434.03100585938 1005.931884765625 28713.02776850329 2375
730 7.5 27145.043072916662 11653.051349694364 127434.03100585938 1005.931884765625 28634.466337993923 2458
740 8 28080.98486022949 10477.43611642826 127434.03100585938 1005.931884765625 28590.365767571184 2533
750 7.7 28110.42416738535 11993.616472875945 127434.03100585938 1005.931884765625 28574.77048529513 2613
760 6.2 30706.135990265877 15003.436075483276 127434.03100585938 1005.931884765625 28561.478787719272 2690
770 6.2 33213.302801316786 14908.373190840543 127434.03100585938 1005.931884765625 28609.795919462693 2752
780 7.6 29905.21639532792 14600.039504610248 127434.03100585938 1005.931884765625 28711.223576418965 2814
790 6.9 29729.668244735054 13737.886181613707 127434.03100585938 1005.931884765625 28742.622695532144 2890
800 7.7 27773.67915165889 17210.91288501447 127434.03100585938 1005.931884765625 28765.639303472326 2959
810 7.3 26737.806302841396 10606.617084827847 127434.03100585938 1005.931884765625 28740.480893824883 3036
820 7.6 26396.514050935442 10271.45929838527 127434.03100585938 1005.931884765625 28693.457656403913 3109
830 8 29074.527951049804 14204.518729912246 127434.03100585938 1005.931884765625 28638.648327042654 3185
840 8.5 27595.60322552849 12554.35148037627 127434.03100585938 1005.931884765625 28649.32837908571 3265
850 6.7 28982.850338152984 14354.348158681301 127434.03100585938 1005.931884765625 28622.592069219332 3350
860 5.7 26266.431417900218 12006.589392497788 127434.03100585938 1005.931884765625 28629.655956845483 3417
870 7.3 27099.488538768193 13363.041868540902 127434.03100585938 1005.931884765625 28590.88111553291 3474
880 7 28572.425680106026 9491.72564921906 127434.03100585938 1005.931884765625 28560.187104226505 3547
890 6.6 30331.517052852745 15847.552267421679 127434.03100585938 1005.931884765625 28560.42395805884 3617
900 7.8 29446.535165640023 14510.118110683223 127434.03100585938 1005.931884765625 28592.162254082843 3683
910 8 28573.384811401367 12350.617790714645 127434.03100585938 1005.931884765625 28609.881234965975 3761
920 9.3 25054.897749705975 9078.64180007066 127434.03100585938 1005.931884765625 28609.121090762597 3841
930 10 28053.913337402344 10847.528449036588 127434.03100585938 1005.931884765625 28525.099034148905 3934
940 7.8 29133.90056590545 14134.240885099602 127434.03100585938 1005.931884765625 28513.418674784836 4034
950 11.1 27323.13788886543 11026.044118548427 127434.03100585938 1005.931884765625 28525.188516104732 4112
960 10.1 28797.50550645885 14014.97475339332 127434.03100585938 1005.931884765625 28493.593057988805 4223
970 9.7 29328.597605911727 14422.568736208439 127434.03100585938 1005.931884765625 28500.691845522448 4324
980 11 32204.15607910156 16223.357003843083 127434.03100585938 1005.931884765625 28518.856708394593 4421
990 9.6 30862.6674601237 13631.655365538134 127434.03100585938 1005.931884765625 28608.325463807916 4531
1000 8.9 29234.321755398527 13577.372745454955 127434.03100585938 1005.931884765625 28655.098066281727 4627
1010 10.4 29532.51416719877 15374.290878237081 127434.03100585938 1005.931884765625 28666.029132509757 4716
1020 9.7 31491.689626792053 14112.852294934513 127434.03100585938 1005.931884765625 28684.72507516695 4820
1030 9.8 27327.417639907526 13140.6279871032 127434.03100585938 1005.931884765625 28740.099401281983 4917
1040 10 29633.5847265625 12142.981948032693 127434.03100585938 1005.931884765625 28712.493655994906 5015
1050 10.2 31223.34670122932 14009.517981177582 127434.03100585938 1005.931884765625 28730.5013015583 5115
1060 11.8 28511.035441770393 12754.922760260324 127434.03100585938 1005.931884765625 28779.240084530593 5217
1070 10.5 28354.923686290927 9849.878287464247 127434.03100585938 1005.931884765625 28773.307910613872 5335
1080 9.7 26315.185740677352 9870.814095811525 127434.03100585938 1005.931884765625 28765.23247981352 5440
1090 10 25514.024831542967 9515.061096999434 127434.03100585938 1005.931884765625 28722.31130703111 5537
1100 12.3 29098.62587930323 11212.55075104927 127434.03100585938 1005.931884765625 28665.396521232135 5637
1110 11.3 26670.82026928927 11149.40473936678 127434.03100585938 1005.931884765625 28674.647773149278 5760
1120 9.4 31731.332924700797 14733.05792287561 127434.03100585938 1005.931884765625 28636.09294462277 5873
1130 10.2 28437.284761316638 13550.054310133306 127434.03100585938 1005.931884765625 28684.853219153913 5967
1140 9.5 31417.019127775482 20028.00762559631 131104.18017578125 1005.931884765625 28680.69240473648 6069
1150 9.1 30962.01082267342 17521.01603855776 139690.39599609375 1005.931884765625 28722.864863965668 6164
1160 8.5 28644.587910730697 12366.401602548236 139690.39599609375 1005.931884765625 28755.440768400906 6255
1170 10.3 28432.42976571981 10264.087869417353 139690.39599609375 1005.931884765625 28753.954570782298 6340
1180 9 26321.933471679688 14190.062426787828 139690.39599609375 1005.931884765625 28748.814565362238 6443
1190 8.7 29715.893074824893 12007.219462586398 139690.39599609375 1005.931884765625 28715.38133431503 6533
1200 11.6 28341.378161200166 12091.978847865255 139690.39599609375 1005.931884765625 28728.53005356342 6620
1210 14 25482.810759626114 12020.531098986408 139690.39599609375 1005.931884765625 28721.862948528662 6736
1220 15.7 27949.65557977955 13812.316271276053 139690.39599609375 1005.931884765625 28655.913660214763 6876
1230 19 29636.215328176397 14623.815261535323 139690.39599609375 1005.931884765625 28640.147626000584 7033
1240 20.6 29529.669847210633 12844.820631748187 139690.39599609375 1005.931884765625 28666.34904693557 7223
1250 19.1 31403.538179247793 13484.931428982756 139690.39599609375 1005.931884765625 28690.28821571423 7429
1260 21.5 28853.233463163153 12444.018541311627 139690.39599609375 1005.931884765625 28758.29749957708 7620
1270 19.7 30045.246617970733 11924.362765677004 139690.39599609375 1005.931884765625 28760.902634506372 7835
1280 18.6 29975.32877079133 12704.430310640611 139690.39599609375 1005.931884765625 28792.40360123228 8032
1290 19.2 29573.226225535076 11815.94913434424 139690.39599609375 1005.931884765625 28819.177035344954 8218
1300 20.1 29262.15329723453 12719.815456232225 139690.39599609375 1005.931884765625 28836.39195145869 8410
1310 18.3 29034.933306918127 14621.608400749163 139690.39599609375 1005.931884765625 28846.33017355844 8611
1320 18.4 31226.273734714672 13694.053309104442 139690.39599609375 1005.931884765625 28850.254937420712 8794
1330 19.6 30400.235988071985 16079.24835954657 139690.39599609375 1005.931884765625 28898.950354963825 8978
1340 18.7 30530.12252073237 14163.507794467407 139690.39599609375 1005.931884765625 28931.024911764478 9174
1350 20.4 28766.251704197304 12123.94817777618 139690.39599609375 1005.931884765625 28962.969282331407 9361
1360 19.2 31164.718638102215 15803.875683391683 142428.55297851563 1005.931884765625 28958.773737539002 9565
1370 19.9 29723.470482294284 12081.65076108761 142428.55297851563 1005.931884765625 29002.182717851407 9757
1380 20.9 30753.94922926323 14365.408493685514 142428.55297851563 1005.931884765625 29016.599779434786 9956
1390 20.9 30243.408185602944 14671.878196614163 142428.55297851563 1005.931884765625 29052.32098307612 10165
1400 19.4 31802.966591746535 15232.248634074449 142428.55297851563 1005.931884765625 29076.317245398088 10374
1410 19.9 31017.40102489989 12201.926549237107 142428.55297851563 1005.931884765625 29126.371179273145 10568
1420 19.5 29907.537744140624 14424.29547056337 142428.55297851563 1005.931884765625 29161.32194915145 10767
1430 19.6 29239.335878956073 13943.727551429743 142428.55297851563 1005.931884765625 29174.59617648432 10962
1440 21.4 28755.38248507776 11705.223742811393 142428.55297851563 1005.931884765625 29175.733385812553 11158
1450 20.1 30680.45403111396 15167.383605654002 142428.55297851563 1005.931884765625 29167.823159576426 11372
1460 17.9 28824.651083493365 11363.891892390788 142428.55297851563 1005.931884765625 29194.09455032896 11573
1470 19.7 29666.389341092956 13371.033762747098 142428.55297851563 1005.931884765625 29188.4673906486 11752
1480 20.7 30151.13524329144 14614.1910656157 143193.1181640625 1005.931884765625 29196.34676333565 11949
1490 20.4 29148.854753082873 12459.072697930227 143193.1181640625 1005.931884765625 29212.605501024926 12156
1500 18.9 28846.16198924231 13836.267671939937 143193.1181640625 1005.931884765625 29211.55330421423 12360
1510 18.6 29572.26923198085 12973.427335926077 143193.1181640625 1005.931884765625 29206.050159857732 12549
1520 17.5 30674.032452566964 15720.746503168883 143193.1181640625 1005.931884765625 29211.39894253656 12735
1530 19.1 29093.77125046016 13724.806749253708 143193.1181640625 1005.931884765625 29231.225500573382 12910
1540 22.6 29694.245176602257 12821.471513213603 143193.1181640625 1005.931884765625 29229.221549594706 13101
1550 20.2 30619.91883774559 13898.200390782627 143193.1181640625 1005.931884765625 29237.107445873215 13327
1560 18.5 29258.532258234798 13189.646371797673 143193.1181640625 1005.931884765625 29257.75404955111 13529
1570 20.9 29429.182070499406 13113.030669926222 143193.1181640625 1005.931884765625 29257.764547480707 13714
1580 19.8 29726.547371912486 13931.817317773188 143193.1181640625 1005.931884765625 29260.337718658677 13923
1590 17.2 29268.882111305415 13129.582321195116 143193.1181640625 1005.931884765625 29266.874756499074 14121
1600 20.5 27906.984307116996 10489.44597241331 143193.1181640625 1005.931884765625 29266.898912731263 14293
1610 23 30211.689518936826 12563.488004090892 143193.1181640625 1005.931884765625 29247.66988154414 14498
1620 21.1 29638.36798934575 13210.4606796507 143193.1181640625 1005.931884765625 29262.724506517003 14728
1630 19.5 32040.129780148236 16003.547819529766 143193.1181640625 1005.931884765625 29268.0301343955 14939
1640 20.7 31519.81435995055 15924.594697507118 143193.1181640625 1005.931884765625 29303.74834709021 15134
1650 21.4 30780.55517349956 14266.814500095166 143193.1181640625 1005.931884765625 29333.650287293727 15341
1660 17.7 30245.596002438648 15855.163909388422 143193.1181640625 1005.931884765625 29353.556275442104 15555
1670 17.9 31377.145937445443 15252.238780884147 143193.1181640625 1005.931884765625 29363.5925729045 15732
1680 21.9 31078.547521582477 13969.361436259202 143193.1181640625 1005.931884765625 29386.245206444368 15911
1690 17.3 31156.821980559067 14676.766027789352 143193.1181640625 1005.931884765625 29409.22190867718 16130
1700 22.7 32295.08750129061 14347.599405705523 143193.1181640625 1005.931884765625 29427.766643537976 16303
1710 20 29530.475491943358 13193.837014043434 143193.1181640625 1005.931884765625 29467.14243511147 16530
1720 18.9 29816.794595062416 13659.340816250653 143193.1181640625 1005.931884765625 29467.899554738866 16730
1730 20.4 29928.81508023131 13551.851743349365 143193.1181640625 1005.931884765625 29471.797016918732 16919
1740 20.2 30408.5191106513 14515.911342896266 143193.1181640625 1005.931884765625 29477.241838790822 17123
1750 19.3 31101.549403689685 13253.974073110841 143193.1181640625 1005.931884765625 29488.100021123624 17325
1760 18.9 28933.65178183904 12983.96895274328 143193.1181640625 1005.931884765625 29505.87577924871 17518
1770 19.3 30129.383323550843 13222.004941831021 143193.1181640625 1005.931884765625 29499.768006305218 17707
1780 22.3 29109.02512787276 11837.867007133407 143193.1181640625 1005.931884765625 29506.55659603865 17900
1790 20 30062.957474365234 11976.24140094604 143193.1181640625 1005.931884765625 29501.665048425064 18123
1800 21.1 30580.026200570202 17182.41075719406 150239.4521484375 1005.931884765625 29507.79169172518 18323
1810 18.4 30851.949703050697 13826.980291994607 150239.4521484375 1005.931884765625 29519.998526804833 18534
1820 21 29517.303577241444 13142.429606028147 150239.4521484375 1005.931884765625 29533.09175345454 18718
1830 19.1 31534.52800842605 14075.284025844472 150239.4521484375 1005.931884765625 29532.91658877762 18928
1840 20.5 27784.63330911776 10210.57919512705 150239.4521484375 1005.931884765625 29552.912811443704 19119
1850 19.2 30872.853918711346 15020.132619405169 150239.4521484375 1005.931884765625 29534.15389517498 19324
1860 22 30804.718030894885 13539.23871463778 150239.4521484375 1005.931884765625 29547.324135209772 19516
1870 20.3 30231.513499894165 13307.532715811734 150239.4521484375 1005.931884765625 29561.34048386455 19736
1880 19.8 32381.607485992732 15326.329754359585 150239.4521484375 1005.931884765625 29568.16355032997 19939
1890 17.1 29591.468510142542 13789.859780423856 150239.4521484375 1005.931884765625 29595.827149637775 20137
1900 18.5 30779.46324297931 14643.811131387296 150239.4521484375 1005.931884765625 29595.790448468102 20308
1910 19.6 30949.96457096022 14064.339837522886 150239.4521484375 1005.931884765625 29606.476022419432 20493
1920 19.8 31734.17143850616 14910.11995196146 150239.4521484375 1005.931884765625 29619.203740313675 20689
1930 21.8 29831.774678361526 11768.688421954914 150239.4521484375 1005.931884765625 29639.252747075876 20887
1940 19.1 30465.956450936683 12653.100314796628 150239.4521484375 1005.931884765625 29641.241364987283 21105
1950 20.1 30386.297912293998 13888.38702838734 150239.4521484375 1005.931884765625 29648.63808650383 21296
1960 21.1 29670.654543329754 13428.152743734954 150239.4521484375 1005.931884765625 29655.53531053434 21497
1970 20.5 30164.483748570885 12729.80120477096 150239.4521484375 1005.931884765625 29655.6822682513 21708
1980 18.2 30507.146415961968 14203.852686314642 150239.4521484375 1005.931884765625 29660.442196306132 21913
1990 20 29610.30745361328 11843.448611582548 150239.4521484375 1005.931884765625 29667.41663251239 22095
2000 19.3 31387.500537615368 16335.672339953684 150239.4521484375 1005.931884765625 29666.90432770056 22295
2010 17.8 30197.504844408355 14306.291990967145 150239.4521484375 1005.931884765625 29681.67109524385 22488
2020 18.8 28027.612276117852 11284.420292519177 150239.4521484375 1005.931884765625 29685.722026477917 22666
2030 20.1 32010.891225027208 13908.632979430646 150239.4521484375 1005.931884765625 29672.08219830483 22854
2040 20 29441.72005981445 12883.718551120832 150239.4521484375 1005.931884765625 29692.472595805208 23055
2050 17.5 31311.018136160714 14201.231652568877 150239.4521484375 1005.931884765625 29690.31604851653 23255
2060 18.7 30712.505281009777 12844.931709400893 150239.4521484375 1005.931884765625 29702.421164408028 23430
2070 20 31957.59734741211 14507.706632922473 150239.4521484375 1005.931884765625 29710.419035848285 23617
2080 20.2 29331.932223178374 12759.531093873777 150239.4521484375 1005.931884765625 29729.289408368448 23817
2090 18.3 32067.833466743512 14908.619579250619 150239.4521484375 1005.931884765625 29725.947630966875 24019
2100 17.6 28977.526916503906 12946.189632696362 150239.4521484375 1005.931884765625 29743.65546949043 24202
2110 20.1 30681.214541307138 15156.7365437531 150239.4521484375 1005.931884765625 29738.12430920962 24378
2120 19.1 29048.936958033377 11093.787912578751 150239.4521484375 1005.931884765625 29745.8366301605 24579
2130 19.6 30118.20892458546 13066.885892826363 150239.4521484375 1005.931884765625 29740.462878146922 24770
2140 20.6 29359.56123663152 11109.148677608375 150239.4521484375 1005.931884765625 29743.428440315547 24966
2150 21.7 30701.375562536006 13432.156895535201 150239.4521484375 1005.931884765625 29740.28698775084 25172
2160 17.7 31450.1953014654 13420.713359693127 150239.4521484375 1005.931884765625 29748.50142001396 25389
2170 19.4 31192.336864982684 13719.172786324567 150239.4521484375 1005.931884765625 29760.282684858554 25566
2180 16.9 30469.95714104105 14266.991868932977 150239.4521484375 1005.931884765625 29771.067564941786 25760
2190 20 31057.13057861328 14333.112940456203 150239.4521484375 1005.931884765625 29775.62278644515 25929
2200 19 31070.75259817023 16815.898400527687 150239.4521484375 1005.931884765625 29785.431870544566 26129
2210 21.1 32022.777719795988 15199.082322818715 150239.4521484375 1005.931884765625 29794.710754174223 26319
2220 21.8 30967.605002866974 13031.990945843747 150239.4521484375 1005.931884765625 29812.431151073815 26530
2230 18.1 32048.286456534875 14984.584871779929 150239.4521484375 1005.931884765625 29821.845982077662 26748
2240 18.9 29037.91597687252 11166.570511785041 150239.4521484375 1005.931884765625 29836.81073107973 26929
2250 20.6 28767.28944648817 11338.936758774857 150239.4521484375 1005.931884765625 29831.242801713805 27118
2260 18 30944.705830891926 15778.052137874183 150239.4521484375 1005.931884765625 29823.2214874415 27324
2270 20.3 31479.58112203665 14642.474418825339 150239.4521484375 1005.931884765625 29830.561044663034 27504
2280 19.3 30773.13968006193 14963.771462249253 150239.4521484375 1005.931884765625 29842.642867874023 27707
2290 18.5 29985.00405669341 11140.41901437499 150239.4521484375 1005.931884765625 29849.07963793683 27900
2300 20.9 29551.59945868533 11329.497738612226 150239.4521484375 1005.931884765625 29849.974991950356 28085
2310 20.2 29813.103783937964 12365.988249690889 150239.4521484375 1005.931884765625 29847.770973909344 28294
2320 18.6 32272.74053889449 15707.798802756603 150239.4521484375 1005.931884765625 29847.52522810733 28496
2330 17.9 31517.40932289846 14442.451255284936 150239.4521484375 1005.931884765625 29863.252515179585 28682
2340 19.9 29781.39604148673 14394.411355967026 150239.4521484375 1005.931884765625 29873.511829430015 28861
2350 21.1 31673.111425318424 13371.754351760157 150239.4521484375 1005.931884765625 29872.881029643344 29060
2360 20.9 30043.2896313827 13432.243462425084 150239.4521484375 1005.931884765625 29885.85799023531 29271
2370 19.9 30249.24252856077 12419.195397395486 150239.4521484375 1005.931884765625 29886.974110079263 29480
2380 19.3 28899.442945727413 12226.143372028992 150239.4521484375 1005.931884765625 29889.403147960522 29679
2390 19.5 30371.056348908252 13375.61305605123 150239.4521484375 1005.931884765625 29883.007114248987 29872
2400 20.2 29645.71838137183 13125.163288777878 150239.4521484375 1005.931884765625 29886.172365213784 30067
2410 18.6 30231.153255995883 12262.458868094824 150239.4521484375 1005.931884765625 29884.567696914994 30269
2420 17.9 28661.122900936192 12516.19446320458 150239.4521484375 1005.931884765625 29886.684423691844 30455
2430 19.8 30478.079515861744 13124.23667279666 150239.4521484375 1005.931884765625 29879.523246157954 30634
2440 19.9 31256.802832521993 13887.042785983285 150239.4521484375 1005.931884765625 29883.367114262564 30832
2450 20.5 31638.546546303354 15392.773713195984 150239.4521484375 1005.931884765625 29892.17487772277 31031
2460 17.7 30508.638847049348 13350.810983929503 150239.4521484375 1005.931884765625 29903.636210545763 31236
2470 18 29858.642578125 11090.732695097557 150239.4521484375 1005.931884765625 29907.04516437574 31413
2480 19.8 33165.905517578125 16174.41844985593 150239.4521484375 1005.931884765625 29906.76939235266 31593
2490 22.4 31215.670516967773 13282.218739918457 150239.4521484375 1005.931884765625 29927.06787156988 31791
2500 21.8 30919.223489463875 12419.795844505104 150239.4521484375 1005.931884765625 29936.08386384129 32015
2510 21.4 30788.96035338785 13619.38285122599 150239.4521484375 1005.931884765625 29942.733087878325 32233
2520 19 31264.343439041942 13980.041242932959 150239.4521484375 1005.931884765625 29948.314270570685 32447
2530 19.6 29430.487033143334 12832.745399991118 150239.4521484375 1005.931884765625 29955.975683752335 32637
2540 19.3 32279.338452274937 14844.584591896524 150239.4521484375 1005.931884765625 29952.838724731857 32833
2550 18.6 30865.809096469675 13028.902974584213 150239.4521484375 1005.931884765625 29966.43451130655 33026
2560 21.8 29538.779448063 12178.35654926462 150239.4521484375 1005.931884765625 29971.47135560501 33212
2570 16.9 32919.254901592525 15245.466716749634 150239.4521484375 1005.931884765625 29968.649733234557 33430
2580 21.4 31682.258841541316 13813.635255070336 150239.4521484375 1005.931884765625 29983.491016411215 33599
2590 19 32553.307797080597 17197.495945217623 150239.4521484375 1005.931884765625 29994.242393531786 33813
2600 15.5 31064.477025579636 14010.60136872658 150239.4521484375 1005.931884765625 30008.541791428273 34003
2610 18.7 30884.35522069268 14536.626212636393 150239.4521484375 1005.931884765625 30013.33334717783 34158
2620 20.5 31975.128503715696 14634.068488598132 150239.4521484375 1005.931884765625 30018.07584507701 34345
2630 18.8 29823.70019920837 12245.802406691893 150239.4521484375 1005.931884765625 30029.68787966517 34550
2640 18.7 31943.101866696612 14599.514738686967 150239.4521484375 1005.931884765625 30028.573086530105 34738
2650 18.8 31274.45445478724 14995.768651480314 150239.4521484375 1005.931884765625 30038.824106770368 34925
2660 19.2 29478.324076334637 12955.63635408802 150239.4521484375 1005.931884765625 30045.43984753382 35113
2670 19.9 30854.939775783212 13049.810899554539 150239.4521484375 1005.931884765625 30042.355688687476 35305
2680 18.5 29195.513076699746 12259.854776899647 150239.4521484375 1005.931884765625 30046.910224326617 35504
2690 17.2 31588.63378906251 16058.48766738774 150239.4521484375 1005.931884765625 30042.496862441694 35689
2700 20.1 29581.496682845536 11803.657866689122 150239.4521484375 1005.931884765625 30049.912594054833 35861
2710 17.4 30607.05078545932 12279.294546391542 150239.4521484375 1005.931884765625 30047.30176830604 36062
2720 21.5 31017.575706304506 12576.297809550237 150239.4521484375 1005.931884765625 30049.989601648147 36236
2730 20.2 30081.623672938582 13896.741834040387 150239.4521484375 1005.931884765625 30055.696743084627 36451
2740 17.2 29475.74778428188 12735.67451751647 150239.4521484375 1005.931884765625 30055.839630156093 36653
2750 19.9 30876.97897078164 12694.441257540733 150239.4521484375 1005.931884765625 30053.130171975772 36825
2760 21.6 31723.9794277615 13370.110317048355 150239.4521484375 1005.931884765625 30057.558270262354 37024
2770 19.1 29062.322835712534 10653.96484090772 150239.4521484375 1005.931884765625 30067.223870961057 37240
2780 19.8 31680.06464917732 13443.074121246013 150239.4521484375 1005.931884765625 30062.096139996553 37431
2790 19.5 29726.281004607372 11588.88066698148 150239.4521484375 1005.931884765625 30070.609726985782 37629
2800 19.6 31439.700076979032 13588.533764518957 150239.4521484375 1005.931884765625 30068.834555114383 37824
2810 21.6 32833.853611698825 14992.456964908637 150239.4521484375 1005.931884765625 30075.901615668972 38020
2820 19.2 34211.591185251884 13075.808221338897 150239.4521484375 1005.931884765625 30091.481635313874 38236
2830 21.7 32045.029148365495 13316.475645211143 150239.4521484375 1005.931884765625 30112.06717277583 38428
2840 20 31403.614744873048 13990.558022552896 150239.4521484375 1005.931884765625 30122.921170672143 38645
2850 19.9 30723.18765580834 13403.30190144173 150239.4521484375 1005.931884765625 30129.515036416517 38845
2860 18.7 32551.774167310734 13891.666720741305 150239.4521484375 1005.931884765625 30132.540875246017 39044
2870 19.6 31244.27078558474 12801.504431788047 150239.4521484375 1005.931884765625 30144.072486105186 39231
2880 18 30789.729414876303 12292.073030225043 150239.4521484375 1005.931884765625 30149.541805776935 39427
2890 20.7 33662.122501981416 14250.45711724207 150239.4521484375 1005.931884765625 30152.451235161585 39607
2900 21.1 30399.132560259925 13160.663982461088 150239.4521484375 1005.931884765625 30170.698634373715 39814
2910 18.1 32700.200125172647 17278.560298474975 150239.4521484375 1005.931884765625 30171.90287068507 40025
2920 23.3 31244.652788023068 12930.065746505048 150239.4521484375 1005.931884765625 30183.28479883167 40206
2930 21 29420.330486188617 12823.754786832671 150239.4521484375 1005.931884765625 30189.400151374553 40439
2940 20.2 32649.362552453986 14109.961016386611 150239.4521484375 1005.931884765625 30185.427000013166 40649
2950 21.1 30210.3167001444 14194.193875234478 150239.4521484375 1005.931884765625 30197.610667037057 40851
2960 21.3 31367.204737703567 13533.447999632193 150239.4521484375 1005.931884765625 30197.675957889565 41062
2970 21.8 31945.684356409474 13458.259028640916 150239.4521484375 1005.931884765625 30203.711321429248 41275
2980 19.2 30240.233774820965 12505.259080804855 150239.4521484375 1005.931884765625 30212.863470505614 41493
2990 19.2 32557.183146158855 14387.371637932372 150239.4521484375 1005.931884765625 30212.989537398465 41685
3000 20.8 30728.745810875527 12603.633480215782 150239.4521484375 1005.931884765625 30223.737326707203 41877
3010 21.3 32392.46982857431 13298.232498152674 150239.4521484375 1005.931884765625 30226.233269791606 42085
3020 21.6 30011.021832501447 11680.479511837964 150239.4521484375 1005.931884765625 30237.141785253818 42298
3030 21.9 31140.326450574343 14520.583367570629 150239.4521484375 1005.931884765625 30235.99294228928 42514
3040 21.5 29695.97160814862 12903.160760986571 150239.4521484375 1005.931884765625 30240.627511318235 42733
3050 17.7 29779.46108094986 14319.17116091234 150239.4521484375 1005.931884765625 30237.900934546757 42948
3060 19 31941.001389031662 11809.510324392939 150239.4521484375 1005.931884765625 30236.019337930255 43125
3070 16.4 32036.80050138148 13263.655960642018 150239.4521484375 1005.931884765625 30243.498192592826 43315
3080 19.5 31763.206787109386 13428.58773825496 150239.4521484375 1005.931884765625 30250.26241390981 43479
3090 22.6 32365.905866504767 13017.487694095295 150239.4521484375 1005.931884765625 30257.017557765972 43674
3100 19.1 31744.084404910413 14938.494267212975 150239.4521484375 1005.931884765625 30267.874249287044 43900
3110 21.1 29408.472689804872 10586.33695033563 150239.4521484375 1005.931884765625 30274.26911762126 44091
3120 18 29412.83451605903 12606.357905818255 150239.4521484375 1005.931884765625 30270.145532991464 44302
3130 19.8 31046.647851809106 14833.341673974915 150239.4521484375 1005.931884765625 30266.676354828436 44482
3140 19.3 30279.173267740043 12936.33020440854 150239.4521484375 1005.931884765625 30270.132808642273 44680
3150 18.8 30711.584111639793 13589.593590071347 150239.4521484375 1005.931884765625 30270.171691904052 44873
3160 20.2 30624.19990524443 13565.770199426246 150239.4521484375 1005.931884765625 30272.01331847493 45061
3170 19.1 30259.99547125532 12666.085950595272 150239.4521484375 1005.931884765625 30273.585058981025 45263
3180 21.8 30768.753849134533 13745.737941566664 150239.4521484375 1005.931884765625 30273.527954848152 45454
3190 20.5 32215.57744021532 14705.56609649867 150239.4521484375 1005.931884765625 30275.8917498419 45672
3200 18.5 32269.825453969588 15271.400260821045 150239.4521484375 1005.931884765625 30284.55917723529 45877
3210 19.6 30125.72094851124 12738.717136288915 150239.4521484375 1005.931884765625 30292.532653445527 46062
3220 20.1 29445.668664732977 12471.334900262182 150239.4521484375 1005.931884765625 30291.825854747633 46258
3230 20 31582.559661865234 15073.389410952805 150239.4521484375 1005.931884765625 30288.1650442439 46459
3240 18 31740.18693576389 14112.729757571087 150239.4521484375 1005.931884765625 30293.713361257214 46659
3250 20.9 31113.886794678903 12554.142553640953 150239.4521484375 1005.931884765625 30299.27208888614 46839
3260 20.7 32026.951919629373 15881.873541859646 150239.4521484375 1005.931884765625 30302.890828758413 47048
3270 18.7 28821.26513932988 10271.228004039918 150239.4521484375 1005.931884765625 30310.443059121553 47255
3280 19 30662.513288959704 13430.608814571393 150239.4521484375 1005.931884765625 30304.57323341857 47442
3290 18.3 31850.519315125523 13948.992751957085 150239.4521484375 1005.931884765625 30306.00102588063 47632
3300 22.7 30840.391548862546 13910.300638597537 150239.4521484375 1005.931884765625 30311.9122848356 47815
3310 19.5 32429.975850110175 15341.520795017614 150239.4521484375 1005.931884765625 30314.40936640868 48042
3320 20 32107.192634277344 15917.845334001058 150239.4521484375 1005.931884765625 30322.961628454865 48237
3330 18.8 31231.49984546418 13002.7633052668 150239.4521484375 1005.931884765625 30330.328851882503 48437
3340 19.8 31177.576222429372 12360.282967025378 150239.4521484375 1005.931884765625 30333.813070839693 48625
3350 18.1 33271.68306095693 13175.682724490178 150239.4521484375 1005.931884765625 30337.234923327553 48823
3360 19.2 31490.33322906494 12855.025183718186 150239.4521484375 1005.931884765625 30348.073530643505 49004
3370 20.9 32531.89487117784 14037.671386682374 150239.4521484375 1005.931884765625 30352.531491902486 49196
3380 20.2 32756.69904954364 13671.688783479545 150239.4521484375 1005.931884765625 30361.75094228744 49405
3390 20.7 30996.75114050234 12800.41510609476 150239.4521484375 1005.931884765625 30371.5031852706 49607
3400 18.8 31949.498594892786 14408.735530921778 150239.4521484375 1005.931884765625 30374.101377078787 49814
3410 20 32405.898034667945 13933.719064937766 150239.4521484375 1005.931884765625 30380.024633687503 50002
3420 19.7 30267.249004848112 11532.896689694271 150239.4521484375 1005.931884765625 30388.09552090706 50202
3430 18 30301.18477783203 14562.200936341884 150239.4521484375 1005.931884765625 30387.623155112826 50399
3440 20 32107.43328491211 14726.362388969434 150239.4521484375 1005.931884765625 30387.315539147494 50579
3450 19.6 31683.13530871333 15013.35342477202 150239.4521484375 1005.931884765625 30394.090456911785 50779
3460 21.7 33858.62162703413 18385.56711990678 160968.47192382813 1005.931884765625 30399.046862815718 50975
3470 20.9 31073.162154932343 14954.773225199953 160968.47192382813 1005.931884765625 30413.711805069106 51192
3480 19.9 30813.878460908058 13474.657906776252 160968.47192382813 1005.931884765625 30416.393175531186 51401
3490 19.2 31578.81606419881 14422.126438724039 160968.47192382813 1005.931884765625 30417.926112968977 51600
3500 21.1 30437.371706994225 12583.548708799983 160968.47192382813 1005.931884765625 30422.22969017465 51792
3510 21.4 32229.1699869031 13238.600194140623 160968.47192382813 1005.931884765625 30422.291128275316 52003
3520 20.3 32075.490875394473 14098.57883270389 160968.47192382813 1005.931884765625 30429.696227682525 52217
3530 21 29895.710474795385 13090.103988652489 160968.47192382813 1005.931884765625 30436.069678912696 52420
3540 16.7 30911.871953358906 12687.945401526613 160968.47192382813 1005.931884765625 30433.91358100533 52630
3550 20.3 31248.0884883486 11654.853675997447 160968.47192382813 1005.931884765625 30435.42539130105 52797
3560 19.1 31465.63752786527 14874.191510134424 160968.47192382813 1005.931884765625 30438.5380442954 53000
3570 21.6 31238.54354406286 12254.371835266074 160968.47192382813 1005.931884765625 30442.226187051918 53191
3580 22.5 32000.260654296875 12969.531260320608 160968.47192382813 1005.931884765625 30445.446823843242 53407
3590 15.4 30954.20173625203 14193.757349598669 160968.47192382813 1005.931884765625 30451.96966677008 53632
3600 19 29330.500519120065 10398.408452323436 160968.47192382813 1005.931884765625 30453.407656929234 53786
3610 18.4 30814.480302893597 13314.073715823472 160968.47192382813 1005.931884765625 30449.454930603017 53976
3620 22.5 32151.54217230903 13503.038165883774 160968.47192382813 1005.931884765625 30450.695046343444 54160
3630 21.7 31982.86000954061 13903.3870956991 160968.47192382813 1005.931884765625 30457.731740346244 54385
3640 18.7 31521.13090245864 16983.552581223095 167671.02099609375 1005.931884765625 30463.79292554853 54602
3650 20.7 31416.325985526117 13329.22065698817 167671.02099609375 1005.931884765625 30467.4017193152 54789
3660 21.6 33019.96447414826 14831.956687699505 167671.02099609375 1005.931884765625 30470.97338494735 54996
3670 21 29662.393889508927 10769.148171152805 167671.02099609375 1005.931884765625 30480.945530047462 55212
3680 18.3 32639.575788987815 13566.684991646383 167671.02099609375 1005.931884765625 30477.843948644535 55422
3690 19 30874.684705232317 12716.35094441239 167671.02099609375 1005.931884765625 30484.958361499183 55605
3700 19.4 29363.63686598945 12566.29873526175 167671.02099609375 1005.931884765625 30486.28550560366 55795
3710 19.5 32403.279023938307 16586.431012735193 171997.916015625 1005.931884765625 30482.395565863975 55989
3720 21.5 30605.984612327396 13073.17596560142 171997.916015625 1005.931884765625 30489.06245099719 56184
3730 20.4 31527.253705193016 14023.148942880729 171997.916015625 1005.931884765625 30489.508172812933 56399
3740 22.3 31199.516285165017 13150.514300290111 171997.916015625 1005.931884765625 30493.248258826137 56603
3750 19.7 32570.795073068668 16443.363349221025 171997.916015625 1005.931884765625 30496.01983820659 56826
3760 20.1 31767.35902883046 13652.114807764361 171997.916015625 1005.931884765625 30503.187660335694 57023
3770 18.3 31911.474454619194 16902.983627066467 171997.916015625 1005.931884765625 30507.62807773167 57224
3780 23.4 30635.546787359777 11865.647574635836 171997.916015625 1005.931884765625 30512.10320945725 57407
3790 16.5 33179.71536162405 12746.42382378438 171997.916015625 1005.931884765625 30512.604342283354 57641
3800 22.9 31602.39280947223 11152.582735786567 171997.916015625 1005.931884765625 30520.217277241507 57806
3810 19.4 30162.473766208925 11204.416953512158 171997.916015625 1005.931884765625 30524.487427958848 58035
3820 19.7 29941.7016192596 12286.632104043658 171997.916015625 1005.931884765625 30523.281316736273 58229
3830 20.9 32442.693130420183 13785.40951523392 171997.916015625 1005.931884765625 30521.320354144224 58426
3840 19.3 30658.173257620223 12343.018898174772 171997.916015625 1005.931884765625 30528.168941340296 58635
3850 19.6 31657.58110451212 14281.096102129313 171997.916015625 1005.931884765625 30528.595453087117 58828
3860 21 32284.270748465402 16205.033537551202 171997.916015625 1005.931884765625 30532.344456673443 59024
3870 21.2 31285.206169848174 12078.490215288619 171997.916015625 1005.931884765625 30538.555492924184 59234
3880 19.7 34662.678725809 16175.14765181718 171997.916015625 1005.931884765625 30541.21824472427 59446
3890 18.6 32610.61789892053 14878.793061120603 171997.916015625 1005.931884765625 30554.831371407596 59643
3900 22.1 32090.699413178732 14003.604222732492 171997.916015625 1005.931884765625 30561.222524429 59829
3910 18.8 31757.853563673954 12647.361400734866 171997.916015625 1005.931884765625 30566.8514069005 60050
3920 18.4 31474.695308519447 12824.371061201344 171997.916015625 1005.931884765625 30570.56846931083 60238
3930 19.4 30880.802409693137 12136.830337787635 171997.916015625 1005.931884765625 30573.32176013891 60422
3940 16.9 31897.641806698397 13914.184445235021 171997.916015625 1005.931884765625 30574.305844308332 60616
3950 21.1 31735.55945113485 14327.620167534735 171997.916015625 1005.931884765625 30577.985103626317 60785
3960 20.1 32104.628505422108 13288.795766730542 171997.916015625 1005.931884765625 30581.989434850075 60996
3970 17 31261.63402602252 11600.067353656063 171997.916015625 1005.931884765625 30586.990504398993 61197
3980 19.2 31742.789138793945 12725.674945207913 171997.916015625 1005.931884765625 30588.859414377905 61367
3990 20.8 31497.887145996094 14778.8864044049 171997.916015625 1005.931884765625 30592.458473931958 61559
4000 17.6 32874.44579661976 13785.334987597898 171997.916015625 1005.931884765625 30595.507499524738 61767
4010 18.1 30887.060074779867 11663.415702371869 171997.916015625 1005.931884765625 30601.982696726824 61943
4020 20.3 30868.385664014393 13400.866588539782 171997.916015625 1005.931884765625 30602.813277588128 62124
4030 18.6 30279.158539146505 11940.250017133205 171997.916015625 1005.931884765625 30603.678250945493 62327
4040 18.8 30946.441867260222 12117.32104529991 171997.916015625 1005.931884765625 30602.712681121702 62513
4050 20.6 30897.62156662432 12753.183663149948 171997.916015625 1005.931884765625 30603.743304030333 62701
4060 18.1 32632.54661602211 16310.786996227072 171997.916015625 1005.931884765625 30604.705659922274 62907
4070 20.1 32699.535070011287 16066.822635559189 171997.916015625 1005.931884765625 30610.523552596856 63088
4080 19.7 31797.06711264673 13564.197139558897 171997.916015625 1005.931884765625 30617.158059620197 63289
4090 20.4 31643.382611443016 13556.967791325707 171997.916015625 1005.931884765625 30620.819372089816 63486
4100 21.2 31783.240556824883 13781.467686855558 171997.916015625 1005.931884765625 30624.094657076912 63690
4110 18.9 32422.699757409475 13352.050942919794 171997.916015625 1005.931884765625 30627.940216382514 63902
4120 21.9 31612.70724975028 13952.323878803394 171997.916015625 1005.931884765625 30633.232840202614 64091
4130 19.3 32308.14996306266 14926.12395828089 171997.916015625 1005.931884765625 30636.56832295321 64310
4140 19.3 31534.49899940293 12486.87438079752 171997.916015625 1005.931884765625 30641.5698772459 64503
4150 19.7 32835.848994685904 14504.973577610426 171997.916015625 1005.931884765625 30644.23364812163 64696
4160 18.8 31226.93536376953 12305.652237820812 171997.916015625 1005.931884765625 30650.886880724116 64893
4170 21.4 30620.147920697647 11430.676294858906 171997.916015625 1005.931884765625 30652.55091653814 65081
4180 19.1 33289.657769807345 17538.63659726326 178596.69506835938 1005.931884765625 30652.444717884187 65295
4190 20.8 31356.853299654445 12564.642398002801 178596.69506835938 1005.931884765625 30660.136555726127 65486
4200 20.4 31705.62810202206 13141.986206036701 178596.69506835938 1005.931884765625 30662.342496645193 65694
4210 19.3 33526.154995142475 13773.908537900797 178596.69506835938 1005.931884765625 30665.572188949922 65898
4220 17.7 29554.82749602754 13065.085727751777 178596.69506835938 1005.931884765625 30673.925708817907 66091
4230 22.3 32607.698541068195 12871.651307566288 178596.69506835938 1005.931884765625 30670.936628361822 66268
4240 22.6 32823.02393334316 14804.579741403977 178596.69506835938 1005.931884765625 30677.432212824886 66491
4250 19.4 31408.49559791801 14060.261173648372 178596.69506835938 1005.931884765625 30684.700281365695 66717
4260 20.9 32028.367923426285 12634.54234550294 178596.69506835938 1005.931884765625 30686.79883453948 66911
4270 19.9 31183.582821333228 12086.814900754087 178596.69506835938 1005.931884765625 30690.976247226867 67120
4280 20 32848.44711791991 14408.354368470986 178596.69506835938 1005.931884765625 30692.43242911084 67319
4290 20.2 31581.813871780243 14158.806095294865 178596.69506835938 1005.931884765625 30698.818823129735 67519
4300 19.1 32843.96276535913 14584.81374205621 178596.69506835938 1005.931884765625 30701.45264424619 67721
4310 19 31507.557896021797 10075.032063451168 178596.69506835938 1005.931884765625 30707.478375091 67912
4320 19.7 33931.32924036329 15363.763824885626 178596.69506835938 1005.931884765625 30709.710543147397 68102
4330 20.2 32638.725016678913 14518.20608063129 178596.69506835938 1005.931884765625 30719.002902967477 68299
4340 21.2 31823.771151560657 12610.817953095844 178596.69506835938 1005.931884765625 30724.663898675124 68501
4350 22.8 31847.16025583367 13450.947569621745 178596.69506835938 1005.931884765625 30728.05497078101 68713
4360 16.8 31268.240200950986 13768.459182370327 178596.69506835938 1005.931884765625 30731.756048586554 68941
4370 20.8 33763.70762164775 14697.878073320657 178596.69506835938 1005.931884765625 30733.060210672495 69109
4380 20.9 30888.43105188397 12176.216905739571 178596.69506835938 1005.931884765625 30742.154295261887 69317
4390 17.5 31783.182995256702 13478.272122881906 178596.69506835938 1005.931884765625 30742.594013383656 69526
4400 19.9 33615.75299593674 15588.43573401921 178596.69506835938 1005.931884765625 30745.206645509847 69701
4410 19.4 33320.72445961862 14973.627576476785 178596.69506835938 1005.931884765625 30753.37887331722 69900
4420 19.7 32128.334031468115 15106.443573200786 178596.69506835938 1005.931884765625 30760.48454632407 70094
4430 21.2 32346.23969196823 14892.764480792435 178596.69506835938 1005.931884765625 30764.318128839237 70291
4440 22 32785.737568803255 14748.451716949778 178596.69506835938 1005.931884765625 30769.074910414252 70503
4450 19.8 31785.17518939394 13187.57249047236 178596.69506835938 1005.931884765625 30775.34819894621 70723
4460 19.5 31728.943318058893 14739.744189911691 178596.69506835938 1005.931884765625 30778.167473126054 70921
4470 20.3 32874.496570004616 14648.33711072588 178596.69506835938 1005.931884765625 30780.774499530264 71116
4480 21.5 31231.326439861918 13942.22697324393 178596.69506835938 1005.931884765625 30786.733999527547 71319
4490 19.7 32180.41153682186 14646.739454061171 178596.69506835938 1005.931884765625 30788.070250466568 71534
4500 21.5 32661.28093886265 14315.772866067262 178596.69506835938 1005.931884765625 30791.894137397074 71731
4510 19.6 30888.582468461016 15232.49892498729 178596.69506835938 1005.931884765625 30797.48052388576 71946
4520 18.3 30773.880740639943 14029.731053383546 178596.69506835938 1005.931884765625 30797.728035475913 72142
4530 19.9 32072.631905867227 15884.703693312202 178596.69506835938 1005.931884765625 30797.667695967375 72325
4540 19.4 32567.754994815125 15611.976180981339 178596.69506835938 1005.931884765625 30801.16609481148 72524
4550 18.7 31783.15530868775 15121.835483999592 178596.69506835938 1005.931884765625 30805.87907160678 72718
4560 18.4 30942.24113398013 12596.114033548367 178596.69506835938 1005.931884765625 30808.38576739355 72905
4570 18.3 31194.988888266307 11214.380082792344 178596.69506835938 1005.931884765625 30808.72274542652 73089
4580 18.6 30930.606686827963 12649.849087992587 178596.69506835938 1005.931884765625 30809.68746188219 73272
4590 20.8 33099.786723210265 13557.710001014033 178596.69506835938 1005.931884765625 30809.99363651041 73458
4600 19.7 32984.80732843233 12947.168905322922 178596.69506835938 1005.931884765625 30816.45899314758 73666
4610 17.2 32179.004163165424 13694.124751228037 178596.69506835938 1005.931884765625 30822.242194778315 73863
4620 17.4 33107.40897904318 15302.39568783561 178596.69506835938 1005.931884765625 30825.39425878267 74035
4630 19.5 31396.148234675482 13476.754476763748 178596.69506835938 1005.931884765625 30830.7449650491 74209
4640 21.1 35031.073149622374 17164.911497469046 178596.69506835938 1005.931884765625 30832.226789112014 74404
4650 21.4 31079.244526230286 11559.065406127487 178596.69506835938 1005.931884765625 30844.100495230996 74615
4660 20.2 32540.04077390161 15183.920262862302 178596.69506835938 1005.931884765625 30844.772972781593 74829
4670 20.9 31661.10638924193 12724.755409217654 178596.69506835938 1005.931884765625 30849.337007591555 75031
4680 19.8 32015.603731405856 14090.119803817019 178596.69506835938 1005.931884765625 30851.591922540585 75240
4690 22.4 33029.704230172305 14695.984003290285 178596.69506835938 1005.931884765625 30854.647071645217 75438
4700 16.8 32804.18199375699 15339.585105394588 178596.69506835938 1005.931884765625 30861.0864045139 75662
4710 22.5 32610.7741373698 14226.549999551873 178596.69506835938 1005.931884765625 30865.391297814607 75830
4720 21 33417.051047479516 14208.576765560967 178596.69506835938 1005.931884765625 30870.55481288791 76055
4730 19.4 32711.445791972063 14020.708030323782 178596.69506835938 1005.931884765625 30877.56673459858 76265
4740 18.5 30415.371683646536 15975.298371717803 178596.69506835938 1005.931884765625 30882.21984982544 76459
4750 19.1 31781.024242780597 13999.648010370682 178596.69506835938 1005.931884765625 30881.092991744663 76644
4760 20.7 30668.57364790912 13321.511083000407 178596.69506835938 1005.931884765625 30883.33008250991 76835
4770 23 32043.375099779212 14825.682926798238 178596.69506835938 1005.931884765625 30882.753065013447 77042
4780 19.4 29638.791034501854 11259.084334301262 178596.69506835938 1005.931884765625 30886.207654877773 77272
4790 19.8 31011.52562983349 12026.138482144468 178596.69506835938 1005.931884765625 30883.083718901307 77466
4800 20.6 32548.27526499922 13403.714438567657 178596.69506835938 1005.931884765625 30883.411174329365 77664
4810 14.6 36589.3199663554 13678.577966746205 178596.69506835938 1005.931884765625 30887.815463563704 77870
4820 5.7 46188.384547183385 14192.02834311231 178596.69506835938 1005.931884765625 30898.48532176468 78016
4830 3.2 56277.69500732422 9819.96158356286 178596.69506835938 1005.931884765625 30909.64826229276 78073
4840 1.5 79522.66284179688 21471.699708276243 178596.69506835938 1005.931884765625 30920.04167495317 78105
4850 0.8 80860.53997802734 10100.975337381427 178596.69506835938 1005.931884765625 30929.373975484436 78120
4860 0.2 76805.40991210938 3198.89599609375 178596.69506835938 1005.931884765625 30934.486730553304 78128
4870 0.2 87037.41491699219 6218.1180419921875 178596.69506835938 1005.931884765625 30935.66095103664 78130
4880 0.1 108063.73486328125 0.0 178596.69506835938 1005.931884765625 30937.09702726574 78132
4890 0 0 0 178596.69506835938 1005.931884765625 30938.084147148962 78133
4900 0.1 204250.84106445313 0.0 204250.84106445313 1005.931884765625 30938.084147148962 78133
4900 0 0 0 204250.84106445313 1005.931884765625 30940.302294906884 78134
