10 11 11
20 24 13
30 16 -8
40 21 5
50 22 1
60 20 -2
70 15 -5
80 18 3
90 14 -4
100 12 -2
110 22 10
120 24 2
130 28 4
140 42 14
150 33 -9
160 36 3
170 29 -7
180 32 3
190 42 10
200 35 -7
210 44 9
220 34 -10
230 38 4
240 31 -7
250 47 16
260 73 26
270 69 -4
280 61 -8
290 70 9
300 73 3
310 74 1
320 73 -1
330 57 -16
340 63 6
350 70 7
360 69 -1
370 74 5
380 60 -14
390 66 6
400 73 7
410 74 1
420 73 -1
430 71 -2
440 65 -6
450 70 5
460 72 2
470 77 5
480 71 -6
490 72 1
500 74 2
510 71 -3
520 75 4
530 73 -2
540 76 3
550 74 -2
560 71 -3
570 73 2
580 74 1
590 74 0
600 73 -1
610 73 0
620 78 5
630 73 -5
640 73 0
650 75 2
660 74 -1
670 79 5
680 79 0
690 78 -1
700 72 -6
710 77 5
720 74 -3
730 76 2
740 74 -2
750 76 2
760 76 0
770 75 -1
780 76 1
790 74 -2
800 80 6
810 75 -5
820 75 0
830 75 0
840 76 1
850 76 0
860 75 -1
870 77 2
880 71 -6
890 76 5
900 77 1
910 71 -6
920 73 2
930 77 4
940 69 -8
950 77 8
960 75 -2
970 77 2
980 75 -2
990 73 -2
1000 73 0
1010 77 4
1020 73 -4
1030 75 2
1040 74 -1
1050 100 26
1060 75 -25
1070 74 -1
1080 78 4
1090 78 0
1100 71 -7
1110 77 6
1120 75 -2
1130 74 -1
1140 74 0
1150 78 4
1160 76 -2
1170 65 -11
1180 76 11
1190 74 -2
1200 74 0
1210 76 2
1220 72 -4
1230 77 5
1240 71 -6
1250 76 5
1260 82 6
1270 78 -4
1280 76 -2
1290 76 0
1300 78 2
1310 80 2
1320 73 -7
1330 75 2
1340 74 -1
1350 76 2
1360 70 -6
1370 71 1
1380 72 1
1390 76 4
1400 74 -2
1410 78 4
1420 76 -2
1430 79 3
1440 82 3
1450 74 -8
1460 82 8
1470 75 -7
1480 77 2
1490 77 0
1500 81 4
1510 71 -10
1520 74 3
1530 73 -1
1540 75 2
1550 75 0
1560 74 -1
1570 72 -2
1580 78 6
1590 75 -3
1600 80 5
1610 76 -4
1620 75 -1
1630 82 7
1640 78 -4
1650 78 0
1660 78 0
1670 76 -2
1680 82 6
1690 74 -8
1700 77 3
1710 77 0
1720 81 4
1730 77 -4
1740 80 3
1750 69 -11
1760 85 16
1770 82 -3
1780 78 -4
1790 68 -10
1800 74 6
1810 77 3
1820 83 6
1830 77 -6
1840 77 0
1850 73 -4
1860 75 2
1870 78 3
1880 76 -2
1890 78 2
1900 77 -1
1910 80 3
1920 73 -7
1930 80 7
1940 76 -4
1950 79 3
1960 80 1
1970 77 -3
1980 78 1
1990 73 -5
2000 76 3
2010 75 -1
2020 75 0
2030 82 7
2040 76 -6
2050 74 -2
2060 79 5
2070 80 1
2080 76 -4
2090 76 0
2100 81 5
2110 84 3
2120 75 -9
2130 78 3
2140 77 -1
2150 83 6
2160 80 -3
2170 74 -6
2180 85 11
2190 71 -14
2200 75 4
2210 75 0
2220 76 1
2230 79 3
2240 79 0
2250 85 6
2260 79 -6
2270 80 1
2280 73 -7
2290 79 6
2300 74 -5
2310 84 10
2320 85 1
2330 77 -8
2340 81 4
2350 77 -4
2360 74 -3
2370 78 4
2380 74 -4
2390 78 4
2400 77 -1
2410 78 1
2420 77 -1
2430 79 2
2440 79 0
2450 79 0
2460 75 -4
2470 83 8
2480 85 2
2490 77 -8
2500 84 7
2510 77 -7
2520 83 6
2530 80 -3
2540 78 -2
2550 79 1
2560 76 -3
2570 87 11
2580 71 -16
2590 75 4
2600 77 2
2610 69 -8
2620 77 8
2630 79 2
2640 79 0
2650 71 -8
2660 74 3
2670 80 6
2680 82 2
2690 73 -9
2700 81 8
2710 77 -4
2720 83 6
2730 76 -7
2740 80 4
2750 77 -3
2760 72 -5
2770 71 -1
2780 73 2
2790 83 10
2800 71 -12
2810 80 9
2820 86 6
2830 66 -20
2840 73 7
2850 79 6
2860 73 -6
2870 78 5
2880 71 -7
2890 89 18
2900 75 -14
2910 79 4
2920 81 2
2930 79 -2
2940 83 4
2950 76 -7
2960 78 2
2970 82 4
2980 74 -8
2990 84 10
3000 92 8
3010 77 -15
3020 85 8
3030 78 -7
3040 74 -4
3050 73 -1
3060 81 8
3070 84 3
3080 78 -6
3090 85 7
3100 91 6
3110 80 -11
3120 97 17
3130 79 -18
3140 84 5
3150 85 1
3160 71 -14
3170 84 13
3180 75 -9
3190 83 8
3200 87 4
3210 84 -3
3220 79 -5
3230 79 0
3240 83 4
3250 76 -7
3260 89 13
3270 98 9
3280 84 -14
3290 65 -19
3300 87 22
3310 84 -3
3320 78 -6
3330 72 -6
3340 90 18
3350 85 -5
3360 92 7
3370 77 -15
3380 74 -3
3390 84 10
3400 82 -2
3410 85 3
3420 88 3
3430 84 -4
3440 83 -1
3450 74 -9
3460 88 14
3470 80 -8
3480 76 -4
3490 99 23
3500 75 -24
3510 78 3
3520 75 -3
3530 77 2
3540 78 1
3550 83 5
3560 86 3
3570 77 -9
3580 74 -3
3590 78 4
3600 87 9
3610 89 2
3620 92 3
3630 79 -13
3640 91 12
3650 91 0
3660 96 5
3670 100 4
3680 84 -16
3690 84 0
3700 83 -1
3710 81 -2
3720 84 3
3730 84 0
3740 89 5
3750 94 5
3760 94 0
3770 93 -1
3780 84 -9
3790 99 15
3800 100 1
3810 77 -23
3820 86 9
3830 100 14
3840 72 -28
3850 94 22
3860 98 4
3870 84 -14
3880 84 0
3890 85 1
3900 84 -1
3910 80 -4
3920 97 17
3930 75 -22
3940 88 13
3950 79 -9
3960 74 -5
3970 84 10
3980 70 -14
3990 99 29
4000 99 0
4010 90 -9
4020 89 -1
4030 93 4
4040 92 -1
4050 85 -7
4060 80 -5
4070 79 -1
4080 75 -4
4090 59 -16
4100 90 31
4110 97 7
4120 85 -12
4130 78 -7
4140 84 6
4150 82 -2
4160 79 -3
4170 85 6
4180 81 -4
4190 100 19
4200 100 0
4210 90 -10
4220 99 9
4230 90 -9
4240 97 7
4250 81 -16
4260 94 13
4270 92 -2
4280 90 -2
4290 90 0
4300 97 7
4310 82 -15
4320 98 16
4330 87 -11
4340 100 13
4350 100 0
4360 96 -4
4370 97 1
4380 99 2
4390 77 -22
4400 94 17
4410 88 -6
4420 100 12
4430 100 0
4440 89 -11
4450 96 7
4460 90 -6
4470 90 0
4480 189 99
4490 94 -95
4500 94 0
4510 89 -5
4520 100 11
4530 91 -9
4540 97 6
4550 88 -9
4560 95 7
4570 97 2
4580 105 8
4590 89 -16
4600 93 4
4610 81 -12
4620 94 13
4630 88 -6
4640 86 -2
4650 91 5
4660 95 4
4670 97 2
4680 93 -4
4690 80 -13
4700 98 18
4710 94 -4
4720 84 -10
4730 96 12
4740 89 -7
4750 88 -1
4760 85 -3
4770 85 0
4780 86 1
4790 83 -3
4800 72 -11
4810 66 -6
4820 15 -51
4830 3 -12
4839 0 -3
