10 0.1 0.4572589864092468 0 0.4572589864092468 0.4572589864092468 0 0
20 0.1 4.850624305419363 0.0 4.850624305419363 0.4572589864092468 0.4572589864092468 1
30 0.1 6.76890534108937 0.0 6.76890534108937 0.4572589864092468 2.6539416459143053 2
40 0.1 5.350146042601696 0.0 6.76890534108937 0.4572589864092468 4.025596210972661 3
50 0.1 4.223004260048157 0.0 6.76890534108937 0.4572589864092468 4.35673366887992 4
60 0.1 5.82117774176121 0.0 6.76890534108937 0.4572589864092468 4.329987787113567 5
70 0.1 4.240985499807519 0.0 6.76890534108937 0.4572589864092468 4.578519446221508 6
80 0.1 3.5439932864243753 0.0 6.76890534108937 0.4572589864092468 4.530300311019509 7
90 0.1 4.3524205798824385 0.0 6.76890534108937 0.4572589864092468 4.407011932945117 8
100 0.1 4.181760406736575 0.0 6.76890534108937 0.4572589864092468 4.400946227049264 9
110 0.1 2.5993408370126234 0.0 6.76890534108937 0.4572589864092468 4.379027645017994 10
120 0.1 3.086503316637336 0.0 6.76890534108937 0.4572589864092468 4.217237935199325 11
130 0.1 3.5588103038478835 0.0 6.76890534108937 0.4572589864092468 4.123010050319159 12
140 0.1 4.837976491979998 0.0 6.76890534108937 0.4572589864092468 4.079610069821369 13
150 0.1 8.462050599201065 0.0 8.462050599201065 0.4572589864092468 4.133779099975557 14
160 0.1 8.599186935850616 0.0 8.599186935850616 0.4572589864092468 4.422330533257258 15
170 0.1 6.643356643356643 0.0 8.599186935850616 0.4572589864092468 4.6833840584193425 16
180 0.1 6.073639622026719 0.0 8.599186935850616 0.4572589864092468 4.798676563415654 17
190 0.1 5.468283953072181 0.0 8.599186935850616 0.4572589864092468 4.869507844449602 18
200 0.1 5.839172505839173 0.0 8.599186935850616 0.4572589864092468 4.90102237648237 19
210 0.1 6.436736814757079 0.0 8.599186935850616 0.4572589864092468 4.94792988295021 20
220 0.1 7.456021650879567 0.0 8.599186935850616 0.4572589864092468 5.018825451131489 21
230 0.1 6.059182714889619 0.0 8.599186935850616 0.4572589864092468 5.129607096574583 22
240 0.1 5.342237061769616 0.0 8.599186935850616 0.4572589864092468 5.170023427805671 23
250 0.1 5.112474437627812 0.0 8.599186935850616 0.4572589864092468 5.177198995887502 24
260 0.1 6.360377973281199 0.0 8.599186935850616 0.4572589864092468 5.174610013557115 25
270 0.1 8.71298014155157 0.0 8.71298014155157 0.4572589864092468 5.220216473546502 26
280 0.1 9.51488652925255 0.0 9.51488652925255 0.4572589864092468 5.349578090880024 27
290 0.1 7.830397213477125 0.0 9.51488652925255 0.4572589864092468 5.498339106536186 28
300 0.1 8.90829694323144 0.0 9.51488652925255 0.4572589864092468 5.578754903327252 29
310 0.1 10.874965498205906 0.0 10.874965498205906 0.4572589864092468 5.6897396379907255 30
320 0.1 8.793849111004324 0.0 10.874965498205906 0.4572589864092468 5.857004988320248 31
330 0.1 9.399244764847236 0.0 10.874965498205906 0.4572589864092468 5.948781367154125 32
340 0.1 7.680042519266543 0.0 10.874965498205906 0.4572589864092468 6.053340864053916 33
350 0.1 7.137645107794362 0.0 10.874965498205906 0.4572589864092468 6.101185030383699 34
360 0.1 8.504911855739469 0.0 10.874965498205906 0.4572589864092468 6.1307981754525755 35
370 0.1 9.922502075837254 0.0 10.874965498205906 0.4572589864092468 6.196745777682767 36
380 0.1 9.791847935211834 0.0 10.874965498205906 0.4572589864092468 6.297441893849104 37
390 0.1 8.6754559737687 0.0 10.874965498205906 0.4572589864092468 6.389399947569177 38
400 0.1 10.239315039651906 0.0 10.874965498205906 0.4572589864092468 6.448016768753781 39
410 0.1 9.361900326036329 0.0 10.874965498205906 0.4572589864092468 6.542799225526234 40
420 0.1 10.753919954177704 0.0 10.874965498205906 0.4572589864092468 6.611557788953309 41
430 0.1 8.783004140365167 0.0 10.874965498205906 0.4572589864092468 6.710185459553891 42
440 0.1 9.986586183769282 0.0 10.874965498205906 0.4572589864092468 6.758390545154153 43
450 0.1 9.51737190753008 0.0 10.874965498205906 0.4572589864092468 6.831758627849951 44
460 0.1 10.459095616154643 0.0 10.874965498205906 0.4572589864092468 6.891438922953955 45
470 0.1 8.619179189972371 0.0 10.874965498205906 0.4572589864092468 6.96899667715397 46
480 0.1 12.114476243400944 0.0 12.114476243400944 0.4572589864092468 7.004106943384149 47
490 0.1 12.057134855062317 0.0 12.114476243400944 0.4572589864092468 7.110572970467832 48
500 0.1 14.412100456621005 0.0 14.412100456621005 0.4572589864092468 7.211523213010576 49
510 0.1 12.980400362697914 0.0 14.412100456621005 0.4572589864092468 7.355534757882785 50
520 0.1 12.608053974277883 0.0 14.412100456621005 0.4572589864092468 7.465826240330141 51
530 0.1 12.695689470298092 0.0 14.412100456621005 0.4572589864092468 7.564715235213752 52
540 0.1 12.244897959183673 0.0 14.412100456621005 0.4572589864092468 7.661526069837985 53
550 0.1 11.497741389045737 0.0 14.412100456621005 0.4572589864092468 7.74640332704809 54
560 0.1 12.295936088919763 0.0 14.412100456621005 0.4572589864092468 7.814609473629865 55
570 0.1 11.961455205642064 0.0 14.412100456621005 0.4572589864092468 7.8946331631886135 56
580 0.1 13.627353815659069 0.0 14.412100456621005 0.4572589864092468 7.965980918319375 57
590 0.1 12.316776658562 0.0 14.412100456621005 0.4572589864092468 8.063590795859715 58
600 0.1 14.83322527195447 0.0 14.83322527195447 0.4572589864092468 8.13567869183772 59
610 0.1 14.41555696470091 0.0 14.83322527195447 0.4572589864092468 8.247304468172999 60
620 0.1 17.592525001824953 0.0 17.592525001824953 0.4572589864092468 8.348423361558702 61
630 0.1 19.62574850299401 0.0 19.62574850299401 0.4572589864092468 8.497521775111384 62
640 0.1 19.964507542147295 0.0 19.964507542147295 0.4572589864092468 8.674160294601585 63
650 0.1 20.610572223475447 0.0 20.610572223475447 0.4572589864092468 8.850571970344486 64
660 0.1 21.601104209799864 0.0 21.601104209799864 0.4572589864092468 9.031495051161885 65
670 0.1 20.5409910592514 0.0 21.601104209799864 0.4572589864092468 9.221943674777611 66
680 0.1 19.560950788689393 0.0 21.601104209799864 0.4572589864092468 9.390884680516026 67
690 0.1 17.67717996289425 0.0 21.601104209799864 0.4572589864092468 9.540444476224458 68
700 0.1 18.924463330646933 0.0 21.601104209799864 0.4572589864092468 9.658368178929816 69
710 0.1 17.286556517941627 0.0 21.601104209799864 0.4572589864092468 9.79074096681149 70
720 0.1 19.847042063432557 0.0 21.601104209799864 0.4572589864092468 9.896315833728817 71
730 0.1 21.002100210021002 0.0 21.601104209799864 0.4572589864092468 10.034520364696924 72
740 0.1 18.577573420350042 0.0 21.601104209799864 0.4572589864092468 10.184761184495885 73
750 0.1 17.09439528023599 0.0 21.601104209799864 0.4572589864092468 10.298177566061481 74
760 0.1 16.931826362392915 0.0 21.601104209799864 0.4572589864092468 10.388793802250476 75
770 0.1 17.495270525917515 0.0 21.601104209799864 0.4572589864092468 10.47488633593656 76
780 0.1 16.848364717542122 0.0 21.601104209799864 0.4572589864092468 10.566060156585662 77
790 0.1 16.98127229488704 0.0 21.601104209799864 0.4572589864092468 10.64660252275177 78
800 0.1 16.860752346672314 0.0 21.601104209799864 0.4572589864092468 10.726788216069938 79
810 0.1 20.505337531679594 0.0 21.601104209799864 0.4572589864092468 10.803462767702467 80
820 0.1 20.232404206810326 0.0 21.601104209799864 0.4572589864092468 10.923238999356506 81
830 0.1 17.130667437992624 0.0 21.601104209799864 0.4572589864092468 11.036765404325456 82
840 0.1 21.367065457593537 0.0 21.601104209799864 0.4572589864092468 11.110185910755181 83
850 0.1 21.366814525223667 0.0 21.601104209799864 0.4572589864092468 11.232291619646114 84
860 0.1 19.169258107507776 0.0 21.601104209799864 0.4572589864092468 11.351521300888203 85
870 0.1 16.434459114450362 0.0 21.601104209799864 0.4572589864092468 11.442425217244244 86
880 0.1 20.639578630549284 0.0 21.601104209799864 0.4572589864092468 11.499804917212131 87
890 0.1 17.263915406080187 0.0 21.601104209799864 0.4572589864092468 11.603665982136418 88
900 0.1 17.677242176772424 0.0 21.601104209799864 0.4572589864092468 11.667264290270618 89
910 0.1 18.379213896658325 0.0 21.601104209799864 0.4572589864092468 11.734041822342858 90
920 0.1 19.450851997916512 0.0 21.601104209799864 0.4572589864092468 11.80706569129138 91
930 0.1 15.836516975419881 0.0 21.601104209799864 0.4572589864092468 11.890150325059045 92
940 0.1 15.644283121597097 0.0 21.601104209799864 0.4572589864092468 11.932584375062925 93
950 0.1 17.937481741162724 0.0 21.601104209799864 0.4572589864092468 11.972070531940947 94
960 0.1 17.335766423357665 0.0 21.601104209799864 0.4572589864092468 12.03486433414328 95
970 0.1 19.755374351371387 0.0 21.601104209799864 0.4572589864092468 12.090082064239263 96
980 0.1 19.807376437210692 0.0 21.601104209799864 0.4572589864092468 12.169105696065367 97
990 0.1 20.227664195311913 0.0 21.601104209799864 0.4572589864092468 12.24704723424032 98
1000 0.1 18.85233810296504 0.0 21.601104209799864 0.4572589864092468 12.327659526776397 99
1010 0.1 18.956638555116054 0.0 21.601104209799864 0.4572589864092468 12.392906312538281 100
1020 0.1 17.99547742359034 0.0 21.601104209799864 0.4572589864092468 12.457893760484598 101
1030 0.1 18.384483911718807 0.0 21.601104209799864 0.4572589864092468 12.512183796397398 102
1040 0.1 18.67262471613801 0.0 21.601104209799864 0.4572589864092468 12.569196418876247 103
1050 0.1 20.598156060265346 0.0 21.601104209799864 0.4572589864092468 12.62788322942684 104
1060 0.1 20.067340067340066 0.0 21.601104209799864 0.4572589864092468 12.703790589720542 105
1070 0.1 16.698264547178066 0.0 21.601104209799864 0.4572589864092468 12.773258037622613 106
1080 0.1 18.29065009849977 0.0 21.601104209799864 0.4572589864092468 12.809940341450233 107
1090 0.1 17.05508474576271 0.0 21.601104209799864 0.4572589864092468 12.860687654015507 108
1100 0.1 21.215368131027095 0.0 21.601104209799864 0.4572589864092468 12.899168361279242 109
1110 0.1 18.41838213975065 0.0 21.601104209799864 0.4572589864092468 12.97477017736786 110
1120 0.1 21.205962059620596 0.0 21.601104209799864 0.4572589864092468 13.023811726578517 111
1130 0.1 16.661835048557762 0.0 21.601104209799864 0.4572589864092468 13.096866640266393 112
1140 0.1 17.583714412155185 0.0 21.601104209799864 0.4572589864092468 13.128415033260122 113
1150 0.1 16.146510619852624 0.0 21.601104209799864 0.4572589864092468 13.167496606759201 114
1160 0.1 16.67874221127373 0.0 21.601104209799864 0.4572589864092468 13.193401076438274 115
1170 0.1 18.46097201767305 0.0 21.601104209799864 0.4572589864092468 13.223447120704098 116
1180 0.1 17.21406772271472 0.0 21.601104209799864 0.4572589864092468 13.268212290763662 117
1190 0.1 19.118955799466033 0.0 21.601104209799864 0.4572589864092468 13.301651743576805 118
1200 0.1 23.062815222375058 0.0 23.062815222375058 0.4572589864092468 13.350536651609488 119
1210 0.1 23.041545301241758 0.0 23.062815222375058 0.4572589864092468 13.431472306365867 120
1220 0.1 26.17565970854667 0.0 26.17565970854667 0.4572589864092468 13.51089439723261 121
1230 0.1 26.681332495285982 0.0 26.681332495285982 0.4572589864092468 13.614703948964692 122
1240 0.1 28.577157523259544 0.0 28.577157523259544 0.4572589864092468 13.720936701373809 123
1250 0.1 22.554202099134297 0.0 28.577157523259544 0.4572589864092468 13.84074493380837 124
1260 0.1 24.154776674937963 0.0 28.577157523259544 0.4572589864092468 13.910452591130978 125
1270 0.1 27.033811877304466 0.0 28.577157523259544 0.4572589864092468 13.991756750526271 126
1280 0.1 26.766325727773406 0.0 28.577157523259544 0.4572589864092468 14.094450097981218 127
1290 0.1 28.9889986348671 0.0 28.9889986348671 0.4572589864092468 14.193449126338969 128
1300 0.1 23.24121564724795 0.0 28.9889986348671 0.4572589864092468 14.308143308575621 129
1310 0.1 25.22760874640106 0.0 28.9889986348671 0.4572589864092468 14.376859249642333 130
1320 0.1 26.74639632504356 0.0 28.9889986348671 0.4572589864092468 14.459689398472552 131
1330 0.1 24.252980337513545 0.0 28.9889986348671 0.4572589864092468 14.552770511552636 132
1340 0.1 23.131617590231084 0.0 28.9889986348671 0.4572589864092468 14.625704420018506 133
1350 0.1 25.77777777777778 0.0 28.9889986348671 0.4572589864092468 14.689181383975317 134
1360 0.1 21.270032352719888 0.0 28.9889986348671 0.4572589864092468 14.771319135040521 135
1370 0.1 23.88884624241959 0.0 28.9889986348671 0.4572589864092468 14.81910379105287 136
1380 0.1 25.324980422866094 0.0 28.9889986348671 0.4572589864092468 14.885306290697882 137
1390 0.1 24.910617130421265 0.0 28.9889986348671 0.4572589864092468 14.960956103249824 138
1400 0.1 25.590489597997813 0.0 28.9889986348671 0.4572589864092468 15.03253639840933 139
1410 0.1 26.410478971040796 0.0 28.9889986348671 0.4572589864092468 15.107950349834963 140
1420 0.1 26.864026454609874 0.0 28.9889986348671 0.4572589864092468 15.188110127290324 141
1430 0.1 24.854278386570297 0.0 28.9889986348671 0.4572589864092468 15.27033489015877 142
1440 0.1 25.4388036206218 0.0 28.9889986348671 0.4572589864092468 15.337355474049762 143
1450 0.1 26.72351956643022 0.0 28.9889986348671 0.4572589864092468 15.407504419512069 144
1460 0.1 24.14973750285323 0.0 28.9889986348671 0.4572589864092468 15.485545903283919 145
1470 0.1 28.519797606617942 0.0 28.9889986348671 0.4572589864092468 15.544889681363161 146
1480 0.1 27.873056579580062 0.0 28.9889986348671 0.4572589864092468 15.633154361126799 147
1490 0.1 26.780982073265786 0.0 28.9889986348671 0.4572589864092468 15.715856403143373 148
1500 0.1 25.61203804771558 0.0 28.9889986348671 0.4572589864092468 15.790118991533458 149
1510 0.1 26.811767519732122 0.0 28.9889986348671 0.4572589864092468 15.855598451908005 150
1520 0.1 25.524448257038134 0.0 28.9889986348671 0.4572589864092468 15.928155862953199 151
1530 0.1 28.852746551861596 0.0 28.9889986348671 0.4572589864092468 15.991289365545864 152
1540 0.1 25.803621281008216 0.0 28.9889986348671 0.4572589864092468 16.07535117722113 153
1550 0.1 26.357962863086527 0.0 28.9889986348671 0.4572589864092468 16.138521762310656 154
1560 0.1 26.74053119597674 0.0 28.9889986348671 0.4572589864092468 16.20445364038018 155
1570 0.1 26.945633222380728 0.0 28.9889986348671 0.4572589864092468 16.271992599069904 156
1580 0.1 26.038062283737023 0.0 28.9889986348671 0.4572589864092468 16.339977571192904 157
1590 0.1 26.96451204055767 0.0 28.9889986348671 0.4572589864092468 16.40135785418369 158
1600 0.1 23.146292585170343 0.0 28.9889986348671 0.4572589864092468 16.46779278617346 159
1610 0.1 26.760673717195456 0.0 28.9889986348671 0.4572589864092468 16.50953340991719 160
1620 0.1 25.52496500233318 0.0 28.9889986348671 0.4572589864092468 16.573205088844386 161
1630 0.1 26.141793967880922 0.0 28.9889986348671 0.4572589864092468 16.628462866088142 162
1640 0.1 25.266080518278578 0.0 28.9889986348671 0.4572589864092468 16.686826860577668 163
1650 0.1 25.180760767054384 0.0 28.9889986348671 0.4572589864092468 16.739139382880722 164
1660 0.1 25.032795740412066 0.0 28.9889986348671 0.4572589864092468 16.790300724602986 165
1670 0.1 24.62115294485237 0.0 28.9889986348671 0.4572589864092468 16.83995430903557 166
1680 0.1 26.080838089281528 0.0 28.9889986348671 0.4572589864092468 16.886548312842855 167
1690 0.1 29.557721743333605 0.0 29.557721743333605 0.4572589864092468 16.941276228178797 168
1700 0.1 26.321194407141164 0.0 29.557721743333605 0.4572589864092468 17.01592975193711 169
1710 0.1 28.458685186646676 0.0 29.557721743333605 0.4572589864092468 17.07066660285008 170
1720 0.1 27.556863368856373 0.0 29.557721743333605 0.4572589864092468 17.13726320275532 171
1730 0.1 25.30270102452655 0.0 29.557721743333605 0.4572589864092468 17.19784227348847 172
1740 0.1 21.06430155210643 0.0 29.557721743333605 0.4572589864092468 17.24469116800314 173
1750 0.1 26.49933536633044 0.0 29.557721743333605 0.4572589864092468 17.266642951819826 174
1760 0.1 25.623582766439913 0.0 29.557721743333605 0.4572589864092468 17.31940119418846 175
1770 0.1 25.84339696143358 0.0 29.557721743333605 0.4572589864092468 17.366584044030795 176
1780 0.1 27.686832740213525 0.0 29.557721743333605 0.4572589864092468 17.4144756424342 177
1790 0.1 24.69174098487786 0.0 29.557721743333605 0.4572589864092468 17.472185513770043 178
1800 0.1 32.50287781614866 0.0 32.50287781614866 0.4572589864092468 17.51251822589914 179
1810 0.1 25.97514941805599 0.0 32.50287781614866 0.4572589864092468 17.595798001400528 180
1820 0.1 34.193870752831444 0.0 34.193870752831444 0.4572589864092468 17.64209276060857 181
1830 0.1 32.749403733859694 0.0 34.193870752831444 0.4572589864092468 17.733036595730674 182
1840 0.1 32.719920779006436 0.0 34.193870752831444 0.4572589864092468 17.815093246758703 183
1850 0.1 34.65346534653465 0.0 34.65346534653465 0.4572589864092468 17.896097744216572 184
1860 0.1 37.520224814783276 0.0 37.520224814783276 0.4572589864092468 17.986678109634507 185
1870 0.1 30.059860863937875 0.0 37.520224814783276 0.4572589864092468 18.09169717794176 186
1880 0.1 33.07289502119525 0.0 37.520224814783276 0.4572589864092468 18.155698053267944 187
1890 0.1 35.51401869158878 0.0 37.520224814783276 0.4572589864092468 18.235044845650535 188
1900 0.1 32.70966139581091 0.0 37.520224814783276 0.4572589864092468 18.326467987692535 189
1910 0.1 34.81531569605274 0.0 37.520224814783276 0.4572589864092468 18.40216900563 190
1920 0.1 36.87823065841877 0.0 37.520224814783276 0.4572589864092468 18.48810171081546 191
1930 0.1 35.179235711870135 0.0 37.520224814783276 0.4572589864092468 18.583883632417564 192
1940 0.1 34.96334555148284 0.0 37.520224814783276 0.4572589864092468 18.66986991262198 193
1950 0.1 33.266899186181696 0.0 37.520224814783276 0.4572589864092468 18.753856900451158 194
1960 0.1 34.037597737481285 0.0 37.520224814783276 0.4572589864092468 18.828282758326697 195
1970 0.1 32.82544997907074 0.0 37.520224814783276 0.4572589864092468 18.90588130413871 196
1980 0.1 33.96506262359921 0.0 37.520224814783276 0.4572589864092468 18.976539013148514 197
1990 0.1 38.15439979436209 0.0 38.15439979436209 0.4572589864092468 19.05223862734271 198
2000 0.1 40.37835459744831 0.0 40.37835459744831 0.4572589864092468 19.148229386975974 199
2010 0.1 33.6353900650795 0.0 40.37835459744831 0.4572589864092468 19.254380013028335 200
2020 0.1 33.56250524021129 0.0 40.37835459744831 0.4572589864092468 19.325927326720134 201
2030 0.1 32.34339500162285 0.0 40.37835459744831 0.4572589864092468 19.396405435202762 202
2040 0.1 31.631147540983605 0.0 40.37835459744831 0.4572589864092468 19.46018370892897 203
2050 0.1 27.766679984019177 0.0 40.37835459744831 0.4572589864092468 19.519845296341 204
2060 0.1 31.75808031341822 0.0 40.37835459744831 0.4572589864092468 19.560073758232114 205
2070 0.1 29.877656149388283 0.0 40.37835459744831 0.4572589864092468 19.619287382286416 206
2080 0.1 34.953820319059616 0.0 40.37835459744831 0.4572589864092468 19.668844719325556 207
2090 0.1 31.732418524871353 0.0 40.37835459744831 0.4572589864092468 19.74233017893966 208
2100 0.1 32.74950429610046 0.0 40.37835459744831 0.4572589864092468 19.799699022700104 209
2110 0.1 35.60084925690021 0.0 40.37835459744831 0.4572589864092468 19.86136476209725 210
2120 0.1 34.66811569971577 0.0 40.37835459744831 0.4572589864092468 19.93595947534276 211
2130 0.1 33.12752119864987 0.0 40.37835459744831 0.4572589864092468 20.005450778287916 212
2140 0.1 30.7780133746534 0.0 40.37835459744831 0.4572589864092468 20.067056742702757 213
2150 0.1 34.859390693003014 0.0 40.37835459744831 0.4572589864092468 20.11710794191748 214
2160 0.1 32.17219848833388 0.0 40.37835459744831 0.4572589864092468 20.18567669889927 215
2170 0.1 32.36746789594995 0.0 40.37835459744831 0.4572589864092468 20.241169855331844 216
2180 0.1 29.411764705882355 0.0 40.37835459744831 0.4572589864092468 20.29705141312271 217
2190 0.1 31.177716240430037 0.0 40.37835459744831 0.4572589864092468 20.338862024557383 218
2200 0.1 32.63567174056916 0.0 40.37835459744831 0.4572589864092468 20.388354509561367 219
2210 0.1 35.2362535732302 0.0 40.37835459744831 0.4572589864092468 20.444024133338672 220
2220 0.1 33.665090818611596 0.0 40.37835459744831 0.4572589864092468 20.51095729822506 221
2230 0.1 33.640209007215724 0.0 40.37835459744831 0.4572589864092468 20.570210151920495 222
2240 0.1 21.95532435740514 0.0 40.37835459744831 0.4572589864092468 20.628820012258146 223
2250 0.1 40.95652173913044 0.0 40.95652173913044 0.4572589864092468 20.634741906656124 224
2260 0.1 38.041705998455335 0.0 40.95652173913044 0.4572589864092468 20.725060928133786 225
2270 0.1 33.06210561275324 0.0 40.95652173913044 0.4572589864092468 20.801683251453795 226
2280 0.1 34.17710944026734 0.0 40.95652173913044 0.4572589864092468 20.855693922648943 227
2290 0.1 34.137182910547395 0.0 40.95652173913044 0.4572589864092468 20.91412118369113 228
2300 0.1 32.62207632334838 0.0 40.95652173913044 0.4572589864092468 20.971863811319324 229
2310 0.1 37.286115603983994 0.0 40.95652173913044 0.4572589864092468 21.022516909197712 230
2320 0.1 33.68797273709583 0.0 40.95652173913044 0.4572589864092468 21.092922098352634 231
2330 0.1 33.93601066488918 0.0 40.95652173913044 0.4572589864092468 21.147211109726527 232
2340 0.1 34.12370264112733 0.0 40.95652173913044 0.4572589864092468 21.202098661465424 233
2350 0.1 39.39264328485885 0.0 40.95652173913044 0.4572589864092468 21.257319191293035 234
2360 0.1 36.23802661693651 0.0 40.95652173913044 0.4572589864092468 21.33449078318055 235
2370 0.1 36.4852121731676 0.0 40.95652173913044 0.4572589864092468 21.39764135874731 236
2380 0.1 35.51456472748519 0.0 40.95652173913044 0.4572589864092468 21.461301995095077 237
2390 0.1 35.340181879420676 0.0 40.95652173913044 0.4572589864092468 21.520349317500074 238
2400 0.1 44.474393530997304 0.0 44.474393530997304 0.4572589864092468 21.578172884704767 239
2410 0.1 41.40721196130167 0.0 44.474393530997304 0.4572589864092468 21.673573804064315 240
2420 0.1 44.16005767844268 0.0 44.474393530997304 0.4572589864092468 21.755456120069454 241
2430 0.1 40.25681068887732 0.0 44.474393530997304 0.4572589864092468 21.848037118244548 242
2440 0.1 42.338602843769316 0.0 44.474393530997304 0.4572589864092468 21.923793388082544 243
2450 0.1 41.150636802810716 0.0 44.474393530997304 0.4572589864092468 22.007460639950114 244
2460 0.1 44.05449296282931 0.0 44.474393530997304 0.4572589864092468 22.085596052859746 245
2470 0.1 33.90268288618564 0.0 44.474393530997304 0.4572589864092468 22.174900511843365 246
2480 0.1 43.66096866096866 0.0 44.474393530997304 0.4572589864092468 22.222381412144347 247
2490 0.1 49.065944330282086 0.0 49.065944330282086 0.4572589864092468 22.30882732847025 248
2500 0.1 43.24205722309988 0.0 49.065944330282086 0.4572589864092468 22.41628562968235 249
2510 0.1 46.11201740076128 0.0 49.065944330282086 0.4572589864092468 22.499588716056017 250
2520 0.1 45.45787210685207 0.0 49.065944330282086 0.4572589864092468 22.593662137110616 251
2530 0.1 54.21756275848802 0.0 54.21756275848802 0.4572589864092468 22.684393129054037 252
2540 0.1 49.920716351086654 0.0 54.21756275848802 0.4572589864092468 22.809030163162472 253
2550 0.1 45.80568935744797 0.0 54.21756275848802 0.4572589864092468 22.91576908516217 254
2560 0.1 47.159142726858185 0.0 54.21756275848802 0.4572589864092468 23.00553347838682 255
2570 0.1 43.06420060465943 0.0 54.21756275848802 0.4572589864092468 23.099883514513664 256
2580 0.1 48.947713029651105 0.0 54.21756275848802 0.4572589864092468 23.1775656821796 257
2590 0.1 44.11764705882353 0.0 54.21756275848802 0.4572589864092468 23.277449974224062 258
2600 0.1 41.65937335900578 0.0 54.21756275848802 0.4572589864092468 23.35791405563178 259
2610 0.1 46.96485623003195 0.0 54.21756275848802 0.4572589864092468 23.428304283721683 260
2620 0.1 47.19634703196347 0.0 54.21756275848802 0.4572589864092468 23.51848264366923 261
2630 0.1 48.707735062528954 0.0 54.21756275848802 0.4572589864092468 23.608856171868826 262
2650 0.1 53.23197552113215 0.0 54.21756275848802 0.4572589864092468 23.704289171453084 263
2660 0.1 45.05335503707723 0.0 54.21756275848802 0.4572589864092468 23.816136468232173 264
2670 0.1 45.778459318058815 0.0 54.21756275848802 0.4572589864092468 23.896276915661776 265
2680 0.1 44.461277960966044 0.0 54.21756275848802 0.4572589864092468 23.97854075927981 266
2690 0.1 46.36388459088013 0.0 54.21756275848802 0.4572589864092468 24.055255130821706 267
2700 0.1 43.37102662274063 0.0 54.21756275848802 0.4572589864092468 24.138496285523416 268
2710 0.1 49.239579421704846 0.0 54.21756275848802 0.4572589864092468 24.209992680829057 269
2720 0.1 39.757459431163845 0.0 54.21756275848802 0.4572589864092468 24.30269485394341 270
2730 0.1 42.65499248253295 0.0 54.21756275848802 0.4572589864092468 24.359723505519867 271
2740 0.1 44.34055560550211 0.0 54.21756275848802 0.4572589864092468 24.42698552381771 272
2750 0.1 43.1475235221019 0.0 54.21756275848802 0.4572589864092468 24.4999290039704 273
2760 0.1 47.435195326761594 0.0 54.21756275848802 0.4572589864092468 24.567985918270153 274
2770 0.1 46.49203150760213 0.0 54.21756275848802 0.4572589864092468 24.651139407028303 275
2780 0.1 47.51376146788991 0.0 54.21756275848802 0.4572589864092468 24.73027307405937 276
2790 0.1 50.08869386611894 0.0 54.21756275848802 0.4572589864092468 24.812523934686915 277
2800 0.1 50.38723523374079 0.0 54.21756275848802 0.4572589864092468 24.90344540926041 278
2810 0.1 43.75279092614093 0.0 54.21756275848802 0.4572589864092468 24.99478515773525 279
2820 0.1 44.39417247307936 0.0 54.21756275848802 0.4572589864092468 25.061778035479556 280
2830 0.1 40.79223504721931 0.0 54.21756275848802 0.4572589864092468 25.13057659219699 281
2840 0.1 44.16064981949459 0.0 54.21756275848802 0.4572589864092468 25.186114388136787 282
2850 0.1 44.863260165527166 0.0 54.21756275848802 0.4572589864092468 25.25316221651614 283
2860 0.1 42.525979216626695 0.0 54.21756275848802 0.4572589864092468 25.322211857181674 284
2870 0.1 42.56392108289835 0.0 54.21756275848802 0.4572589864092468 25.382575953179728 285
2880 0.1 44.5304762762222 0.0 54.21756275848802 0.4572589864092468 25.442650586500424 286
2890 0.1 42.96395193591455 0.0 54.21756275848802 0.4572589864092468 25.509158689948933 287
2900 0.1 46.98607548552584 0.0 54.21756275848802 0.4572589864092468 25.569765610941868 288
2910 0.1 49.45626916999721 0.0 54.21756275848802 0.4572589864092468 25.643870489400637 289
2920 0.1 48.41269841269841 0.0 54.21756275848802 0.4572589864092468 25.725982208988903 290
2930 0.1 40.60255736556314 0.0 54.21756275848802 0.4572589864092468 25.803943433056634 291
2940 0.1 44.209864342826336 0.0 54.21756275848802 0.4572589864092468 25.854623617757 292
2950 0.1 44.59034085799083 0.0 54.21756275848802 0.4572589864092468 25.917269490538803 293
2960 0.1 41.74344436569808 0.0 54.21756275848802 0.4572589864092468 25.980783338727417 294
2970 0.1 47.818899807144824 0.0 54.21756275848802 0.4572589864092468 26.034216087971387 295
2980 0.1 52.16483099126472 0.0 54.21756275848802 0.4572589864092468 26.10781299242805 296
2990 0.1 49.73148148148148 0.0 54.21756275848802 0.4572589864092468 26.195547059764202 297
3000 0.1 48.05290227773696 0.0 54.21756275848802 0.4572589864092468 26.274526705474663 298
3010 0.1 49.077733860342555 0.0 54.21756275848802 0.4572589864092468 26.347364081970525 299
3020 0.1 60.16244057052298 0.0 60.16244057052298 0.4572589864092468 26.423131981231766 300
3030 0.1 68.176563321072 0.0 68.176563321072 0.4572589864092468 26.53522270744204 301
3040 0.1 58.76309029836001 0.0 68.176563321072 0.4572589864092468 26.673107941262003 302
3050 0.1 54.56899031546649 0.0 68.176563321072 0.4572589864092468 26.77901547379368 303
3060 0.1 53.04298212248003 0.0 68.176563321072 0.4572589864092468 26.870429864720233 304
3070 0.1 56.50113535393425 0.0 68.176563321072 0.4572589864092468 26.956241511466988 305
3080 0.1 48.936366999630046 0.0 68.176563321072 0.4572589864092468 27.052793452128647 306
3090 0.1 58.57761164666535 0.0 68.176563321072 0.4572589864092468 27.124075450654708 307
3100 0.1 56.86121413234433 0.0 68.176563321072 0.4572589864092468 27.226197321420976 308
3110 0.1 53.203791469194314 0.0 68.176563321072 0.4572589864092468 27.322103524692576 309
3120 0.1 53.47394540942928 0.0 68.176563321072 0.4572589864092468 27.40559284064258 310
3130 0.1 60.63198148334508 0.0 68.176563321072 0.4572589864092468 27.489413909995587 311
3140 0.1 59.05103668261563 0.0 68.176563321072 0.4572589864092468 27.5956400881153 312
3150 0.1 56.423272159312766 0.0 68.176563321072 0.4572589864092468 27.696136562858115 313
3160 0.1 53.14312886352829 0.0 68.176563321072 0.4572589864092468 27.787624255840456 314
3170 0.1 54.8604427333975 0.0 68.176563321072 0.4572589864092468 27.86811792126169 315
3180 0.1 57.72141944362529 0.0 68.176563321072 0.4572589864092468 27.95353667066718 316
3190 0.1 53.56187929717342 0.0 68.176563321072 0.4572589864092468 28.047441663641813 317
3200 0.1 65.97853014037986 0.0 68.176563321072 0.4572589864092468 28.1276757442504 318
3210 0.1 63.0113406237343 0.0 68.176563321072 0.4572589864092468 28.246330460225725 319
3220 0.1 68.91778523489933 0.0 68.91778523489933 0.4572589864092468 28.35497111698669 320
3230 0.1 61.86680121089808 0.0 68.91778523489933 0.4572589864092468 28.481335023896072 321
3240 0.1 57.031554343591736 0.0 68.91778523489933 0.4572589864092468 28.585016595905394 322
3250 0.1 54.805270296454175 0.0 68.91778523489933 0.4572589864092468 28.67308637221402 323
3260 0.1 60.92150170648464 0.0 68.91778523489933 0.4572589864092468 28.75374126086908 324
3270 0.1 64.47935921133703 0.0 68.91778523489933 0.4572589864092468 28.852718985317132 325
3280 0.1 61.35593220338983 0.0 68.91778523489933 0.4572589864092468 28.962003157789585 326
3290 0.1 59.6884611568608 0.0 68.91778523489933 0.4572589864092468 29.06106716098714 327
3300 0.1 61.9673117417026 0.0 68.91778523489933 0.4572589864092468 29.154443362194073 328
3310 0.1 63.020566867901366 0.0 68.91778523489933 0.4572589864092468 29.254178524441816 329
3320 0.1 58.97232417418907 0.0 68.91778523489933 0.4572589864092468 29.35650091336139 330
3330 0.1 57.897856366689716 0.0 68.91778523489933 0.4572589864092468 29.445974699647877 331
3340 0.1 56.39398672393596 0.0 68.91778523489933 0.4572589864092468 29.531673138404027 332
3350 0.1 57.50173078825041 0.0 68.91778523489933 0.4572589864092468 29.612340746768986 333
3360 0.1 64.10727031712042 0.0 68.91778523489933 0.4572589864092468 29.69584191455785 334
3370 0.1 59.640803148017355 0.0 68.91778523489933 0.4572589864092468 29.798562596356547 335
3380 0.1 57.71417369143306 0.0 68.91778523489933 0.4572589864092468 29.88737878847458 336
3390 0.1 58.37758112094396 0.0 68.91778523489933 0.4572589864092468 29.969950880174757 337
3400 0.1 51.12803158488438 0.0 68.91778523489933 0.4572589864092468 30.05399712349064 338
3410 0.1 57.29830408783453 0.0 68.91778523489933 0.4572589864092468 30.11616241688708 339
3420 0.1 58.41993744324488 0.0 68.91778523489933 0.4572589864092468 30.196109892389867 340
3430 0.1 39.08928114607316 0.0 68.91778523489933 0.4572589864092468 30.278877715119645 341
3440 0.1 50.03260970837604 0.0 68.91778523489933 0.4572589864092468 30.304639128660444 342
3450 0.1 55.04392315860605 0.0 68.91778523489933 0.4572589864092468 30.362155077872444 343
3460 0.1 60.50394656952034 0.0 68.91778523489933 0.4572589864092468 30.43390440368853 344
3470 0.1 58.75968992248062 0.0 68.91778523489933 0.4572589864092468 30.52106394619819 345
3480 0.1 59.594554307860484 0.0 68.91778523489933 0.4572589864092468 30.602678472141204 346
3490 0.1 63.32530604053783 0.0 68.91778523489933 0.4572589864092468 30.68622854659572 347
3500 0.1 64.58142610110875 0.0 68.91778523489933 0.4572589864092468 30.780018999164525 348
3510 0.1 60.01793364551161 0.0 68.91778523489933 0.4572589864092468 30.87687116851107 349
3520 0.1 66.961986195529 0.0 68.91778523489933 0.4572589864092468 30.960131347016784 350
3530 0.1 64.69566993464052 0.0 68.91778523489933 0.4572589864092468 31.06270073404958 351
3540 0.1 55.63786800076967 0.0 68.91778523489933 0.4572589864092468 31.15824894200581 352
3550 0.1 59.45040874618339 0.0 68.91778523489933 0.4572589864092468 31.22759630477851 353
3560 0.1 65.79489291598023 0.0 68.91778523489933 0.4572589864092468 31.30732176365253 354
3570 0.1 51.624787455129415 0.0 68.91778523489933 0.4572589864092468 31.404469851405572 355
3580 0.1 55.74043261231281 0.0 68.91778523489933 0.4572589864092468 31.461268496359853 356
3590 0.1 61.05749899477282 0.0 68.91778523489933 0.4572589864092468 31.52927735942975 357
3600 0.1 54.403696217152756 0.0 68.91778523489933 0.4572589864092468 31.611758425450258 358
3610 0.1 66.13434988666805 0.0 68.91778523489933 0.4572589864092468 31.67524571734915 359
3620 0.1 64.30191792122088 0.0 68.91778523489933 0.4572589864092468 31.770965451152815 360
3630 0.1 71.64562379627648 0.0 71.64562379627648 0.4572589864092468 31.861078892898153 361
3640 0.1 69.48234784492094 0.0 71.64562379627648 0.4572589864092468 31.970980950642293 362
3650 0.1 67.86116514794716 0.0 71.64562379627648 0.4572589864092468 32.07431804952461 363
3660 0.1 73.66641213046799 0.0 73.66641213046799 0.4572589864092468 32.172633563531264 364
3670 0.1 73.68535419382877 0.0 73.68535419382877 0.4572589864092468 32.28631514864616 365
3680 0.1 73.36650800519256 0.0 73.68535419382877 0.4572589864092468 32.39942727718491 366
3690 0.1 59.40380466758188 0.0 73.68535419382877 0.4572589864092468 32.511054200149516 367
3700 0.1 70.95374192865461 0.0 73.68535419382877 0.4572589864092468 32.58413232641971 368
3710 0.1 65.91491542798565 0.0 73.68535419382877 0.4572589864092468 32.68811500826859 369
3720 0.1 67.37847408520227 0.0 73.68535419382877 0.4572589864092468 32.77791717156512 370
3730 0.1 73.7409684028901 0.0 73.7409684028901 0.4572589864092468 32.87118012820566 371
3740 0.1 74.44516971279373 0.0 74.44516971279373 0.4572589864092468 32.98104515044943 372
3750 0.1 73.48173762697212 0.0 74.44516971279373 0.4572589864092468 33.09220902327073 373
3760 0.1 71.15239226698348 0.0 74.44516971279373 0.4572589864092468 33.20020241525924 374
3770 0.1 69.18258690886314 0.0 74.44516971279373 0.4572589864092468 33.30140825486384 375
3780 0.1 73.39479392624729 0.0 74.44516971279373 0.4572589864092468 33.39683692149681 376
3790 0.1 73.93046680385574 0.0 74.44516971279373 0.4572589864092468 33.50293229816724 377
3800 0.1 66.62527165476561 0.0 74.44516971279373 0.4572589864092468 33.60988344765319 378
3810 0.1 70.15812373978562 0.0 74.44516971279373 0.4572589864092468 33.69699528988832 379
3820 0.1 75.6881744109227 0.0 75.6881744109227 0.4572589864092468 33.79294562791437 380
3830 0.1 62.868550368550366 0.0 75.6881744109227 0.4572589864092468 33.90290685831597 381
3840 0.1 76.61504424778761 0.0 76.61504424778761 0.4572589864092468 33.978733150227576 382
3850 0.1 72.80334728033473 0.0 76.61504424778761 0.4572589864092468 34.09005511131781 383
3860 0.1 73.43783551642689 0.0 76.61504424778761 0.4572589864092468 34.190870976341294 384
3870 0.1 73.21041214750542 0.0 76.61504424778761 0.4572589864092468 34.29281114397788 385
3880 0.1 70.99777801290868 0.0 76.61504424778761 0.4572589864092468 34.393633944505154 386
3890 0.1 73.12445793581959 0.0 76.61504424778761 0.4572589864092468 34.4882182961031 387
3900 0.1 61.7296423519903 0.0 76.61504424778761 0.4572589864092468 34.58779623331886 388
3910 0.1 72.92590589507843 0.0 76.61504424778761 0.4572589864092468 34.657569616657355 389
3920 0.1 72.11939659783889 0.0 76.61504424778761 0.4572589864092468 34.75569355583279 390
3930 0.1 69.46893366918556 0.0 76.61504424778761 0.4572589864092468 34.851252898651225 391
3940 0.1 71.25697125697126 0.0 76.61504424778761 0.4572589864092468 34.939563308780144 392
3950 0.1 70.44371492110558 0.0 76.61504424778761 0.4572589864092468 35.03197401602745 393
3960 0.1 68.55479089465325 0.0 76.61504424778761 0.4572589864092468 35.121851531014954 394
3970 0.1 70.42657045840407 0.0 76.61504424778761 0.4572589864092468 35.20649188383429 395
3980 0.1 76.32501095050372 0.0 76.61504424778761 0.4572589864092468 35.29543147619432 396
3990 0.1 62.507577288341075 0.0 76.61504424778761 0.4572589864092468 35.39878054288024 397
4000 0.1 76.06100795755968 0.0 76.61504424778761 0.4572589864092468 35.46689309751707 398
4010 0.1 75.55433589462129 0.0 76.61504424778761 0.4572589864092468 35.56863273375778 399
4020 0.1 73.34419109663409 0.0 76.61504424778761 0.4572589864092468 35.66859699165994 400
4030 0.1 74.9699420701716 0.0 76.61504424778761 0.4572589864092468 35.76255109167234 401
4040 0.1 64.76003309888291 0.0 76.61504424778761 0.4572589864092468 35.86008191500194 402
4050 0.1 77.7015816834421 0.0 77.7015816834421 0.4572589864092468 35.931793952679065 403
4060 0.1 70.67884840114735 0.0 77.7015816834421 0.4572589864092468 36.03518451636907 404
4070 0.1 70.7900868460072 0.0 77.7015816834421 0.4572589864092468 36.12072442719568 405
4080 0.1 67.25989890480201 0.0 77.7015816834421 0.4572589864092468 36.20611694546862 406
4090 0.1 71.28987517337032 0.0 77.7015816834421 0.4572589864092468 36.282416164041926 407
4100 0.1 72.59465837176874 0.0 77.7015816834421 0.4572589864092468 36.368218759653026 408
4110 0.1 74.70892626131953 0.0 77.7015816834421 0.4572589864092468 36.45679196163864 409
4120 0.1 76.05355575065848 0.0 77.7015816834421 0.4572589864092468 36.55008985017445 410
4130 0.1 63.83960619423649 0.0 77.7015816834421 0.4572589864092468 36.646205338983414 411
4140 0.1 74.101894186806 0.0 77.7015816834421 0.4572589864092468 36.71220873911753 412
4150 0.1 67.71137026239067 0.0 77.7015816834421 0.4572589864092468 36.80274066514099 413
4160 0.1 76.8835990390915 0.0 77.7015816834421 0.4572589864092468 36.87739919073821 414
4170 0.1 75.36892361111111 0.0 77.7015816834421 0.4572589864092468 36.9737996723005 415
4180 0.1 69.77584192074791 0.0 77.7015816834421 0.4572589864092468 37.06609564330726 416
4190 0.1 75.57319223985891 0.0 77.7015816834421 0.4572589864092468 37.14453628186227 417
4200 0.1 74.34681953478118 0.0 77.7015816834421 0.4572589864092468 37.23647086549384 418
4210 0.1 65.25648886163907 0.0 77.7015816834421 0.4572589864092468 37.32503971673319 419
4220 0.1 73.98692810457517 0.0 77.7015816834421 0.4572589864092468 37.391543167078204 420
4230 0.1 79.05284370801611 0.0 79.05284370801611 0.4572589864092468 37.47846807191787 421
4240 0.1 71.81847720134301 0.0 79.05284370801611 0.4572589864092468 37.576985549728526 422
4250 0.1 77.55553099790032 0.0 79.05284370801611 0.4572589864092468 37.65793470256922 423
4260 0.1 59.75585549821357 0.0 79.05284370801611 0.4572589864092468 37.75203280703934 424
4270 0.1 77.47977391111604 0.0 79.05284370801611 0.4572589864092468 37.80380650748916 425
4280 0.1 74.46575342465754 0.0 79.05284370801611 0.4572589864092468 37.8969425812066 426
4290 0.1 74.6629274080466 0.0 79.05284370801611 0.4572589864092468 37.9825838243997 427
4300 0.1 62.498725140234576 0.0 79.05284370801611 0.4572589864092468 38.068285561744666 428
4310 0.1 75.60868128236201 0.0 79.05284370801611 0.4572589864092468 38.12523297334954 429
4320 0.1 74.23788936924953 0.0 79.05284370801611 0.4572589864092468 38.2124037833705 430
4330 0.1 75.66527380690566 0.0 79.05284370801611 0.4572589864092468 38.29598959679482 431
4340 0.1 75.40965816603364 0.0 79.05284370801611 0.4572589864092468 38.382492569503405 432
4350 0.1 76.05418396329473 0.0 79.05284370801611 0.4572589864092468 38.46800565402196 433
4360 0.1 64.1164453524004 0.0 79.05284370801611 0.4572589864092468 38.55460975150876 434
4370 0.1 77.9201961658493 0.0 79.05284370801611 0.4572589864092468 38.613372591970574 435
4380 0.1 73.63747363747363 0.0 79.05284370801611 0.4572589864092468 38.703525857048284 436
4390 0.1 75.61109887689936 0.0 79.05284370801611 0.4572589864092468 38.783466240985184 437
4400 0.1 76.7987771590785 0.0 79.05284370801611 0.4572589864092468 38.867547594035216 438
4410 0.1 78.0961791831357 0.0 79.05284370801611 0.4572589864092468 38.95395130602848 439
4420 0.1 63.001333470099496 0.0 79.05284370801611 0.4572589864092468 39.042910914840085 440
4430 0.1 76.19047619047619 0.0 79.05284370801611 0.4572589864092468 39.09723840362752 441
4440 0.1 76.9742679680568 0.0 79.05284370801611 0.4572589864092468 39.18115975608646 442
4450 0.1 76.98203866834459 0.0 79.05284370801611 0.4572589864092468 39.266471512772625 443
4470 0.1 73.92243707464623 0.0 79.05284370801611 0.4572589864092468 39.351416483843735 444
4480 0.1 76.60489741892786 0.0 79.05284370801611 0.4572589864092468 39.429104170564635 445
4490 0.1 61.37847885059781 0.0 79.05284370801611 0.4572589864092468 39.51245796708563 446
4500 0.1 76.93675669667667 0.0 79.05284370801611 0.4572589864092468 39.561375239755684 447
4510 0.1 72.49062667380825 0.0 79.05284370801611 0.4572589864092468 39.64480243050774 448
4520 0.1 78.53361865074896 0.0 79.05284370801611 0.4572589864092468 39.71795571390039 449
4530 0.1 75.494857901139 0.0 79.05284370801611 0.4572589864092468 39.804212742648936 450
4540 0.1 77.29109776078646 0.0 79.05284370801611 0.4572589864092468 39.883349428144484 451
4550 0.1 78.51843649651201 0.0 79.05284370801611 0.4572589864092468 39.96610993330519 452
4560 0.1 63.92340598899979 0.0 79.05284370801611 0.4572589864092468 40.05121440695466 453
4570 0.1 74.59187027500822 0.0 79.05284370801611 0.4572589864092468 40.1037963267389 454
4580 0.1 75.33362502734632 0.0 79.05284370801611 0.4572589864092468 40.179594291460376 455
4590 0.1 76.28077178975381 0.0 79.05284370801611 0.4572589864092468 40.256686464126794 456
4600 0.1 76.68456228771777 0.0 79.05284370801611 0.4572589864092468 40.33551378431415 457
4610 0.1 77.90503725119538 0.0 79.05284370801611 0.4572589864092468 40.41487851903775 458
4620 0.1 77.18753465675945 0.0 79.05284370801611 0.4572589864092468 40.496556424772294 459
4630 0.1 74.21467421467422 0.0 79.05284370801611 0.4572589864092468 40.57631942092878 460
4640 0.1 62.46066389199066 0.0 79.05284370801611 0.4572589864092468 40.64928765258549 461
4650 0.1 75.99385020865364 0.0 79.05284370801611 0.4572589864092468 40.69649842366646 462
4660 0.1 76.92730068086976 0.0 79.05284370801611 0.4572589864092468 40.77273460462756 463
4670 0.1 77.29291583388851 0.0 79.05284370801611 0.4572589864092468 40.850653928067736 464
4680 0.1 71.88440051568543 0.0 79.05284370801611 0.4572589864092468 40.92902438377917 465
4690 0.1 75.89501427630134 0.0 79.05284370801611 0.4572589864092468 40.9954522295558 466
4700 0.1 66.35605157655218 0.0 79.05284370801611 0.4572589864092468 41.07018362580151 467
4710 0.1 68.3370377854112 0.0 79.05284370801611 0.4572589864092468 41.12421325817491 468
4720 0.1 79.29020664869722 0.0 79.29020664869722 0.4572589864092468 41.18223633819034 469
4730 0.1 77.78274474742959 0.0 79.29020664869722 0.4572589864092468 41.263317126085035 470
4740 0.1 77.39370513528438 0.0 79.29020664869722 0.4572589864092468 41.340853065833116 471
4750 0.1 73.30107763360458 0.0 79.29020664869722 0.4572589864092468 41.417236226997204 472
4760 0.1 76.0924600990644 0.0 79.29020664869722 0.4572589864092468 41.48464392553126 473
4770 0.1 75.03582056651604 0.0 79.29020664869722 0.4572589864092468 41.55765619593956 474
4780 0.1 74.54605119229927 0.0 79.29020664869722 0.4572589864092468 41.628136541982876 475
4790 0.1 57.97591800179123 0.0 79.29020664869722 0.4572589864092468 41.697291824861686 476
4800 0.1 48.715341959334566 0.0 79.29020664869722 0.4572589864092468 41.7314189237651 477
4810 0.1 32.797692624639474 0.0 79.29020664869722 0.4572589864092468 41.74602964141273 478
4820 0.1 11.58753398870529 0.0 79.29020664869722 0.4572589864092468 41.72734835327751 479
4830 0.1 2.88875637712847 0.0 79.29020664869722 0.4572589864092468 41.664557073351325 480
4839 0.1 0.6874802901292968 0.0 79.29020664869722 0.4572589864092468 41.5839421030889 481
