10 0 0
20 12 12
30 17 5
40 20 3
50 19 -1
60 22 3
70 21 -1
80 19 -2
90 21 2
100 24 3
110 20 -4
120 21 1
130 23 2
140 27 4
150 25 -2
160 37 12
170 41 4
180 47 6
190 43 -4
200 42 -1
210 34 -8
220 41 7
230 42 1
240 41 -1
250 42 1
260 50 8
270 61 11
280 58 -3
290 62 4
300 60 -2
310 62 2
320 57 -5
330 61 4
340 72 11
350 53 -19
360 56 3
370 68 12
380 78 10
390 69 -9
400 82 13
410 78 -4
420 72 -6
430 72 0
440 77 5
450 73 -4
460 83 10
470 81 -2
480 92 11
490 100 8
500 105 5
510 85 -20
520 88 3
530 112 24
540 108 -4
550 102 -6
560 102 0
570 115 13
580 115 0
590 111 -4
600 120 9
610 168 48
620 164 -4
630 155 -9
640 167 12
650 158 -9
660 166 8
670 146 -20
680 136 -10
690 150 14
700 146 -4
710 131 -15
720 142 11
730 137 -5
740 150 13
750 145 -5
760 121 -24
770 119 -2
780 116 -3
790 116 0
800 124 8
810 138 14
820 138 0
830 169 31
840 174 5
850 150 -24
860 156 6
870 148 -8
880 159 11
890 178 19
900 175 -3
910 214 39
920 227 13
930 250 23
940 259 9
950 267 8
960 287 20
970 303 16
980 360 57
990 367 7
1000 369 2
1010 381 12
1020 396 15
1030 397 1
1040 406 9
1050 387 -19
1060 398 11
1070 389 -9
1080 383 -6
1090 377 -6
1100 392 15
1110 386 -6
1120 385 -1
1130 379 -6
1140 380 1
1150 383 3
1160 382 -1
1170 380 -2
1180 395 15
1190 438 43
1200 463 25
1210 510 47
1220 542 32
1230 546 4
1240 582 36
1250 625 43
1260 619 -6
1270 610 -9
1280 578 -32
1290 555 -23
1300 582 27
1310 574 -8
1320 575 1
1330 567 -8
1340 538 -29
1350 553 15
1360 575 22
1370 585 10
1380 607 22
1390 578 -29
1400 591 13
1410 566 -25
1420 573 7
1430 580 7
1440 580 0
1450 579 -1
1460 590 11
1470 576 -14
1480 566 -10
1490 581 15
1500 598 17
1510 577 -21
1520 534 -43
1530 554 20
1540 592 38
1550 583 -9
1560 577 -6
1570 600 23
1580 588 -12
1590 582 -6
1600 583 1
1610 594 11
1620 576 -18
1630 560 -16
1640 574 14
1650 589 15
1660 573 -16
