10 0.1 1
20 0 1
30 0.6 7
40 1.1 18
50 1 28
60 0.8 36
70 1.1 47
80 1.1 58
90 1.1 69
100 1 79
110 1.5 94
120 0.8 102
130 1.2 114
140 1.4 128
150 1.4 142
160 0.7 149
170 1.7 166
180 1.9 185
190 2.2 207
200 2.1 228
210 2.4 252
220 1.7 269
230 2.7 296
240 2 316
250 2.2 338
260 2.8 366
270 2.9 395
280 2.8 423
290 2.6 449
300 3.1 480
310 2.7 507
320 3.6 543
330 3.4 577
340 2.7 604
350 4.1 645
360 2.9 674
370 3.1 705
380 3.1 736
390 4.1 777
400 3 807
410 3.7 844
420 4.4 888
430 3.1 919
440 3.4 953
450 3.9 992
460 3.7 1029
470 4 1069
480 4.1 1110
490 3.9 1149
500 4.7 1196
510 6.2 1258
520 4.3 1301
530 4.1 1342
540 5.3 1395
550 5.7 1452
560 4.4 1496
570 4.5 1541
580 4.7 1588
590 6.5 1653
600 4.9 1702
610 3.7 1739
620 7.1 1810
630 8.7 1897
640 6.4 1961
650 7.2 2033
660 7.9 2112
670 9.6 2208
680 7.7 2285
690 6 2345
700 6.3 2408
710 7.9 2487
720 6.3 2550
730 6.7 2617
740 6.6 2683
750 6.8 2751
760 7.9 2830
770 5.5 2885
780 7.1 2956
790 6.2 3018
800 6.2 3080
810 5.4 3134
820 6.4 3198
830 5.6 3254
840 6.7 3321
850 8.6 3407
860 7.2 3479
870 8.4 3563
880 7.2 3635
890 6.7 3702
900 9.2 3794
910 5.8 3852
920 7.6 3928
930 7.7 4005
940 7.8 4083
950 8.9 4172
960 7.8 4250
970 8.2 4332
980 6.8 4400
990 7.9 4479
1000 9.6 4575
1010 9.4 4669
1020 8 4749
1030 10.6 4855
1040 10.3 4958
1050 12.3 5081
1060 8.6 5167
1070 11.4 5281
1080 10.6 5387
1090 10.2 5489
1100 9.9 5588
1110 9.6 5684
1120 9.7 5781
1130 11.7 5898
1140 8.9 5987
1150 9.5 6082
1160 10.8 6190
1170 8.9 6279
1180 11.3 6392
1190 10.9 6501
1200 12.6 6627
1210 15.7 6784
1220 16 6944
1230 18.1 7125
1240 18 7305
1250 19.2 7497
1260 21.2 7709
1270 21.9 7928
1280 22.2 8150
1290 19.8 8348
1300 19 8538
1310 18.5 8723
1320 20.4 8927
1330 19.2 9119
1340 20.2 9321
1350 18.6 9507
1360 17.9 9686
1370 19.7 9883
1380 19.5 10078
1390 22.4 10302
1400 19.4 10496
1410 21 10706
1420 18 10886
1430 19.8 11084
1440 21 11294
1450 20 11494
1460 20.7 11701
1470 20.3 11904
1480 20.6 12110
1490 20.2 12312
1500 17.9 12491
1510 22.5 12716
1520 22.3 12939
1530 19.6 13135
1540 16.5 13300
1550 19.7 13497
1560 20.3 13700
1570 19.4 13894
1580 21.3 14107
1590 21.1 14318
1600 19.5 14513
1610 19.2 14705
1620 19.6 14901
1630 19 15091
1640 18.9 15280
1650 20.2 15482
1660 20.6 15688
