10 0.1 6557.8984375 0 6557.8984375 6557.8984375 0 0
20 0.1 6556.9296875 0.0 6557.8984375 6556.9296875 6557.8984375 1
30 0.1 6456.3828125 0.0 6557.8984375 6456.3828125 6557.4140625 2
40 0.1 6353.23046875 0.0 6557.8984375 6353.23046875 6523.736979166667 3
50 0.1 6339.69921875 0.0 6557.8984375 6339.69921875 6481.1103515625 4
60 0.1 6339.0390625 0.0 6557.8984375 6339.0390625 6452.828125 5
70 0.1 6337.375 0.0 6557.8984375 6337.375 6433.86328125 6
80 0.1 6313.3203125 0.0 6557.8984375 6313.3203125 6420.079241071428 7
90 0.1 6306.58984375 0.0 6557.8984375 6306.58984375 6406.734375 8
100 0.1 6306.265625 0.0 6557.8984375 6306.265625 6395.607204861111 9
110 0.1 6303.87890625 0.0 6557.8984375 6303.87890625 6386.673046875 10
120 0.1 6294.00390625 0.0 6557.8984375 6294.00390625 6379.146306818182 11
130 0.1 6293.54296875 0.0 6557.8984375 6293.54296875 6372.051106770833 12
140 0.1 6292.7109375 0.0 6557.8984375 6292.7109375 6366.0120192307695 13
150 0.1 6244.94921875 0.0 6557.8984375 6244.94921875 6360.776227678572 14
160 0.1 6232.7734375 0.0 6557.8984375 6232.7734375 6353.054427083333 15
170 0.1 6231.44140625 0.0 6557.8984375 6231.44140625 6345.536865234375 16
180 0.1 6231.1328125 0.0 6557.8984375 6231.1328125 6338.825367647059 17
190 0.1 6228.50390625 0.0 6557.8984375 6228.50390625 6332.842447916667 18
200 0.1 6193.5703125 0.0 6557.8984375 6193.5703125 6327.350945723684 19
210 0.1 6170.28125 0.0 6557.8984375 6170.28125 6320.6619140625 20
220 0.1 6170.33203125 0.0 6557.8984375 6170.28125 6313.500930059524 21
230 0.1 6169.51953125 0.0 6557.8984375 6169.51953125 6306.993252840909 22
240 0.1 6169.1015625 0.0 6557.8984375 6169.1015625 6301.01613451087 23
250 0.1 6168.90234375 0.0 6557.8984375 6168.90234375 6295.519694010417 24
260 0.1 6118.9140625 0.0 6557.8984375 6118.9140625 6290.455 25
270 0.1 5988.2734375 0.0 6557.8984375 5988.2734375 6283.857271634615 26
280 0.1 5960.58984375 0.0 6557.8984375 5960.58984375 6272.909722222223 27
290 0.1 5956.203125 0.0 6557.8984375 5956.203125 6261.755440848215 28
300 0.1 5954.046875 0.0 6557.8984375 5954.046875 6251.219154094828 29
310 0.1 5941.1640625 0.0 6557.8984375 5941.1640625 6241.313411458334 30
320 0.1 5939.68359375 0.0 6557.8984375 5939.68359375 6231.631174395161 31
330 0.1 5939.37109375 0.0 6557.8984375 5939.37109375 6222.5078125 32
340 0.1 5939.09765625 0.0 6557.8984375 5939.09765625 6213.927911931818 33
350 0.1 5930.5546875 0.0 6557.8984375 5930.5546875 6205.844669117647 34
360 0.1 5930.85546875 0.0 6557.8984375 5930.5546875 6197.979241071429 35
370 0.1 5929.95703125 0.0 6557.8984375 5929.95703125 6190.559136284723 36
380 0.1 5927.84375 0.0 6557.8984375 5927.84375 6183.515836148648 37
390 0.1 5879.046875 0.0 6557.8984375 5879.046875 6176.787623355263 38
400 0.1 5869.28515625 0.0 6557.8984375 5869.28515625 6169.153245192308 39
410 0.1 5868.10546875 0.0 6557.8984375 5868.10546875 6161.65654296875 40
420 0.1 5867.1171875 0.0 6557.8984375 5867.1171875 6154.496760670731 41
430 0.1 5867.6015625 0.0 6557.8984375 5867.1171875 6147.654389880952 42
440 0.1 5788.87890625 0.0 6557.8984375 5788.87890625 6141.141533430233 43
450 0.1 5753.84765625 0.0 6557.8984375 5753.84765625 6133.135564630682 44
460 0.1 5753.328125 0.0 6557.8984375 5753.328125 6124.706944444444 45
470 0.1 5752.80859375 0.0 6557.8984375 5752.80859375 6116.633491847826 46
480 0.1 5751.93359375 0.0 6557.8984375 5751.93359375 6108.892536569149 47
490 0.1 5751.71875 0.0 6557.8984375 5751.71875 6101.455891927083 48
500 0.1 5752.07421875 0.0 6557.8984375 5751.71875 6094.318399234694 49
510 0.1 5559.21484375 0.0 6557.8984375 5559.21484375 6087.473515625 50
520 0.1 5549.87890625 0.0 6557.8984375 5549.87890625 6077.115502450981 51
530 0.1 5546.703125 0.0 6557.8984375 5546.703125 6066.976337139423 52
540 0.1 5531.734375 0.0 6557.8984375 5531.734375 6057.159861438679 53
550 0.1 5521.51953125 0.0 6557.8984375 5521.51953125 6047.429759837963 54
560 0.1 5512.83203125 0.0 6557.8984375 5512.83203125 6037.867755681818 55
570 0.1 5511.4375 0.0 6557.8984375 5511.4375 6028.492117745535 56
580 0.1 5511.0859375 0.0 6557.8984375 5511.0859375 6019.420984100877 57
590 0.1 5510.4609375 0.0 6557.8984375 5510.4609375 6010.656586745689 58
600 0.1 5508.59375 0.0 6557.8984375 5508.59375 6002.178694385593 59
610 0.1 5508.03515625 0.0 6557.8984375 5508.03515625 5993.952278645834 60
620 0.1 5505.9375 0.0 6557.8984375 5505.9375 5985.986424180328 61
630 0.1 5505.49609375 0.0 6557.8984375 5505.49609375 5978.243699596775 62
640 0.1 5505.765625 0.0 6557.8984375 5505.49609375 5970.7397693452385 63
650 0.1 5504.85546875 0.0 6557.8984375 5504.85546875 5963.474548339844 64
660 0.1 5504.390625 0.0 6557.8984375 5504.390625 5956.418870192308 65
670 0.1 5504.71484375 0.0 6557.8984375 5504.390625 5949.569957386364 66
680 0.1 5504.61328125 0.0 6557.8984375 5504.390625 5942.9303288246265 67
690 0.1 5505.3671875 0.0 6557.8984375 5504.390625 5936.484489889706 68
700 0.1 5505.0546875 0.0 6557.8984375 5504.390625 5930.236413043478 69
710 0.1 5504.9453125 0.0 6557.8984375 5504.390625 5924.162388392857 70
720 0.1 5505.0859375 0.0 6557.8984375 5504.390625 5918.257922535211 71
730 0.1 5505.44921875 0.0 6557.8984375 5504.390625 5912.519422743056 72
740 0.1 5504.70703125 0.0 6557.8984375 5504.390625 5906.943118578767 73
750 0.1 5504.85546875 0.0 6557.8984375 5504.390625 5901.507495777027 74
760 0.1 5504.50390625 0.0 6557.8984375 5504.390625 5896.218802083334 75
770 0.1 5505.25390625 0.0 6557.8984375 5504.390625 5891.064658717105 76
780 0.1 5505.640625 0.0 6557.8984375 5504.390625 5886.054129464285 77
790 0.1 5505.34375 0.0 6557.8984375 5504.390625 5881.177033253204 78
800 0.1 5505.2265625 0.0 6557.8984375 5504.390625 5876.419649920886 79
810 0.1 5505.453125 0.0 6557.8984375 5504.390625 5871.779736328124 80
820 0.1 5504.8203125 0.0 6557.8984375 5504.390625 5867.257185570987 81
830 0.1 5505.19921875 0.0 6557.8984375 5504.390625 5862.837223704268 82
840 0.1 5504.578125 0.0 6557.8984375 5504.390625 5858.528332078313 83
850 0.1 5504.62109375 0.0 6557.8984375 5504.390625 5854.314639136904 84
860 0.1 5504.34765625 0.0 6557.8984375 5504.34765625 5850.200597426469 85
870 0.1 5503.84765625 0.0 6557.8984375 5503.84765625 5846.179051598836 86
880 0.1 5504.3046875 0.0 6557.8984375 5503.84765625 5842.244207974137 87
890 0.1 5503.58984375 0.0 6557.8984375 5503.58984375 5838.403986150567 88
900 0.1 5503.36328125 0.0 6557.8984375 5503.36328125 5834.642029494381 89
910 0.1 5503.31640625 0.0 6557.8984375 5503.31640625 5830.961154513888 90
920 0.1 5502.41796875 0.0 6557.8984375 5502.41796875 5827.360662774724 91
930 0.1 5502.25390625 0.0 6557.8984375 5502.25390625 5823.828676970107 92
940 0.1 5501.97265625 0.0 6557.8984375 5501.97265625 5820.3708837365575 93
950 0.1 5501.68359375 0.0 6557.8984375 5501.68359375 5816.983668550531 94
960 0.1 5502.73046875 0.0 6557.8984375 5501.68359375 5813.664720394736 95
970 0.1 5502.01953125 0.0 6557.8984375 5501.68359375 5810.425821940103 96
980 0.1 5501.55859375 0.0 6557.8984375 5501.55859375 5807.2463756443285 97
990 0.1 5500.9453125 0.0 6557.8984375 5500.9453125 5804.127112563774 98
1000 0.1 5501.16015625 0.0 6557.8984375 5500.9453125 5801.064670138888 99
1010 0.1 5499.68359375 0.0 6557.8984375 5499.68359375 5798.065624999999 100
1020 0.1 5498.97265625 0.0 6557.8984375 5498.97265625 5795.11134746287 101
1030 0.1 5498.37890625 0.0 6557.8984375 5498.37890625 5792.208026960783 102
1040 0.1 5498.51953125 0.0 6557.8984375 5498.37890625 5789.3553170509695 103
1050 0.1 5498.11328125 0.0 6557.8984375 5498.11328125 5786.558819110576 104
1060 0.1 5498.6796875 0.0 6557.8984375 5498.11328125 5783.811718749999 105
1070 0.1 5499.375 0.0 6557.8984375 5498.11328125 5781.121793926885 106
1080 0.1 5498.87109375 0.0 6557.8984375 5498.11328125 5778.488646320093 107
1090 0.1 5498.80859375 0.0 6557.8984375 5498.11328125 5775.899594907406 108
1100 0.1 5498.49609375 0.0 6557.8984375 5498.11328125 5773.357475630733 109
1110 0.1 5556.60546875 0.0 6557.8984375 5498.11328125 5770.858735795454 110
1120 0.1 5556.62890625 0.0 6557.8984375 5498.11328125 5768.928526182432 111
1130 0.1 5556.48046875 0.0 6557.8984375 5498.11328125 5767.032993861606 112
1140 0.1 5556.296875 0.0 6557.8984375 5498.11328125 5765.169697179203 113
1150 0.1 5555.98828125 0.0 6557.8984375 5498.11328125 5763.337479440788 114
1160 0.1 5556.14453125 0.0 6557.8984375 5498.11328125 5761.5344429347815 115
1170 0.1 5555.98828125 0.0 6557.8984375 5498.11328125 5759.763840247844 116
1180 0.1 5555.98046875 0.0 6557.8984375 5498.11328125 5758.022168803418 117
1190 0.1 5556.39453125 0.0 6557.8984375 5498.11328125 5756.309951006355 118
1200 0.1 5556.19921875 0.0 6557.8984375 5498.11328125 5754.629989495797 119
1210 0.1 5556.28125 0.0 6557.8984375 5498.11328125 5752.976399739582 120
1220 0.1 5555.0625 0.0 6557.8984375 5498.11328125 5751.350819989669 121
1230 0.1 5554.58984375 0.0 6557.8984375 5498.11328125 5749.741899334015 122
1240 0.1 5553.90625 0.0 6557.8984375 5498.11328125 5748.155297256097 123
1250 0.1 5553.53515625 0.0 6557.8984375 5498.11328125 5746.588772681451 124
1260 0.1 5553.5546875 0.0 6557.8984375 5498.11328125 5745.044343749999 125
1270 0.1 5553.62890625 0.0 6557.8984375 5498.11328125 5743.524584573412 126
1280 0.1 5553.671875 0.0 6557.8984375 5498.11328125 5742.02934301181 127
1290 0.1 5555.2265625 0.0 6557.8984375 5498.11328125 5740.557800292968 128
1300 0.1 5554.1015625 0.0 6557.8984375 5498.11328125 5739.121124031007 129
1310 0.1 5554.30859375 0.0 6557.8984375 5498.11328125 5737.697896634614 130
1320 0.1 5554.09765625 0.0 6557.8984375 5498.11328125 5736.297978291984 131
1330 0.1 5554.046875 0.0 6557.8984375 5498.11328125 5734.917672821969 132
1340 0.1 5554.7109375 0.0 6557.8984375 5498.11328125 5733.557742011278 133
1350 0.1 5554.8984375 0.0 6557.8984375 5498.11328125 5732.22306436567 134
1360 0.1 5554.79296875 0.0 6557.8984375 5498.11328125 5730.909548611109 135
1370 0.1 5554.4765625 0.0 6557.8984375 5498.11328125 5729.61457375919 136
1380 0.1 5554.43359375 0.0 6557.8984375 5498.11328125 5728.3361941149615 137
1390 0.1 5554.484375 0.0 6557.8984375 5498.11328125 5727.076030344201 138
1400 0.1 5554.3125 0.0 6557.8984375 5498.11328125 5725.8343637589915 139
1410 0.1 5555.08203125 0.0 6557.8984375 5498.11328125 5724.609207589284 140
1420 0.1 5555.1484375 0.0 6557.8984375 5498.11328125 5723.406887189714 141
1430 0.1 5554.78125 0.0 6557.8984375 5498.11328125 5722.221968529928 142
1440 0.1 5554.75390625 0.0 6557.8984375 5498.11328125 5721.051054414334 143
1450 0.1 5554.890625 0.0 6557.8984375 5498.11328125 5719.896213107637 144
1460 0.1 5554.98046875 0.0 6557.8984375 5498.11328125 5718.758243534481 145
1470 0.1 5554.88671875 0.0 6557.8984375 5498.11328125 5717.636477953765 146
1480 0.1 5555.10546875 0.0 6557.8984375 5498.11328125 5716.529336734692 147
1490 0.1 5554.3359375 0.0 6557.8984375 5498.11328125 5715.438634923985 148
1500 0.1 5554.984375 0.0 6557.8984375 5498.11328125 5714.357408766777 149
1510 0.1 5554.7265625 0.0 6557.8984375 5498.11328125 5713.294921874998 150
1520 0.1 5554.78515625 0.0 6557.8984375 5498.11328125 5712.244800289734 151
1530 0.1 5554.734375 0.0 6557.8984375 5498.11328125 5711.208881578946 152
1540 0.1 5555.3203125 0.0 6557.8984375 5498.11328125 5710.186172385619 153
1550 0.1 5554.80078125 0.0 6557.8984375 5498.11328125 5709.1805499188295 154
1560 0.1 5555.71875 0.0 6557.8984375 5498.11328125 5708.184551411289 155
1570 0.1 5555.640625 0.0 6557.8984375 5498.11328125 5707.207206530448 156
1580 0.1 5555.60546875 0.0 6557.8984375 5498.11328125 5706.2418142914 157
1590 0.1 5556.0390625 0.0 6557.8984375 5498.11328125 5705.288419699366 158
1600 0.1 5556.2109375 0.0 6557.8984375 5498.11328125 5704.349744496854 159
1610 0.1 5556.3828125 0.0 6557.8984375 5498.11328125 5703.423876953124 160
1620 0.1 5556.5234375 0.0 6557.8984375 5498.11328125 5702.510578416148 161
1630 0.1 5556.07421875 0.0 6557.8984375 5498.11328125 5701.609423225307 162
1640 0.1 5556.8046875 0.0 6557.8984375 5498.11328125 5700.716569210122 163
1650 0.1 5556.83984375 0.0 6557.8984375 5498.11328125 5699.83905773628 164
1660 0.1 5557.26953125 0.0 6557.8984375 5498.11328125 5698.9723958333325 165
