10 0.3 92.92171223958333 39.57025559071779 148.5849609375 60.09912109375 0 0
20 1.9 141.19283254523026 182.6433869959116 623.869873046875 19.620849609375 92.92171223958333 3
30 4.4 153.52241654829547 201.57567230963923 864.09716796875 14.2490234375 134.6104070490057 22
40 4.9 102.70425103635205 107.78290369877693 864.09716796875 14.2490234375 147.21841338186553 66
50 4.5 199.33245985243056 200.5186968760247 902.0478515625 13.590087890625 128.2515094259511 115
60 4.8 94.89040120442708 155.2568193774779 902.0478515625 12.653076171875 148.24302673339844 160
70 4.9 177.21089764030617 175.33944382333968 902.0478515625 12.653076171875 135.9308823805589 208
80 5 131.45942382812495 122.12371204254435 902.0478515625 12.653076171875 143.80139112658074 257
90 4.1 109.80359779916158 118.52232169011666 902.0478515625 12.653076171875 141.79129873269545 307
100 5.4 135.62412742332177 159.40248803681578 902.0478515625 12.653076171875 138.02263281811244 348
110 5.4 168.1258047598379 178.91375474757962 902.0478515625 12.576171875 137.7004455262749 402
120 3.9 153.96999574318912 189.84867288808434 902.0478515625 12.576171875 141.30344859340738 456
130 5.2 118.134033203125 116.67545594626294 902.0478515625 12.576171875 142.30141897490535 495
140 6.6 125.34053178267045 125.18275640982458 902.0478515625 12.576171875 140.00397096735034 547
150 5.8 130.89819335937503 136.5272874613457 902.0478515625 12.576171875 138.4251993748726 613
160 6.7 168.28576477961755 176.21436603633222 1009.406005859375 12.576171875 137.77457888471037 671
170 8 129.51708374023437 140.14125939309707 1009.406005859375 12.576171875 140.54456459603662 738
180 9.4 198.7596279712434 223.65444834826957 1009.406005859375 12.576171875 139.46608236075033 818
190 8.2 154.24731445312494 180.0635603206302 1009.406005859375 12.576171875 145.5774785092003 912
200 9.8 196.47382712850765 229.99652401670366 1272.971923828125 12.576171875 146.29269636372928 994
210 8.6 140.5494044104287 131.4130822589231 1272.971923828125 12.576171875 150.79613117595298 1092
220 9 154.50898980034725 150.97176264312068 1272.971923828125 12.56103515625 150.0480679316108 1178
230 9.6 142.05377960205075 141.634938005554 1272.971923828125 12.56103515625 150.36469487812994 1268
240 9.5 148.26565069901315 157.5228700398627 1272.971923828125 12.56103515625 149.77976242468154 1364
250 10.9 192.68031241040708 221.63140851428489 1272.971923828125 12.43896484375 149.6811739298642 1459
260 12.6 179.8559008401539 222.40434192363938 1272.971923828125 12.26806640625 152.67027220434073 1568
270 13.7 197.1193740733348 265.67876588214125 1526.64501953125 12.26806640625 154.69234375576485 1694
280 14.3 181.8718312937062 218.61754971865673 1526.64501953125 12.095947265625 157.86684028962998 1831
290 12.3 186.80669421684448 227.8918802179105 1526.64501953125 12.095947265625 159.60580367037107 1974
300 14.1 188.44421300144063 201.41857801490124 1526.64501953125 12.095947265625 161.2012779370455 2097
310 12.1 159.58213616993802 226.29484839403318 1526.64501953125 12.095947265625 162.9176558834618 2238
320 13.8 170.62902655117747 179.1905938861736 1526.64501953125 12.095947265625 162.74656733520558 2359
330 13.7 164.62179765910133 152.41410875543033 1526.64501953125 12.095947265625 163.1822018453394 2497
340 16.7 201.62593709066243 241.22080251706984 1526.64501953125 12.095947265625 163.25707831704986 2634
350 13 195.92470327524038 213.4092280044059 1526.64501953125 12.095947265625 165.54468967556227 2801
360 13.2 185.31399073745266 211.66865087857445 1526.64501953125 12.095947265625 166.89214848414574 2931
370 14.9 199.67778189230282 205.152742434596 1526.64501953125 12.095947265625 167.6860378662667 3063
380 14.9 194.13097571046555 210.07744075333417 1526.64501953125 12.095947265625 169.1700882585081 3212
390 16 202.18482055664063 197.97138992211543 1526.64501953125 12.095947265625 170.27665542016882 3361
400 17.1 177.79813567936765 171.06900431593118 1526.64501953125 12.095947265625 171.72661464250208 3521
410 16.7 210.64905150636235 228.8216724535341 1526.64501953125 12.095947265625 172.00782539475128 3692
420 16.1 177.7557638417119 187.39969701471188 1526.64501953125 12.095947265625 173.68004222829342 3859
430 15.2 169.28454589843744 165.68708217209894 1526.64501953125 12.095947265625 173.84327386504972 4020
440 15.6 204.11329064002405 224.64803706863322 1526.64501953125 12.095947265625 173.67718406377335 4172
450 16.1 231.925484035326 233.98010649711728 1526.64501953125 12.095947265625 174.77423411596723 4328
460 17.7 254.1095129325565 303.68321885043866 1901.618896484375 12.095947265625 176.82398934809393 4489
470 18.2 212.8274422111092 238.68113854745982 1901.618896484375 12.095947265625 179.75573767095074 4666
480 20.4 217.92184508080564 222.5636612053597 1901.618896484375 12.095947265625 180.99729093545338 4848
490 16.7 219.88562523390718 224.3010557426902 1901.618896484375 12.095947265625 182.4883061859783 5052
500 23.2 271.2142376077585 354.6419702108729 2683.497802734375 12.095947265625 183.6849630706313 5219
510 22.3 375.09367774313336 748.2778498491667 4504.953125 12.095947265625 187.4102963475738 5451
520 17.2 165.9404949809229 168.35060551468732 4504.953125 12.095947265625 194.78664355434324 5674
530 23.6 232.8466103763904 234.40701034958505 4504.953125 12.095947265625 193.93793716456761 5846
540 25.6 334.7727737426757 572.8155415958847 4504.953125 12.095947265625 195.44771139639764 6082
550 22.8 229.38747258771926 265.3778031526563 4504.953125 12.095947265625 201.07523048138458 6338
560 21.4 364.08444185346093 582.8750467369147 4504.953125 12.095947265625 202.05835433155886 6566
570 21.4 178.03207939361852 183.9196221486162 4504.953125 12.095947265625 207.17245207930029 6780
580 21.3 398.063300047682 545.3439170379572 4504.953125 12.095947265625 206.28082500541757 6994
590 27.9 418.30453174003156 564.8819454122118 4504.953125 12.095947265625 211.94887928375837 7207
600 23.5 280.9483419215427 326.08093178865977 4504.953125 12.095947265625 219.63966568975627 7486
610 20.8 430.2358034574068 820.123455208923 4504.953125 12.095947265625 221.50568549476466 7721
620 37.1 1603.2536805350803 1705.8804541833993 7807.245849609375 12.095947265625 226.98126432390194 7929
630 35.2 314.4951123324309 323.5406842792428 7807.245849609375 12.095947265625 288.498983169004 8300
640 26.7 1305.6063419870666 1279.1159603219696 8515.380126953125 12.095947265625 289.5566157933136 8652
650 34.5 997.4873273324265 824.3670374431643 8515.380126953125 12.095947265625 319.9731733551178 8919
660 35.4 510.96011749095186 548.6963629379468 8515.380126953125 12.095947265625 345.2044323277184 9264
670 34.8 475.6874263368803 546.7494731417852 8515.380126953125 12.095947265625 351.30523421457474 9618
680 30 269.2653955078126 315.90807112408993 8515.380126953125 12.095947265625 355.648501609574 9966
690 33.6 317.34511311848956 342.45859528312025 8515.380126953125 12.095947265625 353.1241560192245 10266
700 28.5 332.315102453399 375.2380177290994 8515.380126953125 12.095947265625 351.99024181297597 10602
710 27.9 305.01023990535407 298.98477725679885 8515.380126953125 12.095947265625 351.4751858087986 10887
720 30.1 261.74171138522615 258.2784766064207 8515.380126953125 12.095947265625 350.3141863544675 11166
730 28.1 378.8551968068839 441.6801914971612 8515.380126953125 12.095947265625 347.98922647256796 11467
740 30 233.08424153645834 259.3826262772065 8515.380126953125 12.095947265625 348.7275085345311 11748
750 29.7 336.6616153395938 347.29412625037764 8515.380126953125 12.095947265625 345.8479451132644 12048
760 29.6 295.7939032477302 286.73238578668565 8515.380126953125 12.095947265625 345.6269374224762 12345
770 26.5 241.60430056014155 216.12660101941347 8515.380126953125 12.095947265625 344.4600536224822 12641
780 28.2 293.08580677221863 271.4567901578876 8515.380126953125 12.095947265625 342.34810766234574 12906
790 26.3 319.06486621465064 433.7179872607756 8515.380126953125 12.095947265625 341.2947281619654 13188
800 27.9 258.5566773773521 268.7834084455291 8515.380126953125 12.095947265625 340.8600799059143 13451
810 26.9 316.4947559682852 339.4900250329127 8515.380126953125 12.095947265625 339.18763640223847 13730
820 29.7 376.21143317945086 563.8158179068391 8515.380126953125 12.095947265625 338.751577766855 13999
830 25.6 589.060363769531 741.8576031689132 8515.380126953125 12.095947265625 339.5298078352336 14296
840 35.8 941.0918282450251 867.9422454675156 8515.380126953125 12.095947265625 343.91957022660114 14552
850 32.1 424.6586480541767 429.4774228118073 8515.380126953125 12.095947265625 358.25811270618505 14910
860 32.5 394.17625751201916 371.3010581800956 8515.380126953125 12.095947265625 359.6575330887407 15231
870 34.3 685.0459418560952 573.174214696907 8515.380126953125 12.095947265625 360.3787072618935 15556
880 33.6 395.48380679175983 461.79488657632373 8515.380126953125 12.095947265625 367.3829755470568 15899
890 35.4 443.39985475701803 393.06586602178857 8515.380126953125 12.095947265625 367.9645511120842 16235
900 35.6 1198.2618524787147 938.1377838577496 8515.380126953125 12.095947265625 369.57429838378874 16589
910 30.6 1400.4208354077307 986.6944165390906 8515.380126953125 12.095947265625 386.98431722461464 16945
920 37.4 1560.7605326443443 1306.918498803338 8515.380126953125 12.095947265625 404.9607576955458 17251
930 40.7 1841.4539665953246 1455.432823225481 8515.380126953125 12.095947265625 429.4866649767288 17625
940 33.7 2347.0631281006586 1868.621674248746 11181.783935546875 12.095947265625 461.35615764303134 18032
950 41.4 2487.214239885267 2219.839258690901 14735.553955078125 12.095947265625 495.951576503297 18369
960 39.3 2380.491898631321 1778.7460136109944 15872.2080078125 12.095947265625 539.84141000381 18783
970 43.7 2373.9707405561717 2249.918307171971 15872.2080078125 12.095947265625 577.5643784034038 19176
980 35.1 3148.5045399027317 1948.4874835219825 15872.2080078125 0.682861328125 617.5903601634997 19613
990 38.3 4346.25649235579 2962.403332766109 18239.0830078125 0.552978515625 662.0879997692135 19964
1000 41 5094.792401271908 3458.2017782000567 18563.698974609375 0.522216796875 731.4366277075169 20347
1010 45.1 4575.138397419797 2671.000008049771 19142.02783203125 0.522216796875 817.6232571415103 20757
1020 44 4083.8069896351235 3144.0142631085473 25454.590087890625 0.522216796875 897.5289214316605 21208
1030 47.1 3572.578157655754 3505.045393073964 25454.590087890625 0.522216796875 962.2906707853894 21648
1040 46.5 4689.569974378356 4466.238597000899 25454.590087890625 0.522216796875 1017.8738981607653 22119
1050 49.3 4246.893282319661 3634.976632286864 25454.590087890625 0.515869140625 1093.4733790074347 22584
1060 39.5 2683.9299223694634 3245.4142385546606 25454.590087890625 0.4990234375 1160.840714984075 23077
1070 45.7 5603.8500741503685 6582.22233062786 32100.136962890625 0.4990234375 1186.4721156707326 23472
1080 47.7 4823.659111102922 4725.7485416784 32100.136962890625 0.4990234375 1270.8359305825632 23929
1090 41.1 4836.73009630189 2448.7295432841843 32100.136962890625 0.4990234375 1340.2736367658053 24406
1100 44.5 4254.161502589537 2846.3093905476844 32100.136962890625 0.4990234375 1398.1792500498175 24817
1110 44.2 4350.594860232257 2976.737883320795 32100.136962890625 0.4990234375 1448.488493276014 25262
1120 44.1 3789.1033268450606 3988.2189531521976 32100.136962890625 0.4990234375 1498.3924387395473 25704
1130 45.8 5072.593050627731 3746.2718119120204 32100.136962890625 0.4990234375 1537.030935647351 26145
1140 44.7 3946.3114333184785 2910.3556007024786 32100.136962890625 0.4990234375 1597.8995387620755 26603
1150 43.3 4642.435700238162 3673.6691581786768 32100.136962890625 0.4990234375 1636.7069367978133 27050
1160 44.4 4639.37482184333 3338.06477334928 32100.136962890625 0.4990234375 1684.062776937888 27483
1170 40.2 4324.1440836588545 2888.4353408076395 32100.136962890625 0.4990234375 1731.0480796176607 27927
1180 47 4350.447575735541 3788.872047549158 32100.136962890625 0.4990234375 1767.8451636525565 28329
1190 55.5 3744.460547754782 3126.4499014032504 32100.136962890625 0.4990234375 1809.9932637143295 28799
1200 65.1 2952.5849358108903 3015.4130542161206 32100.136962890625 0.4990234375 1846.568495118651 29354
1210 73.1 2255.5940933331913 3687.57774615737 32100.136962890625 0.484130859375 1870.5650524554499 30005
1220 80.4 2831.1041448033275 4088.4533695092978 32100.136962890625 0.484130859375 1879.7222696887147 30736
1230 80.7 2479.707895876898 3526.420163067438 32100.136962890625 0.484130859375 1903.9743631443948 31540
1240 87.1 2341.258927530316 3330.0583977835636 32100.136962890625 0.484130859375 1918.3378886928267 32347
1250 95.8 2088.5458762660705 3183.158771403785 32100.136962890625 0.484130859375 1929.4271844008 33218
1260 95.3 2132.928572599682 3187.284229566163 32100.136962890625 0.484130859375 1933.8874988555908 34176
1270 98.3 2031.5908031754668 3171.165390295088 32100.136962890625 0.472900390625 1939.2872011892218 35129
1280 84 2387.9599708193837 2959.5420966062466 32100.136962890625 0.472900390625 1941.7997853926024 36112
1290 80.9 2194.787712031155 3080.610076128644 32100.136962890625 0.472900390625 1951.9419848881234 36952
1300 87.9 2435.861871400383 3374.0506478571347 32100.136962890625 0.472900390625 1957.1447653562973 37761
1310 84 2280.3690996442547 3531.093556765854 32100.136962890625 0.472900390625 1968.0348361692568 38640
1320 88.2 2391.985263262205 3014.409868651229 32100.136962890625 0.472900390625 1974.6802460304268 39480
1330 86.6 2320.9194048381555 3094.4828464926736 32100.136962890625 0.472900390625 1983.799294273785 40362
1340 84.1 2165.220479014937 3019.8250343352643 32100.136962890625 0.472900390625 1990.8805501132326 41228
1350 80 2620.786390075689 3956.679325849153 32100.136962890625 0.472900390625 1994.3657739171342 42069
1360 84 2264.2107634044783 3208.2313606610883 32100.136962890625 0.472900390625 2006.0557245324237 42869
1370 82.6 2651.704155060625 3447.999655840826 32100.136962890625 0.472900390625 2011.0169506563918 43709
1380 95.7 2039.1506538989076 3076.5991409223157 32100.136962890625 0.472900390625 2022.8999108189134 44535
1390 94.6 2135.1933296961683 3296.9393657361943 32100.136962890625 0.472900390625 2023.241772269884 45492
1400 86.1 2138.5724309374077 3365.3640790116997 32100.136962890625 0.472900390625 2025.522365174946 46438
1410 83.9 2715.3875355589826 3524.9376159750354 32100.136962890625 0.472900390625 2027.5802544880705 47299
1420 86.2 2001.767196053421 3202.3001331305272 32100.136962890625 0.472900390625 2039.56808756835 48138
1430 90.3 2601.2922749904847 3435.6804105127108 32100.136962890625 0.472900390625 2038.9031004563935 49000
1440 85.8 2272.952482210172 2994.5366834740325 32100.136962890625 0.472900390625 2049.079591340795 49903
1450 88.4 2140.54810095049 3053.3608712388213 32100.136962890625 0.472900390625 2052.8636566737464 50761
1460 93.1 2187.885023664072 3402.5784197697712 32100.136962890625 0.472900390625 2054.3645386321286 51645
1470 88 2027.3918900923336 3108.733657949632 32100.136962890625 0.472900390625 2056.7288792355357 52576
1480 85.6 2367.294765008946 3660.6873820135847 32100.136962890625 0.472900390625 2056.2459296986076 53456
1490 88.5 2491.2969492077114 3475.581303562727 32100.136962890625 0.472900390625 2061.1483049200256 54312
1500 90.3 1485.3372874381419 3456.7452854699573 32100.136962890625 0.472900390625 2068.04508463984 55197
1510 85.9 3052.6595960623695 4528.256868918892 32100.136962890625 0.472900390625 2058.6656703640265 56100
1520 89.2 2148.537300691471 3392.5284690855015 32100.136962890625 0.472900390625 2073.6561158103104 56959
1530 83.6 2522.216113806911 3254.141166953532 32100.136962890625 0.472900390625 2074.8107028859704 57851
1540 82.5 2278.334194779832 2957.8065062961646 32100.136962890625 0.472900390625 2081.184021057455 58687
1550 90.4 2258.7649630656315 3097.1312833450097 32100.136962890625 0.472900390625 2083.917064701106 59512
1560 88.7 1541.7071545589065 3453.242607827635 32100.136962890625 0.472900390625 2086.5333004684776 60416
1570 88.2 3073.2460716057267 4435.376722020284 32100.136962890625 0.472900390625 2078.650149702254 61303
1580 89.5 2277.4860575244365 3052.4036285847014 32100.136962890625 0.472900390625 2092.7569858061192 62185
1590 93.5 2000.6541765019217 3238.40051659953 38553.76904296875 0.472900390625 2095.3779832567834 63080
1600 90.3 2246.7023249865924 3168.983660031527 38553.76904296875 0.472900390625 2093.994451907634 64015
1610 86.9 2388.516143061346 3677.1623804724113 38553.76904296875 0.472900390625 2096.1185963574057 64918
1620 88.1 2064.3565788831943 3709.7509125900665 38553.76904296875 0.472900390625 2099.9809622972684 65787
1630 75.4 2819.3601864275934 3465.2908162765452 38553.76904296875 0.472900390625 2099.5101954857873 66668
1640 83 2426.456638271835 2993.9813935016623 38553.76904296875 0.472900390625 2107.5604890571753 67422
1650 94.4 2125.24470623469 2972.38743368866 38553.76904296875 0.472900390625 2111.4385263871904 68252
1660 88.1 1248.4855909921232 2905.3589136738083 38553.76904296875 0.472900390625 2111.6268759128284 69196
