10 0.6 46.054158528645836 20.659190465141467 77.6748046875 20.152099609375 0 0
20 1.9 141.19283254523026 182.6433869959116 623.869873046875 19.620849609375 46.054158528645836 6
30 4.4 153.52241654829547 201.57567230963923 864.09716796875 14.2490234375 118.35955078125 25
40 4.9 102.70425103635205 107.78290369877693 864.09716796875 14.2490234375 140.78224779211956 69
50 4.5 199.33245985243056 200.5186968760247 902.0478515625 13.590087890625 124.97019829184322 118
60 4.8 94.89040120442708 155.2568193774779 902.0478515625 12.653076171875 145.4996570048888 163
70 4.9 177.21089764030617 175.33944382333968 902.0478515625 12.653076171875 133.986650946016 211
80 5 131.45942382812495 122.12371204254435 902.0478515625 12.653076171875 142.132758976863 260
90 4.1 109.80359779916158 118.52232169011666 902.0478515625 12.653076171875 140.4112533077117 310
100 5.4 135.62412742332177 159.40248803681578 902.0478515625 12.653076171875 136.83600010016025 351
110 5.4 168.1258047598379 178.91375474757962 902.0478515625 12.576171875 136.6744170765818 405
120 3.9 153.96999574318912 189.84867288808434 902.0478515625 12.576171875 140.37458033343546 459
130 5.2 118.134033203125 116.67545594626294 902.0478515625 12.576171875 141.4392815402234 498
140 6.6 125.34053178267045 125.18275640982458 902.0478515625 12.576171875 139.23587624289772 550
150 5.8 130.89819335937503 136.5272874613457 902.0478515625 12.576171875 137.74708933644482 616
160 6.7 168.28576477961755 176.21436603633222 1009.406005859375 12.576171875 137.15771846601447 674
170 8 129.51708374023437 140.14125939309707 1009.406005859375 12.576171875 139.97226516373567 741
180 9.4 198.7596279712434 223.65444834826957 1009.406005859375 12.576171875 138.9534898727733 821
190 8.2 154.24731445312494 180.0635603206302 1009.406005859375 12.576171875 145.09750843152327 915
200 9.8 196.47382712850765 229.99652401670366 1272.971923828125 12.576171875 145.85005015045138 997
210 8.6 140.5494044104287 131.4130822589231 1272.971923828125 12.576171875 150.38076261058794 1095
220 9 154.50898980034725 150.97176264312068 1272.971923828125 12.56103515625 149.66484660278633 1181
230 9.6 142.05377960205075 141.634938005554 1272.971923828125 12.56103515625 150.00786225013525 1271
240 9.5 148.26565069901315 157.5228700398627 1272.971923828125 12.56103515625 149.4492726859684 1367
250 10.9 192.68031241040708 221.63140851428489 1272.971923828125 12.43896484375 149.37236154454519 1462
260 12.6 179.8559008401539 222.40434192363938 1272.971923828125 12.26806640625 152.37717799545476 1571
270 13.7 197.1193740733348 265.67876588214125 1526.64501953125 12.26806640625 154.41743673348194 1697
280 14.3 181.8718312937062 218.61754971865673 1526.64501953125 12.095947265625 157.60727610946876 1834
290 12.3 186.80669421684448 227.8918802179105 1526.64501953125 12.095947265625 159.36237544752942 1977
300 14.1 188.44421300144063 201.41857801490124 1526.64501953125 12.095947265625 160.96982840401787 2100
310 12.1 159.58213616993802 226.29484839403318 1526.64501953125 12.095947265625 162.69847107614487 2241
320 13.8 170.62902655117747 179.1905938861736 1526.64501953125 12.095947265625 162.53882817874816 2362
330 13.7 164.62179765910133 152.41410875543033 1526.64501953125 12.095947265625 162.98540712890627 2500
340 16.7 201.62593709066243 241.22080251706984 1526.64501953125 12.095947265625 163.07042248826795 2637
350 13 195.92470327524038 213.4092280044059 1526.64501953125 12.095947265625 165.36670313684135 2804
360 13.2 185.31399073745266 211.66865087857445 1526.64501953125 12.095947265625 166.72067042313714 2934
370 14.9 199.67778189230282 205.152742434596 1526.64501953125 12.095947265625 167.5211656225793 3066
380 14.9 194.13097571046555 210.07744075333417 1526.64501953125 12.095947265625 169.01147225529743 3215
390 16 202.18482055664063 197.97138992211543 1526.64501953125 12.095947265625 170.12407808610007 3364
400 17.1 177.79813567936765 171.06900431593118 1526.64501953125 12.095947265625 171.57973041166377 3524
410 16.7 210.64905150636235 228.8216724535341 1526.64501953125 12.095947265625 171.86751046600136 3695
420 16.1 177.7557638417119 187.39969701471188 1526.64501953125 12.095947265625 173.5444957984043 3862
430 15.2 169.28454589843744 165.68708217209894 1526.64501953125 12.095947265625 173.71303026397044 4023
440 15.6 204.11329064002405 224.64803706863322 1526.64501953125 12.095947265625 173.5518016116205 4175
450 16.1 231.925484035326 233.98010649711728 1526.64501953125 12.095947265625 174.65260795852214 4331
460 17.7 254.1095129325565 303.68321885043866 1901.618896484375 12.095947265625 176.7053535169294 4492
470 18.2 212.8274422111092 238.68113854745982 1901.618896484375 12.095947265625 179.63971552518942 4669
480 20.4 217.92184508080564 222.5636612053597 1901.618896484375 12.095947265625 180.88485390013014 4851
490 16.7 219.88562523390718 224.3010557426902 1901.618896484375 12.095947265625 182.3795217934749 5055
500 23.2 271.2142376077585 354.6419702108729 2683.497802734375 12.095947265625 183.57897014172312 5222
510 22.3 375.09367774313336 748.2778498491667 4504.953125 12.095947265625 187.30676296389404 5454
520 17.2 165.9404949809229 168.35060551468732 4504.953125 12.095947265625 194.6832790808168 5677
530 23.6 232.8466103763904 234.40701034958505 4504.953125 12.095947265625 193.83804761130375 5849
540 25.6 334.77277374267567 572.8155415958847 4504.953125 12.095947265625 195.35095160679438 6085
550 22.8 229.38747258771926 265.3778031526563 4504.953125 12.095947265625 200.97971465154845 6341
560 21.4 364.0844418534607 582.8750467369148 4504.953125 12.095947265625 201.96570472757935 6569
570 21.4 178.03207939361852 183.9196221486162 4504.953125 12.095947265625 207.0804636461904 6783
580 21.3 398.063300047682 545.3439170379572 4504.953125 12.095947265625 206.19203228560008 6997
590 27.9 418.30453174003156 564.8819454122118 4504.953125 12.095947265625 211.86035129160888 7210
600 23.5 280.94834192154246 326.0809317886598 4504.953125 12.095947265625 219.55135494297886 7489
610 20.8 430.2358034574068 820.123455208923 4504.953125 12.095947265625 221.41933680988234 7724
620 37.1 1603.2536805350803 1705.8804541833995 7807.245849609375 12.095947265625 226.89510900638828 7932
630 35.2 314.4951123324309 323.5406842792428 7807.245849609375 12.095947265625 288.3944502128371 8303
640 26.7 1305.6063419870666 1279.1159603219696 8515.380126953125 12.095947265625 289.45596760926657 8655
650 34.5 997.4873273324265 824.3670374431643 8515.380126953125 12.095947265625 319.8653096804247 8922
660 35.4 510.96011749095186 548.6963629379468 8515.380126953125 12.095947265625 345.09241619709036 9267
670 34.8 475.68742633688015 546.749473141785 8515.380126953125 12.095947265625 351.1954373235873 9621
680 30 269.2653955078126 315.90807112408993 8515.380126953125 12.095947265625 355.54123050009713 9969
690 33.6 317.34511311848956 342.45859528312025 8515.380126953125 12.095947265625 353.0207562087654 10269
700 28.5 332.315102453399 375.2380177290994 8515.380126953125 12.095947265625 351.890438803925 10605
710 27.9 305.0102399053541 298.98477725679885 8515.380126953125 12.095947265625 351.37813661293325 10890
720 30.1 261.74171138522615 258.27847660642067 8515.380126953125 12.095947265625 350.21987327857795 11169
730 28.1 378.8551968068839 441.6801914971612 8515.380126953125 12.095947265625 347.8979964930593 11470
740 30 233.08424153645834 259.3826262772065 8515.380126953125 12.095947265625 348.6382716431048 11751
750 29.7 336.6616153395938 347.29412625037764 8515.380126953125 12.095947265625 345.7616465470967 12051
760 29.6 295.7939032477302 286.73238578668565 8515.380126953125 12.095947265625 345.54276824545843 12348
770 26.5 241.60430056014155 216.12660101941353 8515.380126953125 12.095947265625 344.3781317349137 12644
780 28.2 293.0858067722186 271.4567901578876 8515.380126953125 12.095947265625 342.2683583007736 12909
790 26.3 319.06486621465064 433.71798726077566 8515.380126953125 12.095947265625 341.2169232669587 13191
800 27.9 258.5566773773521 268.7834084455291 8515.380126953125 12.095947265625 340.78389286672405 13454
810 26.9 316.4947559682852 339.4900250329127 8515.380126953125 12.095947265625 339.1133625294682 13733
820 29.7 376.21143317945086 563.8158179068391 8515.380126953125 12.095947265625 338.67882423744146 14002
830 25.6 589.060363769531 741.8576031689132 8515.380126953125 12.095947265625 339.4584021698687 14299
840 35.8 941.0918282450251 867.9422454675156 8515.380126953125 12.095947265625 343.8485156820304 14555
850 32.1 424.6586480541767 429.4774228118073 8515.380126953125 12.095947265625 358.18587945173147 14913
860 32.5 394.17625751201916 371.3010581800956 8515.380126953125 12.095947265625 359.586546297037 15234
870 34.3 685.0459418560952 573.174214696907 8515.380126953125 12.095947265625 360.3090642059559 15559
880 33.6 395.48380679175983 461.7948865763237 8515.380126953125 12.095947265625 367.3135132711048 15902
890 35.4 443.39985475701803 393.06586602178845 8515.380126953125 12.095947265625 367.8964187165377 16238
900 35.6 1198.2618524787147 938.1377838577496 8515.380126953125 12.095947265625 369.50732857419985 16592
910 30.6 1400.4208354077307 986.6944165390906 8515.380126953125 12.095947265625 386.9156723616679 16948
920 37.4 1560.7605326443443 1306.918498803338 8515.380126953125 12.095947265625 404.89020463778326 17254
930 40.7 1841.4539665953246 1455.432823225481 8515.380126953125 12.095947265625 429.41343487799503 17628
940 33.7 2347.0631281006586 1868.621674248746 11181.783935546875 12.095947265625 461.2792788707287 18035
950 41.4 2487.214239885267 2219.839258690901 14735.553955078125 12.095947265625 495.870458774413 18372
960 39.3 2380.491898631321 1778.7460136109944 15872.2080078125 12.095947265625 539.7550710058563 18786
970 43.7 2373.9707405561717 2249.9183071719704 15872.2080078125 12.095947265625 577.4739079241945 19179
980 35.1 3148.5045399027345 1948.4874835219823 15872.2080078125 0.682861328125 617.495783732727 19616
990 38.3 4346.25649235579 2962.403332766109 18239.0830078125 0.552978515625 661.9884002207158 19967
1000 41 5094.792401271908 3458.201778200056 18563.698974609375 0.522216796875 731.328679301194 20350
1010 45.1 4575.138397419796 2671.0000080497716 19142.02783203125 0.522216796875 817.504985948978 20760
1020 44 4083.8069896351235 3144.014263108547 25454.590087890625 0.522216796875 897.4018634452458 21211
1030 47.1 3572.578157655754 3505.045393073964 25454.590087890625 0.522216796875 962.1572214205609 21651
1040 46.5 4689.569974378356 4466.238597000899 25454.590087890625 0.522216796875 1017.7357523385057 22122
1050 49.3 4246.893282319661 3634.976632286864 25454.590087890625 0.515869140625 1093.3280360967972 22587
1060 39.5 2683.9299223694634 3245.4142385546593 25454.590087890625 0.4990234375 1160.689720082407 23080
1070 45.7 5603.850074150372 6582.222330627859 32100.136962890625 0.4990234375 1186.3203858929878 23475
1080 47.7 4823.659111102922 4725.748541678399 32100.136962890625 0.4990234375 1270.6765227613491 23932
1090 41.1 4836.730096301888 2448.729543284185 32100.136962890625 0.4990234375 1340.1088098128025 24409
1100 44.5 4254.161502589537 2846.3093905476844 32100.136962890625 0.4990234375 1398.0101534367757 24820
1110 44.2 4350.594860232257 2976.7378833207963 32100.136962890625 0.4990234375 1448.3164012251382 25265
1120 44.1 3789.1033268450606 3988.218953152197 32100.136962890625 0.4990234375 1498.2174818211295 25707
1130 45.8 5072.593050627731 3746.2718119120204 32100.136962890625 0.4990234375 1536.8544964171044 26148
1140 44.7 3946.3114333184785 2910.3556007024786 32100.136962890625 0.4990234375 1597.7192734534294 26606
1150 43.3 4642.435700238162 3673.6691581786768 32100.136962890625 0.4990234375 1636.5253465491926 27053
1160 44.4 4639.37482184333 3338.06477334928 32100.136962890625 0.4990234375 1683.878878643616 27486
1170 40.2 4324.1440836588545 2888.4353408076395 32100.136962890625 0.4990234375 1730.8620579769733 27930
1180 47 4350.447575735541 3788.872047549158 32100.136962890625 0.4990234375 1767.6578851096897 28332
1190 55.5 3744.460547754782 3126.4499014032504 32100.136962890625 0.4990234375 1809.8046511187913 28802
1200 65.1 2952.5849358108894 3015.413054216121 32100.136962890625 0.4990234375 1846.3797106491581 29357
1210 73.1 2255.5940933331913 3687.577746157369 32100.136962890625 0.484130859375 1870.3779645008074 30008
1220 80.4 2831.1041448033275 4088.4533695092978 32100.136962890625 0.484130859375 1879.5387371406614 30739
1230 80.7 2479.707895876898 3526.420163067438 32100.136962890625 0.484130859375 1903.793202085682 31543
1240 87.1 2341.258927530316 3330.0583977835636 32100.136962890625 0.484130859375 1918.1599148488817 32350
1250 95.8 2088.5458762660705 3183.158771403785 32100.136962890625 0.484130859375 1929.252875327059 33221
1260 95.3 2132.928572599682 3187.284229566163 32100.136962890625 0.484130859375 1933.7176839785577 34179
1270 98.3 2031.5908031754668 3171.165390295088 32100.136962890625 0.472900390625 1939.121531663174 35132
1280 84 2387.9599708193837 2959.5420966062466 32100.136962890625 0.472900390625 1941.6384164450258 36115
1290 80.9 2194.7877120311528 3080.6100761286443 32100.136962890625 0.472900390625 1951.7834605709752 36955
1300 87.9 2435.861871400383 3374.0506478571347 32100.136962890625 0.472900390625 1956.9892237165977 37764
1310 84 2280.3690996442547 3531.093556765854 32100.136962890625 0.472900390625 1967.8819871488893 38643
1320 88.2 2391.9852632622055 3014.409868651229 32100.136962890625 0.472900390625 1974.5301439377886 39483
1330 86.6 2320.9194048381555 3094.482846492673 32100.136962890625 0.472900390625 1983.6517942597045 40365
1340 84.1 2165.220479014937 3019.8250343352647 32100.136962890625 0.472900390625 1990.7356328947349 41231
1350 80 2620.786390075689 3956.679325849153 32100.136962890625 0.472900390625 1994.2235050088984 42072
1360 84 2264.2107634044783 3208.2313606610887 32100.136962890625 0.472900390625 2005.9152923771908 42872
1370 82.6 2651.704155060625 3447.999655840826 32100.136962890625 0.472900390625 2010.878876648396 43712
1380 95.7 2039.1506538989076 3076.599140922316 32100.136962890625 0.472900390625 2022.7635971111133 44538
1390 94.6 2135.1933296961683 3296.9393657361943 32100.136962890625 0.472900390625 2023.108303416112 45495
1400 86.1 2138.5724309374077 3365.3640790116997 32100.136962890625 0.472900390625 2025.391467750664 46441
1410 83.9 2715.3875355589826 3524.9376159750354 32100.136962890625 0.472900390625 2027.4516091675976 47302
1420 86.2 2001.767196053421 3202.3001331305272 32100.136962890625 0.472900390625 2039.4409372297976 48141
1430 90.3 2601.2922749904847 3435.6804105127108 32100.136962890625 0.472900390625 2038.7782274999026 49003
1440 85.8 2272.952482210172 2994.5366834740325 32100.136962890625 0.472900390625 2048.9563660981476 49906
1450 88.4 2140.54810095049 3053.3608712388213 32100.136962890625 0.472900390625 2052.742290525382 50764
1460 93.1 2187.885023664072 3402.5784197697712 32100.136962890625 0.472900390625 2054.245162590434 51648
1470 88 2027.3918900923336 3108.733657949632 32100.136962890625 0.472900390625 2056.611482046102 52579
1480 85.6 2367.294765008946 3660.6873820135847 32100.136962890625 0.472900390625 2056.1304921113983 53459
1490 88.5 2491.2969492077164 3475.581303562727 32100.136962890625 0.472900390625 2061.034415845179 54315
1500 90.3 1485.3372874381398 3456.7452854699573 32100.136962890625 0.472900390625 2067.9326466789803 55200
1510 85.9 3052.6595960623695 4528.256868918893 32100.136962890625 0.472900390625 2058.555543682804 56103
1520 89.2 2148.537300691471 3392.5284690855015 32100.136962890625 0.472900390625 2073.546860367507 56962
1530 83.6 2522.216113806911 3254.141166953532 32100.136962890625 0.472900390625 2074.703072086126 57854
1540 82.5 2278.334194779832 2957.8065062961646 32100.136962890625 0.472900390625 2081.0775976079967 58690
1550 90.4 2258.7649630656315 3097.1312833450097 32100.136962890625 0.472900390625 2083.811978733205 59515
1560 88.7 1541.7071545589065 3453.242607827635 32100.136962890625 0.472900390625 2086.4296569112034 60419
1570 88.2 3073.2460716057267 4435.376722020284 32100.136962890625 0.472900390625 2078.548391462691 61306
1580 89.5 2277.4860575244365 3052.4036285847014 32100.136962890625 0.472900390625 2092.655990258056 62188
1590 93.5 2000.6541765019217 3238.40051659953 38553.76904296875 0.472900390625 2095.2782959537813 63083
1600 90.3 2246.7023249865924 3168.983660031527 38553.76904296875 0.472900390625 2093.896285399133 64018
1610 86.9 2388.516143061346 3677.1623804724113 38553.76904296875 0.472900390625 2096.021697111021 64921
1620 88.1 2064.3565788831943 3709.7509125900665 38553.76904296875 0.472900390625 2099.885166840932 65790
1630 75.4 2819.3601864275934 3465.2908162765452 38553.76904296875 0.472900390625 2099.4156870672555 66671
1640 83 2426.456638271835 2993.9813935016623 38553.76904296875 0.472900390625 2107.466679318167 67425
1650 94.4 2125.24470623469 2972.38743368866 38553.76904296875 0.472900390625 2111.3456869503043 68255
1660 88.1 1248.4855909921232 2905.3589136738083 38553.76904296875 0.472900390625 2111.535294808864 69199
