10 1.3 13
20 1.1 24
30 1.5 39
40 0.7 46
50 1.2 58
60 0.9 67
70 1.1 78
80 1.2 90
90 1.3 103
100 1 113
110 1 123
120 1.4 137
130 1.8 155
140 1.2 167
150 1.9 186
160 2.1 207
170 2.5 232
180 1.8 250
190 2.1 271
200 1.5 286
210 2.3 309
220 2.6 335
230 2.4 359
240 2.1 380
250 3.8 418
260 3.5 453
270 3.2 485
280 2.6 511
290 2.8 539
300 3.2 571
310 3.1 602
320 3.3 635
330 4 675
340 2.1 696
350 3.4 730
360 4.4 774
370 4.1 815
380 3.1 846
390 4.4 890
400 3.2 922
410 3.6 958
420 3.3 991
430 3.9 1030
440 3.3 1063
450 5 1113
460 4.2 1155
470 4.7 1202
480 4.6 1248
490 5.3 1301
500 4.1 1342
510 4.7 1389
520 6 1449
530 5.6 1505
540 5 1555
550 4.4 1599
560 5.9 1658
570 4.8 1706
580 6.2 1768
590 5.6 1824
600 8.5 1909
610 6.6 1975
620 7.8 2053
630 7.6 2129
640 6.4 2193
650 8.7 2280
660 7.2 2352
670 7.3 2425
680 7 2495
690 6.2 2557
700 6 2617
710 7.6 2693
720 6.2 2755
730 7.7 2832
740 6.3 2895
750 5.4 2949
760 5.7 3006
770 6.5 3071
780 6.5 3136
790 6.8 3204
800 6.8 3272
810 6.5 3337
820 8.7 3424
830 7.1 3495
840 6.6 3561
850 7.3 3634
860 8 3714
870 7.8 3792
880 9.2 3884
890 8.6 3970
900 9.8 4068
910 8.9 4157
920 10 4257
930 8.7 4344
940 9.8 4442
950 9.3 4535
960 10.5 4640
970 12 4760
980 8.5 4845
990 10.3 4948
1000 10.2 5050
1010 9.6 5146
1020 10.6 5252
1030 11.2 5364
1040 10.4 5468
1050 10 5568
1060 10 5668
1070 10.9 5777
1080 9.1 5868
1090 11.3 5981
1100 9 6071
1110 9.9 6170
1120 10.6 6276
1130 9.3 6369
1140 9.7 6466
1150 10.4 6570
1160 9.1 6661
1170 12.4 6785
1180 15.5 6940
1190 15.3 7093
1200 20.4 7297
1210 19 7487
1220 18.7 7674
1230 21.7 7891
1240 22.9 8120
1250 20.9 8329
1260 21.1 8540
1270 18.8 8728
1280 18 8908
1290 21.2 9120
1300 17.8 9298
1310 20.4 9502
1320 18.6 9688
1330 17.4 9862
1340 19.9 10061
1350 20.6 10267
1360 19.7 10464
1370 22.7 10691
1380 19.1 10882
1390 20.7 11089
1400 18.6 11275
1410 19 11465
1420 19.7 11662
1430 21.3 11875
1440 19.8 12073
1450 21.4 12287
1460 19.2 12479
1470 19.5 12674
1480 21.8 12892
1490 19.7 13089
1500 20.6 13295
1510 18.3 13478
1520 22.3 13701
1530 18.8 13889
1540 19.6 14085
1550 19.3 14278
1560 21.1 14489
1570 20.8 14697
1580 19.9 14896
1590 20.1 15097
1600 20 15297
1610 18.4 15481
1620 17.1 15652
1630 20.1 15853
1640 21.7 16070
1650 19.4 16264
1660 23.6 16500
