2320 0.1 1
2330 0 1
2340 0 1
2350 0 1
2360 0 1
2370 0 1
2380 0 1
2390 0 1
2400 0 1
2410 0 1
2420 0 1
2430 0 1
2440 0 1
2450 0 1
2460 0 1
2470 0 1
2480 0 1
2490 0 1
2500 0 1
2510 0 1
2520 0 1
2530 0 1
2540 0 1
2550 0 1
2560 0 1
2570 0.1 2
2580 0 2
2590 0 2
2600 0 2
2610 0 2
2620 0 2
2630 0 2
2640 0 2
2650 0 2
2660 0 2
2670 0 2
2680 0 2
2690 0 2
2700 0 2
2710 0 2
2720 0 2
2730 0 2
2740 0 2
2750 0 2
2760 0 2
2770 0 2
2780 0 2
2790 0 2
2800 0 2
2810 0 2
2820 0 2
2830 0 2
2840 0 2
2850 0 2
2860 0 2
2870 0 2
2880 0 2
2890 0 2
2900 0 2
2910 0 2
2920 0 2
2930 0 2
2940 0 2
2950 0 2
2960 0 2
2970 0 2
2980 0 2
2990 0 2
3000 0 2
3010 0 2
3020 0 2
3030 0 2
3040 0 2
3050 0 2
3060 0 2
3070 0 2
3080 0 2
3090 0 2
3100 0 2
3110 0 2
3120 0 2
3130 0 2
3140 0 2
3150 0 2
3160 0 2
3170 0 2
3180 0 2
3190 0 2
3200 0 2
3210 0 2
3220 0 2
3230 0 2
3240 0 2
3250 0 2
3260 0 2
3270 0 2
3280 0 2
3290 0 2
3300 0 2
3310 0 2
3320 0 2
3330 0 2
3340 0 2
3350 0 2
3360 0 2
3370 0 2
3380 0 2
3390 0 2
3400 0 2
3410 0 2
3420 0 2
3430 0.1 3
3440 0 3
3450 0 3
3460 0 3
3470 0 3
3480 0 3
3490 0.1 4
3500 0 4
3510 0 4
3520 0 4
3530 0 4
3540 0 4
3550 0 4
3560 0 4
3570 0 4
3580 0 4
3590 0 4
3600 0 4
3610 0 4
3620 0 4
3630 0 4
3640 0 4
3650 0 4
3660 0 4
3670 0 4
3680 0 4
3690 0 4
3700 0 4
3710 0 4
3720 0 4
3730 0 4
3740 0 4
3750 0 4
3760 0 4
3770 0 4
3780 0 4
3790 0 4
3800 0 4
3810 0 4
3820 0 4
3830 0 4
3840 0 4
3850 0 4
3860 0 4
3870 0 4
3880 0 4
3890 0 4
3900 0 4
3910 0 4
3920 0 4
3930 0 4
3940 0 4
3950 0 4
3960 0 4
3970 0 4
3980 0 4
3990 0 4
4000 0 4
4010 0 4
4020 0 4
4030 0 4
4040 0 4
4050 0 4
4060 0 4
4070 0 4
4080 0 4
4090 0 4
4100 0 4
4110 0 4
4120 0 4
4130 0 4
4140 0 4
4150 0 4
4160 0 4
4170 0 4
4180 0 4
4190 0 4
4200 0 4
4210 0 4
4220 0 4
4230 0 4
4240 0 4
4250 0 4
4260 0 4
4270 0 4
4280 0 4
4290 0 4
4300 0 4
4310 0 4
4320 0 4
4330 0 4
4340 0 4
4350 0 4
4360 0 4
4370 0 4
4380 0 4
4390 0 4
4400 0 4
4410 0 4
4420 0 4
4430 0 4
4440 0 4
4450 0 4
4460 0 4
4470 0 4
4480 0 4
4490 0 4
4500 0 4
4510 0 4
4520 0 4
4530 0 4
4540 0 4
4550 0 4
4560 0 4
4570 0 4
4580 0 4
4590 0 4
4600 0 4
4610 0 4
4620 0 4
4630 0 4
4640 0 4
4650 0 4
4660 0 4
4670 0 4
4680 0 4
4690 0 4
4700 0 4
4710 0 4
4720 0 4
4730 0 4
4740 0 4
4750 0 4
4760 0 4
4770 0 4
4780 0 4
4790 0 4
4800 0 4
4810 0 4
4820 0 4
4830 0 4
4840 0 4
4850 0 4
4860 0 4
4870 0 4
4880 0 4
4890 0 4
4900 0 4
4910 0 4
4920 0 4
