10 0 0
20 14 14
30 21 7
40 25 4
50 33 8
60 29 -4
70 25 -4
80 27 2
90 35 8
100 40 5
110 20 -20
120 23 3
130 27 4
140 54 27
150 61 7
160 70 9
170 64 -6
180 57 -7
190 65 8
200 54 -11
210 60 6
220 53 -7
230 56 3
240 59 3
250 75 16
260 74 -1
270 76 2
280 73 -3
290 71 -2
300 69 -2
310 64 -5
320 68 4
330 75 7
340 76 1
350 70 -6
360 75 5
370 72 -3
380 75 3
390 74 -1
400 76 2
410 75 -1
420 75 0
430 74 -1
440 75 1
450 74 -1
460 76 2
470 73 -3
480 74 1
490 74 0
500 77 3
510 77 0
520 75 -2
530 76 1
540 75 -1
550 79 4
560 79 0
570 79 0
580 75 -4
590 79 4
600 76 -3
610 78 2
620 77 -1
630 77 0
640 75 -2
650 70 -5
660 78 8
670 76 -2
680 86 10
690 76 -10
700 73 -3
710 82 9
720 75 -7
730 76 1
740 77 1
750 78 1
760 76 -2
770 81 5
780 75 -6
790 83 8
800 80 -3
810 78 -2
820 75 -3
830 80 5
840 75 -5
850 76 1
860 77 1
870 74 -3
880 75 1
890 73 -2
900 76 3
910 74 -2
920 71 -3
930 75 4
940 79 4
950 77 -2
960 78 1
970 78 0
980 81 3
990 75 -6
1000 77 2
1010 75 -2
1020 76 1
1030 77 1
1040 82 5
1050 82 0
1060 78 -4
1070 78 0
1080 79 1
1090 78 -1
1100 76 -2
1110 78 2
1120 80 2
1130 77 -3
1140 75 -2
1150 79 4
1160 78 -1
1170 77 -1
1180 81 4
1190 76 -5
1200 79 3
1210 80 1
1220 77 -3
1230 84 7
1240 74 -10
1250 79 5
1260 82 3
1270 79 -3
1280 79 0
1290 75 -4
1300 82 7
1310 92 10
1320 78 -14
1330 81 3
1340 78 -3
1350 74 -4
1360 78 4
1370 76 -2
1380 75 -1
1390 80 5
1400 80 0
1410 79 -1
1420 79 0
1430 88 9
1440 80 -8
1450 80 0
1460 79 -1
1470 77 -2
1480 73 -4
1490 79 6
1500 80 1
1510 84 4
1520 79 -5
1530 77 -2
1540 79 2
1550 76 -3
1560 81 5
1570 78 -3
1580 86 8
1590 87 1
1600 80 -7
1610 77 -3
1620 80 3
1630 79 -1
1640 80 1
1650 76 -4
1660 77 1
1670 75 -2
1680 87 12
1690 82 -5
1700 77 -5
1710 74 -3
1720 77 3
1730 86 9
1740 75 -11
1750 84 9
1760 82 -2
1770 72 -10
1780 84 12
1790 78 -6
1800 80 2
1810 75 -5
1820 82 7
1830 78 -4
1840 79 1
1850 82 3
1860 78 -4
1870 80 2
1880 78 -2
1890 80 2
1900 93 13
1910 86 -7
1920 83 -3
1930 75 -8
1940 96 21
1950 83 -13
1960 80 -3
1970 88 8
1980 86 -2
1990 75 -11
2000 78 3
2010 80 2
2020 78 -2
2030 112 34
2040 79 -33
2050 81 2
2060 96 15
2070 92 -4
2080 81 -11
2090 90 9
2100 83 -7
2110 79 -4
2120 85 6
2130 78 -7
2140 74 -4
2150 93 19
2160 79 -14
2170 77 -2
2180 77 0
2190 90 13
2200 80 -10
2210 73 -7
2220 94 21
2230 79 -15
2240 83 4
2250 76 -7
2260 74 -2
2270 91 17
2280 75 -16
2290 91 16
2300 87 -4
2310 92 5
2320 84 -8
2330 75 -9
2340 89 14
2350 76 -13
2360 92 16
2370 84 -8
2380 82 -2
2390 73 -9
2400 81 8
2410 76 -5
2420 88 12
2430 89 1
2440 95 6
2450 78 -17
2460 95 17
2470 81 -14
2480 71 -10
2490 91 20
2500 71 -20
2510 87 16
2520 94 7
2530 95 1
2540 100 5
2550 82 -18
2560 83 1
2570 91 8
2580 99 8
2590 91 -8
2600 93 2
2610 99 6
2620 78 -21
2630 99 21
2640 89 -10
2650 82 -7
2660 101 19
2670 101 0
2680 76 -25
2690 90 14
2700 76 -14
2710 95 19
2720 79 -16
2730 82 3
2740 82 0
2750 90 8
2760 77 -13
2770 93 16
2780 92 -1
2790 92 0
2800 90 -2
2810 101 11
2820 85 -16
2830 95 10
2840 63 -32
2850 77 14
2860 95 18
2870 97 2
2880 85 -12
2890 89 4
2900 90 1
2910 99 9
2920 90 -9
2930 95 5
2940 71 -24
2950 93 22
2960 84 -9
2970 77 -7
2980 81 4
2990 98 17
3000 89 -9
3010 95 6
3020 82 -13
3030 105 23
3040 92 -13
3050 97 5
3060 87 -10
3070 90 3
3080 159 69
3090 99 -60
3100 102 3
3110 114 12
3120 99 -15
3130 94 -5
3140 89 -5
3150 102 13
3160 88 -14
3170 102 14
3180 105 3
3190 98 -7
3200 97 -1
3210 100 3
3220 96 -4
3230 91 -5
3240 93 2
3250 98 5
3260 96 -2
3270 105 9
3280 86 -19
3290 98 12
3300 94 -4
3310 105 11
3320 94 -11
3330 87 -7
3340 147 60
3350 97 -50
3360 101 4
3370 96 -5
3380 86 -10
3390 100 14
3400 98 -2
3410 99 1
3420 75 -24
3430 111 36
3440 102 -9
3450 99 -3
3460 115 16
3470 97 -18
3480 82 -15
3490 103 21
3500 98 -5
3510 88 -10
3520 96 8
3530 95 -1
3540 85 -10
3550 102 17
3560 98 -4
3570 97 -1
3580 193 96
3590 102 -91
3600 94 -8
3610 77 -17
3620 100 23
3630 100 0
3640 99 -1
3650 101 2
3660 92 -9
3670 100 8
3680 98 -2
3690 100 2
3700 117 17
3710 85 -32
3720 98 13
3730 82 -16
3740 100 18
3750 99 -1
3760 87 -12
3770 112 25
3780 152 40
3790 98 -54
3800 89 -9
3810 98 9
3820 110 12
3830 102 -8
3840 99 -3
3850 100 1
3860 98 -2
3870 91 -7
3880 96 5
3890 91 -5
3900 100 9
3910 106 6
3920 110 4
3930 94 -16
3940 93 -1
3950 93 0
3960 99 6
3970 99 0
3980 98 -1
3990 105 7
4000 95 -10
4010 107 12
4020 195 88
4030 103 -92
4040 101 -2
4050 97 -4
4060 93 -4
4070 98 5
4080 84 -14
4090 95 11
4100 107 12
4110 104 -3
4120 96 -8
4130 100 4
4140 96 -4
4150 101 5
4160 94 -7
4170 89 -5
4180 95 6
4190 104 9
4200 99 -5
4210 96 -3
4220 102 6
4230 99 -3
4240 89 -10
4250 100 11
4260 104 4
4270 96 -8
4280 94 -2
4290 96 2
4300 98 2
4310 97 -1
4320 99 2
4330 97 -2
4340 102 5
4350 94 -8
4360 104 10
4370 107 3
4380 96 -11
4390 101 5
4400 101 0
4410 93 -8
4420 97 4
4430 103 6
4440 104 1
4450 99 -5
4460 99 0
4470 100 1
4480 97 -3
4490 94 -3
4500 98 4
4510 85 -13
4520 93 8
4530 128 35
4540 93 -35
4550 102 9
4560 92 -10
4570 100 8
4580 82 -18
4590 103 21
4600 94 -9
4610 101 7
4620 104 3
4630 107 3
4640 114 7
4650 98 -16
4660 71 -27
4670 103 32
4680 109 6
4690 96 -13
4700 95 -1
4710 101 6
4720 95 -6
4730 82 -13
4740 100 18
4750 97 -3
4760 99 2
4770 96 -3
4780 110 14
4790 90 -20
4800 97 7
4810 91 -6
4820 59 -32
4830 62 3
4840 23 -39
4850 11 -12
4860 5 -6
4870 1 -4
4880 1 0
4890 0 -1
4900 0 0
4910 0 0
4920 0 0
