10 0.1 9.491943359375 0.0 9.491943359375 9.491943359375 0 0
20 1.5 0.879443359375 0.08570795092561527 9.491943359375 0.746826171875 9.491943359375 1
30 1.5 0.8611328125 0.0876298757984187 9.491943359375 0.746826171875 1.417724609375 16
40 1.7 0.7751895680147058 0.10267657244182947 9.491943359375 0.56201171875 1.148405997983871 31
50 2.5 0.7833203125 0.11149457557381548 9.491943359375 0.56201171875 1.0162251790364583 48
60 1.7 1.7563332950367647 3.735958792974305 16.695068359375 0.56201171875 0.9364632384417808 73
70 1.5 0.7701334635416667 0.09302750412964107 16.695068359375 0.56201171875 1.0913275824652777 90
80 1.8 0.7739122178819444 0.08887991052722496 16.695068359375 0.56201171875 1.0454427083333333 105
90 2.8 0.7763671875 0.11823464259499578 16.695068359375 0.547119140625 1.0057065389989837 123
100 2 0.79449462890625 0.09308278358997805 16.695068359375 0.547119140625 0.9631800367342715 151
110 1.2 1.75433349609375 3.0659230851828716 16.695068359375 0.52587890625 0.9434507492690059 171
120 1.8 1.5610758463541667 2.9246539618209333 16.695068359375 0.52587890625 0.9966233884050546 183
130 2 1.64244384765625 3.802824545360889 18.212158203125 0.52587890625 1.0471713697139304 201
140 4.5 0.7595811631944445 0.12550176109476918 18.212158203125 0.510009765625 1.1010421821973984 221
150 3.6 0.7667439778645834 0.159932384548375 18.212158203125 0.510009765625 1.0432762203359962 266
160 4.9 0.9672403140943879 1.6507067758982987 18.212158203125 0.495849609375 1.0103121119619205 302
170 3.3 0.7940192945075757 0.15193571546631815 18.212158203125 0.495849609375 1.004299239894943 351
180 4 1.329510498046875 2.4599819298378907 18.212158203125 0.495849609375 0.9862283070882162 384
190 4 1.48994140625 2.707886914410028 18.212158203125 0.495849609375 1.0186134194428067 424
200 2.8 0.7394583565848214 0.08729872358149889 18.212158203125 0.495849609375 1.0592451424434268 464
210 4 0.9968994140625004 1.58431136118221 18.212158203125 0.495849609375 1.0410458944677337 492
220 3 0.7809651692708334 0.14387694135037946 18.212158203125 0.495849609375 1.0377266102267386 532
230 3.5 1.3855398995535715 2.664097561414606 18.212158203125 0.495849609375 1.0240204834853204 562
240 3.2 1.038963317871094 1.6600380696804355 18.212158203125 0.495849609375 1.0452150891174623 597
250 5.5 1.129585404829546 2.0405129948498306 18.212158203125 0.495849609375 1.0448970339825119 629
260 6.5 0.8663161057692308 1.1762019460578217 18.212158203125 0.476806640625 1.0517067714044226 684
270 11.6 0.8046559300915948 0.8882672992546925 18.212158203125 0.476806640625 1.0356181288593125 749
280 10.9 0.9817812858371564 1.5868390352230946 18.212158203125 0.476806640625 1.0046451634754334 865
290 8.1 0.8453052662037037 1.1836373554278161 18.212158203125 0.476806640625 1.0020864749101641 974
300 8.1 0.8756209008487654 1.1685173850413413 18.212158203125 0.476806640625 0.9900492446682464 1055
310 4.7 1.2689234956781912 2.7070315366485667 18.212158203125 0.476806640625 0.9818901814205546 1136
320 5.6 1.0903494698660714 1.7969472603201155 18.212158203125 0.476806640625 0.993293871843301 1183
330 7.8 1.1134127103365385 1.8822090316177633 18.212158203125 0.476806640625 0.9976805655392453 1239
340 9.3 1.4246471774193548 3.1877609660528505 20.40087890625 0.476806640625 1.0045348611308846 1317
350 10.2 1.0798986098345587 2.0649160614244573 20.40087890625 0.476806640625 1.0322443968860815 1410
360 10.1 0.7518346805383664 0.2110549846171789 20.40087890625 0.476806640625 1.0354591652199074 1512
370 9.6 1.1898345947265627 2.2022853661608197 20.40087890625 0.476806640625 1.017699665559129 1613
380 12.6 0.7699226500496031 0.8596894040450475 20.40087890625 0.458984375 1.0273690354831042 1709
390 17 1.2797090418198525 2.662042386188225 20.40087890625 0.458984375 1.009691518009196 1835
400 18.1 0.9272609310255533 1.4601321554768292 20.40087890625 0.458984375 1.0325857718983789 2005
410 21.5 0.8590388808139535 1.2884559048764266 20.40087890625 0.458984375 1.0238649136193387 2186
420 17.1 0.8560141401681286 1.604883287113482 21.673095703125 0.458984375 1.0091053979787066 2401
430 16.7 1.0183427091130242 2.1842815749459996 23.22802734375 0.458984375 0.9989270911802584 2572
440 18.9 0.923000113673942 1.4678692536211964 23.22802734375 0.458984375 1.0001108838764146 2739
450 14.7 0.8070757599914966 0.90871011974674 23.22802734375 0.458984375 0.9951334468653943 2928
460 20.5 0.815973942454268 1.3879995416445283 23.22802734375 0.458984375 0.9861433720782519 3075
470 20.9 0.937799043062201 1.8997472163060432 23.22802734375 0.458984375 0.9755077827267529 3280
480 19 0.8075413754111842 1.1627583331482225 23.22802734375 0.458984375 0.973248933030596 3489
490 13.1 0.7106467676526718 0.12647030552931082 23.22802734375 0.458984375 0.9646910542734097 3679
500 18.9 0.9452853732638888 1.710397303934148 23.22802734375 0.458984375 0.9559561982242453 3810
510 20 0.7910339355468747 1.0636716586808659 23.22802734375 0.458984375 0.9554518756642284 3999
520 24.2 0.7567380794808887 1.2706101498010327 23.22802734375 0.458984375 0.9476205853514228 4199
530 25.7 0.8811424641293777 1.5711564269138851 23.22802734375 0.447021484375 0.9372189716561583 4441
540 25 0.8588007812500003 1.2252968546235545 23.22802734375 0.447021484375 0.9341513551311726 4698
550 26.1 0.8184557216834291 1.324199075860859 23.22802734375 0.447021484375 0.930344232360297 4948
560 28.9 1.0264710951016436 1.9976943344061335 23.22802734375 0.447021484375 0.9247379929119071 5209
570 23.7 0.8094745104825949 1.2615028959941643 23.22802734375 0.447021484375 0.9300855495748452 5498
580 21.4 0.8412743684287384 1.321447466092616 23.22802734375 0.447021484375 0.9251012747248255 5735
590 24.5 1.4586724728954075 4.410346390672742 56.278076171875 0.447021484375 0.9220858170096864 5949
600 27 1.1842456958912035 2.438403040805776 56.278076171875 0.447021484375 0.9433101842508879 6194
610 29.3 0.8350975895904436 1.3333411469084373 56.278076171875 0.447021484375 0.9533740128621015 6464
620 40.6 0.7577289149091743 1.073837299563925 56.278076171875 0.447021484375 0.9482452586785 6757
630 39.8 1.1907210613614956 4.20132395630094 56.278076171875 0.447021484375 0.9374467614608054 7163
640 44.4 0.9844536308769707 1.8288894602395676 56.278076171875 0.447021484375 0.9507787507956122 7561
650 46 0.8776303498641304 1.55814679945055 56.278076171875 0.447021484375 0.9526465392723297 8005
660 47.9 0.9330274864626831 1.7850934892954604 56.278076171875 0.447021484375 0.9485700540829887 8465
670 50.8 1.1523202010027072 3.281066034147375 60.161865234375 0.447021484375 0.9477376647840032 8944
680 44.7 0.9412899145343957 1.8842510305094649 60.161865234375 0.447021484375 0.958733002109342 9452
690 48.7 0.9046778747433267 1.6594124289293168 60.161865234375 0.447021484375 0.9579453407146555 9899
700 47 0.9092113738364359 1.5619584997841944 60.161865234375 0.447021484375 0.955447626876023 10386
710 50.3 0.9350590791190359 2.232432640702312 60.161865234375 0.447021484375 0.9534458731058861 10856
720 49.2 1.5371207880779976 4.376904354538955 60.161865234375 0.447021484375 0.9526316678611123 11359
730 46.7 1.0223668361884364 2.115523962131216 60.161865234375 0.447021484375 0.9768970165360518 11851
740 43.2 0.7906697591145834 1.0209926929697988 60.161865234375 0.447021484375 0.9786208682796518 12318
750 45.6 0.9639207271107453 2.038638148597528 60.161865234375 0.447021484375 0.9722526424632353 12750
760 52.4 0.7579364339813931 0.9245367574143479 60.161865234375 0.447021484375 0.971964943432436 13206
770 50.4 1.0730847555493532 2.1851538312372067 60.161865234375 0.447021484375 0.9637966303259287 13730
780 46.5 1.4522040910618284 5.378451920774104 60.161865234375 0.447021484375 0.9676663236737301 14234
790 45.2 0.8789581028761064 1.540643565342072 60.161865234375 0.447021484375 0.9829945815032058 14699
800 43.8 0.9948457343393263 1.8321779870351884 60.161865234375 0.447021484375 0.9798908597462626 15151
810 47 0.8751823262965426 1.4649346951380882 60.161865234375 0.447021484375 0.980311042892825 15589
820 50.3 0.873989461667495 1.4469651530883667 60.161865234375 0.447021484375 0.9772342325808346 16059
830 42.9 0.7969210964816431 1.1329981545872667 60.161865234375 0.447021484375 0.9740986137081495 16562
840 46.4 1.2940331820783952 3.953988834607098 60.161865234375 0.447021484375 0.9696251186289798 16991
850 50.5 1.2487275680693055 2.9096392595509593 60.161865234375 0.447021484375 0.9782487417421581 17455
860 44 1.0833901145241465 2.280702514797341 60.161865234375 0.447021484375 0.9858540762240742 17960
870 43.9 1.4402817571896347 4.515582725923392 60.161865234375 0.447021484375 0.988186459748641 18400
880 46.9 0.8508706814698828 1.3753101248617396 60.161865234375 0.447021484375 0.9987215112681802 18839
890 45.8 1.355862146902292 4.777489003828761 60.161865234375 0.447021484375 0.9951301481453605 19308
900 42.5 1.0155032169117648 1.8557727569774254 60.161865234375 0.447021484375 1.003488706044312 19766
910 46.2 0.9911882144548149 1.897579071716022 60.161865234375 0.447021484375 1.0037415992699406 20191
920 43.1 0.9359246981946054 1.6912099038079595 60.161865234375 0.447021484375 1.0034607846771653 20653
930 40.6 0.9091351889624384 1.7265040827137543 60.161865234375 0.447021484375 1.002080209204106 21084
940 44.4 1.0879544094876104 2.029337990109429 60.161865234375 0.447021484375 1.0003242446523088 21490
950 48.2 0.9688619399961104 1.7225484952837982 60.161865234375 0.447021484375 1.0020981022791382 21934
960 46.2 1.2100248790922605 3.085987696887858 60.161865234375 0.447021484375 1.0013834417589553 22416
970 48.5 0.9014834689110826 1.744209987456315 60.161865234375 0.447021484375 1.0055967621561923 22878
980 46.5 0.9461373277889785 1.7776952671152406 60.161865234375 0.447021484375 1.003435440954982 23363
990 43.9 0.9225924063923691 1.5245265382587874 60.161865234375 0.447021484375 1.0023172765004666 23828
1000 48.7 0.9305342217979979 1.8346554914836721 60.161865234375 0.447021484375 1.0008750208455668 24267
1010 48.5 0.9006684922680411 1.686282173112138 60.161865234375 0.447021484375 0.9994911649379895 24754
1020 44.7 1.8277776321308752 5.766473514407073 60.161865234375 0.447021484375 0.9975921595794205 25239
1030 45.5 0.8866296789148351 1.5978860205929941 60.161865234375 0.447021484375 1.012039442388363 25686
1040 47.6 0.8723616399684876 1.574745834206229 60.161865234375 0.447021484375 1.0098566091998677 26141
1050 43.8 1.129089076769406 2.1837595483882395 60.161865234375 0.447021484375 1.0073977443633295 26617
1060 41.2 0.8172915560527911 1.3559999890311492 60.161865234375 0.447021484375 1.009367835052439 27055
1070 34.2 0.8470466122989769 1.4370346188639151 60.161865234375 0.447021484375 1.006486725832362 27467
1080 45.7 1.1115647864811258 2.115763880883085 60.161865234375 0.447021484375 1.0045259031192684 27809
1090 49.3 0.8482955715960951 1.602950915885082 60.161865234375 0.447021484375 1.0062564900327464 28266
1100 53.8 1.1083644030262547 2.362915120036886 60.161865234375 0.447021484375 1.0035486513460998 28759
1110 46 1.1088325832201085 2.241848500448686 60.161865234375 0.447021484375 1.0054734516466057 29297
1120 47.3 1.1542184196617336 2.3149667416498536 60.161865234375 0.447021484375 1.007071233698688 29757
1130 46.4 1.2173414559199898 2.7403152687505434 60.161865234375 0.447021484375 1.0093736028340012 30230
1140 45.7 1.1888569303884027 3.342796714750403 60.161865234375 0.447021484375 1.0125174447520275 30694
1150 40.4 0.9050993966584159 1.5642628347513663 60.161865234375 0.447021484375 1.015104428955932 31151
1160 43.9 0.9125631762528477 3.2031661370302453 60.161865234375 0.447021484375 1.0136960298734348 31555
1170 53.5 0.835714350905374 1.3021126410987183 60.161865234375 0.447021484375 1.012308353348479 31994
1180 53.1 0.7951306129354989 1.2039839699916048 60.161865234375 0.447021484375 1.0094039360191094 32529
1190 49.1 0.8683157180817211 1.9801501962177983 60.161865234375 0.447021484375 1.0059623409024308 33060
1200 49.2 1.9423004398501011 6.648948361789857 60.859130859375 0.447021484375 1.003947960055214 33551
1210 48.8 2.158007012038931 7.805903111436849 65.7421875 0.447021484375 1.0175093212765836 34043
1220 52.6 0.8373155485087928 1.2461911922522657 65.7421875 0.447021484375 1.0336270958296527 34531
1230 64 0.9395477294921875 1.7277687874198409 65.7421875 0.447021484375 1.0306816106514922 35057
1240 66.2 0.8565168582420695 1.2238739508852092 65.7421875 0.447021484375 1.0290477006886953 35697
1250 65.5 1.195153715410304 3.445938604994238 65.7421875 0.447021484375 1.0259063761830802 36359
1260 70.9 1.8627747184635053 6.0532622990397345 65.7421875 0.447021484375 1.0289013782686107 37014
1270 74.1 1.6970162127825574 6.4389369721587535 65.7421875 0.447021484375 1.044573944029504 37723
1280 69 1.4597061820652157 4.89978018133966 65.7421875 0.447021484375 1.0571430923538077 38464
1290 65.3 1.06244616194487 1.9373796409480109 65.7421875 0.447021484375 1.0642373491832726 39154
1300 68 1.1853149414062496 3.1518232041656558 65.7421875 0.447021484375 1.0642079662790929 39807
1310 66 1.7720832593513265 5.239591056591881 65.7421875 0.447021484375 1.066242020249169 40487
1320 67.6 2.1187411878235927 6.1261967561441155 65.7421875 0.447021484375 1.0775637500911361 41147
1330 71.8 1.3092160025678974 3.391476191256272 65.7421875 0.447021484375 1.094392670730668 41823
1340 65.8 1.4118544743778512 4.448014899161299 65.7421875 0.447021484375 1.098018423586951 42541
1350 63.8 0.9457915972766461 1.9112265265295456 65.7421875 0.447021484375 1.1027987222378552 43199
1360 73.3 1.0339691869884036 2.273217658900439 65.7421875 0.447021484375 1.100513653785971 43837
1370 67 1.5899960645988795 5.627169585709797 65.7421875 0.447021484375 1.09941926082742 44570
1380 68.5 1.3407002024406929 4.547942585929166 65.7421875 0.447021484375 1.1066846555782353 45240
1390 68.2 1.2387541382193925 3.553544823719911 65.7421875 0.447021484375 1.1101751433213116 45925
1400 61.4 1.2257092006820052 2.480714345748594 65.7421875 0.447021484375 1.1120566391163744 46607
1410 65.9 1.109962938045334 2.9966222413570147 65.7421875 0.447021484375 1.1135344280831752 47221
1420 66.6 0.8944322740709463 1.4362710194318016 65.7421875 0.447021484375 1.1134852716100143 47880
1430 69.8 5.612365547770413 113.66828048691883 3004.071044921875 0.447021484375 1.1104800951513767 48546
1440 65.2 1.32593335110717 3.9307986629683564 3004.071044921875 0.447021484375 1.1742912405889547 49244
1450 62.4 1.3224890293219138 4.341703557514747 3004.071044921875 0.447021484375 1.176272775302316 49896
1460 57.1 1.3066299358307796 3.148256545697051 3004.071044921875 0.447021484375 1.178078771789019 50520
1470 65.3 0.8747225844659257 2.0944669668902227 3004.071044921875 0.447021484375 1.1795154771709424 51091
1480 69.3 0.9708193824404762 1.6993429587216333 3004.071044921875 0.447021484375 1.1756690455279233 51744
1490 69.8 1.097801405242657 3.5546096645527223 3004.071044921875 0.447021484375 1.172961781258045 52437
1500 69.1 1.5414463159144343 4.653011376844334 3004.071044921875 0.447021484375 1.1719744481921048 53135
1510 71.6 1.3884011380499308 4.295347724278346 3004.071044921875 0.447021484375 1.1767176031840443 53826
1520 71.1 1.97801086168249 6.633925697649134 3004.071044921875 0.447021484375 1.1794964783804796 54542
1530 66.8 0.8689849305295658 1.3994331035562297 3004.071044921875 0.447021484375 1.189771824995645 55253
1540 62.7 1.1155096659439792 3.6938196358320683 3004.071044921875 0.447021484375 1.1859398898459992 55921
1550 61.4 0.920937006947272 1.5969442828116742 3004.071044921875 0.447021484375 1.1851589647843426 56548
1560 69.7 1.7454758675573887 5.669839806140861 3004.071044921875 0.447021484375 1.1823208506156297 57162
1570 66.1 0.9361821577155824 1.7590979427653826 3004.071044921875 0.447021484375 1.1891049126769928 57859
1580 69.9 1.781256636154329 6.209671501858142 3004.071044921875 0.447021484375 1.186248078414698 58520
1590 71.5 1.226377089707168 3.907060156561536 3004.071044921875 0.447021484375 1.193271347667134 59219
1600 67.1 0.9213008511084201 1.6531942656215923 3004.071044921875 0.447021484375 1.1936662921987624 59934
1610 58.6 1.0364694432593855 2.8253370167376506 3004.071044921875 0.447021484375 1.1906507454456625 60605
1620 55.5 1.2470386402027027 4.3398752877928555 3004.071044921875 0.447021484375 1.1891742171476913 61191
1630 64.7 0.8477932253429292 1.1384516257554669 3004.071044921875 0.447021484375 1.1896943278398096 61746
1640 59.4 0.8552426938657407 1.3194782484732246 3004.071044921875 0.447021484375 1.1861488978506203 62393
1650 59.1 1.270466915847081 4.099059242307719 3004.071044921875 0.447021484375 1.1830282811334085 62987
1660 57.6 1.2963710361056855 2.89105514754374 3004.071044921875 0.447021484375 1.183841081679443 63578
1670 62.6 1.2238675931010379 3.8753905954202064 3004.071044921875 0.447021484375 1.1848514201423528 64154
1680 61.8 1.4452860316798144 3.5991024333278943 3004.071044921875 0.447021484375 1.1852284520082395 64780
1690 63.2 0.9265387812747233 1.7121234779488572 3004.071044921875 0.447021484375 1.187685951996573 65398
1700 63.7 0.8324969185390506 1.1540143915636074 3004.071044921875 0.447021484375 1.185186406155346 66030
1710 61.6 0.972171932071834 1.9641312220238107 3004.071044921875 0.447021484375 1.1818164749508284 66667
1720 59.2 0.9535971976615282 2.07127403820588 3004.071044921875 0.447021484375 1.179897103959442 67283
1730 64.3 0.9694653358281493 1.8110666142920082 3004.071044921875 0.447021484375 1.177923335347606 67875
1740 77.3 3.036282202559021 9.750171897875175 3004.071044921875 0.447021484375 1.1759670830680442 68518
1750 76.5 1.4813559538398693 4.04233670200433 3004.071044921875 0.447021484375 1.1967204794307251 69291
1760 67.5 1.1248788339120372 3.2760085829697307 3004.071044921875 0.447021484375 1.1998286520058508 70056
1770 61.7 0.822212602562804 1.2128603926975428 3004.071044921875 0.447021484375 1.1991133909857417 70731
1780 62.6 0.8527321129942093 1.4123092476803802 3004.071044921875 0.447021484375 1.1958540454335616 71348
1790 63.8 1.0359265557650872 2.101340618006835 3004.071044921875 0.447021484375 1.1928697131787607 71974
1800 67.3 2.141453917278043 6.95168298366348 3004.071044921875 0.447021484375 1.191490743663668 72612
1810 63.8 0.8700314704153606 1.4235756569074367 3004.071044921875 0.447021484375 1.200214564579851 73285
1820 75.2 1.6675031946060508 5.25504535802959 3004.071044921875 0.447021484375 1.1973648856696748 73923
1830 79.8 1.1555031989152569 3.7199076733213974 3004.071044921875 0.447021484375 1.2020993216699447 74675
1840 86.3 1.8554127362760713 6.20762149993387 3004.071044921875 0.447021484375 1.2016066460646522 75473
1850 86.8 2.076785039242512 6.683626389629764 3004.071044921875 0.447021484375 1.2089981082299799 76336
1860 85.1 1.678890815492802 4.608953897759753 3004.071044921875 0.447021484375 1.2187545853052464 77204
1870 86 1.4884677620821232 4.016578397147209 3004.071044921875 0.447021484375 1.2237712521669415 78055
1880 82.1 1.4663341675548112 4.511423268478086 3004.071044921875 0.447021484375 1.2266558621717196 78915
1890 80.2 1.275140396080112 3.6222338670115053 3004.071044921875 0.447021484375 1.229123704660928 79736
1900 89.9 2.1752340382543096 7.14883824204555 3004.071044921875 0.447021484375 1.229581940357347 80538
1910 89 2.3562922445575847 7.095319376387792 3004.071044921875 0.447021484375 1.2400211907718928 81437
1920 85 3.0374233111213202 9.109431960682608 3004.071044921875 0.447021484375 1.2520886927805808 82327
1930 89.6 2.184287479945592 6.7804505966457285 3004.071044921875 0.447021484375 1.2703333328323936 83177
1940 86.2 1.8724427544047264 5.734459813502445 3004.071044921875 0.447021484375 1.2800737122147567 84073
1950 85.5 2.0757858187134484 6.4566127924148775 3004.071044921875 0.447021484375 1.2860856285551083 84935
1960 85.7 1.8824173739242993 6.279281687396777 3004.071044921875 0.447021484375 1.293955935847163 85790
1970 78.7 1.0552064927136287 2.967848997942598 3004.071044921875 0.447021484375 1.2997762349046273 86647
1980 85.4 2.151330594994148 6.76489671344245 3004.071044921875 0.447021484375 1.2975748442887993 87434
1990 80.3 1.7012944013659719 5.5093885726443785 3004.071044921875 0.447021484375 1.3058331286660914 88288
2000 94.4 2.0904166011487013 6.827533652253277 3004.071044921875 0.447021484375 1.3093975223980958 89091
2010 89.5 2.001306084148048 6.258886483353125 3004.071044921875 0.447021484375 1.3175863601871842 90035
2020 81 2.2751865716628097 6.864209658885955 3004.071044921875 0.447021484375 1.3243160330448216 90930
2030 86.3 1.2561357659508954 3.4547799308193157 3004.071044921875 0.447021484375 1.3327115544780086 91740
2040 89.2 2.2625458721622764 6.994701647955821 3004.071044921875 0.423095703125 1.3319979177113932 92603
2050 85.7 1.9739222487602086 6.73132759882519 3004.071044921875 0.423095703125 1.340875919480153 93495
2060 85.7 1.5654812504558047 4.964390618992981 3004.071044921875 0.423095703125 1.3466258845491819 94352
2070 80.3 1.4439124158429333 5.0663492198649855 3004.071044921875 0.423095703125 1.3485958563856886 95209
2080 88 2.4932511763139216 7.146144968161855 3004.071044921875 0.423095703125 1.3493930400423584 96012
2090 83 1.8039391942771084 5.585179236828183 3004.071044921875 0.423095703125 1.3597818766843823 96892
2100 89.5 5.8876759449196925 100.48693980077168 3004.071044921875 0.423095703125 1.363554318648341 97722
2110 84.2 1.280339256884651 3.8410525933485027 3004.071044921875 0.423095703125 1.404613049450463 98617
2120 90.7 2.111981948129137 7.086939878656059 3004.071044921875 0.423095703125 1.4035609723801081 99459
2130 84.2 2.0185918015142494 6.392343691032237 3004.071044921875 0.423095703125 1.4099629195036796 100366
2140 82.7 1.3915268737719158 4.113244364511091 3004.071044921875 0.423095703125 1.4150264077521668 101208
2150 82.4 2.323020268412469 8.578488272283407 3004.071044921875 0.423095703125 1.4148359425725554 102035
2160 77.3 3.051523146931597 10.69578718474362 3004.071044921875 0.423095703125 1.4221113767542224 102859
2170 88.1 1.2017496652419126 3.861320578010439 3004.071044921875 0.423095703125 1.4342652992718532 103632
2180 84 1.870660109747024 5.899992919788529 3004.071044921875 0.423095703125 1.432305291678727 104513
2190 79.8 1.5914110838619977 5.196095507749955 3004.071044921875 0.423095703125 1.4358003800689711 105353
2200 90.8 1.8685743693213095 5.5868010575910185 3004.071044921875 0.423095703125 1.4369701979852114 106151
2210 83.3 2.5156384819552797 7.771437929578388 3004.071044921875 0.423095703125 1.4406307644725986 107059
2220 87.5 2.0589813058035698 6.832895078725815 3004.071044921875 0.4091796875 1.4489305589769463 107892
2230 80.3 1.3375221337951422 4.190412306812695 3004.071044921875 0.4091796875 1.453838246083084 108767
2240 84.7 1.6213854504870122 5.342318081413026 3004.071044921875 0.4091796875 1.4529858061983782 109570
2250 83.3 1.005092955150809 2.241670391120157 3004.071044921875 0.4091796875 1.4542775864379471 110417
2260 86.7 2.095155990934978 6.563279393850665 3004.071044921875 0.4091796875 1.4509142534234556 111250
2270 93.6 2.1775617028912917 6.41987175121928 3004.071044921875 0.4091796875 1.4558961704068076 112117
2280 87.7 2.6034234807048184 8.171108165076122 3004.071044921875 0.4091796875 1.4618710577464225 113053
2290 85.2 1.6287116825300758 5.061468943412254 3004.071044921875 0.4091796875 1.4706583962431707 113930
2300 92.2 2.0512782694719363 6.398494602678432 3004.071044921875 0.4091796875 1.471831588903313 114782
2310 86.7 1.913370627432953 6.389405131339459 3004.071044921875 0.4091796875 1.4764489732589468 115704
2320 82.2 1.1475396446357975 2.954324904112778 3004.071044921875 0.4091796875 1.4796985900089865 116571
2330 89.7 2.044751765868872 6.551332177086074 3004.071044921875 0.4091796875 1.477372772855521 117393
2340 84.7 3.2271804899645797 9.443027820764522 3004.071044921875 0.4091796875 1.4816752409993452 118290
2350 83.8 1.8980025334688246 5.207499864110897 3004.071044921875 0.4091796875 1.4940848446142891 119137
2360 83.6 1.5722749700956944 5.86991996566172 3004.071044921875 0.4091796875 1.4969061242413788 119975
2370 82.6 1.895994024761652 5.661764588903917 3004.071044921875 0.4091796875 1.4974276690935382 120811
2380 85.7 1.2990876490482792 3.4519242442518574 3004.071044921875 0.4091796875 1.500134212413267 121637
2390 79.5 1.827877481328618 6.11766406415188 3004.071044921875 0.4091796875 1.4987276381744978 122494
2400 88.1 2.775795770963394 7.9673167120325745 3004.071044921875 0.4091796875 1.500850083204529 123289
2410 86.3 1.9130194565650327 6.52911046394247 3004.071044921875 0.4091796875 1.509895965067423 124170
2420 88.2 1.850574311755952 6.333383252645483 3004.071044921875 0.4091796875 1.5126783950911964 125033
2430 102.4 2.305073499679566 7.036452708631468 3004.071044921875 0.4091796875 1.5150452632045928 125915
2440 100.6 2.852730783269136 8.498671277817927 3004.071044921875 0.4091796875 1.521418315727067 126939
2450 107 4.231746951664717 10.992844106633992 3004.071044921875 0.4091796875 1.5318860975266477 127945
2460 108.7 5.062736728812096 14.00600132283184 3004.071044921875 0.4091796875 1.554277688534885 129015
2470 104.7 66.54515971973495 430.97830844552 3016.931884765625 0.4091796875 1.583590804219358 130102
2480 104.2 3.961194292826293 10.650975262741458 3016.931884765625 0.4091796875 2.10219759995966 131149
2490 109.9 4.022397625327 10.628898503211833 3016.931884765625 0.4091796875 2.1168512038658793 132191
2500 107.2 2.923177918391441 8.216083246561592 3016.931884765625 0.4091796875 2.1325627765058806 133290
2510 117.8 21.08517875736148 230.94279077903667 3016.931884765625 0.4091796875 2.1388706569490217 134362
2520 111.6 3.571318814404117 9.425530151262372 3016.931884765625 0.4091796875 2.3035360763254853 135540
2530 111.4 3.7208501791825603 10.589727678570707 3016.931884765625 0.4091796875 2.3138894127007323 136656
2540 117.2 4.849516884865607 14.303779351657829 3016.931884765625 0.4091796875 2.3252660135126706 137770
2550 113.5 3.688799860613998 12.308564605096821 3016.931884765625 0.4091796875 2.3465585098149093 138942
2560 117.7 3.0732349275833664 8.726403814817917 3016.931884765625 0.4091796875 2.357434270526211 140077
2570 111.7 67.5624283096464 435.98593381165574 3022.928955078125 0.4091796875 2.363398684796648 141254
2580 104.5 3.4442139840011934 9.991230659959868 3022.928955078125 0.4091796875 2.8749306406792168 142371
2590 104.6 3.699127022212594 9.911706675754626 3022.928955078125 0.4091796875 2.8790787210452256 143416
2600 104.1 3.4874594740633995 9.849296806624388 3022.928955078125 0.4091796875 2.8850164107007825 144462
2610 102.2 3.4485536937377685 9.293512978259571 3022.928955078125 0.4091796875 2.8893265845732143 145503
2620 103.1 2.7249778355358876 7.96048320987348 3022.928955078125 0.4091796875 2.893227148337529 146525
2630 112.4 4.317618264846526 11.089281837235777 3022.928955078125 0.4091796875 2.892051560482759 147556
2640 110.6 4.175238445482031 10.803219776671387 3022.928955078125 0.4091796875 2.9028286453341505 148680
2650 109.1 3.478685024132101 9.704039406508464 3022.928955078125 0.4091796875 2.9122239508965095 149786
2660 114.5 4.036639857396299 10.478300052829606 3022.928955078125 0.4091796875 2.916320062503315 150877
2670 110.9 4.514668690825063 12.904915231753064 3022.928955078125 0.4091796875 2.9247580922960585 152022
2680 99.6 3.1693502525727912 9.15197449929258 3022.928955078125 0.4091796875 2.9362724875117148 153131
2690 101.5 2.6919308516779594 8.152297422825137 3022.928955078125 0.4091796875 2.9377786834021222 154127
2700 99 3.717377387152777 11.448771106295718 3022.928955078125 0.4091796875 2.9361702501654743 155142
2710 108.9 3.6847945004017433 10.349390440156242 3022.928955078125 0.4091796875 2.941123719445426 156132
2720 101.9 2.3696440003220087 7.352554243808926 3022.928955078125 0.4091796875 2.946274796467334 157221
2730 99.5 3.134480017273871 8.764568863385028 3022.928955078125 0.4091796875 2.9425615331883144 158240
2740 106.2 2.378481877501176 7.483795589464547 3022.928955078125 0.4091796875 2.943760760064724 159235
2750 111 4.0736224750140755 10.554561701405683 3022.928955078125 0.4091796875 2.9400156732990177 160297
2760 98.8 4.088068541244942 10.677015226656057 3022.928955078125 0.4091796875 2.947811515795958 161407
2770 113.3 3.405461983878532 9.74357441795578 3022.928955078125 0.4091796875 2.9547487610383834 162395
2780 115.3 4.160721606000655 10.654995413501728 3022.928955078125 0.4091796875 2.9578715172726544 163528
2790 114.1 3.5569900392336757 9.271552579018124 3022.928955078125 0.4091796875 2.966293169754139 164681
2800 100.3 2.3491997153072037 7.532806776823023 3022.928955078125 0.4091796875 2.970357679457774 165822
2810 102.8 3.607887832107248 10.128605600159199 3022.928955078125 0.4091796875 2.9666230986812536 166825
2820 107 4.2012843622225535 10.481454097494623 3022.928955078125 0.4091796875 2.970550464566653 167853
2830 111.8 3.9680324274653365 10.480043884396148 3022.928955078125 0.4091796875 2.978346237022102 168923
2840 110.7 3.2433519647696443 9.268787547768717 3022.928955078125 0.4091796875 2.9848533097922902 170041
2850 112.1 40.72851758509424 336.021736568558 3064.39794921875 0.4091796875 2.9865253013496553 171148
2860 119.2 3.532823601025063 9.593752281465989 3064.39794921875 0.4091796875 3.2321224392565204 172269
2870 112.3 4.6891333290432975 11.559632762638211 3064.39794921875 0.4091796875 3.2341888160491603 173461
2880 110.4 3.8652275196020236 10.507715179164009 3064.39794921875 0.4091796875 3.2435476501238316 174584
2890 110.4 14.85837787130606 180.90145685558457 3064.39794921875 0.4091796875 3.247454203649991 175688
2900 111.9 3.1666033951910197 9.115755873635829 3064.39794921875 0.4091796875 3.319960084736761 176792
2910 117.4 3.3092642009156727 8.990815870923857 3064.39794921875 0.4091796875 3.3189955230424215 177911
2920 115.1 4.287527659372289 11.037265234258076 3064.39794921875 0.4091796875 3.318931728910156 179085
2930 104 40.99806330754206 333.7310174301737 3064.39794921875 0.4091796875 3.3251172518687317 180236
2940 114.3 4.4764586921752025 11.153154041497109 3064.39794921875 0.4091796875 3.5412510141864146 181276
2950 106.6 2.599083533653847 7.7962659503955205 3064.39794921875 0.4091796875 3.547110833481231 182419
2960 106.2 3.4779351588247436 9.585454979772797 3064.39794921875 0.4091796875 3.5416030420998323 183485
2970 101.9 3.579149959365799 10.387892202551544 3064.39794921875 0.4091796875 3.541236656886103 184547
2980 105.4 3.4832520457779887 10.052527670199773 3064.39794921875 0.4091796875 3.5414448504949902 185566
2990 102.6 3.6020683898330916 9.959581678352952 3064.39794921875 0.4091796875 3.5411161868138645 186620
3000 103.2 3.6797123398891713 9.577873203570654 3064.39794921875 0.4091796875 3.541449457761807 187646
3010 109.8 3.587734979792803 9.8377733181581 3064.39794921875 0.4091796875 3.5422057054131257 188678
3020 111.2 2.656584156502922 8.221407240055287 3064.39794921875 0.4091796875 3.542469127253974 189776
3030 123.3 4.5468852962794015 11.217147718734436 3064.39794921875 0.4091796875 3.537308488096588 190888
3040 133.1 3.5335531026953397 9.817400332154149 3064.39794921875 0.4091796875 3.543787780857345 192121
3050 133.1 133.19797456828758 608.8718477198211 3064.39794921875 0.4091796875 3.5437173636136174 193452
3060 129 3.6487210059350774 9.73523619524351 3064.39794921875 0.4091796875 4.429676694455739 194783
3070 119.3 3.9709423541622995 10.479985915915133 3064.39794921875 0.4091796875 4.424538644656982 196073
3080 134.9 3.62028839360174 9.642140885444805 3064.39794921875 0.4091796875 4.421795443220545 197266
3090 136.6 28.49516347770636 268.5081236638103 3064.39794921875 0.4091796875 4.416351579414006 198615
3100 136.2 4.162897006355535 10.931506832076046 3064.39794921875 0.4091796875 4.58082548970082 199981
3110 139.3 4.754205948828963 11.623168222540192 3064.39794921875 0.4091796875 4.577998380765738 201343
3120 129.5 107.07929084218142 545.9679121097852 3073.39306640625 0.4091796875 4.579209103786376 202736
3130 131.1 5.277428854702994 14.100256258155623 3073.39306640625 0.4091796875 5.2297847802827 204031
3140 122.8 2.944778889708877 8.73243610807485 3073.39306640625 0.4091796875 5.23008896248393 205342
3150 120.1 3.2291403078814507 8.952435349046539 3073.39306640625 0.4091796875 5.216503442953661 206570
3160 118.9 3.836638095300676 10.366586030442614 3073.39306640625 0.4091796875 5.205015684194153 207771
3170 123.9 88.42643406508518 497.6344175521656 3073.39306640625 0.4091796875 5.197229500459494 208960
3180 125.9 4.770670896110509 13.803334933293494 3073.39306640625 0.4091796875 5.687816917409961 210199
3190 127.2 3.852950186099642 10.259165151133761 3073.39306640625 0.4091796875 5.682356320786443 211458
3200 133.6 3.6460066926693493 9.825229866202365 3073.39306640625 0.4091796875 5.671417550498653 212730
3210 128.9 140.91180159492595 628.4746824584685 3073.39306640625 0.4091796875 5.658776827982886 214066
3220 136 3.2459131577435696 9.353851262332254 3073.39306640625 0.4091796875 6.468329190011118 215355
3230 136.6 4.724062113950408 12.359104979117875 3073.39306640625 0.4091796875 6.448106843593546 216715
3240 137 5.136398694114966 12.215082758542513 3073.39306640625 0.4091796875 6.43730789686874 218081
3250 128.9 155.72139937087866 658.0314439621211 3073.39306640625 0.4091796875 6.429186513927798 219451
3260 138.2 3.232930118544227 9.364468120999899 3073.39306640625 0.4091796875 7.300970795764391 220740
3270 140.2 3.4425660050374467 9.094794552661963 3073.39306640625 0.4091796875 7.275660235730183 222122
3280 138.7 5.889034653535064 15.517689306681401 3073.39306640625 0.4091796875 7.251618083158508 223524
3290 121.5 2.5062909915123477 7.2781465760187105 3073.39306640625 0.4091796875 7.243215189494402 224911
3300 138 161.60552553923222 669.4523354485104 3073.39306640625 0.4091796875 7.217763172032686 226126
3310 126.7 3.066346900897791 9.250718968858296 3073.39306640625 0.4091796875 8.1542444607316 227506
3320 138.2 3.0754484626560252 8.89960257268121 3073.39306640625 0.4091796875 8.126066458046365 228773
3330 133.5 3.847535734140916 9.70796711877777 3073.39306640625 0.4091796875 8.095739269544575 230155
3340 126.6 2.647437024832146 7.837068387663604 3073.39306640625 0.4091796875 8.071239931690828 231490
3350 124.5 143.7491614897091 633.591484063391 3073.39306640625 0.4091796875 8.041738932876262 232756
3360 126.8 5.263233076510749 12.164961331016961 3073.39306640625 0.4091796875 8.76376892883037 234001
3370 134 6.533747339960346 20.061140749827505 3073.39306640625 0.4091796875 8.744902527133839 235269
3380 138.1 6.265759710467962 19.041894435147434 3073.39306640625 0.4091796875 8.732379977480983 236609
3390 130.1 3.483902669521043 9.5943462210892 3073.39306640625 0.4091796875 8.718066760166202 237990
3400 129.4 175.35383202672222 697.6088245331426 3073.39306640625 0.4091796875 8.689609160499147 239291
3410 126.6 4.14451601531645 11.08316758570629 3073.39306640625 0.4091796875 9.586022088939792 240585
3420 132.2 3.692448556874055 9.904734324712685 3073.39306640625 0.4091796875 9.557537829254255 241851
3430 127.7 4.518793666185386 11.177594111412896 3073.39306640625 0.4091796875 9.525652512964673 243173
3440 126.7 3.725884417238063 9.876145938270064 3073.39306640625 0.4091796875 9.499496821627641 244450
3450 118.5 3.807072661194621 10.327036284234273 3073.39306640625 0.4091796875 9.469726122342033 245717
3460 135.7 212.41386819500713 763.4105228659569 3073.39306640625 0.4091796875 9.442548358081478 246902
3470 136.8 3.518236126816064 9.536567144021351 3073.39306640625 0.4091796875 10.552002923751637 248259
3480 132.1 4.871650412802803 11.85148926923763 3073.39306640625 0.4091796875 10.513456640784618 249627
3490 131.8 4.007557986176963 10.5643077115375 3073.39306640625 0.4091796875 10.483757954095886 250948
3500 133.5 3.3680856083216293 9.677992494146526 3073.39306640625 0.4091796875 10.449922115902403 252266
3510 128.4 4.463951800099782 11.397923780189137 3073.39306640625 0.4091796875 10.412642090438702 253601
3520 128.5 213.9381245060187 766.7303314564277 3073.39306640625 0.4091796875 10.382675170718846 254885
3530 133.3 3.171881593445238 9.237286943765957 3073.39306640625 0.4091796875 11.403750052226675 256170
3540 131.8 6.909644999525798 23.75468159831041 3073.39306640625 0.4091796875 11.361136643235106 257503
3550 136 4.730636237649356 11.703473817452451 3073.39306640625 0.4091796875 11.338468212209769 258821
3560 130.5 4.201080205340046 10.910682225273021 3073.39306640625 0.4091796875 11.30392821318831 260181
3570 142.1 4.135681882532105 10.811294148068495 3073.39306640625 0.4091796875 11.268479980203592 261486
3580 124.4 4.650629859261956 15.169651922302794 3073.39306640625 0.4091796875 11.229927541140382 262907
3590 124.8 184.99120096059968 715.5504110806747 3073.39306640625 0.4091796875 11.198942815296995 264151
3600 127.1 4.963629769866238 12.848626683440074 3073.39306640625 0.4091796875 12.016175503307643 265399
3610 133.4 4.605690745935618 11.218213133293133 3073.39306640625 0.4091796875 11.982561727377828 266670
3620 141.6 4.175113656426557 11.02459644381585 3073.39306640625 0.4091796875 11.945843074338157 268004
3630 141.7 3.1112940107842313 8.783566564262731 3073.39306640625 0.4091796875 11.905002183328719 269420
3640 154.1 3.5660044715282284 9.69680166091415 3073.39306640625 0.4091796875 11.858994125048293 270837
3650 160.3 3.4711939953895063 9.795896688738663 3073.39306640625 0.4091796875 11.81207588254679 272378
3660 141.1 195.00650147695566 734.9302986162661 3073.39306640625 0.4091796875 11.763275295407123 273981
3670 145.8 3.772804710273055 10.653497776711138 3073.39306640625 0.4091796875 12.702141319627742 275392
3680 150.6 7.01238130161646 23.295682138698034 3073.39306640625 0.4091796875 12.655115952907718 276850
3690 158.5 4.126788618888016 11.015480339066636 3073.39306640625 0.4091796875 12.62458685209852 278356
3700 160.2 3.1707739288292003 11.002514064523531 3073.39306640625 0.4091796875 12.576473105989024 279941
3710 160.6 4.266222734083133 10.920387434831547 3073.39306640625 0.4091796875 12.522953998492797 281543
3720 143.1 6.2905324620020915 14.28844145525602 3073.39306640625 0.4091796875 12.476122434861487 283149
3730 168.6 170.5351329364527 686.728284700576 3073.39306640625 0.4091796875 12.44501842456153 284580
3740 155 3.660857327368949 9.907450661743948 3073.39306640625 0.4091796875 13.37611025197746 286266
3750 155.3 4.1145588616287085 10.703557063232122 3073.39306640625 0.4091796875 13.32378987356506 287816
3760 153.7 3.481329675300909 9.318016109140622 3073.39306640625 0.4091796875 13.274365312670366 289369
3770 164.5 4.527082838620824 11.985772237151266 3073.39306640625 0.4091796875 13.222623871192237 290906
3780 151.1 4.396707833957232 11.255652145675468 3073.39306640625 0.4091796875 13.173729268204792 292551
3790 156.3 202.72137728426932 745.7514381502255 3073.39306640625 0.4091796875 13.128629665443645 294062
3800 158.5 4.392671622387623 11.42974731050661 3073.39306640625 0.4091796875 14.131026162790706 295625
3810 148.1 3.846147721398125 9.803906635791286 3073.39306640625 0.4091796875 14.079092203817122 297210
3820 150.7 3.755543142418715 9.981074706927728 3073.39306640625 0.4091796875 14.028354180982614 298691
3830 159.4 3.9391746760312096 9.919865523361521 3073.39306640625 0.4091796875 13.97678446287951 300198
3840 149.5 5.242395386966968 12.33822691670911 3073.39306640625 0.4091796875 13.923767981328519 301792
3850 154.3 5.757318206213552 15.63225210600974 3073.39306640625 0.4091796875 13.880974679839928 303287
3860 143.8 24.526199446931503 249.93569082366258 3073.39306640625 0.4091796875 13.839854048869205 304830
3870 163 245.13339768860246 1080.2025416148315 9027.451171875 0.4091796875 13.890028943675105 306268
3880 165.3 4.345271115727088 11.0735360841573 9027.451171875 0.4091796875 15.114222316331736 307898
3890 157 3.4252310783240456 9.559147894882736 9027.451171875 0.4091796875 15.056716198326628 309551
3900 154.3 3.9957179664715663 10.25905293540403 9027.451171875 0.4091796875 14.998020605170254 311121
3910 146.7 4.102943134372865 10.98999581319637 9027.451171875 0.4091796875 14.943724130451349 312664
3920 150.1 3.516091323232428 9.449152580725782 9027.451171875 0.4091796875 14.893097399179213 314131
3930 150.4 3.398838773686835 9.111684297335938 9027.451171875 0.4091796875 14.838993613378038 315632
3940 154.6 4.354296527581263 11.398265151784923 9027.451171875 0.4091796875 14.78473930961279 317136
3950 150.9 248.3068920461604 822.1832726879679 9027.451171875 0.4091796875 14.734138822164423 318682
3960 165.1 5.013773464708898 12.63022965303375 9027.451171875 0.4091796875 15.834923305847632 320191
3970 167.4 5.1016565685203785 13.377490399779056 9027.451171875 0.4091796875 15.779412470134083 321842
3980 156.9 4.028406516391811 10.210065174881382 9027.451171875 0.4091796875 15.72416152928633 323516
3990 152 4.5704907869037905 12.103473376133342 9027.451171875 0.4091796875 15.667712786295324 325085
4000 156.1 4.641727621016176 11.502194842882892 9027.451171875 0.4091796875 15.616066983447617 326605
4010 154.1 4.440883747870696 11.19957230231105 9027.451171875 0.4091796875 15.563864915760059 328166
4020 154.1 4.97482737467554 12.99020634708316 9027.451171875 0.4091796875 15.511877806054418 329707
4030 157.5 242.72126395089222 813.9079794801631 9027.451171875 0.4091796875 15.462858356232065 331248
4040 164.3 3.4887729489215613 10.033009791712033 9027.451171875 0.4091796875 16.53830082508665 332823
4050 157.6 3.9208192776907644 10.842394410973505 9027.451171875 0.4091796875 16.474197525198054 334466
4060 155.8 3.668470507561778 10.262444110318256 9027.451171875 0.4091796875 16.415323562663396 336042
4070 164.4 4.863581079636187 13.849243355640679 9027.451171875 0.4091796875 16.35649774198849 337600
4080 150.1 3.9476947009285475 10.490581011353406 9027.451171875 0.4091796875 16.30080226913442 339244
4090 149.8 4.148677077248841 12.659530909326465 9027.451171875 0.4091796875 16.246386167768655 340745
4100 150.9 271.37411808446177 855.1743301955174 9027.451171875 0.4091796875 16.193434410632353 342243
4110 155.5 4.571691462771303 11.361815298474315 9027.451171875 0.4091796875 17.313624698001764 343752
4120 144.9 4.249810786803394 10.796562949930216 9027.451171875 0.4091796875 17.256244725453325 345307
4130 145.6 3.015331729427799 8.701295290550632 9027.451171875 0.4091796875 17.201894338503703 346756
4140 157.3 4.579576651154249 12.365056603151697 9027.451171875 0.4091796875 17.142575202004057 348212
4150 150.1 3.778072918835364 10.21046541394571 9027.451171875 0.4091796875 17.086078792150897 349785
4160 162.3 3.1937124237041723 9.142728096428483 9027.451171875 0.4091796875 17.029215390774677 351286
4170 140.9 213.08453538081093 766.0017629384914 9027.451171875 0.4091796875 16.96558702959501 352909
4180 156.5 4.068848280251593 11.4631846555575 9027.451171875 0.4091796875 17.745484179124144 354318
4190 159.5 3.722089904976486 9.95676537342209 9027.451171875 0.4091796875 17.685340999534965 355883
4200 145.1 4.204443292072273 10.808274065676471 9027.451171875 0.4091796875 17.623039583795197 357478
4210 154.1 5.951137970980698 17.94294401746117 9027.451171875 0.4091796875 17.56879380477124 358929
4220 155.4 4.961965121511041 15.941486683776915 9027.451171875 0.4091796875 17.519128624201784 360470
4230 169.6 3.4976255308906965 9.50456009498241 9027.451171875 0.4091796875 17.46522658432824 362024
4240 147 3.6926977040816324 10.01341795269895 9027.451171875 0.4091796875 17.400096672894637 363720
4250 188.3 268.50492806214277 851.9882383753326 9027.451171875 0.4091796875 17.344920253813733 365190
4260 177.1 5.394917380937681 12.422727870295965 9027.451171875 0.4091796875 18.63331328381889 367073
4270 168.2 3.289070483195228 9.178376935559573 9027.451171875 0.4091796875 18.569749286183026 368844
4280 182 4.695000617058715 11.689959813251745 9027.451171875 0.4091796875 18.50038275928174 370526
4290 175.4 3.921457149283779 10.134872540184972 9027.451171875 0.4091796875 18.43290306163803 372346
4300 175 4.684156110491087 12.143529844313981 9027.451171875 0.4091796875 18.364864900370268 374100
4310 171.1 6.9403452156998835 21.202729800655984 9027.451171875 0.4091796875 18.301165976910674 375850
4320 162.6 136.45450455969404 618.2107802196691 9027.451171875 0.4091796875 18.249681940364443 377561
4330 188.5 158.7154416031169 664.8987001397913 9027.451171875 0.4091796875 18.756558604329793 379187
4340 184.3 4.6080926987249065 13.978353802014086 9027.451171875 0.4091796875 19.448875264836765 381072
4350 189.5 3.5953784630606846 9.615463851567814 9027.451171875 0.4091796875 19.37744541155511 382915
4360 183.7 3.6802830330106877 10.308023307795377 9027.451171875 0.4091796875 19.29972649347243 384810
4370 180.8 3.9917837497407356 10.941640982391958 9027.451171875 0.4091796875 19.225516897544185 386647
4380 174.2 4.056197471925231 11.173743783023504 9027.451171875 0.4091796875 19.15461398850394 388455
4390 157.3 3.6893247688036372 10.079750066815764 9027.451171875 0.4091796875 19.087208443172017 390197
4400 184.6 224.0517859825722 783.7603046322209 9027.451171875 0.4091796875 19.025384232487735 391770
4410 174.8 2.7600315539187603 8.114145149424566 9027.451171875 0.4091796875 19.98692730398548 393616
4420 170.5 3.8359075730846794 10.095040287847368 9027.451171875 0.4091796875 19.910763025570862 395364
4430 176.7 4.074976732721419 10.928735193432813 9027.451171875 0.4091796875 19.84173817460922 397069
4440 179.6 6.032941856469235 14.499188466644547 9027.451171875 0.4091796875 19.771885233882163 398836
4450 181.5 4.494964919077136 12.662952780724126 9027.451171875 0.4091796875 19.710294691175054 400632
4460 171.8 3.5041928807570564 9.259613953434073 9027.451171875 0.4091796875 19.64167491382212 402447
4470 164.8 306.9726435096515 907.8653255977475 9027.451171875 0.4091796875 19.57307868670496 404165
4480 185.7 19.48031677016019 326.5740342381184 9027.451171875 0.4091796875 20.740203650242883 405813
4490 176.9 3.736166652681602 10.773529318422103 9027.451171875 0.4091796875 20.734464670341705 407670
4500 178.2 4.152701055695849 10.53364786156901 9027.451171875 0.4091796875 20.661022743233538 409439
4510 169.3 3.9391334204721713 10.206558248933039 9027.451171875 0.4091796875 20.589484983130838 411221
4520 167.7 4.393184618645643 11.052779562143032 9027.451171875 0.4091796875 20.52121642068059 412914
4530 174.9 4.876167101066683 13.013418793295784 9027.451171875 0.4091796875 20.455979333208813 414591
4540 162.6 270.58708823416384 853.9409512512959 9027.451171875 0.4091796875 20.39053020126373 416340
4550 178.1 4.340197143897387 11.559868804384074 9027.451171875 0.4091796875 21.363862011414543 417966
4560 183.1 4.768769493915559 12.17408884573331 9027.451171875 0.4091796875 21.29163005471432 419747
4570 187.2 4.598317464192716 12.622167342262872 9027.451171875 0.4091796875 21.219867871472257 421578
4580 174.8 3.922458954206606 10.608077854319813 9027.451171875 0.4091796875 21.146386840978863 423450
4590 173.2 3.560460749179059 10.021013363098852 9027.451171875 0.4091796875 21.075578826956978 425198
4600 162.2 3.8934604630664347 10.6379233577944 9027.451171875 0.4091796875 21.00452224974125 426930
4610 167.3 253.40784720211676 829.6691679072196 9027.451171875 0.4091796875 20.939759648661365 428552
4620 169 5.005539536335056 11.74966983385853 9027.451171875 0.4091796875 21.843749678243398 430225
4630 172.4 3.7272042896244177 10.536048209149177 9027.451171875 0.4091796875 21.777865013112933 431915
4640 180 4.506913384331599 11.24358448987924 9027.451171875 0.4091796875 21.706101774365276 433639
4650 192.2 2.9983862838189377 8.598379905024265 9027.451171875 0.4091796875 21.635004470030893 435439
4660 179.7 3.755739410519268 10.157521641854084 9027.451171875 0.4091796875 21.55310512337241 437361
4670 166.1 4.1268731656381705 10.548317917234764 9027.451171875 0.4091796875 21.480279702485173 439158
4680 168.5 259.4435415024575 837.0733297177454 9027.451171875 0.4091796875 21.414892302537115 440819
4690 177.6 4.605627523886206 11.12565251610672 9027.451171875 0.4091796875 22.321275688680217 442504
4700 191.5 3.8967972319680086 10.152530022369936 9027.451171875 0.4091796875 22.250457755978598 444280
4710 184.4 3.597692526860764 9.567649950574072 9027.451171875 0.4091796875 22.171686680768254 446195
4720 183.3 4.289437301810557 11.10642842056763 9027.451171875 0.4091796875 22.095241448947352 448039
4730 183.9 3.8162300810987606 9.827812686404762 9027.451171875 0.4091796875 22.022691837053962 449872
4740 188.1 4.383865640367499 11.495545502345392 9027.451171875 0.4091796875 21.948569924660415 451711
4750 179 285.87543113324864 876.4348792184682 9027.451171875 0.4091796875 21.875730878207314 453592
4760 175.7 3.3744872630015683 9.857057006421414 9027.451171875 0.4091796875 22.913451876087173 455382
4770 169.1 4.214621554599723 10.991856222867842 9027.451171875 0.4091796875 22.83835445314756 457139
4780 179.6 3.168783005202534 8.645740354871922 9027.451171875 0.4091796875 22.769717414742388 458830
4790 174.9 4.528457388597059 11.729410761638707 9027.451171875 0.4091796875 22.69329255335911 460626
4800 169.9 4.2142943976695895 10.812353156818856 9027.451171875 0.4091796875 22.624581449378212 462375
4810 166.8 3.5051980876236506 9.695713437669392 9027.451171875 0.4091796875 22.5571803932948 464074
4820 99.8 4.046737762634646 10.639603677107726 9027.451171875 0.4091796875 22.488947967432715 465742
4830 30.7 108.53110924139861 558.6680508678804 9027.451171875 0.4091796875 22.449514180346995 466740
4840 4.6 0.7248057489809782 0.1429453318730021 9027.451171875 0.4091796875 22.506097457155846 467047
4850 0.6 0.8275146484375 0.10551364555368208 9027.451171875 0.4091796875 22.503952403775518 467093
4860 0.3 0.8837076822916666 0.050881441833745086 9027.451171875 0.4091796875 22.503673964672604 467099
4870 0 0 0 9027.451171875 0.4091796875 22.503535108707855 467102
4880 0.1 0.927001953125 0.0 9027.451171875 0.4091796875 22.503535108707855 467102
4890 0 0 0 9027.451171875 0.4091796875 22.503488916469408 467103
4900 0.1 0.796875 0.0 9027.451171875 0.4091796875 22.503488916469408 467103
4910 0 0 0 9027.451171875 0.4091796875 22.503442445846343 467104
4920 0 0 0 9027.451171875 0.4091796875 22.503442445846343 467104
