10 0.1 0.9686533028386923 0 0.9686533028386923 0.9686533028386923 0 0
20 0.1 0.1948249619482496 0.0 0.9686533028386923 0.1948249619482496 0.9686533028386923 1
30 0.1 5.046251553223803 0.0 5.046251553223803 0.1948249619482496 0.581739132393471 2
40 0.1 3.3577087141986595 0.0 5.046251553223803 0.1948249619482496 2.069909939336915 3
50 0.1 4.799068939549532 0.0 5.046251553223803 0.1948249619482496 2.391859633052351 4
60 0.1 4.694453149482921 0.0 5.046251553223803 0.1948249619482496 2.873301494351787 5
70 0.1 5.117926104095677 0.0 5.117926104095677 0.1948249619482496 3.176826770206976 6
80 0.1 3.47775777834919 0.0 5.117926104095677 0.1948249619482496 3.454126675048219 7
90 0.1 2.9735829018983138 0.0 5.117926104095677 0.1948249619482496 3.4570805629608405 8
100 0.1 4.198210598761184 0.0 5.117926104095677 0.1948249619482496 3.40335860062056 9
110 0.1 4.527270302707027 0.0 5.117926104095677 0.1948249619482496 3.4828438004346225 10
120 0.1 5.577608827289242 0.0 5.577608827289242 0.1948249619482496 3.577791664277568 11
130 0.1 3.498241784891476 0.0 5.577608827289242 0.1948249619482496 3.7444430945285405 12
140 0.1 5.670357571055787 0.0 5.670357571055787 0.1948249619482496 3.7255045322487663 13
150 0.1 8.027448695539587 0.0 8.027448695539587 0.1948249619482496 3.864422606449268 14
160 0.1 6.978577999737154 0.0 8.027448695539587 0.1948249619482496 4.14195767905529 15
170 0.1 7.581107188062088 0.0 8.027448695539587 0.1948249619482496 4.319246449097906 16
180 0.1 8.565545641729582 0.0 8.565545641729582 0.1948249619482496 4.511120610213446 17
190 0.1 5.783926218708827 0.0 8.565545641729582 0.1948249619482496 4.736366445297676 18
200 0.1 7.109227871939737 0.0 8.565545641729582 0.1948249619482496 4.791501170214053 19
210 0.1 6.126855600539811 0.0 8.565545641729582 0.1948249619482496 4.907387505300337 20
220 0.1 6.306829173921455 0.0 8.565545641729582 0.1948249619482496 4.965457414597454 21
230 0.1 4.742188005434431 0.0 8.565545641729582 0.1948249619482496 5.026428858203091 22
240 0.1 5.497022446174989 0.0 8.565545641729582 0.1948249619482496 5.014070560256627 23
250 0.1 6.189848384970336 0.0 8.565545641729582 0.1948249619482496 5.034193555503226 24
260 0.1 6.56002150826724 0.0 8.565545641729582 0.1948249619482496 5.08041974868191 25
270 0.1 8.58147229114971 0.0 8.58147229114971 0.1948249619482496 5.137327508665961 26
280 0.1 10.838363514419852 0.0 10.838363514419852 0.1948249619482496 5.264888426535729 27
290 0.1 10.801174496644295 0.0 10.838363514419852 0.1948249619482496 5.463941108245876 28
300 0.1 9.491789354473386 0.0 10.838363514419852 0.1948249619482496 5.647983638880305 29
310 0.1 6.839883078921728 0.0 10.838363514419852 0.1948249619482496 5.776110496066741 30
320 0.1 6.7361987643659065 0.0 10.838363514419852 0.1948249619482496 5.810425740674966 31
330 0.1 7.163588390501319 0.0 10.838363514419852 0.1948249619482496 5.839356147665308 32
340 0.1 8.79327731092437 0.0 10.838363514419852 0.1948249619482496 5.879484397448218 33
350 0.1 9.282073067119796 0.0 10.838363514419852 0.1948249619482496 5.965184189021046 34
360 0.1 8.644518272425248 0.0 10.838363514419852 0.1948249619482496 6.05995244268101 35
370 0.1 9.349258649093905 0.0 10.838363514419852 0.1948249619482496 6.131745937951683 36
380 0.1 8.85832004253057 0.0 10.838363514419852 0.1948249619482496 6.218705740955527 37
390 0.1 11.601129698023028 0.0 11.601129698023028 0.1948249619482496 6.288169275207502 38
400 0.1 11.492178098676293 0.0 11.601129698023028 0.1948249619482496 6.4243990296386695 39
410 0.1 12.692527096406161 0.0 12.692527096406161 0.1948249619482496 6.5510935063646105 40
420 0.1 16.388949000937746 0.0 16.388949000937746 0.1948249619482496 6.700884569536354 41
430 0.1 14.748021954522775 0.0 16.388949000937746 0.1948249619482496 6.931552770284007 42
440 0.1 12.688232013385386 0.0 16.388949000937746 0.1948249619482496 7.113331123405839 43
450 0.1 13.030881209808495 0.0 16.388949000937746 0.1948249619482496 7.24003341635992 44
460 0.1 11.124057573680602 0.0 16.388949000937746 0.1948249619482496 7.3687189228809995 45
470 0.1 12.90368574891281 0.0 16.388949000937746 0.1948249619482496 7.4503567196375124 46
480 0.1 16.824114804932574 0.0 16.824114804932574 0.1948249619482496 7.5663849968561365 47
490 0.1 12.864712115860119 0.0 16.824114804932574 0.1948249619482496 7.759254367857729 48
500 0.1 12.178506881690533 0.0 16.824114804932574 0.1948249619482496 7.863447383123083 49
510 0.1 12.376480482164132 0.0 16.824114804932574 0.1948249619482496 7.949748573094432 50
520 0.1 16.415107965624323 0.0 16.824114804932574 0.1948249619482496 8.036547237978152 51
530 0.1 15.808080808080808 0.0 16.824114804932574 0.1948249619482496 8.1976734058175 52
540 0.1 16.258577103647525 0.0 16.824114804932574 0.1948249619482496 8.341265998313034 53
550 0.1 15.717606042998256 0.0 16.824114804932574 0.1948249619482496 8.487882870634042 54
560 0.1 18.016179578747902 0.0 18.016179578747902 0.1948249619482496 8.619332382858845 55
570 0.1 18.37101362479413 0.0 18.37101362479413 0.1948249619482496 8.787133225642577 56
580 0.1 13.210842531787062 0.0 18.37101362479413 0.1948249619482496 8.955271478259272 57
590 0.1 13.894631781564126 0.0 18.37101362479413 0.1948249619482496 9.028643392975269 58
600 0.1 17.401425869343807 0.0 18.37101362479413 0.1948249619482496 9.111117772442876 59
610 0.1 16.978136950717946 0.0 18.37101362479413 0.1948249619482496 9.249289574057892 60
620 0.1 19.093510013552176 0.0 19.093510013552176 0.1948249619482496 9.375991990068714 61
630 0.1 25.825965565379246 0.0 25.825965565379246 0.1948249619482496 9.532726151737801 62
640 0.1 24.757661038148843 0.0 25.825965565379246 0.1948249619482496 9.79134899957338 63
650 0.1 29.41079657669519 0.0 29.41079657669519 0.1948249619482496 10.025197625176121 64
660 0.1 26.903553299492383 0.0 29.41079657669519 0.1948249619482496 10.323437609045644 65
670 0.1 31.587416525866924 0.0 31.587416525866924 0.1948249619482496 10.574651483143322 66
680 0.1 25.972907368256205 0.0 31.587416525866924 0.1948249619482496 10.888274841989944 67
690 0.1 27.12051808561049 0.0 31.587416525866924 0.1948249619482496 11.110107673258565 68
700 0.1 29.700975255903927 0.0 31.587416525866924 0.1948249619482496 11.342142606770912 69
710 0.1 27.541766109785204 0.0 31.587416525866924 0.1948249619482496 11.604411644615668 70
720 0.1 29.69795918367347 0.0 31.587416525866924 0.1948249619482496 11.828881425815238 71
730 0.1 26.232572630267153 0.0 31.587416525866924 0.1948249619482496 12.077063061341047 72
740 0.1 26.37336691326932 0.0 31.587416525866924 0.1948249619482496 12.270974151326335 73
750 0.1 24.798324542351846 0.0 31.587416525866924 0.1948249619482496 12.461547026487727 74
760 0.1 26.073933948135885 0.0 31.587416525866924 0.1948249619482496 12.626037393365914 75
770 0.1 26.465087281795512 0.0 31.587416525866924 0.1948249619482496 12.802983400665518 76
780 0.1 27.3400998872241 0.0 31.587416525866924 0.1948249619482496 12.980413321199674 77
790 0.1 25.047830412489475 0.0 31.587416525866924 0.1948249619482496 13.164511866917934 78
800 0.1 25.447128961405713 0.0 31.587416525866924 0.1948249619482496 13.314933620659346 79
810 0.1 23.613021549747824 0.0 31.587416525866924 0.1948249619482496 13.466586062418676 80
820 0.1 26.916094403662484 0.0 31.587416525866924 0.1948249619482496 13.591850698064714 81
830 0.1 27.45735819119397 0.0 31.587416525866924 0.1948249619482496 13.75434147496225 82
840 0.1 24.412268410400127 0.0 31.587416525866924 0.1948249619482496 13.919438061904799 83
850 0.1 28.04056730845416 0.0 31.587416525866924 0.1948249619482496 14.044352708910697 84
860 0.1 26.2443083686607 0.0 31.587416525866924 0.1948249619482496 14.209014057140621 85
870 0.1 25.963375796178344 0.0 31.587416525866924 0.1948249619482496 14.348959339832716 86
880 0.1 24.34376674064437 0.0 31.587416525866924 0.1948249619482496 14.482458379560827 87
890 0.1 27.3186119873817 0.0 31.587416525866924 0.1948249619482496 14.594518701845868 88
900 0.1 22.995391705069125 0.0 31.587416525866924 0.1948249619482496 14.737486042132787 89
910 0.1 20.29569892473118 0.0 31.587416525866924 0.1948249619482496 14.829240549498746 90
920 0.1 25.65707133917397 0.0 31.587416525866924 0.1948249619482496 14.889311520655145 91
930 0.1 20.76248970114598 0.0 31.587416525866924 0.1948249619482496 15.006352388247743 92
940 0.1 22.21463266545234 0.0 31.587416525866924 0.1948249619482496 15.0682463378488 93
950 0.1 24.27754597434709 0.0 31.587416525866924 0.1948249619482496 15.144271724312668 94
960 0.1 26.148744670772146 0.0 31.587416525866924 0.1948249619482496 15.240411453260398 95
970 0.1 23.71338992123576 0.0 31.587416525866924 0.1948249619482496 15.354039924276146 96
980 0.1 23.255992036143656 0.0 31.587416525866924 0.1948249619482496 15.440218790224185 97
990 0.1 26.56262441277172 0.0 31.587416525866924 0.1948249619482496 15.519971578447851 98
1000 0.1 23.433698296836983 0.0 31.587416525866924 0.1948249619482496 15.631513526269307 99
1010 0.1 25.41080273606416 0.0 31.587416525866924 0.1948249619482496 15.709535373974983 100
1020 0.1 24.902144981994674 0.0 31.587416525866924 0.1948249619482496 15.805587526074877 101
1030 0.1 25.009604302727624 0.0 31.587416525866924 0.1948249619482496 15.894769461917228 102
1040 0.1 25.585218820950445 0.0 31.587416525866924 0.1948249619482496 15.983263004061019 103
1050 0.1 23.20590723790478 0.0 31.587416525866924 0.1948249619482496 16.07558950230034 104
1060 0.1 24.272144567148043 0.0 31.587416525866924 0.1948249619482496 16.143497290258477 105
1070 0.1 19.24226573008519 0.0 31.587416525866924 0.1948249619482496 16.220182641927245 106
1080 0.1 21.218691588785045 0.0 31.587416525866924 0.1948249619482496 16.24842640910629 107
1090 0.1 23.655008800795898 0.0 31.587416525866924 0.1948249619482496 16.294447382992207 108
1100 0.1 29.012048192771083 0.0 31.587416525866924 0.1948249619482496 16.361975469394075 109
1110 0.1 26.362274268590806 0.0 31.587416525866924 0.1948249619482496 16.476976130515684 110
1120 0.1 23.950161513613292 0.0 31.587416525866924 0.1948249619482496 16.566032870498343 111
1130 0.1 26.272848513375695 0.0 31.587416525866924 0.1948249619482496 16.631962590526154 112
1140 0.1 25.78803285099726 0.0 31.587416525866924 0.1948249619482496 16.717280165064643 113
1150 0.1 22.048862166070478 0.0 31.587416525866924 0.1948249619482496 16.796848171081596 114
1160 0.1 22.114363719096012 0.0 31.587416525866924 0.1948249619482496 16.842517857994544 115
1170 0.1 25.07780890133831 0.0 31.587416525866924 0.1948249619482496 16.887964805073004 116
1180 0.1 30.40556949728811 0.0 31.587416525866924 0.1948249619482496 16.95796347256245 117
1190 0.1 28.371348539415763 0.0 31.587416525866924 0.1948249619482496 17.071926235483854 118
1200 0.1 28.29346092503987 0.0 31.587416525866924 0.1948249619482496 17.166879364088324 119
1210 0.1 29.890555330360762 0.0 31.587416525866924 0.1948249619482496 17.259600877096254 120
1220 0.1 25.476711472335108 0.0 31.587416525866924 0.1948249619482496 17.363988930429016 121
1230 0.1 30.900974025974026 0.0 31.587416525866924 0.1948249619482496 17.430486656182346 122
1240 0.1 39.085418464193275 0.0 39.085418464193275 0.1948249619482496 17.540002813660326 123
1250 0.1 34.439311213775724 0.0 39.085418464193275 0.1948249619482496 17.713756165680753 124
1260 0.1 37.86315970431494 0.0 39.085418464193275 0.1948249619482496 17.847560606065514 125
1270 0.1 41.687934524333365 0.0 41.687934524333365 0.1948249619482496 18.006414567162732 126
1280 0.1 43.26811399982132 0.0 43.26811399982132 0.1948249619482496 18.192883228242817 127
1290 0.1 36.91865381363098 0.0 43.26811399982132 0.1948249619482496 18.388783468645773 128
1300 0.1 36.67203799508099 0.0 43.26811399982132 0.1948249619482496 18.532425874420852 129
1310 0.1 35.7829378242749 0.0 43.26811399982132 0.1948249619482496 18.671961352272085 130
1320 0.1 38.9324149806285 0.0 43.26811399982132 0.1948249619482496 18.80257949327974 131
1330 0.1 41.62124142781783 0.0 43.26811399982132 0.1948249619482496 18.955078246971777 132
1340 0.1 38.55380101820692 0.0 43.26811399982132 0.1948249619482496 19.12550052652701 133
1350 0.1 35.60905800151528 0.0 43.26811399982132 0.1948249619482496 19.2704878436291 134
1360 0.1 40.36881664044748 0.0 43.26811399982132 0.1948249619482496 19.39151428924307 135
1370 0.1 40.38411174159756 0.0 43.26811399982132 0.1948249619482496 19.545759159472514 136
1380 0.1 40.26916947051532 0.0 43.26811399982132 0.1948249619482496 19.69786392284569 137
1390 0.1 38.40413804799457 0.0 43.26811399982132 0.1948249619482496 19.846931354350545 138
1400 0.1 34.30913348946136 0.0 43.26811399982132 0.1948249619482496 19.98043643847748 139
1410 0.1 33.58327084895443 0.0 43.26811399982132 0.1948249619482496 20.082784274555934 140
1420 0.1 37.227334696659845 0.0 43.26811399982132 0.1948249619482496 20.178532406289257 141
1430 0.1 39.71453287197232 0.0 43.26811399982132 0.1948249619482496 20.298594394249616 142
1440 0.1 38.38821490467937 0.0 43.26811399982132 0.1948249619482496 20.434370187800123 143
1450 0.1 38.565524367143105 0.0 43.26811399982132 0.1948249619482496 20.55904966500067 144
1460 0.1 30.569738228381553 0.0 43.26811399982132 0.1948249619482496 20.683232249153377 145
1470 0.1 32.407562322235236 0.0 43.26811399982132 0.1948249619482496 20.75094804353165 146
1480 0.1 40.54683456960497 0.0 43.26811399982132 0.1948249619482496 20.830244739305144 147
1490 0.1 36.86087990487515 0.0 43.26811399982132 0.1948249619482496 20.963464940861225 148
1500 0.1 38.699314057480244 0.0 43.26811399982132 0.1948249619482496 21.070159001022393 149
1510 0.1 38.3444501453737 0.0 43.26811399982132 0.1948249619482496 21.187686701398775 150
1520 0.1 47.9383820680749 0.0 47.9383820680749 0.1948249619482496 21.301307651358872 151
1530 0.1 40.35103115401492 0.0 47.9383820680749 0.1948249619482496 21.476551561995162 152
1540 0.1 31.724812520378222 0.0 47.9383820680749 0.1948249619482496 21.59991417370771 153
1550 0.1 32.53320135280046 0.0 47.9383820680749 0.1948249619482496 21.66566026686791 154
1560 0.1 41.64173851838818 0.0 47.9383820680749 0.1948249619482496 21.73577343516425 155
1570 0.1 37.46690579895807 0.0 47.9383820680749 0.1948249619482496 21.863375775441327 156
1580 0.1 36.148361907995245 0.0 47.9383820680749 0.1948249619482496 21.96276131699239 157
1590 0.1 44.89497716894977 0.0 47.9383820680749 0.1948249619482496 22.052543599213926 158
1600 0.1 40.24421927773448 0.0 47.9383820680749 0.1948249619482496 22.196206703426103 159
1610 0.1 32.572085763575124 0.0 47.9383820680749 0.1948249619482496 22.30900678201553 160
1620 0.1 28.25201629002635 0.0 47.9383820680749 0.1948249619482496 22.37275261419913 161
1630 0.1 32.133739603063496 0.0 47.9383820680749 0.1948249619482496 22.409044365284483 162
1640 0.1 35.039960039960036 0.0 47.9383820680749 0.1948249619482496 22.468705072264722 163
1650 0.1 31.558022032634803 0.0 47.9383820680749 0.1948249619482496 22.54535906597018 164
1660 0.1 30.49240902883766 0.0 47.9383820680749 0.1948249619482496 22.59998126576815 165
1670 0.1 34.78920741989882 0.0 47.9383820680749 0.1948249619482496 22.64752601132881 166
1680 0.1 31.723800993404446 0.0 47.9383820680749 0.1948249619482496 22.720230690422046 167
1690 0.1 36.442332173470255 0.0 47.9383820680749 0.1948249619482496 22.77382337079694 168
1700 0.1 34.501212475959534 0.0 47.9383820680749 0.1948249619482496 22.854702121108616 169
1710 0.1 35.81898755752514 0.0 47.9383820680749 0.1948249619482496 22.923211005548914 170
1720 0.1 33.3994708994709 0.0 47.9383820680749 0.1948249619482496 22.99862490351369 171
1730 0.1 29.72494772398263 0.0 47.9383820680749 0.1948249619482496 23.059094938373907 172
1740 0.1 47.30765678396601 0.0 47.9383820680749 0.1948249619482496 23.097625879331183 173
1750 0.1 44.97020046956836 0.0 47.9383820680749 0.1948249619482496 23.23676398797851 174
1760 0.1 42.60149572649573 0.0 47.9383820680749 0.1948249619482496 23.360955053587595 175
1770 0.1 31.627640412641234 0.0 47.9383820680749 0.1948249619482496 23.470276307410938 176
1780 0.1 34.044681560520175 0.0 47.9383820680749 0.1948249619482496 23.516363110265345 177
1790 0.1 34.00216468237449 0.0 47.9383820680749 0.1948249619482496 23.57551096672745 178
1800 0.1 38.047225094794904 0.0 47.9383820680749 0.1948249619482496 23.633760428826037 179
1810 0.1 35.42736842105263 0.0 47.9383820680749 0.1948249619482496 23.713835232525863 180
1820 0.1 39.7493908806126 0.0 47.9383820680749 0.1948249619482496 23.77855088550115 181
1830 0.1 48.60443622920518 0.0 48.60443622920518 0.1948249619482496 23.86630275360616 182
1840 0.1 56.73932166943602 0.0 56.73932166943602 0.1948249619482496 24.00148381084987 183
1850 0.1 52.73881728582259 0.0 56.73932166943602 0.1948249619482496 24.179406842690014 184
1860 0.1 60.15625 0.0 60.15625 0.1948249619482496 24.333782034274517 185
1870 0.1 54.49280957436541 0.0 60.15625 0.1948249619482496 24.52637594806874 186
1880 0.1 49.457378721825435 0.0 60.15625 0.1948249619482496 24.68662425623075 187
1890 0.1 45.905211548937714 0.0 60.15625 0.1948249619482496 24.81838358849455 188
1900 0.1 51.44149236856982 0.0 60.15625 0.1948249619482496 24.929954106803773 189
1910 0.1 60.78078078078079 0.0 60.78078078078079 0.1948249619482496 25.069488518707807 190
1920 0.1 56.500739280433706 0.0 60.78078078078079 0.1948249619482496 25.256458635263165 191
1930 0.1 56.95299521157041 0.0 60.78078078078079 0.1948249619482496 25.419189263623426 192
1940 0.1 57.23981900452488 0.0 60.78078078078079 0.1948249619482496 25.582576859208647 193
1950 0.1 55.9721685349826 0.0 60.78078078078079 0.1948249619482496 25.745758519751515 194
1960 0.1 51.78250591016549 0.0 60.78078078078079 0.1948249619482496 25.900765750598854 195
1970 0.1 49.76157082748948 0.0 60.78078078078079 0.1948249619482496 26.032815445290517 196
1980 0.1 51.785882574686646 0.0 60.78078078078079 0.1948249619482496 26.15326598022554 197
1990 0.1 55.709041731066456 0.0 60.78078078078079 0.1948249619482496 26.282723639793527 198
2000 0.1 56.33004203734481 0.0 60.78078078078079 0.1948249619482496 26.430594584975804 199
2010 0.1 64.2043142043142 0.0 64.2043142043142 0.1948249619482496 26.580091822237645 200
2020 0.1 52.55818336003016 0.0 64.2043142043142 0.1948249619482496 26.767277008218127 201
2030 0.1 51.088792941618166 0.0 64.2043142043142 0.1948249619482496 26.894954762435017 202
2040 0.1 59.87184621545855 0.0 64.2043142043142 0.1948249619482496 27.01413623129799 203
2050 0.1 54.82125603864735 0.0 64.2043142043142 0.1948249619482496 27.175203437102695 204
2060 0.1 52.10565895845084 0.0 64.2043142043142 0.1948249619482496 27.310062230280963 205
2070 0.1 50.90671153486633 0.0 64.2043142043142 0.1948249619482496 27.430429204689553 206
2080 0.1 56.84631127570412 0.0 64.2043142043142 0.1948249619482496 27.543841196622772 207
2090 0.1 52.02077431539188 0.0 64.2043142043142 0.1948249619482496 27.68471845661836 208
2100 0.1 61.58642543187162 0.0 64.2043142043142 0.1948249619482496 27.801158915272776 209
2110 0.1 51.059262715818946 0.0 64.2043142043142 0.1948249619482496 27.962041136780385 210
2120 0.1 57.681017612524464 0.0 64.2043142043142 0.1948249619482496 28.071506641894317 211
2130 0.1 55.13811087502415 0.0 64.2043142043142 0.1948249619482496 28.21117414647276 212
2140 0.1 46.374553121276016 0.0 64.2043142043142 0.1948249619482496 28.33759168979929 213
2150 0.1 47.183098591549296 0.0 64.2043142043142 0.1948249619482496 28.42187655630152 214
2160 0.1 52.56742489682311 0.0 64.2043142043142 0.1948249619482496 28.509138054139882 215
2170 0.1 56.8402642829382 0.0 64.2043142043142 0.1948249619482496 28.6205190117449 216
2180 0.1 53.88883574093561 0.0 64.2043142043142 0.1948249619482496 28.750563920828736 217
2190 0.1 45.05336801506862 0.0 64.2043142043142 0.1948249619482496 28.86587709431547 218
2200 0.1 59.73767885532592 0.0 64.2043142043142 0.1948249619482496 28.939792577971872 219
2210 0.1 56.58546054547219 0.0 64.2043142043142 0.1948249619482496 29.07978297014166 220
2220 0.1 53.42949942682461 0.0 64.2043142043142 0.1948249619482496 29.204243049668047 221
2230 0.1 50.041624271575245 0.0 64.2043142043142 0.1948249619482496 29.313365826141727 222
2240 0.1 52.80387133504127 0.0 64.2043142043142 0.1948249619482496 29.4063176577356 223
2250 0.1 50.226872858598014 0.0 64.2043142043142 0.1948249619482496 29.51077102236643 224
2260 0.1 54.22548645555132 0.0 64.2043142043142 0.1948249619482496 29.602842586083014 225
2270 0.1 64.05148636224334 0.0 64.2043142043142 0.1948249619482496 29.711792337717828 226
2280 0.1 58.26302729528536 0.0 64.2043142043142 0.1948249619482496 29.863068522847897 227
2290 0.1 48.17033828002581 0.0 64.2043142043142 0.1948249619482496 29.987629745534026 228
2310 0.1 62.563169597736 0.0 64.2043142043142 0.1948249619482496 30.067030219483772 229
2320 0.1 59.811491025769584 0.0 64.2043142043142 0.1948249619482496 30.208317781997916 230
2330 0.1 46.011230947499776 0.0 64.2043142043142 0.1948249619482496 30.336470047122468 231
2340 0.1 59.15548931942375 0.0 64.2043142043142 0.1948249619482496 30.40403367169306 232
2350 0.1 53.05398408284591 0.0 64.2043142043142 0.1948249619482496 30.527430477048128 233
2360 0.1 50.999906112102146 0.0 64.2043142043142 0.1948249619482496 30.623697800149827 234
2370 0.1 51.20990433314575 0.0 64.2043142043142 0.1948249619482496 30.71040506956239 235
2380 0.1 51.347797501643655 0.0 64.2043142043142 0.1948249619482496 30.797267354577574 236
2390 0.1 52.505010020040075 0.0 64.2043142043142 0.1948249619482496 30.88397845224452 237
2400 0.1 48.091533180778036 0.0 64.2043142043142 0.1948249619482496 30.97482312269744 238
2410 0.1 63.18102831442298 0.0 64.2043142043142 0.1948249619482496 31.046441156413263 239
2420 0.1 51.243874858650585 0.0 64.2043142043142 0.1948249619482496 31.180335269571636 240
2430 0.1 53.63801510660675 0.0 64.2043142043142 0.1948249619482496 31.263586471186073 241
2440 0.1 73.83966244725738 0.0 73.83966244725738 0.1948249619482496 31.356042787861366 242
2450 0.1 64.95805197462656 0.0 73.83966244725738 0.1948249619482496 31.530872498393858 243
2460 0.1 71.97273022400174 0.0 73.83966244725738 0.1948249619482496 31.667869135591534 244
2470 0.1 75.41831792162044 0.0 75.41831792162044 0.1948249619482496 31.832378772687086 245
2480 0.1 63.84175015334288 0.0 75.41831792162044 0.1948249619482496 32.009557387113645 246
2490 0.1 73.86290148738952 0.0 75.41831792162044 0.1948249619482496 32.13843266147085 247
2500 0.1 77.00944969427461 0.0 77.00944969427461 0.1948249619482496 32.306676487381814 248
2510 0.1 64.5869856656698 0.0 77.00944969427461 0.1948249619482496 32.48620569704805 249
2520 0.1 76.28957272526013 0.0 77.00944969427461 0.1948249619482496 32.614608816922534 250
2530 0.1 77.42758850294085 0.0 77.42758850294085 0.1948249619482496 32.7886126571948 251
2540 0.1 67.5770831110637 0.0 77.42758850294085 0.1948249619482496 32.96575145023346 252
2550 0.1 83.56635071090047 0.0 83.56635071090047 0.1948249619482496 33.10255513268734 253
2560 0.1 79.82692739941561 0.0 83.56635071090047 0.1948249619482496 33.301231493231484 254
2570 0.1 67.45865606028887 0.0 83.56635071090047 0.1948249619482496 33.4836852026675 255
2580 0.1 76.48871766648323 0.0 83.56635071090047 0.1948249619482496 33.61639993258009 256
2590 0.1 76.30881378396289 0.0 83.56635071090047 0.1948249619482496 33.78321828952134 257
2600 0.1 78.06071388858 0.0 83.56635071090047 0.1948249619482496 33.948046179034684 258
2610 0.1 73.34479793637145 0.0 83.56635071090047 0.1948249619482496 34.11836535938042 259
2620 0.1 69.7467267654003 0.0 83.56635071090047 0.1948249619482496 34.26923625390731 260
2630 0.1 74.20189818809318 0.0 83.56635071090047 0.1948249619482496 34.405165336326824 261
2640 0.1 77.19792605951308 0.0 83.56635071090047 0.1948249619482496 34.55706126324197 262
2650 0.1 77.45594713656388 0.0 83.56635071090047 0.1948249619482496 34.71919382900725 263
2660 0.1 75.42410222515973 0.0 83.56635071090047 0.1948249619482496 34.88107547032376 264
2670 0.1 79.8810592459605 0.0 83.56635071090047 0.1948249619482496 35.03406802411559 265
2680 0.1 81.00597152044098 0.0 83.56635071090047 0.1948249619482496 35.20266573547591 266
2690 0.1 68.51342778600127 0.0 83.56635071090047 0.1948249619482496 35.37421369721736 267
2700 0.1 68.27513227513228 0.0 83.56635071090047 0.1948249619482496 35.497867481130726 268
2710 0.1 72.43445692883896 0.0 83.56635071090047 0.1948249619482496 35.61971604913817 269
2720 0.1 77.72469725586046 0.0 83.56635071090047 0.1948249619482496 35.756066941285205 270
2730 0.1 70.63934777944647 0.0 83.56635071090047 0.1948249619482496 35.91093273580393 271
2740 0.1 74.36897410898061 0.0 83.56635071090047 0.1948249619482496 36.038610732287914 272
2750 0.1 78.90589824403422 0.0 83.56635071090047 0.1948249619482496 36.179014993741 273
2760 0.1 77.98813868613139 0.0 83.56635071090047 0.1948249619482496 36.33495252385156 274
2770 0.1 77.94298490776971 0.0 83.56635071090047 0.1948249619482496 36.486418655350754 275
2780 0.1 79.25689537269204 0.0 83.56635071090047 0.1948249619482496 36.63662360554068 276
2790 0.1 78.78081279147236 0.0 83.56635071090047 0.1948249619482496 36.790487402534005 277
2800 0.1 80.41643218908273 0.0 83.56635071090047 0.1948249619482496 36.941531738465436 278
2810 0.1 64.9215769393811 0.0 83.56635071090047 0.1948249619482496 37.09735575441747 279
2820 0.1 69.2936491301614 0.0 83.56635071090047 0.1948249619482496 37.1967279729352 280
2830 0.1 82.82279505259508 0.0 83.56635071090047 0.1948249619482496 37.31095189164419 281
2840 0.1 80.59114407732075 0.0 83.56635071090047 0.1948249619482496 37.47234140639933 282
2850 0.1 72.5152455333262 0.0 83.56635071090047 0.1948249619482496 37.62470466672061 283
2860 0.1 82.58529883215022 0.0 83.56635071090047 0.1948249619482496 37.747558683856546 284
2870 0.1 82.99004859986114 0.0 83.56635071090047 0.1948249619482496 37.90488408788565 285
2880 0.1 80.4975922953451 0.0 83.56635071090047 0.1948249619482496 38.0625245232422 286
2890 0.1 66.16920651602733 0.0 83.56635071090047 0.1948249619482496 38.21038190223908 287
2900 0.1 82.12643678160919 0.0 83.56635071090047 0.1948249619482496 38.30746115437029 288
2910 0.1 80.89630730536183 0.0 83.56635071090047 0.1948249619482496 38.45908390740571 289
2920 0.1 77.09684634309998 0.0 83.56635071090047 0.1948249619482496 38.60541916050211 290
2930 0.1 69.15680473372781 0.0 83.56635071090047 0.1948249619482496 38.737692106146774 291
2940 0.1 74.15384615384616 0.0 83.56635071090047 0.1948249619482496 38.841867149391916 292
2950 0.1 78.8042256686896 0.0 83.56635071090047 0.1948249619482496 38.96238584906582 293
2960 0.1 75.14155052264809 0.0 83.56635071090047 0.1948249619482496 39.09790231103732 294
2970 0.1 76.57225691347011 0.0 83.56635071090047 0.1948249619482496 39.22008416938177 295
2980 0.1 74.01832460732984 0.0 83.56635071090047 0.1948249619482496 39.34627394216585 296
2990 0.1 76.30264871906209 0.0 83.56635071090047 0.1948249619482496 39.463014853496375 297
3000 0.1 73.87357830271216 0.0 83.56635071090047 0.1948249619482496 39.58663778593115 298
3010 0.1 81.42582759010281 0.0 83.56635071090047 0.1948249619482496 39.70130982779329 299
3020 0.1 80.259222333001 0.0 83.56635071090047 0.1948249619482496 39.84039155366766 300
3030 0.1 81.68854685377998 0.0 83.56635071090047 0.1948249619482496 39.97467338349933 301
3040 0.1 81.61450513916157 0.0 83.56635071090047 0.1948249619482496 40.112798792341316 302
3050 0.1 68.47127152043144 0.0 83.56635071090047 0.1948249619482496 40.249768120218604 303
3060 0.1 78.10020403536613 0.0 83.56635071090047 0.1948249619482496 40.34260201298247 304
3070 0.1 83.43565388625044 0.0 83.56635071090047 0.1948249619482496 40.4663974294493 305
3080 0.1 82.52393586342139 0.0 83.56635071090047 0.1948249619482496 40.60681983617087 306
3090 0.1 71.24892519346517 0.0 83.56635071090047 0.1948249619482496 40.743357673393184 307
3100 0.1 80.42929292929293 0.0 83.56635071090047 0.1948249619482496 40.84240172378303 308
3110 0.1 82.78955039802669 0.0 83.56635071090047 0.1948249619482496 40.970514640305716 309
3120 0.1 67.79513888888889 0.0 83.56635071090047 0.1948249619482496 41.10541475565321 310
3130 0.1 79.04441609648613 0.0 83.56635071090047 0.1948249619482496 41.19123380431313 311
3140 0.1 84.57532978477205 0.0 84.57532978477205 0.1948249619482496 41.312558106531625 312
3150 0.1 77.37937140327578 0.0 84.57532978477205 0.1948249619482496 41.45077782435348 313
3160 0.1 83.58380176666284 0.0 84.57532978477205 0.1948249619482496 41.56520009689782 314
3170 0.1 68.54074542008844 0.0 84.57532978477205 0.1948249619482496 41.69859248315104 315
3190 0.1 81.82134570765662 0.0 84.57532978477205 0.1948249619482496 41.78353600510338 316
3200 0.1 79.6727151285762 0.0 84.57532978477205 0.1948249619482496 41.909838243912695 317
3210 0.1 82.68674001158077 0.0 84.57532978477205 0.1948249619482496 42.02858942908459 318
3220 0.1 68.24359919924139 0.0 84.57532978477205 0.1948249619482496 42.15604444658458 319
3230 0.1 81.90672625186204 0.0 84.57532978477205 0.1948249619482496 42.23756805518663 320
3240 0.1 83.2192178252292 0.0 84.57532978477205 0.1948249619482496 42.36114798726349 321
3250 0.1 81.82027915561196 0.0 84.57532978477205 0.1948249619482496 42.48803640290935 322
3260 0.1 69.00857052163792 0.0 84.57532978477205 0.1948249619482496 42.609808052298526 323
3270 0.1 83.22858472998138 0.0 84.57532978477205 0.1948249619482496 42.691285714240934 324
3280 0.1 83.05363220279311 0.0 84.57532978477205 0.1948249619482496 42.816015865058596 325
3290 0.1 83.30193122939237 0.0 84.57532978477205 0.1948249619482496 42.939444136033245 326
3300 0.1 65.92397043294615 0.0 84.57532978477205 0.1948249619482496 43.06287681827594 327
3310 0.1 82.49251324579589 0.0 84.57532978477205 0.1948249619482496 43.13257527441822 328
3320 0.1 83.97370508897201 0.0 84.57532978477205 0.1948249619482496 43.252210344240034 329
3330 0.1 84.38838097442427 0.0 84.57532978477205 0.1948249619482496 43.37560881316347 330
3340 0.1 87.17918805412972 0.0 87.17918805412972 0.1948249619482496 43.499514469239784 331
3350 0.1 67.49407765990318 0.0 87.17918805412972 0.1948249619482496 43.63107975112198 332
3360 0.1 79.64182553437318 0.0 87.17918805412972 0.1948249619482496 43.70274040550271 333
3370 0.1 82.5590595682152 0.0 87.17918805412972 0.1948249619482496 43.81034245678675 334
3380 0.1 82.8425552125386 0.0 87.17918805412972 0.1948249619482496 43.92601026905967 335
3390 0.1 85.65859421145895 0.0 87.17918805412972 0.1948249619482496 44.04183331948669 336
3400 0.1 67.58086464984821 0.0 87.17918805412972 0.1948249619482496 44.16532519156969 337
3410 0.1 82.34433059340165 0.0 87.17918805412972 0.1948249619482496 44.23460193552909 338
3420 0.1 83.37940566689703 0.0 87.17918805412972 0.1948249619482496 44.347020014165885 339
3430 0.1 83.09614717112113 0.0 87.17918805412972 0.1948249619482496 44.461821148438624 340
3440 0.1 82.42134062927497 0.0 87.17918805412972 0.1948249619482496 44.57511829220016 341
3450 0.1 84.71523798386154 0.0 87.17918805412972 0.1948249619482496 44.68577976102201 342
3460 0.1 66.93386773547094 0.0 87.17918805412972 0.1948249619482496 44.802483720855356 343
3470 0.1 85.15846736045411 0.0 87.17918805412972 0.1948249619482496 44.866819139502496 344
3480 0.1 83.58156444235956 0.0 87.17918805412972 0.1948249619482496 44.98360652565018 345
3490 0.1 80.75562150439447 0.0 87.17918805412972 0.1948249619482496 45.09516131731697 346
3500 0.1 83.01886792452831 0.0 87.17918805412972 0.1948249619482496 45.197929214109706 347
3510 0.1 79.79463776383344 0.0 87.17918805412972 0.1948249619482496 45.30661007247298 348
3520 0.1 66.01788532351394 0.0 87.17918805412972 0.1948249619482496 45.405429636058535 349
3530 0.1 84.36848203939745 0.0 87.17918805412972 0.1948249619482496 45.464322366594125 350
3540 0.1 81.63938287598634 0.0 87.17918805412972 0.1948249619482496 45.57516042834 351
3550 0.1 83.67155425219941 0.0 87.17918805412972 0.1948249619482496 45.67761560574809 352
3560 0.1 81.99041314768317 0.0 87.17918805412972 0.1948249619482496 45.78524715998733 353
3570 0.1 82.04369594902138 0.0 87.17918805412972 0.1948249619482496 45.88752164017856 354
3580 0.1 83.54853585427715 0.0 87.17918805412972 0.1948249619482496 45.989370018513334 355
3590 0.1 67.56956935773992 0.0 87.17918805412972 0.1948249619482496 46.094873293332896 356
3600 0.1 83.44519015659955 0.0 87.17918805412972 0.1948249619482496 46.15502650359734 357
3610 0.1 83.43292325717633 0.0 87.17918805412972 0.1948249619482496 46.259188971901814 358
3620 0.1 82.5654086594119 0.0 87.17918805412972 0.1948249619482496 46.362736978267485 359
3630 0.1 84.08933916647479 0.0 87.17918805412972 0.1948249619482496 46.46329995515955 360
3640 0.1 84.45012193705725 0.0 87.17918805412972 0.1948249619482496 46.56752721059256 361
3650 0.1 84.87033375973951 0.0 87.17918805412972 0.1948249619482496 46.67217526232312 362
3660 0.1 62.624275062137535 0.0 87.17918805412972 0.1948249619482496 46.77740434909287 363
3670 0.1 83.5026552759178 0.0 87.17918805412972 0.1948249619482496 46.82093970819464 364
3680 0.1 84.53904101399019 0.0 87.17918805412972 0.1948249619482496 46.92143755906512 365
3690 0.1 80.71372636760265 0.0 87.17918805412972 0.1948249619482496 47.02421789637366 366
3700 0.1 82.72958006460544 0.0 87.17918805412972 0.1948249619482496 47.116014922180824 367
3710 0.1 84.94288681204569 0.0 87.17918805412972 0.1948249619482496 47.21279091441567 368
3720 0.1 63.3382383855371 0.0 87.17918805412972 0.1948249619482496 47.31504049679407 369
3730 0.1 84.9900011763322 0.0 87.17918805412972 0.1948249619482496 47.35834643703392 370
3740 0.1 86.85096991520503 0.0 87.17918805412972 0.1948249619482496 47.45977946867623 371
3760 0.1 81.73463526708788 0.0 87.17918805412972 0.1948249619482496 47.56566976557551 372
3770 0.1 82.98607114078507 0.0 87.17918805412972 0.1948249619482496 47.65727557120958 373
3780 0.1 81.57955066483265 0.0 87.17918805412972 0.1948249619482496 47.75173759144909 374
3790 0.1 77.2264631043257 0.0 87.17918805412972 0.1948249619482496 47.84194509297811 375
3800 0.1 72.22282081672233 0.0 87.17918805412972 0.1948249619482496 47.92009540683808 376
3810 0.1 82.62459990855052 0.0 87.17918805412972 0.1948249619482496 47.98455886946376 377
3820 0.1 83.20645381206681 0.0 87.17918805412972 0.1948249619482496 48.07619918967299 378
3830 0.1 85.62362986038998 0.0 87.17918805412972 0.1948249619482496 48.16889115437588 379
3840 0.1 79.7690531177829 0.0 87.17918805412972 0.1948249619482496 48.267456256233814 380
3850 0.1 82.33100233100234 0.0 87.17918805412972 0.1948249619482496 48.350137612825804 381
3860 0.1 83.77248984329657 0.0 87.17918805412972 0.1948249619482496 48.43909275606711 382
3870 0.1 64.32511187428453 0.0 87.17918805412972 0.1948249619482496 48.531347056555965 383
3880 0.1 82.975548157502 0.0 87.17918805412972 0.1948249619482496 48.57247665243546 384
3890 0.1 85.29778786159955 0.0 87.17918805412972 0.1948249619482496 48.66183527972135 385
3900 0.1 81.45207033465684 0.0 87.17918805412972 0.1948249619482496 48.75674707397492 386
3910 0.1 83.10450470895269 0.0 87.17918805412972 0.1948249619482496 48.841231113408206 387
3920 0.1 81.9431608133087 0.0 87.17918805412972 0.1948249619482496 48.929538519582294 388
3930 0.1 83.5662316664742 0.0 87.17918805412972 0.1948249619482496 49.01440644321656 389
3940 0.1 82.71288971614705 0.0 87.17918805412972 0.1948249619482496 49.10300086686593 390
3950 0.1 66.04234527687296 0.0 87.17918805412972 0.1948249619482496 49.18895966187688 391
3960 0.1 81.47303614183103 0.0 87.17918805412972 0.1948249619482496 49.23195299252738 392
3970 0.1 83.79386731957561 0.0 87.17918805412972 0.1948249619482496 49.313991372042146 393
3980 0.1 85.33333333333334 0.0 87.17918805412972 0.1948249619482496 49.4015037475435 394
3990 0.1 85.55529522024368 0.0 87.17918805412972 0.1948249619482496 49.49247040472271 395
4000 0.1 85.08883985599815 0.0 87.17918805412972 0.1948249619482496 49.583538144155845 396
4010 0.1 84.23376321598698 0.0 87.17918805412972 0.1948249619482496 49.672972153505576 397
4020 0.1 82.88277924767054 0.0 87.17918805412972 0.1948249619482496 49.759808311954025 398
4030 0.1 66.30653532464781 0.0 87.17918805412972 0.1948249619482496 49.84282327670519 399
4040 0.1 84.50382551101976 0.0 87.17918805412972 0.1948249619482496 49.883982556825046 400
4050 0.1 83.80594465322856 0.0 87.17918805412972 0.1948249619482496 49.97031632977815 401
4060 0.1 84.74907918968692 0.0 87.17918805412972 0.1948249619482496 50.05448455943848 402
4070 0.1 84.5412897920827 0.0 87.17918805412972 0.1948249619482496 50.140575364972584 403
4080 0.1 84.19838523644752 0.0 87.17918805412972 0.1948249619482496 50.225725648208005 404
4090 0.1 83.6421871425303 0.0 87.17918805412972 0.1948249619482496 50.309608758302424 405
4100 0.1 67.45177448577215 0.0 87.17918805412972 0.1948249619482496 50.3917087050616 406
4110 0.1 82.35497237569061 0.0 87.17918805412972 0.1948249619482496 50.43362532860144 407
4120 0.1 84.1326707500289 0.0 87.17918805412972 0.1948249619482496 50.51186392430509 408
4130 0.1 82.68543084554159 0.0 87.17918805412972 0.1948249619482496 50.59406638598168 409
4140 0.1 84.19698210316996 0.0 87.17918805412972 0.1948249619482496 50.67233800661475 410
4150 0.1 82.89351851851852 0.0 87.17918805412972 0.1948249619482496 50.75390648373532 411
4160 0.1 85.09352852329499 0.0 87.17918805412972 0.1948249619482496 50.83191525081004 412
4170 0.1 66.39907045526566 0.0 87.17918805412972 0.1948249619482496 50.9148731521962 413
4180 0.1 83.07728119180634 0.0 87.17918805412972 0.1948249619482496 50.952274594957245 414
4190 0.1 84.90825688073394 0.0 87.17918805412972 0.1948249619482496 51.02968424940748 415
4200 0.1 82.08443854995579 0.0 87.17918805412972 0.1948249619482496 51.1111231259251 416
4210 0.1 82.69859813084112 0.0 87.17918805412972 0.1948249619482496 51.185399661714136 417
4220 0.1 84.35721062618596 0.0 87.17918805412972 0.1948249619482496 51.26079008867377 418
4240 0.1 84.93182343425005 0.0 87.17918805412972 0.1948249619482496 51.33977915916903 419
4250 0.1 64.48334842539491 0.0 87.17918805412972 0.1948249619482496 51.41976021696684 420
4260 0.1 78.80428776660405 0.0 87.17918805412972 0.1948249619482496 51.45079011769945 421
4270 0.1 81.44401011726833 0.0 87.17918805412972 0.1948249619482496 51.51560883250728 422
4280 0.1 84.2534859993198 0.0 87.17918805412972 0.1948249619482496 51.586361554220666 423
4290 0.1 84.39035806225135 0.0 87.17918805412972 0.1948249619482496 51.663406659044014 424
4300 0.1 83.44819664599127 0.0 87.17918805412972 0.1948249619482496 51.74041125058097 425
4310 0.1 85.13733705772812 0.0 87.17918805412972 0.1948249619482496 51.81484267169696 426
4320 0.1 82.9403442584296 0.0 87.17918805412972 0.1948249619482496 51.89288130023567 427
4330 0.1 63.991035958031986 0.0 87.17918805412972 0.1948249619482496 51.96542210153986 428
4340 0.1 82.88738948348069 0.0 87.17918805412972 0.1948249619482496 51.99345383547108 429
4350 0.1 82.06232294617564 0.0 87.17918805412972 0.1948249619482496 52.06530019744319 430
4360 0.1 84.48989242227213 0.0 87.17918805412972 0.1948249619482496 52.1348988581131 431
4370 0.1 84.2521464075915 0.0 87.17918805412972 0.1948249619482496 52.209794676548654 432
4380 0.1 81.48064039968207 0.0 87.17918805412972 0.1948249619482496 52.28379548886053 433
4390 0.1 82.64254637050607 0.0 87.17918805412972 0.1948249619482496 52.35106932506058 434
4400 0.1 66.63872590108969 0.0 87.17918805412972 0.1948249619482496 52.42070490447539 435
4410 0.1 81.87927239022129 0.0 87.17918805412972 0.1948249619482496 52.45331504437588 436
4420 0.1 83.61704558437107 0.0 87.17918805412972 0.1948249619482496 52.520651331208484 437
4430 0.1 83.63301060396496 0.0 87.17918805412972 0.1948249619482496 52.59164766511981 438
4440 0.1 81.96096028718868 0.0 87.17918805412972 0.1948249619482496 52.662356920105786 439
4450 0.1 81.79911442554183 0.0 87.17918805412972 0.1948249619482496 52.72894465503098 440
4460 0.1 81.64190951355029 0.0 87.17918805412972 0.1948249619482496 52.79486340734507 441
4470 0.1 70.50746924428822 0.0 87.17918805412972 0.1948249619482496 52.8601282175401 442
4480 0.1 78.31298055178652 0.0 87.17918805412972 0.1948249619482496 52.89996420179912 443
4490 0.1 83.42065432529981 0.0 87.17918805412972 0.1948249619482496 52.9572007251099 444
4500 0.1 83.30670926517571 0.0 87.17918805412972 0.1948249619482496 53.02565792421145 445
4510 0.1 83.93654524089307 0.0 87.17918805412972 0.1948249619482496 53.0935526581598 446
4520 0.1 85.24814603536794 0.0 87.17918805412972 0.1948249619482496 53.162552641566364 447
4530 0.1 83.53685612788632 0.0 87.17918805412972 0.1948249619482496 53.23417226967752 448
4540 0.1 64.62655601659752 0.0 87.17918805412972 0.1948249619482496 53.30166154330382 449
4550 0.1 82.99618541209108 0.0 87.17918805412972 0.1948249619482496 53.32682797546669 450
4560 0.1 83.40066951402517 0.0 87.17918805412972 0.1948249619482496 53.39261369040378 451
4570 0.1 82.87209302325581 0.0 87.17918805412972 0.1948249619482496 53.45900319443834 452
4580 0.1 80.82343802019753 0.0 87.17918805412972 0.1948249619482496 53.52393275255935 453
4590 0.1 83.23290845886443 0.0 87.17918805412972 0.1948249619482496 53.5840638214308 454
4600 0.1 84.7969890510949 0.0 87.17918805412972 0.1948249619482496 53.64922611733724 455
4610 0.1 65.91566763125259 0.0 87.17918805412972 0.1948249619482496 53.717532614998994 456
4620 0.1 82.12940773707635 0.0 87.17918805412972 0.1948249619482496 53.744224376522524 457
4630 0.1 83.14269208549972 0.0 87.17918805412972 0.1948249619482496 53.806200759405826 458
4650 0.1 85.38064226364249 0.0 87.17918805412972 0.1948249619482496 53.870114683863555 459
4660 0.1 82.73033707865169 0.0 87.17918805412972 0.1948249619482496 53.938615830776115 460
4670 0.1 85.85072515033605 0.0 87.17918805412972 0.1948249619482496 54.00107075756109 461
4680 0.1 79.46062812926719 0.0 87.17918805412972 0.1948249619482496 54.0700094034329 462
4690 0.1 65.55099463214398 0.0 87.17918805412972 0.1948249619482496 54.12484875273275 463
4700 0.1 82.25656518707878 0.0 87.17918805412972 0.1948249619482496 54.14947406712803 464
4710 0.1 82.35227529997736 0.0 87.17918805412972 0.1948249619482496 54.20991942437524 465
4720 0.1 82.32241697416974 0.0 87.17918805412972 0.1948249619482496 54.2703107459967 466
4730 0.1 84.30719779589026 0.0 87.17918805412972 0.1948249619482496 54.33037949594996 467
4740 0.1 83.29292229534695 0.0 87.17918805412972 0.1948249619482496 54.39443252650539 468
4750 0.1 84.39279488669378 0.0 87.17918805412972 0.1948249619482496 54.456049775479464 469
4760 0.1 64.14938615495718 0.0 87.17918805412972 0.1948249619482496 54.51974497784376 470
4770 0.1 83.87429751118248 0.0 87.17918805412972 0.1948249619482496 54.54019007588433 471
4780 0.1 85.76295078115822 0.0 87.17918805412972 0.1948249619482496 54.60233860858624 472
4790 0.1 83.90934844192634 0.0 87.17918805412972 0.1948249619482496 54.66821728125552 473
4800 0.1 82.85483684999424 0.0 87.17918805412972 0.1948249619482496 54.72990743138352 474
4810 0.1 83.74338928489308 0.0 87.17918805412972 0.1948249619482496 54.78911780910691 475
4820 0.1 83.155746996146 0.0 87.17918805412972 0.1948249619482496 54.84994611052663 476
4830 0.1 43.41866376180102 0.0 87.17918805412972 0.1948249619482496 54.909287412173626 477
4840 0.1 9.046086420598508 0.0 87.17918805412972 0.1948249619482496 54.88524845056197 478
4850 0.1 1.7369242779078844 0.0 87.17918805412972 0.1948249619482496 54.7895508262823 479
4860 0.1 0.4747241467795741 0.0 87.17918805412972 0.1948249619482496 54.679024520973186 480
4870 0.1 0.24329420351560122 0.0 87.17918805412972 0.1948249619482496 54.56633366780439 481
4880 0.1 0.07869368483179225 0.0 87.17918805412972 0.07869368483179225 54.453630266426195 482
4890 0.1 0.047289708577170894 0.0 87.17918805412972 0.047289708577170894 54.34105275797569 483
4900 0.1 0.024772403542453705 0.0 87.17918805412972 0.024772403542453705 54.22887556159264 484
4910 0.1 0.06336332530731212 0.0 87.17918805412972 0.024772403542453705 54.117114524153365 485
4920 0.1 0.025779840164990978 0.0 87.17918805412972 0.024772403542453705 54.00589281386767 486
