10 0.1 1.03125 0 1.03125 1.03125 0 0
20 0.1 0.87109375 0.0 1.03125 0.87109375 1.03125 1
30 0.1 0.8203125 0.0 1.03125 0.8203125 0.951171875 2
40 0.1 0.98828125 0.0 1.03125 0.8203125 0.9075520833333334 3
50 0.1 1.1484375 0.0 1.1484375 0.8203125 0.927734375 4
60 0.1 1.05078125 0.0 1.1484375 0.8203125 0.971875 5
70 0.1 1.109375 0.0 1.1484375 0.8203125 0.9850260416666666 6
80 0.1 1.171875 0.0 1.171875 0.8203125 1.0027901785714286 7
90 0.1 1.0703125 0.0 1.171875 0.8203125 1.02392578125 8
100 0.1 1.19921875 0.0 1.19921875 0.8203125 1.0290798611111112 9
110 0.1 1.08984375 0.0 1.19921875 0.8203125 1.04609375 10
120 0.1 1.140625 0.0 1.19921875 0.8203125 1.0500710227272727 11
130 0.1 1.12109375 0.0 1.19921875 0.8203125 1.0576171875 12
140 0.1 1.26171875 0.0 1.26171875 0.8203125 1.0625 13
150 0.1 1.30078125 0.0 1.30078125 0.8203125 1.0767299107142858 14
160 0.1 1.25 0.0 1.30078125 0.8203125 1.0916666666666666 15
170 0.1 1.5 0.0 1.5 0.8203125 1.1015625 16
180 0.1 1.4296875 0.0 1.5 0.8203125 1.125 17
190 0.1 1.6015625 0.0 1.6015625 0.8203125 1.1419270833333333 18
200 0.1 1.9609375 0.0 1.9609375 0.8203125 1.1661184210526316 19
210 0.1 1.8203125 0.0 1.9609375 0.8203125 1.205859375 20
220 0.1 1.5390625 0.0 1.9609375 0.8203125 1.2351190476190477 21
230 0.1 1.44921875 0.0 1.9609375 0.8203125 1.2489346590909092 22
240 0.1 1.30859375 0.0 1.9609375 0.8203125 1.2576426630434783 23
250 0.1 1.19140625 0.0 1.9609375 0.8203125 1.259765625 24
260 0.1 1.46875 0.0 1.9609375 0.8203125 1.25703125 25
270 0.1 1.78125 0.0 1.9609375 0.8203125 1.2651742788461537 26
280 0.1 1.98046875 0.0 1.98046875 0.8203125 1.2842881944444444 27
290 0.1 2.19921875 0.0 2.19921875 0.8203125 1.3091517857142858 28
300 0.1 2.3203125 0.0 2.3203125 0.8203125 1.33984375 29
310 0.1 2.640625 0.0 2.640625 0.8203125 1.3725260416666667 30
320 0.1 2.390625 0.0 2.640625 0.8203125 1.4134324596774193 31
330 0.1 2.390625 0.0 2.640625 0.8203125 1.4439697265625 32
340 0.1 2.46875 0.0 2.640625 0.8203125 1.47265625 33
350 0.1 2.55859375 0.0 2.640625 0.8203125 1.501953125 34
360 0.1 2.390625 0.0 2.640625 0.8203125 1.5321428571428573 35
370 0.1 2.26171875 0.0 2.640625 0.8203125 1.5559895833333335 36
380 0.1 2.12890625 0.0 2.640625 0.8203125 1.5750633445945947 37
390 0.1 2.109375 0.0 2.640625 0.8203125 1.589638157894737 38
400 0.1 2.30078125 0.0 2.640625 0.8203125 1.6029647435897438 39
410 0.1 2.3984375 0.0 2.640625 0.8203125 1.62041015625 40
420 0.1 2.640625 0.0 2.640625 0.8203125 1.6393864329268293 41
430 0.1 2.55859375 0.0 2.640625 0.8203125 1.6632254464285714 42
440 0.1 2.62890625 0.0 2.640625 0.8203125 1.684047965116279 43
450 0.1 2.69140625 0.0 2.69140625 0.8203125 1.7055220170454546 44
460 0.1 2.6484375 0.0 2.69140625 0.8203125 1.7274305555555556 45
470 0.1 2.69921875 0.0 2.69921875 0.8203125 1.7474524456521738 46
480 0.1 2.5 0.0 2.69921875 0.8203125 1.7677027925531914 47
490 0.1 2.578125 0.0 2.69921875 0.8203125 1.782958984375 48
500 0.1 2.578125 0.0 2.69921875 0.8203125 1.7991868622448979 49
510 0.1 2.48046875 0.0 2.69921875 0.8203125 1.814765625 50
520 0.1 2.328125 0.0 2.69921875 0.8203125 1.8278186274509804 51
530 0.1 2.26953125 0.0 2.69921875 0.8203125 1.8374399038461537 52
540 0.1 2.53125 0.0 2.69921875 0.8203125 1.845592570754717 53
550 0.1 2.37890625 0.0 2.69921875 0.8203125 1.8582899305555556 54
560 0.1 2.55859375 0.0 2.69921875 0.8203125 1.8677556818181817 55
570 0.1 2.390625 0.0 2.69921875 0.8203125 1.8800920758928572 56
580 0.1 2.25 0.0 2.69921875 0.8203125 1.8890487938596492 57
590 0.1 2.4609375 0.0 2.69921875 0.8203125 1.8952720905172413 58
600 0.1 2.390625 0.0 2.69921875 0.8203125 1.9048596398305084 59
610 0.1 2.55078125 0.0 2.69921875 0.8203125 1.9129557291666666 60
620 0.1 3.12109375 0.0 3.12109375 0.8203125 1.9234118852459017 61
630 0.1 3.25 0.0 3.25 0.8203125 1.9427293346774193 62
640 0.1 4.828125 0.0 4.828125 0.8203125 1.9634796626984128 63
650 0.1 5.01953125 0.0 5.01953125 0.8203125 2.00823974609375 64
660 0.1 4.640625 0.0 5.01953125 0.8203125 2.0545673076923077 65
670 0.1 5.16015625 0.0 5.16015625 0.8203125 2.09375 66
680 0.1 4.98046875 0.0 5.16015625 0.8203125 2.1395172574626864 67
690 0.1 5.3515625 0.0 5.3515625 0.8203125 2.181295955882353 68
700 0.1 5.6015625 0.0 5.6015625 0.8203125 2.227241847826087 69
710 0.1 5.33984375 0.0 5.6015625 0.8203125 2.2754464285714286 70
720 0.1 5.5 0.0 5.6015625 0.8203125 2.318606954225352 71
730 0.1 5.421875 0.0 5.6015625 0.8203125 2.36279296875 72
740 0.1 5.12890625 0.0 5.6015625 0.8203125 2.4046982020547945 73
750 0.1 4.71875 0.0 5.6015625 0.8203125 2.441511824324324 74
760 0.1 4.53125 0.0 5.6015625 0.8203125 2.471875 75
770 0.1 4.4609375 0.0 5.6015625 0.8203125 2.498972039473684 76
780 0.1 4.37109375 0.0 5.6015625 0.8203125 2.5244521103896105 77
790 0.1 4.37890625 0.0 5.6015625 0.8203125 2.548127003205128 78
800 0.1 4.6484375 0.0 5.6015625 0.8203125 2.571301424050633 79
810 0.1 4.7890625 0.0 5.6015625 0.8203125 2.597265625 80
820 0.1 4.6484375 0.0 5.6015625 0.8203125 2.6243248456790123 81
830 0.1 4.3203125 0.0 5.6015625 0.8203125 2.6490091463414633 82
840 0.1 4.421875 0.0 5.6015625 0.8203125 2.6691453313253013 83
850 0.1 4.62109375 0.0 5.6015625 0.8203125 2.6900111607142856 84
860 0.1 4.4609375 0.0 5.6015625 0.8203125 2.712729779411765 85
870 0.1 5.12890625 0.0 5.6015625 0.8203125 2.7330577761627906 86
880 0.1 5.0390625 0.0 5.6015625 0.8203125 2.760596264367816 87
890 0.1 5.08984375 0.0 5.6015625 0.8203125 2.7864879261363638 88
900 0.1 5.66015625 0.0 5.66015625 0.8203125 2.812368328651685 89
910 0.1 5.41015625 0.0 5.66015625 0.8203125 2.8440104166666664 90
920 0.1 5.859375 0.0 5.859375 0.8203125 2.8722098214285716 91
930 0.1 5.5703125 0.0 5.859375 0.8203125 2.904679008152174 92
940 0.1 5.171875 0.0 5.859375 0.8203125 2.9333417338709675 93
950 0.1 5.55078125 0.0 5.859375 0.8203125 2.9571559175531914 94
960 0.1 5.16015625 0.0 5.859375 0.8203125 2.9844572368421054 95
970 0.1 4.75 0.0 5.859375 0.8203125 3.0071207682291665 96
980 0.1 4.87109375 0.0 5.859375 0.8203125 3.025088595360825 97
990 0.1 4.890625 0.0 5.859375 0.8203125 3.043925382653061 98
1000 0.1 4.4609375 0.0 5.859375 0.8203125 3.062578914141414 99
1010 0.1 4.41015625 0.0 5.859375 0.8203125 3.0765625 100
1020 0.1 4.5 0.0 5.859375 0.8203125 3.0897663985148514 101
1030 0.1 4.55859375 0.0 5.859375 0.8203125 3.103592218137255 102
1040 0.1 4.25 0.0 5.859375 0.8203125 3.1177184466019416 103
1050 0.1 3.98828125 0.0 5.859375 0.8203125 3.128605769230769 104
1060 0.1 3.75 0.0 5.859375 0.8203125 3.1367931547619046 105
1070 0.1 3.7890625 0.0 5.859375 0.8203125 3.142578125 106
1080 0.1 3.73828125 0.0 5.859375 0.8203125 3.148620035046729 107
1090 0.1 3.828125 0.0 5.859375 0.8203125 3.154079861111111 108
1100 0.1 3.78125 0.0 5.859375 0.8203125 3.16026376146789 109
1110 0.1 4.0390625 0.0 5.859375 0.8203125 3.165909090909091 110
1120 0.1 3.9609375 0.0 5.859375 0.8203125 3.1737753378378377 111
1130 0.1 4.3984375 0.0 5.859375 0.8203125 3.1808035714285716 112
1140 0.1 4.41015625 0.0 5.859375 0.8203125 3.191579092920354 113
1150 0.1 4.87109375 0.0 5.859375 0.8203125 3.20226836622807 114
1160 0.1 5.03125 0.0 5.859375 0.8203125 3.216779891304348 115
1170 0.1 5.01953125 0.0 5.859375 0.8203125 3.232421875 116
1180 0.1 4.87890625 0.0 5.859375 0.8203125 3.2476963141025643 117
1190 0.1 4.828125 0.0 5.859375 0.8203125 3.261520127118644 118
1200 0.1 5.171875 0.0 5.859375 0.8203125 3.27468487394958 119
1210 0.1 4.98046875 0.0 5.859375 0.8203125 3.2904947916666667 120
1220 0.1 4.828125 0.0 5.859375 0.8203125 3.3044615185950414 121
1230 0.1 4.859375 0.0 5.859375 0.8203125 3.31695056352459 122
1240 0.1 5.421875 0.0 5.859375 0.8203125 3.329490599593496 123
1250 0.1 4.96875 0.0 5.859375 0.8203125 3.3463646673387095 124
1260 0.1 5.51953125 0.0 5.859375 0.8203125 3.35934375 125
1270 0.1 5.51953125 0.0 5.859375 0.8203125 3.3764880952380953 126
1280 0.1 5.5 0.0 5.859375 0.8203125 3.3933624507874014 127
1290 0.1 5.98046875 0.0 5.98046875 0.8203125 3.409820556640625 128
1300 0.1 5.44140625 0.0 5.98046875 0.8203125 3.429748062015504 129
1310 0.1 5.26953125 0.0 5.98046875 0.8203125 3.4452223557692307 130
1320 0.1 4.5390625 0.0 5.98046875 0.8203125 3.4591483778625953 131
1330 0.1 4.69921875 0.0 5.98046875 0.8203125 3.4673295454545454 132
1340 0.1 5.05078125 0.0 5.98046875 0.8203125 3.476591870300752 133
1350 0.1 5.33984375 0.0 5.98046875 0.8203125 3.488339552238806 134
1360 0.1 5.26953125 0.0 5.98046875 0.8203125 3.502054398148148 135
1370 0.1 5.46875 0.0 5.98046875 0.8203125 3.5150505514705883 136
1380 0.1 6.12109375 0.0 6.12109375 0.8203125 3.5293111313868613 137
1390 0.1 6.12109375 0.0 6.12109375 0.8203125 3.5480921648550723 138
1400 0.1 6.01953125 0.0 6.12109375 0.8203125 3.5666029676258995 139
1410 0.1 5.9296875 0.0 6.12109375 0.8203125 3.5841238839285716 140
1420 0.1 5.640625 0.0 6.12109375 0.8203125 3.6007590868794326 141
1430 0.1 6.26171875 0.0 6.26171875 0.8203125 3.6151243397887325 142
1440 0.1 6.25 0.0 6.26171875 0.8203125 3.633631993006993 143
1450 0.1 5.8203125 0.0 6.26171875 0.8203125 3.6518012152777777 144
1460 0.1 5.83984375 0.0 6.26171875 0.8203125 3.6667564655172415 145
1470 0.1 5.7109375 0.0 6.26171875 0.8203125 3.681640625 146
1480 0.1 5.91015625 0.0 6.26171875 0.8203125 3.6954453656462585 147
1490 0.1 6.2890625 0.0 6.2890625 0.8203125 3.7104096283783785 148
1500 0.1 6.3515625 0.0 6.3515625 0.8203125 3.7277160234899327 149
1510 0.1 6.53125 0.0 6.53125 0.8203125 3.7452083333333333 150
1520 0.1 6.44140625 0.0 6.53125 0.8203125 3.763658940397351 151
1530 0.1 6.44140625 0.0 6.53125 0.8203125 3.781275699013158 152
1540 0.1 6.0703125 0.0 6.53125 0.8203125 3.7986621732026142 153
1550 0.1 5.76953125 0.0 6.53125 0.8203125 3.8134131493506493 154
1560 0.1 5.66015625 0.0 6.53125 0.8203125 3.8260332661290324 155
1570 0.1 5.1015625 0.0 6.53125 0.8203125 3.83779046474359 156
1580 0.1 5.69921875 0.0 6.53125 0.8203125 3.845839968152866 157
1590 0.1 6.1796875 0.0 6.53125 0.8203125 3.857570213607595 158
1600 0.1 6.0390625 0.0 6.53125 0.8203125 3.8721747248427674 159
1610 0.1 5.890625 0.0 6.53125 0.8203125 3.8857177734375 160
1620 0.1 6.41015625 0.0 6.53125 0.8203125 3.8981706133540373 161
1630 0.1 6.2109375 0.0 6.53125 0.8203125 3.9136766975308643 162
1640 0.1 5.41015625 0.0 6.53125 0.8203125 3.9277703220858897 163
1650 0.1 5.109375 0.0 6.53125 0.8203125 3.936809260670732 164
1660 0.1 5.1796875 0.0 6.53125 0.8203125 3.9439157196969696 165
1670 0.1 5.37109375 0.0 6.53125 0.8203125 3.9513601280120483 166
1680 0.1 5.23046875 0.0 6.53125 0.8203125 3.9598615269461077 167
1690 0.1 5.421875 0.0 6.53125 0.8203125 3.9674246651785716 168
1700 0.1 4.96875 0.0 6.53125 0.8203125 3.9760308801775146 169
1710 0.1 4.8984375 0.0 6.53125 0.8203125 3.9818704044117648 170
1720 0.1 4.609375 0.0 6.53125 0.8203125 3.987230445906433 171
1730 0.1 4.2890625 0.0 6.53125 0.8203125 3.990847565406977 172
1740 0.1 5.48828125 0.0 6.53125 0.8203125 3.9925713511560694 173
1750 0.1 5.3515625 0.0 6.53125 0.8203125 4.001167385057471 174
1760 0.1 5.0 0.0 6.53125 0.8203125 4.008883928571429 175
1770 0.1 4.6796875 0.0 6.53125 0.8203125 4.014515269886363 176
1780 0.1 4.80859375 0.0 6.53125 0.8203125 4.018273305084746 177
1790 0.1 5.3984375 0.0 6.53125 0.8203125 4.02271330758427 178
1800 0.1 5.328125 0.0 6.53125 0.8203125 4.030398917597766 179
1810 0.1 5.51171875 0.0 6.53125 0.8203125 4.037608506944445 180
1820 0.1 5.828125 0.0 6.53125 0.8203125 4.04575276243094 181
1830 0.1 7.26953125 0.0 7.26953125 0.8203125 4.055546016483517 182
1840 0.1 7.109375 0.0 7.26953125 0.8203125 4.073108777322405 183
1850 0.1 7.171875 0.0 7.26953125 0.8203125 4.089610224184783 184
1860 0.1 7.1015625 0.0 7.26953125 0.8203125 4.106271114864866 185
1870 0.1 7.2890625 0.0 7.2890625 0.8203125 4.122374831989248 186
1880 0.1 7.171875 0.0 7.2890625 0.8203125 4.1393089906417115 187
1890 0.1 6.69140625 0.0 7.2890625 0.8203125 4.155439660904256 188
1900 0.1 7.2109375 0.0 7.2890625 0.8203125 4.168857473544974 189
1910 0.1 7.171875 0.0 7.2890625 0.8203125 4.184868421052633 190
1920 0.1 7.5 0.0 7.5 0.8203125 4.200507198952881 191
1930 0.1 7.3515625 0.0 7.5 0.8203125 4.217692057291668 192
1940 0.1 6.78125 0.0 7.5 0.8203125 4.233929727979276 193
1950 0.1 7.171875 0.0 7.5 0.8203125 4.247060244845362 194
1960 0.1 7.23046875 0.0 7.5 0.8203125 4.262059294871796 195
1970 0.1 8.51171875 0.0 8.51171875 0.8203125 4.27720424107143 196
1980 0.1 7.96875 0.0 8.51171875 0.8203125 4.298699238578681 197
1990 0.1 7.5390625 0.0 8.51171875 0.8203125 4.3172348484848495 198
2000 0.1 9.23828125 0.0 9.23828125 0.8203125 4.333424937185931 199
2010 0.1 9.94140625 0.0 9.94140625 0.8203125 4.357949218750001 200
2020 0.1 10.609375 0.0 10.609375 0.8203125 4.3857276119402995 201
2030 0.1 9.69921875 0.0 10.609375 0.8203125 4.416537747524754 202
2040 0.1 9.3984375 0.0 10.609375 0.8203125 4.442560806650248 203
2050 0.1 9.3984375 0.0 10.609375 0.8203125 4.466854319852943 204
2060 0.1 10.37890625 0.0 10.609375 0.8203125 4.490910823170734 205
2070 0.1 9.69921875 0.0 10.609375 0.8203125 4.5194933252427205 206
2080 0.1 9.44921875 0.0 10.609375 0.8203125 4.544516153381645 207
2090 0.1 9.94140625 0.0 10.609375 0.8203125 4.568096454326925 208
2100 0.1 11.73046875 0.0 11.73046875 0.8203125 4.593806070574165 209
2110 0.1 12.890625 0.0 12.890625 0.8203125 4.627790178571431 210
2120 0.1 11.37890625 0.0 12.890625 0.8203125 4.666950533175358 211
2130 0.1 11.171875 0.0 12.890625 0.8203125 4.698610701650946 212
2140 0.1 10.8515625 0.0 12.890625 0.8203125 4.729001613849768 213
2150 0.1 10.44921875 0.0 12.890625 0.8203125 4.757611711448601 214
2160 0.1 9.609375 0.0 12.890625 0.8203125 4.784084302325584 215
2170 0.1 9.69140625 0.0 12.890625 0.8203125 4.806423611111114 216
2180 0.1 9.48828125 0.0 12.890625 0.8203125 4.828935051843321 217
2190 0.1 9.66015625 0.0 12.890625 0.8203125 4.850308199541288 218
2200 0.1 8.55078125 0.0 12.890625 0.8203125 4.872270976027401 219
2210 0.1 8.890625 0.0 12.890625 0.8203125 4.8889914772727305 220
2220 0.1 10.05078125 0.0 12.890625 0.8203125 4.907098416289596 221
2230 0.1 9.33984375 0.0 12.890625 0.8203125 4.930268158783787 222
2240 0.1 9.44921875 0.0 12.890625 0.8203125 4.950042040358747 223
2250 0.1 9.2109375 0.0 12.890625 0.8203125 4.970127650669646 224
2260 0.1 10.01171875 0.0 12.890625 0.8203125 4.988975694444448 225
2270 0.1 10.23828125 0.0 12.890625 0.8203125 5.0112002212389415 226
2280 0.1 11.5 0.0 12.890625 0.8203125 5.0342270099118975 227
2290 0.1 13.328125 0.0 13.328125 0.8203125 5.062585663377196 228
2310 0.1 12.69921875 0.0 13.328125 0.8203125 5.098679721615723 229
2320 0.1 11.75 0.0 13.328125 0.8203125 5.131725543478264 230
2330 0.1 11.16015625 0.0 13.328125 0.8203125 5.160376082251085 231
2340 0.1 9.91015625 0.0 13.328125 0.8203125 5.186237203663796 232
2350 0.1 10.0 0.0 13.328125 0.8203125 5.2065115343347665 233
2360 0.1 10.21875 0.0 13.328125 0.8203125 5.22699652777778 234
2370 0.1 12.03125 0.0 13.328125 0.8203125 5.248238031914896 235
2380 0.1 12.71875 0.0 13.328125 0.8203125 5.27697960805085 236
2390 0.1 12.0390625 0.0 13.328125 0.8203125 5.308379483122366 237
2400 0.1 11.19140625 0.0 13.328125 0.8203125 5.336659663865549 238
2410 0.1 10.55859375 0.0 13.328125 0.8203125 5.361156511506279 239
2420 0.1 10.921875 0.0 13.328125 0.8203125 5.382812500000003 240
2430 0.1 11.33984375 0.0 13.328125 0.8203125 5.405796161825729 241
2440 0.1 12.55859375 0.0 13.328125 0.8203125 5.430317019628102 242
2450 0.1 13.6015625 0.0 13.6015625 0.8203125 5.4596514917695504 243
2460 0.1 15.578125 0.0 15.578125 0.8203125 5.493019979508199 244
2470 0.1 19.33984375 0.0 19.33984375 0.8203125 5.53418367346939 245
2480 0.1 21.7890625 0.0 21.7890625 0.8203125 5.590304242886182 246
2490 0.1 21.1796875 0.0 21.7890625 0.8203125 5.65588626012146 247
2500 0.1 23.05078125 0.0 23.05078125 0.8203125 5.718482232862906 248
2510 0.1 22.30859375 0.0 23.05078125 0.8203125 5.788089859437754 249
2520 0.1 21.55078125 0.0 23.05078125 0.8203125 5.854171875000003 250
2530 0.1 19.33984375 0.0 23.05078125 0.8203125 5.91670816733068 251
2540 0.1 19.390625 0.0 23.05078125 0.8203125 5.9699745783730185 252
2550 0.1 16.859375 0.0 23.05078125 0.8203125 6.023020627470358 253
2560 0.1 15.55859375 0.0 23.05078125 0.8203125 6.065683439960632 254
2570 0.1 17.44921875 0.0 23.05078125 0.8203125 6.102910539215689 255
2580 0.1 15.87890625 0.0 23.05078125 0.8203125 6.147232055664065 256
2590 0.1 15.4296875 0.0 23.05078125 0.8203125 6.185098492217901 257
2600 0.1 18.33984375 0.0 23.05078125 0.8203125 6.220930232558143 258
2610 0.1 17.76953125 0.0 23.05078125 0.8203125 6.267721404440157 259
2620 0.1 18.08984375 0.0 23.05078125 0.8203125 6.311959134615387 260
2630 0.1 17.80859375 0.0 23.05078125 0.8203125 6.357085129310348 261
2640 0.1 21.828125 0.0 23.05078125 0.8203125 6.400793177480919 262
2650 0.1 20.66015625 0.0 23.05078125 0.8203125 6.459452233840307 263
2660 0.1 21.71875 0.0 23.05078125 0.8203125 6.513242779356063 264
2670 0.1 21.8203125 0.0 23.05078125 0.8203125 6.570622051886795 265
2680 0.1 21.78125 0.0 23.05078125 0.8203125 6.627951715225566 266
2690 0.1 19.30859375 0.0 23.05078125 0.8203125 6.68470564138577 267
2700 0.1 18.171875 0.0 23.05078125 0.8203125 6.73180970149254 268
2710 0.1 18.51953125 0.0 23.05078125 0.8203125 6.774337825278813 269
2720 0.1 16.55859375 0.0 23.05078125 0.8203125 6.817838541666669 270
2730 0.1 16.7109375 0.0 23.05078125 0.8203125 6.853782287822881 271
2740 0.1 17.0703125 0.0 23.05078125 0.8203125 6.89002182904412 272
2750 0.1 17.7890625 0.0 23.05078125 0.8203125 6.927312271062274 273
2760 0.1 18.7109375 0.0 23.05078125 0.8203125 6.966953695255477 274
2770 0.1 20.19921875 0.0 23.05078125 0.8203125 7.009659090909095 275
2780 0.1 21.94140625 0.0 23.05078125 0.8203125 7.057447350543481 276
2790 0.1 21.921875 0.0 23.05078125 0.8203125 7.111180054151628 277
2800 0.1 23.1796875 0.0 23.1796875 0.8203125 7.164455935251802 278
2810 0.1 21.171875 0.0 23.1796875 0.8203125 7.221858198924735 279
2820 0.1 20.55078125 0.0 23.1796875 0.8203125 7.271679687500003 280
2830 0.1 21.01171875 0.0 23.1796875 0.8203125 7.318936276690395 281
2840 0.1 21.0 0.0 23.1796875 0.8203125 7.3674922429078045 282
2850 0.1 25.44921875 0.0 25.44921875 0.8203125 7.415663648409897 283
2860 0.1 26.2890625 0.0 26.2890625 0.8203125 7.479162081866201 284
2870 0.1 29.2109375 0.0 29.2109375 0.8203125 7.545161732456144 285
2880 0.1 26.9296875 0.0 29.2109375 0.8203125 7.620916193181821 286
2890 0.1 27.51171875 0.0 29.2109375 0.8203125 7.688194141986066 287
2900 0.1 28.2109375 0.0 29.2109375 0.8203125 7.757025824652781 288
2910 0.1 29.5703125 0.0 29.5703125 0.8203125 7.827800605536336 289
2920 0.1 28.859375 0.0 29.5703125 0.8203125 7.902774784482761 290
2930 0.1 29.890625 0.0 29.890625 0.8203125 7.974790592783508 291
2940 0.1 26.890625 0.0 29.890625 0.8203125 8.049844820205482 292
2950 0.1 25.46875 0.0 29.890625 0.8203125 8.114147824232084 293
2960 0.1 24.73828125 0.0 29.890625 0.8203125 8.173177083333336 294
2970 0.1 23.8984375 0.0 29.890625 0.8203125 8.229329978813562 295
2980 0.1 23.2109375 0.0 29.890625 0.8203125 8.282266152871625 296
2990 0.1 21.71875 0.0 29.890625 0.8203125 8.332531039562292 297
3000 0.1 21.828125 0.0 29.890625 0.8203125 8.37745123741611 298
3010 0.1 21.30078125 0.0 29.890625 0.8203125 8.422436768394652 299
3020 0.1 23.62109375 0.0 29.890625 0.8203125 8.465364583333336 300
3030 0.1 25.2109375 0.0 29.890625 0.8203125 8.515715843023258 301
3040 0.1 27.7890625 0.0 29.890625 0.8203125 8.5709980339404 302
3050 0.1 27.390625 0.0 29.890625 0.8203125 8.63442398927393 303
3060 0.1 32.55078125 0.0 32.55078125 0.8203125 8.696122018914476 304
3070 0.1 33.140625 0.0 33.140625 0.8203125 8.774334016393446 305
3080 0.1 34.109375 0.0 34.109375 0.8203125 8.853962418300657 306
3090 0.1 38.05078125 0.0 38.05078125 0.8203125 8.936227605863197 307
3100 0.1 38.80859375 0.0 38.80859375 0.8203125 9.030755377435069 308
3110 0.1 38.73828125 0.0 38.80859375 0.8203125 9.127123786407772 309
3120 0.1 40.48046875 0.0 40.48046875 0.8203125 9.222643649193552 310
3130 0.1 43.05859375 0.0 43.05859375 0.8203125 9.323151125401932 311
3140 0.1 41.76171875 0.0 43.05859375 0.8203125 9.431277544070516 312
3150 0.1 40.30859375 0.0 43.05859375 0.8203125 9.534569688498406 313
3160 0.1 39.19921875 0.0 43.05859375 0.8203125 9.632576134554142 314
3170 0.1 36.12109375 0.0 43.05859375 0.8203125 9.726438492063496 315
3190 0.1 39.8515625 0.0 43.05859375 0.8203125 9.809965882120256 316
3200 0.1 39.640625 0.0 43.05859375 0.8203125 9.904734325709782 317
3210 0.1 40.921875 0.0 43.05859375 0.8203125 9.998243415880506 318
3220 0.1 40.71875 0.0 43.05859375 0.8203125 10.095182699843264 319
3230 0.1 40.87890625 0.0 43.05859375 0.8203125 10.190881347656253 320
3240 0.1 42.7109375 0.0 43.05859375 0.8203125 10.286482671339567 321
3250 0.1 41.91015625 0.0 43.05859375 0.8203125 10.387179736024848 322
3260 0.1 38.80078125 0.0 43.05859375 0.8203125 10.484774090557279 323
3270 0.1 37.62109375 0.0 43.05859375 0.8203125 10.572169174382719 324
3280 0.1 33.8984375 0.0 43.05859375 0.8203125 10.655396634615387 325
3290 0.1 37.6015625 0.0 43.05859375 0.8203125 10.726694305981598 326
3300 0.1 39.171875 0.0 43.05859375 0.8203125 10.80888044724771 327
3310 0.1 39.8203125 0.0 43.05859375 0.8203125 10.895352991615857 328
3320 0.1 38.5390625 0.0 43.05859375 0.8203125 10.983270801671734 329
3330 0.1 39.05078125 0.0 43.05859375 0.8203125 11.066773200757577 330
3340 0.1 41.23828125 0.0 43.05859375 0.8203125 11.151317031722055 331
3350 0.1 42.01171875 0.0 43.05859375 0.8203125 11.241940417921686 332
3360 0.1 43.28125 0.0 43.28125 0.8203125 11.334342154654655 333
3370 0.1 40.0 0.0 43.28125 0.8203125 11.429991579341317 334
3380 0.1 39.44140625 0.0 43.28125 0.8203125 11.515275186567164 335
3390 0.1 43.9609375 0.0 43.9609375 0.8203125 11.598388671875 336
3400 0.1 47.03125 0.0 47.03125 0.8203125 11.694419974035608 337
3410 0.1 44.91015625 0.0 47.03125 0.8203125 11.79896680843195 338
3420 0.1 46.53125 0.0 47.03125 0.8203125 11.896639933628316 339
3430 0.1 47.87890625 0.0 47.87890625 0.8203125 11.998506433823527 340
3440 0.1 46.58984375 0.0 47.87890625 0.8203125 12.103727547653957 341
3450 0.1 45.421875 0.0 47.87890625 0.8203125 12.204564144736839 342
3460 0.1 42.921875 0.0 47.87890625 0.8203125 12.301407616618073 343
3470 0.1 44.2890625 0.0 47.87890625 0.8203125 12.390420603197672 344
3480 0.1 44.8203125 0.0 47.87890625 0.8203125 12.482880434782606 345
3490 0.1 43.12890625 0.0 47.87890625 0.8203125 12.576341221098263 346
3500 0.1 44.78125 0.0 47.87890625 0.8203125 12.664388958933715 347
3510 0.1 42.2109375 0.0 47.87890625 0.8203125 12.756678789511492 348
3520 0.1 39.62890625 0.0 47.87890625 0.8203125 12.84107494627507 349
3530 0.1 36.609375 0.0 47.87890625 0.8203125 12.917611607142854 350
3540 0.1 39.6484375 0.0 47.87890625 0.8203125 12.985109508547007 351
3550 0.1 40.23828125 0.0 47.87890625 0.8203125 13.060857599431815 352
3560 0.1 43.58984375 0.0 47.87890625 0.8203125 13.137847468130309 353
3570 0.1 38.87109375 0.0 47.87890625 0.8203125 13.223870056497173 354
3580 0.1 40.33984375 0.0 47.87890625 0.8203125 13.296115757042251 355
3590 0.1 42.37890625 0.0 47.87890625 0.8203125 13.372081285112356 356
3600 0.1 44.66015625 0.0 47.87890625 0.8203125 13.45333289565826 357
3610 0.1 40.8984375 0.0 47.87890625 0.8203125 13.540502793296087 358
3620 0.1 34.69140625 0.0 47.87890625 0.8203125 13.616708739554316 359
3630 0.1 32.890625 0.0 47.87890625 0.8203125 13.67524956597222 360
3640 0.1 34.78125 0.0 47.87890625 0.8203125 13.72847775277008 361
3650 0.1 36.53125 0.0 47.87890625 0.8203125 13.786634582182318 362
3660 0.1 37.109375 0.0 47.87890625 0.8203125 13.849291924931126 363
3670 0.1 42.4609375 0.0 47.87890625 0.8203125 13.913193252060436 364
3680 0.1 43.71875 0.0 47.87890625 0.8203125 13.991406249999997 365
3690 0.1 47.71875 0.0 47.87890625 0.8203125 14.072628500683058 366
3700 0.1 48.0 0.0 48.0 0.8203125 14.164307305858308 367
3710 0.1 45.1015625 0.0 48.0 0.8203125 14.256252122961953 368
3720 0.1 45.0 0.0 48.0 0.8203125 14.339843749999998 369
3730 0.1 42.578125 0.0 48.0 0.8203125 14.422709037162159 370
3740 0.1 44.8984375 0.0 48.0 0.8203125 14.498599646226413 371
3760 0.1 44.3984375 0.0 48.0 0.8203125 14.580319640456986 372
3770 0.1 39.28125 0.0 48.0 0.8203125 14.66026097520107 373
3780 0.1 41.71875 0.0 48.0 0.8203125 14.72609249665775 374
3790 0.1 45.609375 0.0 48.0 0.8203125 14.798072916666664 375
3800 0.1 50.890625 0.0 50.890625 0.8203125 14.880017869015955 376
3810 0.1 50.6796875 0.0 50.890625 0.8203125 14.975536720822278 377
3820 0.1 53.37109375 0.0 53.37109375 0.8203125 15.069992146164019 378
3830 0.1 55.08984375 0.0 55.08984375 0.8203125 15.171050461741423 379
3840 0.1 52.33984375 0.0 55.08984375 0.8203125 15.276099917763155 380
3850 0.1 49.171875 0.0 55.08984375 0.8203125 15.373380085301834 381
3860 0.1 46.6796875 0.0 55.08984375 0.8203125 15.461857820680626 382
3870 0.1 46.5703125 0.0 55.08984375 0.8203125 15.543366514360311 383
3880 0.1 45.94921875 0.0 55.08984375 0.8203125 15.62416585286458 384
3890 0.1 49.5390625 0.0 55.08984375 0.8203125 15.702932224025972 385
3900 0.1 44.859375 0.0 55.08984375 0.8203125 15.790590592616578 386
3910 0.1 38.8515625 0.0 55.08984375 0.8203125 15.865703730620153 387
3920 0.1 40.69140625 0.0 55.08984375 0.8203125 15.924945634664946 388
3930 0.1 37.359375 0.0 55.08984375 0.8203125 15.988612628534701 389
3940 0.1 36.80078125 0.0 55.08984375 0.8203125 16.043409455128202 390
3950 0.1 37.62890625 0.0 55.08984375 0.8203125 16.096497362531967 391
3960 0.1 39.328125 0.0 55.08984375 0.8203125 16.151426977040813 392
3970 0.1 46.80859375 0.0 55.08984375 0.8203125 16.210400763358777 393
3980 0.1 44.171875 0.0 55.08984375 0.8203125 16.288061151649742 394
3990 0.1 43.23046875 0.0 55.08984375 0.8203125 16.358653085443034 395
4000 0.1 41.421875 0.0 55.08984375 0.8203125 16.426511205808076 396
4010 0.1 44.78125 0.0 55.08984375 0.8203125 16.48947181989924 397
4020 0.1 46.51171875 0.0 55.08984375 0.8203125 16.560556689698487 398
4030 0.1 44.890625 0.0 55.08984375 0.8203125 16.635622258771924 399
4040 0.1 49.23046875 0.0 55.08984375 0.8203125 16.706259765624996 400
4050 0.1 50.46875 0.0 55.08984375 0.8203125 16.78736751870324 401
4060 0.1 50.2890625 0.0 55.08984375 0.8203125 16.871152052238802 402
4070 0.1 50.87109375 0.0 55.08984375 0.8203125 16.954074906947888 403
4080 0.1 51.5 0.0 55.08984375 0.8203125 17.038027923886137 404
4090 0.1 49.9609375 0.0 55.08984375 0.8203125 17.123119212962962 405
4100 0.1 46.25 0.0 55.08984375 0.8203125 17.204000538793103 406
4110 0.1 51.28125 0.0 55.08984375 0.8203125 17.275366630835382 407
4120 0.1 47.58984375 0.0 55.08984375 0.8203125 17.358714384191178 408
4130 0.1 48.19140625 0.0 55.08984375 0.8203125 17.432629125916872 409
4140 0.1 48.98828125 0.0 55.08984375 0.8203125 17.507650533536587 410
4150 0.1 50.96875 0.0 55.08984375 0.8203125 17.58424574209246 411
4160 0.1 52.69921875 0.0 55.08984375 0.8203125 17.66527609223301 412
4170 0.1 47.359375 0.0 55.08984375 0.8203125 17.750104040556902 413
4180 0.1 41.4609375 0.0 55.08984375 0.8203125 17.82162401871981 414
4190 0.1 45.41015625 0.0 55.08984375 0.8203125 17.87858621987952 415
4200 0.1 42.55859375 0.0 55.08984375 0.8203125 17.94476787860577 416
4210 0.1 39.78125 0.0 55.08984375 0.8203125 18.003793839928058 417
4220 0.1 41.421875 0.0 55.08984375 0.8203125 18.0558930173445 418
4240 0.1 47.33984375 0.0 55.08984375 0.8203125 18.111659084128878 419
4250 0.1 46.26171875 0.0 55.08984375 0.8203125 18.18125 420
4260 0.1 46.6015625 0.0 55.08984375 0.8203125 18.247949450712586 421
4270 0.1 47.01171875 0.0 55.08984375 0.8203125 18.315138107227483 422
4280 0.1 48.921875 0.0 55.08984375 0.8203125 18.38297872340425 423
4290 0.1 54.30078125 0.0 55.08984375 0.8203125 18.455004422169804 424
4300 0.1 47.48046875 0.0 55.08984375 0.8203125 18.53934742647058 425
4310 0.1 45.48828125 0.0 55.08984375 0.8203125 18.60728433098591 426
4320 0.1 46.9609375 0.0 55.08984375 0.8203125 18.670237485362993 427
4330 0.1 46.91015625 0.0 55.08984375 0.8203125 18.73633725175233 428
4340 0.1 50.55078125 0.0 55.08984375 0.8203125 18.802010489510486 429
4350 0.1 55.359375 0.0 55.359375 0.8203125 18.875844840116276 430
4360 0.1 51.48828125 0.0 55.359375 0.8203125 18.960493401972155 431
4370 0.1 50.96875 0.0 55.359375 0.8203125 19.035789207175927 432
4380 0.1 54.37109375 0.0 55.359375 0.8203125 19.109537384526558 433
4390 0.1 59.80859375 0.0 59.80859375 0.8203125 19.190785210253456 434
4400 0.1 57.48828125 0.0 59.80859375 0.8203125 19.28415948275862 435
4410 0.1 59.5 0.0 59.80859375 0.8203125 19.371783615252294 436
4420 0.1 51.671875 0.0 59.80859375 0.8203125 19.46361019736842 437
4430 0.1 48.2109375 0.0 59.80859375 0.8203125 19.53714504851598 438
4440 0.1 51.8984375 0.0 59.80859375 0.8203125 19.602461204441912 439
4450 0.1 45.69921875 0.0 59.80859375 0.8203125 19.67586115056818 440
4460 0.1 45.640625 0.0 59.80859375 0.8203125 19.73487103174603 441
4470 0.1 46.5703125 0.0 59.80859375 0.8203125 19.79348133484163 442
4480 0.1 46.609375 0.0 59.80859375 0.8203125 19.853925648984198 443
4490 0.1 49.0 0.0 59.80859375 0.8203125 19.914185670045047 444
4500 0.1 53.12109375 0.0 59.80859375 0.8203125 19.9795470505618 445
4510 0.1 57.0 0.0 59.80859375 0.8203125 20.053855451233183 446
4520 0.1 55.3984375 0.0 59.80859375 0.8203125 20.136509018456376 447
4530 0.1 52.640625 0.0 59.80859375 0.8203125 20.215218680245535 448
4540 0.1 55.05859375 0.0 59.80859375 0.8203125 20.287435620824052 449
4550 0.1 59.3515625 0.0 59.80859375 0.8203125 20.36470486111111 450
4560 0.1 61.96875 0.0 61.96875 0.8203125 20.45115022172949 451
4570 0.1 56.23828125 0.0 61.96875 0.8203125 20.54300331858407 452
4580 0.1 55.76171875 0.0 61.96875 0.8203125 20.621800841611478 453
4590 0.1 55.4609375 0.0 61.96875 0.8203125 20.699201541850222 454
4600 0.1 54.94921875 0.0 61.96875 0.8203125 20.775600961538462 455
4610 0.1 48.1015625 0.0 61.96875 0.8203125 20.850543105811404 456
4620 0.1 47.140625 0.0 61.96875 0.8203125 20.910173345185996 457
4630 0.1 53.16015625 0.0 61.96875 0.8203125 20.967445073689955 458
4650 0.1 55.94140625 0.0 61.96875 0.8203125 21.037581699346404 459
4660 0.1 52.05078125 0.0 61.96875 0.8203125 21.11345957880435 460
4670 0.1 50.76953125 0.0 61.96875 0.8203125 21.180568736442517 461
4680 0.1 46.87109375 0.0 61.96875 0.8203125 21.244614109848484 462
4690 0.1 43.26171875 0.0 61.96875 0.8203125 21.29996287796976 463
4700 0.1 45.0 0.0 61.96875 0.8203125 21.34729424838362 464
4710 0.1 48.03125 0.0 61.96875 0.8203125 21.398160282258065 465
4720 0.1 52.7890625 0.0 61.96875 0.8203125 21.45531283530043 466
4730 0.1 51.80078125 0.0 61.96875 0.8203125 21.522408658993577 467
4740 0.1 53.87109375 0.0 61.96875 0.8203125 21.587106036324787 468
4750 0.1 56.23828125 0.0 61.96875 0.8203125 21.655941831023455 469
4760 0.1 51.109375 0.0 61.96875 0.8203125 21.729521276595744 470
4770 0.1 52.140625 0.0 61.96875 0.8203125 21.791898885350317 471
4780 0.1 49.01171875 0.0 61.96875 0.8203125 21.856197033898304 472
4790 0.1 48.05859375 0.0 61.96875 0.8203125 21.913608284883722 473
4800 0.1 46.12109375 0.0 61.96875 0.8203125 21.96876648206751 474
4810 0.1 43.2109375 0.0 61.96875 0.8203125 22.019613486842104 475
4820 0.1 43.328125 0.0 61.96875 0.8203125 22.06413307510504 476
4830 0.1 41.96875 0.0 61.96875 0.8203125 22.1087116745283 477
4840 0.1 35.51953125 0.0 61.96875 0.8203125 22.150259871861923 478
4850 0.1 30.12890625 0.0 61.96875 0.8203125 22.178170668058456 479
4860 0.1 25.5 0.0 61.96875 0.8203125 22.194734700520833 480
4870 0.1 21.6484375 0.0 61.96875 0.8203125 22.201606353950105 481
4880 0.1 18.3984375 0.0 61.96875 0.8203125 22.20045870072614 482
4890 0.1 15.640625 0.0 61.96875 0.8203125 22.19258702122153 483
4900 0.1 13.23828125 0.0 61.96875 0.8203125 22.17904990960744 484
4910 0.1 11.19921875 0.0 61.96875 0.8203125 22.160615335051546 485
4920 0.1 9.48046875 0.0 61.96875 0.8203125 22.138061021090536 486
