10 16.49453125 16.49453125
20 202.5703125 219.06484375
30 271.00390625 490.06875
40 407.9640625 898.0328125
50 538.89453125 1436.92734375
60 586.21484375 2023.1421875
70 537.928125 2561.0703125
80 432.35390625 2993.42421875
90 579.74453125 3573.16875
100 657.63984375 4230.80859375
110 808.27578125 5039.084375
120 426.2671875 5465.3515625
130 583.89765625 6049.24921875
140 835.97421875 6885.2234375
150 1307.13828125 8192.36171875
160 1199.16015625 9391.521875
170 1431.61328125 10823.13515625
180 1208.41328125 12031.5484375
190 1128.73125 13160.2796875
200 1357.92421875 14518.20390625
210 1329.63359375 15847.8375
220 1077.67734375 16925.51484375
230 1120.53984375 18046.0546875
240 1030.78984375 19076.84453125
250 1656.4640625 20733.30859375
260 1455.90859375 22189.2171875
270 2233.06875 24422.2859375
280 2329.96953125 26752.25546875
290 2300.50234375 29052.7578125
300 1758.30234375 30811.06015625
310 1701.7359375 32512.79609375
320 1720.03828125 34232.834375
330 1871.89453125 36104.72890625
340 2188.865625 38293.59453125
350 2275.178125 40568.77265625
360 2027.215625 42595.98828125
370 2130.23828125 44726.2265625
380 2222.04921875 46948.27578125
390 2866.04765625 49814.3234375
400 2774.52890625 52588.85234375
410 3566.45546875 56155.3078125
420 3341.821875 59497.1296875
430 3193.8703125 62691
440 3208.4203125 65899.4203125
450 2735.55859375 68634.97890625
460 3373.13125 72008.11015625
470 3067.7015625 75075.81171875
480 3636.5015625 78712.31328125
490 3128.8875 81841.20078125
500 2760.72578125 84601.9265625
510 3656.734375 88258.6609375
520 4234.8765625 92493.5375
530 3738.21875 96231.75625
540 4015.9828125 100247.7390625
550 3943.5421875 104191.28125
560 4382.3203125 108573.6015625
570 3815.31015625 112388.91171875
580 3805.52421875 116194.4359375
590 3765.709375 119960.1453125
600 4451.0625 124411.2078125
610 4191.45234375 128602.66015625
620 5322.53125 133925.19140625
630 5539.74921875 139464.940625
640 5989.48671875 145454.42734375
650 6468.64375 151923.07109375
660 5989.49140625 157912.5625
670 6746.4015625 164658.9640625
680 5639.50859375 170298.47265625
690 6377.096875 176675.56953125
700 6349.69140625 183025.2609375
710 6568.64609375 189593.90703125
720 6667.55546875 196261.4625
730 5955.43125 202216.89375
740 5862.24375 208079.1375
750 5750.2515625 213829.3890625
760 6524.85078125 220354.23984375
770 6465.2546875 226819.49453125
780 6397.153125 233216.64765625
790 5878.1203125 239094.76796875
800 5936.2171875 245030.98515625
810 5947.21953125 250978.2046875
820 6722.33046875 257700.53515625
830 5711.94296875 263412.478125
840 6288.88828125 269701.36640625
850 6409.57890625 276110.9453125
860 5695.421875 281806.3671875
870 5804.7078125 287611.075
880 6365.63203125 293976.70703125
890 6603.96328125 300580.6703125
900 5268.29453125 305848.96484375
910 6110.909375 311959.87421875
920 6251.47265625 318211.346875
930 5475.66171875 323687.00859375
940 5839.1328125 329526.14140625
950 6812.86015625 336339.0015625
960 5692.715625 342031.7171875
970 6514.7609375 348546.478125
980 6583.415625 355129.89375
990 5805.79453125 360935.68828125
1000 6597.62265625 367533.3109375
1010 6214.85078125 373748.16171875
1020 6394.9515625 380143.11328125
1030 6017.42421875 386160.5375
1040 6596.01796875 392756.55546875
1050 6239.28125 398995.83671875
1060 5842.82109375 404838.6578125
1070 4797.7921875 409636.45
1080 5834.48828125 415470.93828125
1090 6826.66953125 422297.6078125
1100 7000.446875 429298.0546875
1110 6022.36640625 435320.42109375
1120 6518.421875 441838.84296875
1130 6546.0390625 448384.88203125
1140 6511.21484375 454896.096875
1150 5259.525 460155.621875
1160 6028.6984375 466184.3203125
1170 6762.7140625 472947.034375
1180 7375.509375 480322.54375
1190 6878.58671875 487201.13046875
1200 6328.83515625 493529.965625
1210 6420.09609375 499950.06171875
1220 6922.34609375 506872.4078125
1230 7790.540625 514662.9484375
1240 8175.53046875 522838.47890625
1250 7836.6484375 530675.12734375
1260 8323.58359375 538998.7109375
1270 9537.8625 548536.5734375
1280 8122.06484375 556658.63828125
1290 8470.64765625 565129.2859375
1300 8462.2171875 573591.503125
1310 7769.440625 581360.94375
1320 8477.6328125 589838.5765625
1330 9310.93828125 599149.51484375
1340 8175.79375 607325.30859375
1350 7569.26328125 614894.571875
1360 9155.75859375 624050.33046875
1370 8309.9 632360.23046875
1380 8683.8125 641044.04296875
1390 8321.059375 649365.10234375
1400 7517.85546875 656882.9578125
1410 8098.11484375 664981.07265625
1420 8323.6921875 673304.76484375
1430 8986.4953125 682291.26015625
1440 8560.6765625 690851.93671875
1450 7664.875 698516.81171875
1460 7680.959375 706197.77109375
1470 7468.85 713666.62109375
1480 9097.859375 722764.48046875
1490 8651.4640625 731415.94453125
1500 7984.00625 739399.95078125
1510 9050.70625 748450.65703125
1520 8991.765625 757442.42265625
1530 8490.51953125 765932.9421875
1540 7919.74375 773852.6859375
1550 7598.196875 781450.8828125
1560 8742.36015625 790193.24296875
1570 8674.43203125 798867.675
1580 8685.165625 807552.840625
1590 8651.13515625 816203.97578125
1600 8736.42578125 824940.4015625
1610 7581.31953125 832521.72109375
1620 6816.13671875 839337.8578125
1630 8021.60625 847359.4640625
1640 8107.58203125 855467.04609375
1650 7568.69140625 863035.7375
1660 7920.05078125 870955.78828125
1670 7292.990625 878248.77890625
1680 7828.30546875 886077.084375
1690 7821.43203125 893898.51640625
1700 7883.0890625 901781.60546875
1710 7844.46796875 909626.0734375
1720 7892.23515625 917518.30859375
1730 7772.975 925291.28359375
1740 9344.8109375 934636.09453125
1750 9431.809375 944067.90390625
1760 8831.98671875 952899.890625
1770 7704.68125 960604.571875
1780 7806.0515625 968410.6234375
1790 7939.30703125 976349.93046875
1800 8581.08984375 984931.0203125
1810 8026.7109375 992957.73125
1820 8520.01640625 1001477.74765625
1830 8940.89296875 1010418.640625
1840 10291.1515625 1020709.7921875
1850 10106.803125 1030816.5953125
1860 10409.990625 1041226.5859375
1870 10300.94296875 1051527.52890625
1880 10092.090625 1061619.61953125
1890 9005.3359375 1070624.95546875
1900 10226.9625 1080851.91796875
1910 10928.82265625 1091780.740625
1920 9974.28828125 1101755.02890625
1930 10934.315625 1112689.34453125
1940 9774.1421875 1122463.48671875
1950 10782.57890625 1133246.065625
1960 9975.68671875 1143221.75234375
1970 9552.0515625 1152773.80390625
1980 10191.89921875 1162965.703125
1990 10117.7234375 1173083.4265625
2000 10472.41328125 1183555.83984375
2010 10586.0234375 1194141.86328125
2020 9863.4953125 1204005.35859375
2030 9746.11640625 1213751.475
2040 10872.796875 1224624.271875
2050 10387.69453125 1235011.96640625
2060 9747.62421875 1244759.590625
2070 9642.39921875 1254401.98984375
2080 10781.2671875 1265183.25703125
2090 10078.3078125 1275261.56484375
2100 10640.0328125 1285901.59765625
2110 9906.92421875 1295808.521875
2120 10522.07734375 1306330.59921875
2130 10427.62734375 1316758.2265625
2140 9633.17421875 1326391.40078125
2150 9222.58671875 1335613.9875
2160 9465.11015625 1345079.09765625
2170 10581.87421875 1355660.971875
2180 10114.95234375 1365775.92421875
2190 9405.6828125 1375181.60703125
2200 10526.6234375 1385708.23046875
2210 10468.1578125 1396176.38828125
2220 10150.11875 1406326.50703125
2230 9950.4109375 1416276.91796875
2240 10207.73359375 1426484.6515625
2250 9992.37421875 1436477.02578125
2260 10115.3546875 1446592.38046875
2270 10926.6875 1457519.06796875
2280 10669.72109375 1468188.7890625
2290 9253.11953125 1477441.90859375
2300 10664.115625 1488106.02421875
2310 9956.98359375 1498063.0078125
2320 9865.43671875 1507928.44453125
2330 10815.8328125 1518744.27734375
2340 9679.4375 1528423.71484375
2350 10138.71015625 1538562.425
2360 9820.0625 1548382.4875
2370 9860.653125 1558243.140625
2380 10476.48828125 1568719.62890625
2390 9539.60703125 1578259.2359375
2400 10741.21015625 1589000.44609375
2410 10185.67734375 1599186.1234375
2420 9792.72109375 1608978.84453125
2430 11543.11640625 1620521.9609375
2440 10810.4890625 1631332.45
2450 11396.5234375 1642728.9734375
2460 10884.61875 1653613.5921875
2470 10216.17265625 1663829.76484375
2480 11404.821875 1675234.58671875
2490 11459.2578125 1686693.84453125
2500 10507.95234375 1697201.796875
2510 11191.16328125 1708392.96015625
2520 11614.52421875 1720007.484375
2530 10517.66171875 1730525.14609375
2540 11461.87109375 1741987.0171875
2550 12266.1140625 1754253.13125
2560 10031.37734375 1764284.50859375
2570 12060.95078125 1776345.459375
2580 11223.1875 1787568.646875
2590 11875.103125 1799443.75
2600 11590.3015625 1811034.0515625
2610 10896.940625 1821930.9921875
2620 11899.4421875 1833830.434375
2630 11502.9890625 1845333.4234375
2640 11640.0453125 1856973.46875
2650 11413.76171875 1868387.23046875
2660 11354.05703125 1879741.2875
2670 12107.5359375 1891848.8234375
2680 12091.2546875 1903940.078125
2690 10909.86640625 1914849.94453125
2700 11497.19453125 1926347.1390625
2710 11393.07734375 1937740.21640625
2720 11873.9703125 1949614.18671875
2730 11045.5296875 1960659.71640625
2740 12116.4890625 1972776.20546875
2750 11675.665625 1984451.87109375
2760 11231.6484375 1995683.51953125
2770 11225.13671875 2006908.65625
2780 12162.9984375 2019071.6546875
2790 11728.025 2030799.6796875
2800 12009.1125 2042808.7921875
2810 9640.73125 2052449.5234375
2820 11883.74765625 2064333.27109375
2830 11696.17265625 2076029.44375
2840 12393.39296875 2088422.83671875
2850 10573.22109375 2098996.0578125
2860 11851.93515625 2110847.99296875
2870 12119.25 2122967.24296875
2880 10308.35546875 2133275.5984375
2890 11465.5015625 2144741.1
2900 11897.36796875 2156638.46796875
2910 11576.02890625 2168214.496875
2920 11885.31484375 2180099.81171875
2930 10229.9203125 2190329.73203125
2940 11388.21953125 2201717.9515625
2950 11933.64140625 2213651.59296875
2960 11423.25625 2225074.84921875
2970 11623.1328125 2236697.98203125
2980 11883.01640625 2248580.9984375
2990 11577.53359375 2260158.53203125
3000 11338.23984375 2271496.771875
3010 12266.7171875 2283763.4890625
3020 11631.4828125 2295394.971875
3030 11485.28984375 2306880.26171875
3040 11868.1203125 2318748.38203125
3050 10580.340625 2329328.72265625
3060 11334.8375 2340663.56015625
3070 11947.29296875 2352610.853125
3080 10904.6828125 2363515.5359375
3090 11486.89921875 2375002.43515625
3100 11646.14609375 2386648.58125
3110 11857.075 2398505.65625
3120 10196.04375 2408701.7
3130 11771.6125 2420473.3125
3140 12202.134375 2432675.446875
3150 11721.28359375 2444396.73046875
3160 11825.26328125 2456221.99375
3170 10353.41640625 2466575.41015625
3180 11280.35390625 2477855.7640625
3190 11269.74921875 2489125.51328125
3200 12028.321875 2501153.83515625
3210 10437.328125 2511591.16328125
3220 11256.37421875 2522847.5375
3230 12202.08203125 2535049.61953125
3240 11176.578125 2546226.19765625
3250 10664.8796875 2556891.07734375
3260 11636.32109375 2568527.3984375
3270 11784.53359375 2580311.93203125
3280 11601.62421875 2591913.55625
3290 10329.821875 2602243.378125
3300 12069.88828125 2614313.26640625
3310 11319.00546875 2625632.271875
3320 11992.58984375 2637624.86171875
3330 11603.4859375 2649228.34765625
3340 10645.7859375 2659874.13359375
3350 11442.56171875 2671316.6953125
3360 11439.22734375 2682755.92265625
3370 11675.88125 2694431.80390625
3380 11764.2515625 2706196.05546875
3390 11435.9015625 2717631.95703125
3400 10657.69765625 2728289.6546875
3410 11454.38515625 2739744.03984375
3420 12137.4171875 2751881.45703125
3430 11461.975 2763343.43203125
3440 11801.16328125 2775144.5953125
3450 10352.91015625 2785497.50546875
3460 11950.7921875 2797448.29765625
3470 12076.93203125 2809525.2296875
3480 11736.3390625 2821261.56875
3490 11464.8640625 2832726.4328125
3500 11895.62890625 2844622.06171875
3510 11379.86640625 2856001.928125
3520 10068.590625 2866070.51875
3530 11656.19140625 2877726.71015625
3540 11618.025 2889344.73515625
3550 11526.2640625 2900870.99921875
3560 11993.30234375 2912864.3015625
3570 11943.303125 2924807.6046875
3580 10495.10625 2935302.7109375
3590 11349.26328125 2946651.97421875
3600 11613.4296875 2958265.40390625
3610 12003.92265625 2970269.3265625
3620 11522.62109375 2981791.94765625
3630 11788.65390625 2993580.6015625
3640 12015.38203125 3005595.98359375
3650 11958.559375 3017554.54296875
3660 8988.68515625 3026543.228125
3670 11792.3828125 3038335.6109375
3680 11838.83359375 3050174.44453125
3690 11376.18984375 3061550.634375
3700 11514.8671875 3073065.5015625
3710 12134.0953125 3085199.596875
3720 9483.628125 3094683.225
3730 12247.31875 3106930.54375
3740 11507.80859375 3118438.35234375
3750 11616.08828125 3130054.440625
3760 12053.86875 3142108.309375
3770 11575.90234375 3153684.21171875
3780 11155.30390625 3164839.515625
3790 10604.68203125 3175444.19765625
3800 12001.7015625 3187445.89921875
3810 11139.9875 3198585.88671875
3820 12022.015625 3210607.90234375
3830 12203.63671875 3222811.5390625
3840 11370.83359375 3234182.37265625
3850 11592.69375 3245775.06640625
3860 10044.79375 3255819.86015625
3870 11587.06328125 3267406.9234375
3880 12133.590625 3279540.5140625
3890 11835.59921875 3291376.11328125
3900 11080.6546875 3302456.76796875
3910 11739.74140625 3314196.509375
3920 11588.50859375 3325785.01796875
3930 12200.39296875 3337985.4109375
3940 11715.2578125 3349700.66875
3950 9403.35078125 3359104.01953125
3960 11292.24609375 3370396.265625
3970 12189.59765625 3382585.86328125
3980 11874.8921875 3394460.75546875
3990 11814.2 3406274.95546875
4000 11959.8734375 3418234.82890625
4010 12193.07734375 3430427.90625
4020 10082.62421875 3440510.53046875
4030 11520.89453125 3452031.425
4040 12055.5140625 3464086.9390625
4050 11336.47109375 3475423.41015625
4060 12217.46953125 3487640.8796875
4070 11911.41015625 3499552.28984375
4080 11781.4171875 3511333.70703125
4090 11514.8578125 3522848.56484375
4100 9440.43984375 3532289.0046875
4110 12105.275 3544394.2796875
4120 11543.71171875 3555937.99140625
4130 11661.13203125 3567599.1234375
4140 12225.86796875 3579824.99140625
4150 11664.6390625 3591489.63046875
4160 11755.98203125 3603245.6125
4170 10339.94765625 3613585.56015625
4180 11935.675 3625521.23515625
4190 11493.20859375 3637014.44375
4200 11882.37890625 3648896.82265625
4210 10918.3609375 3659815.18359375
4220 12068.6734375 3671883.85703125
4230 12068.68671875 3683952.54375
4240 9273.7359375 3693226.2796875
4250 11825.221875 3705051.5015625
4260 11673.41796875 3716724.91953125
4270 11821.99140625 3728546.9109375
4280 11404.85859375 3739951.76953125
4290 11838.70546875 3751790.475
4300 12014.51015625 3763804.98515625
4310 11747.24453125 3775552.2296875
4320 9419.51015625 3784971.73984375
4330 11717.55703125 3796689.296875
4340 11862.04453125 3808551.34140625
4350 11471.08125 3820022.42265625
4360 11872.7796875 3831895.20234375
4370 11865.44140625 3843760.64375
4380 10977.89765625 3854738.54140625
4390 10085.88671875 3864824.428125
4400 11730.23203125 3876554.66015625
4410 11799.70390625 3888354.3640625
4420 11905.61796875 3900259.98203125
4430 11873.0203125 3912133.00234375
4440 11447.11484375 3923580.1171875
4450 11766.5 3935346.6171875
4460 11697.88828125 3947044.50546875
4470 9211.5125 3956256.01796875
4480 11747.54453125 3968003.5625
4490 11758.7640625 3979762.3265625
4500 11654.8546875 3991417.18125
4510 11472.2796875 4002889.4609375
4520 11908.31953125 4014797.78046875
4530 11324.59765625 4026122.378125
4540 10066.51953125 4036188.89765625
4550 11715.77109375 4047904.66875
4560 11766.0875 4059670.75625
4570 11470.46171875 4071141.21796875
4580 12100.309375 4083241.52734375
4590 11400.9921875 4094642.51953125
4600 12135.89765625 4106778.4171875
4610 9324.7296875 4116103.146875
4620 11570.715625 4127673.8625
4630 11598.97890625 4139272.84140625
4640 11471.44375 4150744.28515625
4650 12030.3140625 4162774.59921875
4660 12796.98984375 4175571.5890625
4670 11528.58203125 4187100.17109375
4680 9371.04765625 4196471.21875
4690 11518.8375 4207990.05625
4700 12120.98125 4220111.0375
4710 11363.54765625 4231474.58515625
4720 12225.57734375 4243700.1625
4730 11712.63515625 4255412.79765625
4740 11687.29375 4267100.09140625
4750 9703.66875 4276803.76015625
4760 11916.3953125 4288720.15546875
4770 11813.8796875 4300534.03515625
4780 11635.5625 4312169.59765625
4790 11741.803125 4323911.40078125
4800 11424.184375 4335335.58515625
4810 12297.19609375 4347632.78125
4820 11093.43515625 4358726.21640625
4830 5369.390625 4364095.60703125
4840 1109.71640625 4365205.3234375
4850 308.871875 4365514.1953125
4860 57.88125 4365572.0765625
4870 11.7921875 4365583.86875
4880 2.5421875 4365586.4109375
4890 0 4365586.4109375
4900 0.55 4365586.9609375
4910 0 4365586.9609375
4920 0 4365586.9609375
