10 3.3 33
20 3.9 72
30 5.8 130
40 6.4 194
50 6.5 259
60 6.4 323
70 7 393
80 4.9 442
90 6.3 505
100 5.9 564
110 6.1 625
120 5.3 678
130 5.9 737
140 9 827
150 11.5 942
160 12.7 1069
170 10.8 1177
180 9.4 1271
190 9.7 1368
200 14.7 1515
210 11.9 1634
220 13.3 1767
230 12.9 1896
240 12 2016
250 17.4 2190
260 18.6 2376
270 18.3 2559
280 18.1 2740
290 19.1 2931
300 13.5 3066
310 16.1 3227
320 14.4 3371
330 15.5 3526
340 16.1 3687
350 18.6 3873
360 17 4043
370 21.1 4254
380 23.1 4485
390 21.4 4699
400 25.7 4956
410 22.6 5182
420 21.5 5397
430 24.7 5644
440 23.1 5875
450 23.7 6112
460 24.5 6357
470 24.8 6605
480 24.4 6849
490 30.6 7155
500 31.4 7469
510 34.4 7813
520 31.5 8128
530 32.3 8451
540 36.1 8812
550 31.8 9130
560 28.4 9414
570 28.5 9699
580 31.2 10011
590 31.8 10329
600 39.4 10723
610 38.8 11111
620 46.7 11578
630 46.8 12046
640 45.9 12505
650 44.2 12947
660 48.1 13428
670 48.2 13910
680 44.4 14354
690 42 14774
700 38.2 15156
710 42.6 15582
720 48.2 16064
730 46.3 16527
740 46.2 16989
750 47.7 17466
760 42.7 17893
770 44 18333
780 44.1 18774
790 47.5 19249
800 46.6 19715
810 43.8 20153
820 41 20563
830 43.3 20996
840 46 21456
850 40.9 21865
860 43.6 22301
870 48.4 22785
880 53.5 23320
890 46.7 23787
900 40.8 24195
910 44 24635
920 42.1 25056
930 49 25546
940 44.9 25995
950 43.5 26430
960 43.5 26865
970 41.4 27279
980 46.3 27742
990 46.6 28208
1000 48.2 28690
1010 44.2 29132
1020 40.7 29539
1030 44.2 29981
1040 43.7 30418
1050 42.9 30847
1060 43.2 31279
1070 46.9 31748
1080 49.4 32242
1090 43.9 32681
1100 46.5 33146
1110 41.3 33559
1120 42.5 33984
1130 45.3 34437
1140 46.2 34899
1150 46.7 35366
1160 45.4 35820
1170 43 36250
1180 42.7 36677
1190 46.7 37144
1200 47.7 37621
1210 57.2 38193
1220 52.6 38719
1230 52.7 39246
1240 62.6 39872
1250 63.1 40503
1260 63.7 41140
1270 60.3 41743
1280 58.3 42326
1290 60.8 42934
1300 64.1 43575
1310 59.1 44166
1320 61.6 44782
1330 59.6 45378
1340 58.1 45959
1350 63.5 46594
1360 59.8 47192
1370 59.3 47785
1380 64.7 48432
1390 57.1 49003
1400 59.2 49595
1410 60.4 50199
1420 58.4 50783
1430 61.5 51398
1440 60.3 52001
1450 56 52561
1460 60.5 53166
1470 60.1 53767
1480 53.1 54298
1490 59.5 54893
1500 63.8 55531
1510 55.9 56090
1520 59 56680
1530 52.5 57205
1540 58.9 57794
1550 59.8 58392
1560 59.3 58985
1570 56.7 59552
1580 59.7 60149
1590 55.6 60705
1600 58.4 61289
1610 58.2 61871
1620 59.6 62467
1630 64.9 63116
1640 61 63726
1650 67.5 64401
1660 62.2 65023
1670 61.2 65635
1680 64 66275
1690 63 66905
1700 59.6 67501
1710 56.8 68069
1720 59.8 68667
1730 62 69287
1740 60.2 69889
1750 54.8 70437
1760 60.5 71042
1770 60.1 71643
1780 61.9 72262
1790 65.6 72918
1800 62.9 73547
1810 66.3 74210
1820 75.5 74965
1830 76.9 75734
1840 76 76494
1850 78.6 77280
1860 76.9 78049
1870 81.2 78861
1880 80 79661
1890 77.5 80436
1900 74 81176
1910 82.6 82002
1920 81 82812
1930 77.2 83584
1940 79.3 84377
1950 75.3 85130
1960 71.8 85848
1970 70.1 86549
1980 73 87279
1990 72.9 88008
2000 70.8 88716
2010 72.6 89442
2020 72.2 90164
2030 70.4 90868
2040 72 91588
2050 81.3 92401
2060 71.6 93117
2070 57.4 93691
2080 77.6 94467
2090 71.3 95180
2100 71.1 95891
2110 75.6 96647
2120 72.4 97371
2130 76.2 98133
2140 80 98933
2150 81.5 99748
2160 81.2 100560
2170 78.2 101342
2180 80.5 102147
2190 74.7 102894
2200 77.2 103666
2210 73.1 104397
2220 76.4 105161
2230 68.3 105844
2240 69.3 106537
2250 76.4 107301
2260 72.8 108029
2270 73 108759
2280 73.8 109497
2290 78.6 110283
2300 75.7 111040
2310 74 111780
2320 72.6 112506
2330 67.1 113177
2340 75.8 113935
2350 74.2 114677
2360 79 115467
2370 76.2 116229
2380 74.2 116971
2390 81.9 117790
2400 77.9 118569
2410 91.3 119482
2420 96.6 120448
2430 95.2 121400
2440 91 122310
2450 92.5 123235
2460 89.5 124130
2470 88.1 125011
2480 89.4 125905
2490 94.9 126854
2500 89.6 127750
2510 91.4 128664
2520 87 129534
2530 92 130454
2540 94.1 131395
2550 90.9 132304
2560 92.7 133231
2570 90.7 134138
2580 83.9 134977
2590 87.6 135853
2600 91.6 136769
2610 89.1 137660
2620 91.8 138578
2630 87.8 139456
2640 93.4 140390
2650 92 141310
2660 91.5 142225
2670 88.1 143106
2680 92.4 144030
2690 84 144870
2700 88.8 145758
2710 92.9 146687
2720 86.1 147548
2730 94.4 148492
2740 84.6 149338
2750 90.6 150244
2760 90.6 151150
2770 95.1 152101
2780 90 153001
2790 81 153811
2800 89.8 154709
2810 94 155649
2820 91.6 156565
2830 89.9 157464
2840 90.2 158366
2850 88.9 159255
2860 90.1 160156
2870 87.7 161033
2880 87.1 161904
2890 94.4 162848
2900 92.1 163769
2910 94.2 164711
2920 82.2 165533
2930 86.6 166399
2940 92.1 167320
2950 91.4 168234
2960 83.6 169070
2970 87.4 169944
2980 90.9 170853
2990 94.5 171798
3000 92.9 172727
3010 94.6 173673
3020 91.6 174589
3030 87.3 175462
3040 91.5 176377
3050 91.1 177288
3060 87.9 178167
3070 90.8 179075
3080 87.8 179953
3090 89.8 180851
3100 91 181761
3110 89.4 182655
3120 89.9 183554
3130 91.7 184471
3140 89.3 185364
3150 88.8 186252
3160 90.7 187159
3170 90.8 188067
3180 88.2 188949
3190 84 189789
3200 92.3 190712
3210 90.5 191617
3220 89.9 192516
3230 91.4 193430
3240 88.4 194314
3250 88.6 195200
3260 92.4 196124
3270 87 196994
3280 87 197864
3290 90.9 198773
3300 86.8 199641
3310 88.5 200526
3320 90 201426
3330 87.6 202302
3340 90 203202
3350 88.9 204091
3360 89 204981
3370 89.7 205878
3380 88.4 206762
3390 90.2 207664
3400 90.3 208567
3410 91.7 209484
3420 88.2 210366
3430 89.9 211265
3440 88.9 212154
3450 88.8 213042
3460 89.9 213941
3470 90.6 214847
3480 87.6 215723
3490 88.7 216610
3500 91.6 217526
3510 89.9 218425
3520 87.3 219298
3530 87.5 220173
3540 86.6 221039
3550 88.6 221925
3560 90.2 222827
3570 90.1 223728
3580 89.1 224619
3590 93.3 225552
3600 88 226432
3610 90.6 227338
3620 89 228228
3630 92.7 229155
3640 89.3 230048
3650 90.3 230951
3660 87.2 231823
3670 89.6 232719
3680 89.3 233612
3690 90.3 234515
3700 88.6 235401
3710 89 236291
3720 86.1 237152
3730 89.3 238045
3740 89.4 238939
3750 89 239829
3760 90.6 240735
3770 88.4 241619
3780 85.5 242474
3790 90.5 243379
3800 89 244269
3810 87.6 245145
3820 89.6 246041
3830 88.9 246930
3840 86.2 247792
3850 89.9 248691
3860 88.8 249579
3870 88.4 250463
3880 89 251353
3890 91.2 252265
3900 88.4 253149
3910 90.7 254056
3920 91.4 254970
3930 90.5 255875
3940 89.6 256771
3950 91.6 257687
3960 85.8 258545
3970 89.1 259436
3980 90.3 260339
3990 88.9 261228
4000 88.8 262116
4010 87.3 262989
4020 84.2 263831
4030 87.4 264705
4040 88.8 265593
4050 89.4 266487
4060 88.4 267371
4070 89.7 268268
4080 89.7 269165
4090 88.2 270047
4100 89 270937
4110 88.6 271823
4120 90.2 272725
4130 89.9 273624
4140 88.1 274505
4150 87.3 275378
4160 89.6 276274
4170 88.7 277161
4180 90.2 278063
4190 91.1 278974
4200 88.6 279860
4210 87.6 280736
4220 89.6 281632
4230 87.5 282507
4240 91 283417
4250 89.1 284308
4260 88.3 285191
4270 86.3 286054
4280 83.6 286890
4290 91.2 287802
4300 90.5 288707
4310 87.7 289584
4320 89.9 290483
4330 89.5 291378
4340 86.8 292246
4350 88.7 293133
4360 88.6 294019
4370 89.6 294915
4380 84.6 295761
4390 89.9 296660
4400 90.7 297567
4410 88.1 298448
4420 91.9 299367
4430 89.4 300261
4440 87.2 301133
4450 89.2 302025
4460 88.1 302906
4470 89.6 303802
4480 89.7 304699
4490 89 305589
4500 88.6 306475
4510 89 307365
4520 86.1 308226
4530 88.1 309107
4540 89.4 310001
4550 89.8 310899
4560 86.9 311768
4570 89.2 312660
4580 91 313570
4590 88.3 314453
4600 90.5 315358
4610 90.3 316261
4620 83.7 317098
4630 87.2 317970
4640 89.5 318865
4650 89.9 319764
4660 91.4 320678
4670 88 321558
4680 88.8 322446
4690 89.7 323343
4700 88.8 324231
4710 87.9 325110
4720 89.6 326006
4730 88.2 326888
4740 89.2 327780
4750 87.9 328659
4760 89.7 329556
4770 85.2 330408
4780 88.9 331297
4790 89.7 332194
4800 87.3 333067
4810 35.6 333423
4820 5.7 333480
4830 0.5 333485
4840 0.3 333488
4845 0 333488
