3080 1.8 18
3090 2.8 46
3100 5.4 100
3110 2.8 128
3120 1.7 145
3130 5.9 204
3140 7.4 278
3150 1.4 292
3160 1 302
3170 6.5 367
3180 0 367
3190 0 367
3200 0 367
3210 0 367
3220 1 377
3230 0.1 378
3240 0 378
3250 1.4 392
3260 6.1 453
3270 0.8 461
3280 0 461
3290 0 461
3300 2.4 485
3310 4.5 530
3320 4.2 572
3330 2.5 597
3340 0 597
3350 0 597
3360 0 597
3370 0 597
3380 0.2 599
3390 0 599
3400 1.8 617
3410 3.2 649
3420 5.6 705
3430 0 705
3440 0 705
3450 0 705
3460 0.4 709
3470 0 709
3480 0 709
3490 0 709
3500 0 709
3510 0.9 718
3520 5.3 771
3530 4.8 819
3540 0 819
3550 5.3 872
3560 0.6 878
3570 0 878
3580 0.3 881
3590 0 881
3600 4.9 930
3610 7.5 1005
3620 11.6 1121
3630 12.2 1243
3640 15.4 1397
3650 9.9 1496
3660 12.9 1625
3670 11.3 1738
3680 16.3 1901
3690 11.8 2019
3700 11.1 2130
3710 11 2240
3720 15.3 2393
3730 12.2 2515
3740 9.6 2611
3750 9.7 2708
3760 10.5 2813
3770 10.3 2916
3780 18 3096
3790 3.8 3134
3800 12.8 3262
3810 15.7 3419
3820 2 3439
3830 15.2 3591
3840 14.4 3735
3850 10.7 3842
3860 3.8 3880
3870 4.7 3927
3880 9.6 4023
3890 7.9 4102
3900 21.8 4320
3910 7.4 4394
3920 8.6 4480
3930 4.7 4527
3940 4.3 4570
3950 4.7 4617
3960 7.4 4691
3970 7.9 4770
3980 7 4840
3990 8.6 4926
4000 6.7 4993
4010 17.1 5164
4020 20.7 5371
4030 12.1 5492
4040 7.2 5564
4050 9.4 5658
4060 9.7 5755
4070 6.4 5819
4080 5.6 5875
4090 12.5 6000
4100 3.5 6035
4110 8.6 6121
4120 5 6171
4130 6.4 6235
4140 9.2 6327
4150 6.3 6390
4160 9.6 6486
4170 9.3 6579
4180 3.5 6614
4190 6.8 6682
4200 26.8 6950
4210 21.5 7165
4220 15.1 7316
4230 10.7 7423
4240 17.7 7600
4250 22.6 7826
4260 31.4 8140
4270 23.4 8374
4280 23.7 8611
4290 27.5 8886
4300 17.8 9064
4310 27.9 9343
4320 31.8 9661
4330 27.4 9935
4340 20.6 10141
4350 20.8 10349
4360 24.6 10595
4370 27.3 10868
4380 23.6 11104
4390 25.1 11355
4400 14.4 11499
4410 13.4 11633
4420 25.3 11886
4430 28.9 12175
4440 25.1 12426
4450 28.9 12715
4460 27.9 12994
4470 34.2 13336
4480 28.4 13620
4490 22.6 13846
4500 19.9 14045
4510 19 14235
4520 25.2 14487
4530 13.8 14625
4540 17.2 14797
4550 12.4 14921
4560 9.8 15019
4570 23.8 15257
4580 27.9 15536
4590 24.5 15781
4600 30.3 16084
4610 22.7 16311
4620 19.5 16506
4630 28.6 16792
4640 24.8 17040
4650 15.9 17199
4660 22.5 17424
4670 18.6 17610
4680 18.1 17791
4690 15 17941
4700 22.7 18168
4710 32.5 18493
4720 20.3 18696
4730 20.6 18902
4740 31 19212
4750 31.5 19527
4760 22.8 19755
4770 18.3 19938
4780 18.4 20122
4790 15.2 20274
4800 0 20274
4810 0 20274
4820 0 20274
4830 0 20274
4840 0 20274
4845 0 20274
