550 0.1 1
560 0 1
570 0 1
580 0 1
590 0 1
600 0 1
610 0 1
620 0 1
630 0 1
640 0 1
650 0 1
660 0 1
670 0 1
680 0 1
690 0 1
700 0 1
710 0 1
720 0 1
730 0 1
740 0 1
750 0 1
760 0 1
770 0 1
780 0.1 2
790 0 2
800 0 2
810 0 2
820 0 2
830 0.1 3
840 0 3
850 0 3
860 0 3
870 0 3
880 0 3
890 0 3
900 0 3
910 0 3
920 0 3
930 0 3
940 0 3
950 0 3
960 0 3
970 0 3
980 0 3
990 0 3
1000 0 3
1010 0 3
1020 0 3
1030 0 3
1040 0 3
1050 0 3
1060 0 3
1070 0 3
1080 0 3
1090 0 3
1100 0 3
1110 0 3
1120 0 3
1130 0 3
1140 0 3
1150 0 3
1160 0 3
1170 0 3
1180 0 3
1190 0 3
1200 0 3
1210 0 3
1220 0 3
1230 0 3
1240 0 3
1250 0 3
1260 0 3
1270 0 3
1280 0 3
1290 0 3
1300 0.1 4
1310 0 4
1320 0 4
1330 0 4
1340 0 4
1350 0 4
1360 0 4
1370 0 4
1380 0 4
1390 0 4
1400 0.1 5
1410 0 5
1420 0 5
1430 0.1 6
1440 0 6
1450 0 6
1460 0 6
1470 0 6
1480 0 6
1490 0 6
1500 0 6
1510 0 6
1520 0 6
1530 0.1 7
1540 0 7
1550 0 7
1560 0 7
1570 0 7
1580 0.1 8
1590 0 8
1600 0 8
1610 0 8
1620 0 8
1630 0 8
1640 0 8
1650 0 8
1660 0 8
1670 0 8
1680 0 8
1690 0 8
1700 0 8
1710 0 8
1720 0 8
1730 0 8
1740 0 8
1750 0 8
1760 0 8
1770 0 8
1780 0 8
1790 0 8
1800 0 8
1810 0 8
1820 0 8
1830 0 8
1840 0 8
1850 0 8
1860 0 8
1870 0 8
1880 0 8
1890 0 8
1900 0 8
1910 0 8
1920 0 8
1930 0 8
1940 0 8
1950 0 8
1960 0 8
1970 0 8
1980 0 8
1990 0 8
2000 0 8
2010 0 8
2020 0 8
2030 0 8
2040 0 8
2050 0 8
2060 0 8
2070 0 8
2080 0 8
2090 0 8
2100 0 8
2110 0 8
2120 0 8
2130 0 8
2140 0 8
2150 0 8
2160 0 8
2170 0 8
2180 0 8
2190 0 8
2200 0 8
2210 0 8
2220 0 8
2230 0 8
2240 0 8
2250 0 8
2260 0 8
2270 0 8
2280 0 8
2290 0 8
2300 0 8
2310 0 8
2320 0 8
2330 0 8
2340 0 8
2350 0 8
2360 0 8
2370 0 8
2380 0 8
2390 0 8
2400 0 8
2410 0 8
2420 0 8
2430 0 8
2440 0 8
2450 0 8
2460 0 8
2470 0 8
2480 0 8
2490 0 8
2500 0 8
2510 0 8
2520 0 8
2530 0 8
2540 0 8
2550 0 8
2560 0 8
2570 0 8
2580 0 8
2590 0 8
2600 0 8
2610 0 8
2620 0 8
2630 0 8
2640 0 8
2650 0 8
2660 0 8
2670 0 8
2680 0 8
2690 0 8
2700 0 8
2710 0 8
2720 0 8
2730 0 8
2740 0 8
2750 0 8
2760 0 8
2770 0 8
2780 0 8
2790 0 8
2800 0 8
2810 0 8
2820 0 8
2830 0 8
2840 0 8
2850 0 8
2860 0 8
2870 0 8
2880 0 8
2890 0 8
2900 0 8
2910 0 8
2920 0 8
2930 0 8
2940 0 8
2950 0 8
2960 0 8
2970 0 8
2980 0 8
2990 0 8
3000 0 8
3010 0 8
3020 0 8
3030 0 8
3040 0 8
3050 0 8
3060 0 8
3070 0 8
3080 0 8
3090 0 8
3100 0 8
3110 0 8
3120 0 8
3130 0 8
3140 0 8
3150 0 8
3160 0 8
3170 0 8
3180 0 8
3190 0 8
3200 0 8
3210 0 8
3220 0 8
3230 0 8
3240 0 8
3250 0 8
3260 0 8
3270 0 8
3280 0 8
3290 0 8
3300 0 8
3310 0 8
3320 0 8
3330 0 8
3340 0 8
3350 0 8
3360 0 8
3370 0 8
3380 0 8
3390 0 8
3400 0 8
3410 0 8
3420 0 8
3430 0 8
3440 0 8
3450 0 8
3460 0 8
3470 0 8
3480 0 8
3490 0 8
3500 0 8
3510 0 8
3520 0 8
3530 0 8
3540 0 8
3550 0 8
3560 0 8
3570 0 8
3580 0 8
3590 0 8
3600 0 8
3610 0 8
3620 0 8
3630 0 8
3640 0 8
3650 0 8
3660 0 8
3670 0 8
3680 0 8
3690 0 8
3700 0 8
3710 0 8
3720 0 8
3730 0 8
3740 0 8
3750 0 8
3760 0 8
3770 0 8
3780 0 8
3790 0 8
3800 0 8
3810 0 8
3820 0 8
3830 0 8
3840 0 8
3850 0 8
3860 0 8
3870 0 8
3880 0 8
3890 0 8
3900 0 8
3908 0 8
