10 0.1 1.219970703125 0.0 1.219970703125 1.219970703125 0 0
20 1.7 1.720358455882353 3.1047337878468206 14.10693359375 0.655029296875 1.219970703125 1
30 1.1 2.0627885298295454 3.342268389180033 14.10693359375 0.655029296875 1.6925591362847223 18
40 1 1.1338623046875 0.18517087242879302 14.10693359375 0.655029296875 1.8329909752155173 29
50 0.6 1.1349283854166667 0.24303062553315177 14.10693359375 0.655029296875 1.6537272135416667 39
60 1.5 1.0843587239583334 0.19622509911097355 14.10693359375 0.655029296875 1.5845540364583333 45
70 0.7 1.2278878348214286 0.2420061850379086 14.10693359375 0.655029296875 1.4595052083333333 60
80 0.9 3.0693901909722223 3.823045166755598 14.10693359375 0.655029296875 1.4353063782649254 67
90 1.4 1.3941999162946428 0.17996250709973313 14.10693359375 0.655029296875 1.6288163034539473 76
100 0.9 3.4014214409722223 6.221830730383752 20.9921875 0.655029296875 1.5923204210069444 90
110 0.9 1.2152777777777777 0.2208750240923971 20.9921875 0.655029296875 1.756784150094697 99
120 1.2 1.2733154296875 0.16822046448331532 20.9921875 0.655029296875 1.711658619068287 108
130 2.2 2.5144597833806817 4.42100810008388 20.9921875 0.655029296875 1.6678243001302084 120
140 1.3 2.175856370192308 4.154213364293752 20.9921875 0.655029296875 1.7989931778169015 142
150 2.1 3.8745349702380953 7.764486103768512 28.865966796875 0.655029296875 1.830601058467742 155
160 1.6 5.7322540283203125 6.055314965325338 28.865966796875 0.655029296875 2.0744795365767046 176
170 1.5 2.7854817708333335 5.152844622430626 28.865966796875 0.655029296875 2.3792940775553384 192
180 1.6 1.1991729736328125 0.21975147053154798 28.865966796875 0.655029296875 2.4087279683725846 207
190 1.3 2.6020883413461537 4.529646984899831 28.865966796875 0.655029296875 2.3219437535033634 223
200 1.7 1.034495634191176 0.296264845360685 28.865966796875 0.64599609375 2.337375446901483 236
210 2.2 2.817626953125 4.576323111119825 28.865966796875 0.64599609375 2.249830163043478 253
220 1.8 1.1918538411458333 0.2177261620541965 28.865966796875 0.64599609375 2.29525390625 275
230 2.1 1.208589099702381 0.3532696121688182 28.865966796875 0.64599609375 2.2274682367214163 293
240 2 1.5853271484375002 2.088549092074264 28.865966796875 0.635986328125 2.1593266383857483 314
250 1.3 0.8779296875 0.128356758339972 28.865966796875 0.635986328125 2.1249554114427394 334
260 2.2 0.9030317826704546 0.17427380911186974 28.865966796875 0.635986328125 2.0782368684708215 347
270 2.7 0.9345883969907407 0.23593861311729655 28.865966796875 0.592041015625 2.0081704405911247 369
280 3.4 1.8520005170036764 4.980480447961574 30.431884765625 0.592041015625 1.9349716648910984 396
290 2.6 1.1372633713942308 0.12648109048782574 30.431884765625 0.592041015625 1.9284111555232557 430
300 2.7 2.32300708912037 3.8011022062359876 30.431884765625 0.592041015625 1.883301852042215 456
310 2.3 3.010306980298913 5.22452508030827 30.431884765625 0.592041015625 1.9078816479037266 483
320 2.6 1.111853966346154 0.19127707792072776 30.431884765625 0.583984375 1.9579918902853262 506
330 3.1 1.1025075604838708 0.3946584449202996 30.431884765625 0.577880859375 1.9166392849800282 532
340 2.9 1.5285728717672413 1.691233969513056 30.431884765625 0.577880859375 1.8718114280361902 563
350 3.5 1.2029575892857143 0.13949286389091112 30.431884765625 0.577880859375 1.85499737713788 592
360 3.1 3.1138797883064515 4.443638260710071 30.431884765625 0.577880859375 1.8185996218351277 627
370 3.5 1.7334193638392859 2.3755650782912006 30.431884765625 0.577880859375 1.8796234594652355 658
380 4.2 1.1835763113839286 1.5068115720197102 30.431884765625 0.577880859375 1.8722394142316017 693
390 3.6 1.9434678819444444 2.993010271110399 30.431884765625 0.577880859375 1.8328872369260205 735
400 3.9 1.0112868088942304 0.36417416732635394 30.431884765625 0.577880859375 1.8380505355261025 771
410 2.7 669.1280562789352 1249.9829229884583 3011.552001953125 0.577880859375 1.798243393132716 810
420 2.5 2407.37103515625 3182.162081481079 9036.81103515625 0.577880859375 23.325011550739248 837
430 1.2 2257.7167968749995 3279.843053359853 9036.81103515625 0.577880859375 92.46787766458817 862
440 2.1 2291.7098446800596 2607.799424047991 9036.81103515625 0.577880859375 122.19669577731693 874
450 2.1 3150.4141903831846 3143.6494020462947 9036.81103515625 0.577880859375 173.10147357280027 895
460 2.9 3838.523075498384 4171.209427203577 9042.35205078125 0.577880859375 241.35864284465407 916
470 3.3 3555.412294330019 3808.65597100566 9042.35205078125 0.577880859375 351.74781591021826 945
480 2.4 3134.4633992513022 3302.48402209468 9042.35205078125 0.577880859375 459.84692407775754 978
490 1.5 3408.280240885417 3618.403970531512 9042.35205078125 0.577880859375 523.9095941417945 1002
500 2.5 2766.740693359375 3697.9066554929586 9042.35205078125 0.577880859375 566.4519340642669 1017
510 2.8 4192.086329868862 3797.692618545327 9042.35205078125 0.577880859375 619.2419714753779 1042
520 2.2 3828.215476296165 3757.0801288849575 9042.35205078125 0.577880859375 712.736964031469 1070
530 1.4 4298.046822684152 4210.248120254114 9042.35205078125 0.577880859375 775.5030146448604 1092
540 3.2 2538.5235748291016 2824.357009304919 9042.35205078125 0.577880859375 820.09217677194 1106
550 1.4 2578.342302594866 3568.237868554299 9042.35205078125 0.577880859375 868.4136220600149 1138
560 2.5 2649.238662109375 3436.504307499659 9042.35205078125 0.577880859375 889.1940053304037 1152
570 2.4 5012.308481852214 3543.8215843069697 9042.35205078125 0.577880859375 926.5781314302119 1177
580 2.3 3008.29295813519 3434.5417164102214 9042.35205078125 0.577880859375 1008.2246996318172 1201
590 2.1 5156.9289318266365 3841.5690991909805 9042.35205078125 0.577880859375 1045.8076816134983 1224
600 2.5 5054.48623046875 3680.5913385725785 9043.9521484375 0.577880859375 1115.151895472515 1245
610 2.7 3901.796513310185 3821.680584717406 9043.9521484375 0.577880859375 1192.697846948819 1270
620 1.7 4778.35498046875 3727.8156077027384 9043.9521484375 0.577880859375 1249.0938870349848 1297
630 2.5 4211.162666015625 3803.6614038836606 9043.9521484375 0.577880859375 1294.7540381676895 1314
640 2.5 2287.09904296875 2856.597158003133 9043.9521484375 0.577880859375 1349.2052821529012 1339
650 2.2 4374.0380748401985 3707.5990561226004 9043.9521484375 0.577880859375 1366.395417065215 1364
660 3.6 2674.6531778971353 3151.0110950822127 9043.9521484375 0.577880859375 1414.135776712437 1386
670 2.4 4763.091339111327 3463.491758318298 9043.9521484375 0.577880859375 1446.0476096538218 1422
680 1.9 3799.0375077097037 2899.217402046965 9043.9521484375 0.577880859375 1501.1022773626598 1446
690 2.8 3997.3836059570313 3985.5336048787503 12622.027099609375 0.577880859375 1530.9048503159663 1465
700 2.5 5775.345517578125 4070.6824764827697 12622.027099609375 0.577880859375 1577.16165216322 1493
710 2.5 4332.152578125 3716.057669701328 12622.027099609375 0.577880859375 1646.3017026476552 1518
720 2.3 4315.89403235394 3948.72298508368 12622.027099609375 0.577880859375 1689.818405101922 1543
730 3.1 4465.128630607359 3574.354567820284 12622.027099609375 0.577880859375 1728.38784279464 1566
740 2 3609.585107421875 3375.958573761274 12622.027099609375 0.577880859375 1781.5118029838663 1597
750 2.4 4261.049255371094 3874.3318959328585 12622.027099609375 0.577880859375 1804.1224808371503 1617
760 2.3 4316.463442595109 3637.3420261862084 12622.027099609375 0.577880859375 1840.0555963696393 1641
770 1.4 2149.1973702566966 3098.179115464416 12622.027099609375 0.577880859375 1874.2847913595347 1664
780 2.2 4240.3968949751425 3810.476585115362 12622.027099609375 0.577880859375 1876.5784600750055 1678
790 3.1 3397.0782116305445 3800.511866804657 12622.027099609375 0.577880859375 1907.169051585478 1700
800 2.8 4511.782889229911 4290.569299733898 12622.027099609375 0.577880859375 1933.8514224470591 1731
810 2.5 2889.0536621093756 3346.028773090219 12622.027099609375 0.56396484375 1974.8872843401346 1759
820 2.5 3490.57046875 3677.1648185272225 12622.027099609375 0.56396484375 1987.6979118312956 1784
830 2.4 4512.668223063151 3684.162869504672 12622.027099609375 0.56396484375 2008.4672948732898 1809
840 3.3 3829.559992009943 3647.236863673551 12622.027099609375 0.56396484375 2041.2555230656285 1833
850 2.4 3760.3672078450522 3277.146724585094 12622.027099609375 0.56396484375 2072.8814863427788 1866
860 1.9 4431.475187602796 3290.1402880897112 12622.027099609375 0.56396484375 2094.309876457093 1890
870 2.1 4011.3078962053573 2981.9295408166013 12622.027099609375 0.56396484375 2117.5713436712203 1909
880 2.2 6286.9601717862215 3381.65284081563 12622.027099609375 0.56396484375 2138.1767672998303 1930
890 2.5 5295.053984375 3434.133346277443 12622.027099609375 0.56396484375 2184.9355966536723 1952
900 2.4 2633.4614054361978 3168.457474582405 12622.027099609375 0.56396484375 2224.2643572470124 1977
910 2.6 5090.383676382212 4066.0873994994267 12622.027099609375 0.56396484375 2229.172267869971 2001
920 3.2 3855.3898849487305 3700.6139451830104 12622.027099609375 0.56396484375 2265.872562207079 2027
930 2.1 2151.8343098958335 3100.744054109016 12622.027099609375 0.56396484375 2290.5760854357013 2059
940 2.5 3368.98287109375 3102.7707891130253 12622.027099609375 0.56396484375 2289.175327124962 2080
950 2.5 3610.234287109375 3295.190721954849 12622.027099609375 0.56396484375 2301.999644749295 2105
960 2.5 4332.109580078125 3411.0783087306454 12622.027099609375 0.56396484375 2317.354511443662 2130
970 2.5 3610.88208984375 3897.79634502319 12622.027099609375 0.56396484375 2340.7275400821127 2155
980 1.7 3362.101978975184 2895.5240729544435 12622.027099609375 0.56396484375 2355.293532625251 2180
990 2.2 3009.485340465199 3140.2502355989095 12622.027099609375 0.56396484375 2363.084039492774 2197
1000 2.4 4136.305419921875 3665.0795476655894 12622.027099609375 0.56396484375 2369.492704937296 2219
1010 2.5 4211.921738281249 3505.3041712174486 12622.027099609375 0.56396484375 2388.3975222175586 2243
1020 2.3 4448.183880349864 4149.121238223162 12622.027099609375 0.56396484375 2408.498097791453 2268
1030 2.4 3636.0525410970054 3683.1446382620384 12622.027099609375 0.56396484375 2428.9750829502673 2291
1040 2.6 3009.703049879808 3537.727160425012 12622.027099609375 0.56396484375 2441.489060918095 2315
1050 3.3 4467.751819957384 3854.3217538829995 12622.027099609375 0.56396484375 2447.799852764744 2341
1060 2.5 5776.94787109375 3797.7446604503066 12622.027099609375 0.56396484375 2475.878376318812 2374
1070 1.4 4300.04452078683 3156.369070388479 12622.027099609375 0.56396484375 2510.27885042026 2399
1080 3.5 5155.501911272321 3489.6964671901924 12622.027099609375 0.56396484375 2520.6629032114456 2413
1090 1.6 3385.750778198242 3505.3009826919274 12622.027099609375 0.56396484375 2558.334212558721 2448
1100 2.4 3260.5929361979165 3239.0135968040718 12622.027099609375 0.56396484375 2563.707047400536 2464
1110 2.5 4692.524130859375 3997.5754251443955 12622.027099609375 0.56396484375 2570.4294193181954 2488
1120 2.6 3242.5289400540864 3432.726181185207 12622.027099609375 0.56396484375 2591.5405883546177 2513
1130 2.5 3370.741259765625 3437.307383113924 12622.027099609375 0.56396484375 2598.2068731691847 2539
1140 2.4 3638.2151896158853 3979.116103830438 12622.027099609375 0.56396484375 2605.7393847389626 2564
1150 2.5 2888.2135546875 3005.7880268353674 12622.027099609375 0.548095703125 2615.314121723911 2588
1160 2.5 3490.894931640625 3031.2323743088486 12622.027099609375 0.548095703125 2617.9250998425828 2613
1170 2.1 5156.14142717634 3489.646063302734 12622.027099609375 0.548095703125 2626.1981270582583 2638
1180 2.6 3471.9349083533652 3304.8562337055305 12622.027099609375 0.548095703125 2646.1788751975887 2659
1190 3.3 2919.090672348485 3181.098574890462 12622.027099609375 0.548095703125 2654.1750230046837 2685
1200 2.5 3008.871005859375 2946.2276268258934 12622.027099609375 0.548095703125 2657.391438173317 2718
1210 2.5 4210.25802734375 3803.449381554456 12622.027099609375 0.548095703125 2660.5948611380095 2743
1220 2.5 2649.918330078125 3436.5245847456786 12622.027099609375 0.548095703125 2674.5910963819197 2768
1230 2.5 3489.70380859375 3676.666196950639 12622.027099609375 0.548095703125 2674.370251713966 2793
1240 2.5 4331.59142578125 3715.1901896600393 12622.027099609375 0.548095703125 2681.6035160581796 2818
1250 1.5 3007.414208984375 3802.984182649427 12622.027099609375 0.548095703125 2696.1127308816326 2843
1260 2.7 4903.593044704861 3850.8109459814677 12622.027099609375 0.548095703125 2697.7465734888897 2858
1270 3.4 4511.7871309168195 3517.314401969929 12622.027099609375 0.548095703125 2718.390543930079 2885
1280 2.3 2748.958634086277 3185.7320292279346 12622.027099609375 0.548095703125 2739.279712808993 2919
1290 2.6 3472.2626014122598 3607.267602179314 12622.027099609375 0.548095703125 2739.3553807863477 2942
1300 1.6 3949.0377349853516 4080.8129324134447 12622.027099609375 0.548095703125 2745.775727058677 2968
1310 2.6 4280.78773850661 3927.8548044566473 12622.027099609375 0.548095703125 2752.2275340716888 2984
1320 3.6 3429.0667928059897 3260.1537859303226 12622.027099609375 0.548095703125 2765.4310441432194 3010
1330 2.5 4933.097607421874 3792.2068743118634 12622.027099609375 0.548095703125 2773.2744082114596 3046
1340 2.6 3934.126277043269 3891.4784028200124 12622.027099609375 0.548095703125 2790.8568178435858 3071
1350 2.4 4887.881866455078 3960.082152743405 12622.027099609375 0.548095703125 2800.4548178239515 3097
1360 3.4 3896.3755672679226 3537.83627746287 12622.027099609375 0.548095703125 2816.5068040998717 3121
1370 1.5 4216.961588541667 3614.173834693827 12622.027099609375 0.548095703125 2828.1440585999394 3155
1380 3.5 3953.6634835379464 3854.8784147957067 12622.027099609375 0.548095703125 2834.715750381998 3170
1390 2.4 3763.1114501953125 4184.662950719618 12622.027099609375 0.548095703125 2846.9351484039817 3205
1400 1.4 4727.518153599331 3892.1237569528216 12622.027099609375 0.548095703125 2853.7447585752398 3229
1410 2.4 4263.43539428711 3571.400742624087 12622.027099609375 0.548095703125 2861.8338204100646 3243
1420 2.6 4399.143066406249 4107.209094260884 12622.027099609375 0.548095703125 2872.130250704846 3267
1430 2.6 4397.518826998197 3562.253068198299 12622.027099609375 0.548095703125 2884.1868353414193 3293
1440 2.5 4212.430751953125 3804.4137244001795 12622.027099609375 0.548095703125 2896.0418012296614 3319
1450 2.6 3816.799316406251 3687.2187680910165 12622.027099609375 0.548095703125 2905.8832258014577 3344
1460 3.2 5170.634078979492 3777.6653196217776 12622.027099609375 0.548095703125 2912.9110650761536 3370
1470 2.7 4459.904857494213 3957.4372466331424 12622.027099609375 0.548095703125 2934.147730697819 3402
1480 2.1 4156.440336681547 3651.9007638954504 12622.027099609375 0.548095703125 2946.161566341885 3429
1490 1.9 3486.3531815378287 3555.143997090988 12622.027099609375 0.548095703125 2953.5284805961264 3450
1500 2.5 3489.375576171875 3028.4618431330987 12622.027099609375 0.548095703125 2956.446805565251 3469
1510 2.6 2893.0899752103364 3282.670379071682 12622.027099609375 0.548095703125 2960.2599765054815 3494
1520 2.6 4167.000338040865 4006.8027677558434 12622.027099609375 0.548095703125 2959.7638344504608 3520
1530 2.7 4904.44361255787 3853.345628458674 12622.027099609375 0.548095703125 2968.6155403425505 3546
1540 2.4 4387.333597819011 3783.267750882424 12622.027099609375 0.548095703125 2983.2439640620614 3573
1550 2.5 3971.61173828125 3679.6495199829915 12622.027099609375 0.548095703125 2992.612368624243 3597
1560 1.5 2808.222314453125 3378.7598990551915 12622.027099609375 0.548095703125 2999.3696806732287 3622
1570 1.3 4400.1677809495195 3847.137998656632 12622.027099609375 0.548095703125 2998.5813357479324 3637
1580 3.6 3426.6577894422744 3484.4686004824534 12622.027099609375 0.548095703125 3003.573287470568 3650
1590 2.5 4091.2192578125 3886.4815094087176 12622.027099609375 0.548095703125 3007.7054204252568 3686
1600 3.5 3698.484444754464 3379.29216633505 12622.027099609375 0.548095703125 3015.0047591303714 3711
1610 2.8 3761.0178658621658 4068.7492835222074 12622.027099609375 0.548095703125 3021.3907145486423 3746
1620 1.3 4857.33877328726 3445.6944356252548 12622.027099609375 0.548095703125 3026.8781443941057 3774
1630 2.6 4745.617985652043 3557.212473000779 12622.027099609375 0.548095703125 3033.1617430673596 3787
1640 2.3 5104.398734714674 3252.3934221338077 12622.027099609375 0.548095703125 3044.838601789416 3813
1650 2.5 3489.872197265625 3368.060870847689 12622.027099609375 0.548095703125 3057.1873721380293 3836
1660 2.5 4692.896582031249 3715.4121480457648 12622.027099609375 0.548095703125 3059.9890091823677 3861
1670 2.5 4814.201455078125 3898.899032140989 12622.027099609375 0.548095703125 3070.49407591454 3886
1680 3.3 2826.3734019886356 3222.121785360779 12622.027099609375 0.548095703125 3081.6402493942355 3911
1690 1.5 2006.1144694010416 2372.442916001852 12622.027099609375 0.548095703125 3079.50439595499 3944
1700 2.4 3634.9976298014317 3975.953477279833 12622.027099609375 0.548095703125 3075.437498026647 3959
1710 2.7 4568.998426649306 4122.7406995826805 12622.027099609375 0.548095703125 3078.8091885018152 3983
1720 2.6 4284.628173828126 3650.099395375436 12622.027099609375 0.548095703125 3088.842881626499 4010
1730 1.5 2607.492008463542 2876.429391839721 12622.027099609375 0.548095703125 3096.5461565514847 4036
1740 3.8 4195.301892732319 3874.5715435729744 12622.027099609375 0.548095703125 3094.735292018945 4051
1750 2.5 4211.99048828125 3804.9640638386836 12622.027099609375 0.548095703125 3104.9631058675895 4089
1760 2.6 4396.635188176083 3560.778178616137 12622.027099609375 0.548095703125 3111.6903019201764 4114
1770 3 2512.739794921875 3484.4987319847737 12622.027099609375 0.548095703125 3119.760004104392 4140
1780 2.5 3851.859599609375 4033.51534732621 12622.027099609375 0.548095703125 3115.39295223977 4170
1790 1.5 4609.556022135416 3780.221092693862 12622.027099609375 0.548095703125 3119.7819072300535 4195
1800 2.9 5186.2726461476295 3610.9190218016724 12622.027099609375 0.548095703125 3125.0898910123765 4210
1810 2.5 4332.707705078125 3998.248203939928 12622.027099609375 0.548095703125 3139.1909289691876 4239
1820 2.8 3868.734627859933 3200.229508362314 12622.027099609375 0.548095703125 3146.1885648516277 4264
1830 3.5 4557.054052734376 4027.112611460639 12622.027099609375 0.548095703125 3150.9022856727443 4292
1840 1.6 5077.898971557617 4079.380745386252 12622.027099609375 0.548095703125 3162.2762888729194 4327
1850 3.5 3696.2400111607144 3809.9589281320855 12622.027099609375 0.548095703125 3169.3336139760636 4343
1860 3.2 3854.7601928710938 3210.5973272617503 12622.027099609375 0.548095703125 3173.545976676261 4378
1870 1.5 3613.55400390625 3508.1382552663295 12622.027099609375 0.548095703125 3178.489027678128 4410
1880 2.4 4013.4647928873696 3752.859307781574 12622.027099609375 0.548095703125 3179.963824207715 4425
1890 1.7 2655.4343548943016 2706.838200945188 12622.027099609375 0.548095703125 3184.460120734645 4449
1900 2.4 3635.807139078776 3975.9370353949466 12622.027099609375 0.548095703125 3182.446363900949 4466
1910 2.6 3820.884512094351 3689.3158040390776 12622.027099609375 0.548095703125 3184.869673166933 4490
1920 2.5 4330.6116796875 3714.4090439541615 12622.027099609375 0.548095703125 3188.531406074841 4516
1930 3.5 3955.027518136161 3649.538100978726 12622.027099609375 0.548095703125 3194.819009431 4541
1940 2.8 3441.601893833705 3997.4793095860146 12622.027099609375 0.548095703125 3200.6335412939106 4576
1950 2.6 4280.910616361178 3354.3196735409892 12622.027099609375 0.548095703125 3202.0990308401997 4604
1960 2.5 4934.094052734375 3792.7022077508173 12622.027099609375 0.548095703125 3208.157152054788 4630
1970 2.5 3731.28978515625 4104.910523459897 12622.027099609375 0.548095703125 3217.42641575339 4655
1980 2.2 3966.4839976917615 3317.3892312120074 12622.027099609375 0.548095703125 3220.171412384815 4680
1990 2.8 4728.038818359376 4132.285720230431 12622.027099609375 0.548095703125 3223.6633045321464 4702
2000 1.5 5215.105208333333 3719.551857732392 12622.027099609375 0.548095703125 3232.5686986943374 4730
2010 2.7 4010.7575050636574 3473.3861484509584 12622.027099609375 0.548095703125 3238.8359373970948 4745
2020 2.7 2456.6271158854165 2717.0460442525036 12622.027099609375 0.548095703125 3243.2034735092066 4772
2030 2.3 3797.5309209408965 3680.8922718275217 12622.027099609375 0.548095703125 3238.7780595363283 4799
2040 2.9 5506.3683071794185 3791.436018300846 12622.027099609375 0.548095703125 3241.4432017620243 4822
2050 3.6 3348.7056274414063 3527.53917265622 12622.027099609375 0.548095703125 3254.983261142998 4851
2060 2.4 3886.2439168294272 3832.133920745145 12622.027099609375 0.548095703125 3255.673665314625 4887
2070 1.6 3008.3158111572266 3682.95176898939 12622.027099609375 0.548095703125 3258.755254815003 4911
2080 3.4 4602.427842084097 4076.3010927722526 12622.027099609375 0.548095703125 3257.9419747057023 4927
2090 2.5 5173.504111328125 3560.7583374501564 12622.027099609375 0.548095703125 3267.1563507369187 4961
2100 2.5 6015.405859375 3803.725651187409 12622.027099609375 0.548095703125 3276.7148533471836 4986
2110 2.6 3820.6348501352163 4216.937053530764 12622.027099609375 0.548095703125 3290.378248907091 5011
2120 1.5 3208.710986328125 3195.498961830058 12622.027099609375 0.548095703125 3293.115328841959 5037
2130 2.8 3223.7255859375 3308.049424383775 12622.027099609375 0.548095703125 3292.8647221242813 5052
2140 2.5 4814.032119140625 3898.2653687982634 12622.027099609375 0.548095703125 3292.4836402712835 5080
2150 2.5 4210.85119140625 3507.0176858652744 12622.027099609375 0.548095703125 3299.9349060835725 5105
2160 2.8 3868.038330078125 3491.167952936942 12622.027099609375 0.548095703125 3304.374069267406 5130
2170 3.4 2567.0630529067093 3273.346625407287 12622.027099609375 0.548095703125 3307.433898523455 5158
2180 2.5 4452.556611328125 3908.344015340906 12622.027099609375 0.548095703125 3302.5855532324363 5192
2190 2.4 5766.325459798177 3969.168714774055 12622.027099609375 0.548095703125 3308.096244520991 5217
2200 2.5 2167.384921875 2886.9385515032623 12622.027099609375 0.548095703125 3319.3531613625582 5241
2210 2.4 5140.262959798179 4023.899287908677 12622.027099609375 0.548095703125 3313.8842654287964 5266
2220 2.9 3324.5254158809266 3473.586759771138 12622.027099609375 0.548095703125 3322.170293531796 5290
2230 2.4 4386.804087320964 3470.931523536785 12622.027099609375 0.548095703125 3322.1831340183767 5319
2240 1.5 4211.246337890625 3609.1409092524905 12622.027099609375 0.548095703125 3326.9652607036214 5343
2250 2.5 4331.911699218749 3715.957652000111 12622.027099609375 0.548095703125 3329.4408516251974 5358
2260 2.6 4744.328021709736 3838.1793376090427 12622.027099609375 0.548095703125 3334.096577278149 5383
2270 2.8 3760.0554373604914 3560.8351136255596 12622.027099609375 0.548095703125 3340.8752826867685 5409
2280 2.4 3761.0533142089844 3276.270822290956 12622.027099609375 0.548095703125 3343.034018079607 5437
2290 2.6 3587.569073016827 3539.9100785981996 12622.027099609375 0.548095703125 3344.871129067907 5461
2300 2.7 4010.543755425347 3750.221581071789 12622.027099609375 0.548095703125 3346.021146662708 5487
2310 2.9 5601.868627087823 3927.015114789667 12622.027099609375 0.548095703125 3349.2750658568666 5514
2320 3.6 3846.4800550672744 3856.8554614167415 12622.027099609375 0.548095703125 3361.060238737202 5543
2330 2.4 4386.927846272786 4070.5138610448084 12622.027099609375 0.548095703125 3364.19254083218 5579
2340 1.5 3810.19873046875 3877.505506235119 12622.027099609375 0.548095703125 3368.5733452816844 5603
2350 2.7 5682.038881655092 3600.387826283834 12622.027099609375 0.548095703125 3369.7524803435936 5618
2360 2.5 3971.100986328125 3679.240991241559 12622.027099609375 0.548095703125 3380.812131864481 5645
2370 2.6 3123.6261549729566 3485.5390819157783 12622.027099609375 0.548095703125 3383.4148164079716 5670
2380 2.7 4682.292724609374 4038.3513795860936 12622.027099609375 0.548095703125 3382.2289833326013 5696
2390 3.5 5242.5814174107145 3398.592746281533 12622.027099609375 0.548095703125 3388.3624310024375 5723
2400 2.5 3615.149189453125 3296.414853189212 12622.027099609375 0.548095703125 3399.633300145246 5758
2410 1.5 4413.39287109375 4375.820339918392 12622.027099609375 0.548095703125 3400.5649787260336 5783
2420 2.4 4011.4955240885415 3751.065837534348 12622.027099609375 0.548095703125 3403.185264753201 5798
2430 2.4 2632.5021464029946 3169.0317823820506 12622.027099609375 0.548095703125 3405.6928989380253 5822
2440 2.7 3564.9573115596063 3753.7579737670267 12622.027099609375 0.548095703125 3402.5186638951172 5846
2450 2.6 5438.038423978365 3733.222302123761 12622.027099609375 0.548095703125 3403.265444669328 5873
2460 2.1 2438.534144810267 2563.968236558764 12622.027099609375 0.548095703125 3412.233760902933 5899
2470 2.6 3239.5262920673076 3431.848313220103 12622.027099609375 0.548095703125 3408.779758886388 5920
2480 2.5 4935.750146484375 3794.174348096856 12622.027099609375 0.548095703125 3408.0396663641386 5946
2490 1.6 4330.185485839845 3831.959779764825 12622.027099609375 0.548095703125 3414.4360425160403 5971
2500 3.8 4672.1134033203125 3884.8406883772977 12622.027099609375 0.548095703125 3416.8833435170727 5987
2510 2.4 3508.698170979818 4039.863325820803 12622.027099609375 0.548095703125 3424.800147213757 6025
2520 1.6 4324.234466552734 3828.9972608223184 12622.027099609375 0.548095703125 3425.1330208408667 6049
2530 2.4 3510.1085205078125 3088.7540248461805 12622.027099609375 0.548095703125 3427.504929024113 6065
2540 2.6 3010.0850266676684 3232.6887085731964 12622.027099609375 0.548095703125 3427.8305138813325 6089
2550 1.7 3010.536994485294 3574.5248278881663 12622.027099609375 0.548095703125 3426.0543270182816 6115
2560 2.1 4297.93586077009 3890.1228785263916 12622.027099609375 0.548095703125 3424.9023709430926 6132
2570 2.7 3790.193024811921 3891.12426020586 12622.027099609375 0.548095703125 3427.882007427144 6153
2580 2.5 2770.913994140625 3397.992404139038 12622.027099609375 0.548095703125 3429.4649196390187 6180
2590 2.5 4334.259990234375 3715.960875461039 12622.027099609375 0.548095703125 3426.8116121229095 6205
2600 2.4 3760.7737426757813 3907.450462125994 12622.027099609375 0.548095703125 3430.4530582630036 6230
2610 2.8 3545.7939104352677 3688.3318086119657 12622.027099609375 0.548095703125 3431.720678414252 6254
2620 2.6 4396.687546950121 3560.656385577768 12622.027099609375 0.548095703125 3432.2291232561156 6282
2630 2.8 5371.432634626116 3799.8407745903555 12622.027099609375 0.548095703125 3436.204379916871 6308
2640 2.7 3791.615252459491 3890.5852334766596 12622.027099609375 0.548095703125 3444.756524981874 6336
2650 1.4 3869.8613804408483 3490.474733969458 12622.027099609375 0.548095703125 3446.228344193236 6363
2660 3 4210.692480468751 4078.4118369100315 12622.027099609375 0.548095703125 3447.1583837898274 6377
2670 2.1 3727.4239908854165 3583.4007847407242 12622.027099609375 0.548095703125 3450.7335395414066 6407
2680 3.4 3989.332232306985 3701.730606253696 12622.027099609375 0.548095703125 3451.6374753656482 6428
2690 2.4 4137.526631673177 3664.110143394348 12622.027099609375 0.548095703125 3454.466571889326 6462
2700 2.7 5014.181577329283 4007.0770113988337 12622.027099609375 0.548095703125 3456.99408367391 6486
2710 2.3 4840.010880180028 3517.3831295667146 12622.027099609375 0.548095703125 3463.449490142311 6513
2720 2.7 5126.1804651331 3909.664231087243 12622.027099609375 0.548095703125 3468.2935709212074 6536
2730 2.5 3852.0106640625 3457.435270133684 12622.027099609375 0.548095703125 3475.114071628768 6563
2740 1.3 6016.238506610577 3912.6310372457565 12622.027099609375 0.548095703125 3476.544310671094 6588
2750 2.6 4628.641263521635 3360.895848485012 12622.027099609375 0.548095703125 3481.545980803985 6601
2760 2.5 3611.6434375 3899.0659750111067 12622.027099609375 0.548095703125 3486.046430079775 6627
2770 2.5 2647.6509277343744 3103.945300341553 12622.027099609375 0.548095703125 3486.518457317524 6652
2780 2.6 3239.8658259465146 3723.076816085428 12622.027099609375 0.548095703125 3483.377572453127 6677
2790 2.5 4453.039970703125 3908.896527967787 12622.027099609375 0.548095703125 3482.433024428485 6703
2800 2.6 3705.794142503005 3758.6694533582486 12622.027099609375 0.548095703125 3486.039619799601 6728
2810 2.7 3788.428955078125 3889.8291482982854 12622.027099609375 0.548095703125 3486.8855803548704 6754
2820 2.5 2888.280283203125 3347.2403110063838 12622.027099609375 0.548095703125 3488.086239714482 6781
2830 2.5 5413.6613671875 3609.9738051346176 12622.027099609375 0.548095703125 3485.8830147787216 6806
2840 1.4 2579.0485491071427 3568.808562510693 12622.027099609375 0.548095703125 3492.9382715215443 6831
2850 3.4 4604.061315199908 4077.246776607555 12622.027099609375 0.548095703125 3491.069103352983 6845
2860 2.6 4860.992516150842 3737.9288668809763 12622.027099609375 0.548095703125 3496.5701551341713 6879
2870 2.5 4212.390712890625 3804.069299563977 12622.027099609375 0.548095703125 3501.7077339012144 6905
2880 2.5 4573.36806640625 3816.955252793502 12622.027099609375 0.548095703125 3504.2715253117103 6930
2890 1.5 5216.930843098959 3721.66578675897 12622.027099609375 0.548095703125 3508.1144316420286 6955
2900 2.5 3609.25685546875 3606.884477802805 12622.027099609375 0.548095703125 3511.7919418531983 6970
2910 3.3 5837.246101148201 3622.3404736711577 12622.027099609375 0.548095703125 3512.140279643104 6995
2920 3.6 6184.168782552083 3467.83432793919 12622.027099609375 0.548095703125 3523.0578226296816 7028
2930 2.5 5053.8137011718745 3680.834626724701 12622.027099609375 0.548095703125 3536.6195432634877 7064
2940 1.5 5615.886962890625 3782.5685191428242 12622.027099609375 0.548095703125 3541.9700657557587 7089
2950 1.6 4137.0504150390625 2984.992476789297 12622.027099609375 0.548095703125 3546.3491132581553 7104
2960 2.9 4875.732926993535 3903.824051515812 12622.027099609375 0.548095703125 3547.6765319138426 7120
2970 2.5 3010.6640625 3293.197002387421 12622.027099609375 0.548095703125 3553.063807820586 7149
2980 2.4 4010.639719645182 3751.270493970581 12622.027099609375 0.548095703125 3551.17364980093 7174
2990 3.3 5012.265343868371 4032.1222409618176 12622.027099609375 0.548095703125 3552.7056289168318 7198
3000 2.6 4166.125018780048 3446.7449535812275 12622.027099609375 0.548095703125 3559.366598436041 7231
3010 2.4 2883.1241353352866 3415.1048180517646 12622.027099609375 0.548095703125 3561.5404607660594 7257
3020 2.5 3611.232265625 3607.8737983844985 12622.027099609375 0.548095703125 3559.3042306039474 7281
3030 1.9 6649.654001336348 3172.2509922980576 12622.027099609375 0.548095703125 3559.4819202940002 7306
3040 3.4 4688.5265897863055 3802.651386063489 12622.027099609375 0.548095703125 3567.4973837124035 7325
3050 2.5 3609.7128710937504 3294.460262991076 12622.027099609375 0.548095703125 3572.676754959382 7359
3060 1.4 3652.765851702009 3626.610860487719 12622.027099609375 0.548095703125 3572.8021480936395 7384
3070 2.7 4346.74656394676 4037.7258172276183 12622.027099609375 0.548095703125 3572.953471674407 7398
3080 2.4 5515.053782145183 3648.315988225456 12622.027099609375 0.548095703125 3575.7672647372156 7425
3090 3.4 3627.6468075022976 3912.901191185843 12622.027099609375 0.548095703125 3582.0154693845225 7449
3100 2.5 5776.057812499999 3796.1643560861044 12622.027099609375 0.548095703125 3582.222801403232 7483
3110 2.5 3973.014814453125 3681.0575812699462 12622.027099609375 0.548095703125 3589.52779278275 7508
3120 2.8 2902.1485595703125 3452.806234130229 12622.027099609375 0.548095703125 3590.80048301795 7533
3130 1.8 4678.400173611111 4036.8390933809915 12622.027099609375 0.548095703125 3588.2502576699094 7561
3140 2.3 3532.417767068614 3509.763995083185 12622.027099609375 0.548095703125 3590.8393457404914 7579
3150 2.5 4697.502519531251 3716.736501400528 12622.027099609375 0.548095703125 3590.6625901091506 7602
3160 2.9 3840.554679081358 3697.9194499403707 12622.027099609375 0.548095703125 3594.290621869417 7627
3170 2.1 4441.945614769345 3427.745400816109 12622.027099609375 0.548095703125 3595.223440267947 7656
3180 3.5 3696.3801618303573 3140.5109818060105 12622.027099609375 0.548095703125 3597.5396009641213 7677
3190 1.4 4298.088256835939 3719.134496393222 12622.027099609375 0.548095703125 3597.9881771609985 7712
3200 2.5 4691.713125 3411.127417554334 12622.027099609375 0.548095703125 3599.256802726032 7726
3210 3.6 4347.29034423828 3715.6017402005323 12622.027099609375 0.548095703125 3602.7804007207233 7751
3220 1.5 4214.922493489584 4081.7831216117584 12622.027099609375 0.548095703125 3606.2223370205347 7787
3230 2.9 5292.971730199353 4228.898348636348 12622.027099609375 0.531005859375 3607.3926141734487 7802
3240 2.6 4282.395554762621 3926.4508244171116 12622.027099609375 0.531005859375 3613.634702586774 7831
3250 2.4 3636.9710998535156 3358.9019277499306 12622.027099609375 0.531005859375 3615.8477332799866 7857
3260 2.6 4163.780038686899 4006.082163531341 12622.027099609375 0.531005859375 3615.9120602432863 7881
3270 3.3 4286.434622099904 3313.8858434755716 12622.027099609375 0.531005859375 3617.7135737679523 7907
3280 1.7 3892.5963350183824 3537.060149086881 12622.027099609375 0.531005859375 3620.4928929864604 7940
3290 2.6 3354.7928466796875 3369.258696536538 12622.027099609375 0.531005859375 3621.0742375276873 7957
3300 1.6 4700.714294433594 3974.537453075914 12622.027099609375 0.531005859375 3620.2069800853665 7983
3310 3.6 4596.763753255208 3507.8903788345388 12622.027099609375 0.531005859375 3622.3682648746617 7999
3320 2.4 3135.5414123535156 2941.5163311973583 12622.027099609375 0.531005859375 3626.7339447230374 8035
3330 1.6 3947.7186279296875 3639.666769104468 12622.027099609375 0.531005859375 3625.271155198671 8059
3340 3.4 3981.7038717830874 3698.1841830494827 12622.027099609375 0.531005859375 3625.9100604077976 8075
3350 1.6 3196.706329345703 3601.1212969687886 12622.027099609375 0.531005859375 3627.4018583590564 8109
3360 2.6 3359.2527794471152 3941.1836960484243 12622.027099609375 0.531005859375 3626.5537194711533 8125
3370 1.4 5585.539481026785 3567.9343948697883 12622.027099609375 0.531005859375 3625.7010848937243 8151
3380 2.6 3704.2372765174273 3155.5276247288516 12622.027099609375 0.531005859375 3629.0614936562306 8165
3390 2.8 4403.708905901227 3636.89329746315 12622.027099609375 0.531005859375 3629.3001177991177 8191
3400 2.7 4460.010660807292 3960.074757130935 12622.027099609375 0.531005859375 3631.9383275651307 8219
3410 2.5 3249.741982421875 3173.1486471868798 12622.027099609375 0.531005859375 3634.649697077323 8246
3420 2.5 3373.00357421875 3437.0896650813156 12622.027099609375 0.531005859375 3633.486271510114 8271
3430 2.5 4331.882197265625 3716.166411101443 12622.027099609375 0.531005859375 3632.7013067762323 8296
3440 2.5 3610.304599609375 3609.242953590817 12622.027099609375 0.531005859375 3634.801958412121 8321
3450 2.5 4094.408359375 3596.846290500984 12622.027099609375 0.531005859375 3634.7285778741307 8346
3460 3.4 3450.811789119945 3799.534097435345 12622.027099609375 0.531005859375 3636.101412008347 8371
3470 1.4 5590.025425502232 3569.4108963622584 12622.027099609375 0.531005859375 3635.351876353593 8405
3480 2.6 4628.361318734976 3656.8774484192586 12622.027099609375 0.531005859375 3638.602313423088 8419
3490 2.6 4050.2812124399034 3815.259370199001 12622.027099609375 0.531005859375 3641.649528833166 8445
3500 1.6 4514.382553100586 3684.2014218273625 12622.027099609375 0.531005859375 3642.903740115633 8471
3510 2.4 4011.5917053222656 3437.07134724061 12622.027099609375 0.531005859375 3644.54668355946 8487
3520 2.5 5416.05291015625 3611.0373774526056 12622.027099609375 0.531005859375 3645.581706532355 8511
3530 2.6 5900.501183143029 3174.894892097685 12622.027099609375 0.531005859375 3650.767013478301 8536
3540 1.9 5382.394544099507 3594.7082305604094 12622.027099609375 0.531005859375 3657.598722005664 8562
3550 2.3 3665.5587211277175 3759.8832295231505 12622.027099609375 0.531005859375 3661.4177548246575 8581
3560 2.3 4055.1245223335604 3825.356325772027 12622.027099609375 0.531005859375 3661.428824353362 8604
3570 2.9 3424.232354525862 3417.216939654596 12622.027099609375 0.531005859375 3662.4784361597312 8627
3580 2.2 5745.480490944603 3381.6703436456355 12622.027099609375 0.531005859375 3661.6802457291187 8656
3590 2.6 5438.958317683293 3440.263710789954 12622.027099609375 0.531005859375 3666.9629843088305 8678
3600 2.4 5263.544118245442 3906.8419584271373 12622.027099609375 0.531005859375 3672.256168898414 8704
3610 2.5 4453.315947265625 3909.5666865952603 12622.027099609375 0.531005859375 3676.63184611935 8728
3620 2.6 3124.5343393179087 3172.6400412304274 12622.027099609375 0.531005859375 3678.850182978559 8753
3630 2.7 2786.7847041377313 3560.389662716889 12622.027099609375 0.531005859375 3677.208514003143 8779
3640 2.3 3792.6894212805705 3344.070991829107 12622.027099609375 0.531005859375 3674.4783933051685 8806
3650 1.6 3761.2765502929688 3276.751904361802 12622.027099609375 0.531005859375 3674.7863391250157 8829
3660 2.5 4572.073173828126 3519.107797209851 12622.027099609375 0.531005859375 3674.9427940010687 8845
3670 3 4014.6933512369787 3501.18274664403 12622.027099609375 0.531005859375 3677.4713463681123 8870
3680 3.2 3760.709396362304 3759.3484321663586 12622.027099609375 0.531005859375 3678.6080497553107 8900
3690 2.5 5534.378837890625 3772.45814839435 12622.027099609375 0.531005859375 3678.9021880324517 8932
3700 2.5 3491.708203125 3675.492171033699 12622.027099609375 0.531005859375 3684.0810332090127 8957
3710 1.9 4594.533228824013 3950.0113708847966 12622.027099609375 0.531005859375 3683.545593356853 8982
3720 2.9 4252.820750269396 3110.673755913679 12622.027099609375 0.531005859375 3685.4685758114556 9001
3730 2.7 5125.584906684029 3908.501525833781 12622.027099609375 0.531005859375 3687.2906370583305 9030
3740 2.4 4888.710622151692 3957.323341855399 12622.027099609375 0.531005859375 3691.578364261587 9057
3750 2.7 4903.799614800346 4103.2207624401835 12622.027099609375 0.531005859375 3694.7422420492057 9081
3760 1.9 4276.192639802632 3818.4923304049225 12622.027099609375 0.531005859375 3698.3264042213927 9108
3770 3.1 3881.7315240675402 3757.45338266742 12622.027099609375 0.531005859375 3699.5293688840466 9127
3780 2.4 3260.3727722167964 2867.8609893373314 12622.027099609375 0.531005859375 3700.1461265615626 9158
3790 2.5 4331.85900390625 3716.2013829202124 12622.027099609375 0.531005859375 3698.996642734044 9182
3800 2.5 4936.246484375 3793.7993525352013 12622.027099609375 0.531005859375 3700.7150699122026 9207
3810 2.9 4979.034247036638 3554.607260764749 12622.027099609375 0.531005859375 3704.060854721731 9232
3820 1.6 4325.251556396484 3829.2883214388835 12622.027099609375 0.531005859375 3708.0533208028382 9261
3830 3.7 3823.1276063661317 3997.1855808843275 12622.027099609375 0.531005859375 3709.117799812162 9277
3840 2.7 3343.5080837673618 3869.1259729581 12622.027099609375 0.531005859375 3709.570705421191 9314
3850 2.4 3385.4610799153647 3507.909704105764 12622.027099609375 0.531005859375 3708.512607703104 9341
3860 2 5713.923266601562 3791.3636183437466 12622.027099609375 0.531005859375 3707.684712703968 9365
3870 2.5 4572.469404296875 3815.0795916136044 12622.027099609375 0.531005859375 3711.9601278428017 9385
3880 2.5 3009.91681640625 3609.1097024704472 12622.027099609375 0.531005859375 3714.2462842627115 9410
3890 2.4 4136.427805582683 3664.2529332548315 12622.027099609375 0.531005859375 3712.38001646235 9435
3900 2.5 4694.4096875 3997.4929350419234 12622.027099609375 0.531005859375 3713.4559385406765 9459
3908 2.6 3125.2825739933896 3174.347565711328 12622.027099609375 0.531005859375 3716.0417508270516 9484
