10 0 0
20 16 16
30 19 3
40 19 0
50 16 -3
60 26 10
70 25 -1
80 25 0
90 28 3
100 16 -12
110 20 4
120 21 1
130 34 13
140 35 1
150 42 7
160 44 2
170 35 -9
180 37 2
190 29 -8
200 32 3
210 36 4
220 37 1
230 40 3
240 46 6
250 42 -4
260 42 0
270 50 8
280 73 23
290 90 17
300 87 -3
310 95 8
320 102 7
330 115 13
340 131 16
350 144 13
360 154 10
370 178 24
380 207 29
390 211 4
400 233 22
410 239 6
420 249 10
430 246 -3
440 246 0
450 236 -10
460 233 -3
470 246 13
480 252 6
490 259 7
500 252 -7
510 259 7
520 268 9
530 268 0
540 273 5
550 274 1
560 269 -5
570 269 0
580 278 9
590 282 4
600 283 1
610 283 0
620 285 2
630 289 4
640 295 6
650 287 -8
660 294 7
670 300 6
680 300 0
690 305 5
700 298 -7
710 303 5
720 307 4
730 317 10
740 304 -13
750 306 2
760 303 -3
770 297 -6
780 292 -5
790 292 0
800 293 1
810 294 1
820 303 9
830 301 -2
840 297 -4
850 306 9
860 304 -2
870 303 -1
880 295 -8
890 296 1
900 297 1
910 292 -5
920 296 4
930 299 3
940 301 2
950 310 9
960 305 -5
970 308 3
980 305 -3
990 302 -3
1000 295 -7
1010 297 2
1020 297 0
1030 296 -1
1040 298 2
1050 303 5
1060 312 9
1070 292 -20
1080 302 10
1090 300 -2
1100 299 -1
1110 297 -2
1120 300 3
1130 297 -3
1140 297 0
1150 304 7
1160 298 -6
1170 292 -6
1180 295 3
1190 299 4
1200 302 3
1210 292 -10
1220 301 9
1230 306 5
1240 304 -2
1250 302 -2
1260 299 -3
1270 300 1
1280 294 -6
1290 307 13
1300 302 -5
1310 299 -3
1320 302 3
1330 299 -3
1340 294 -5
1350 300 6
1360 309 9
1370 299 -10
1380 307 8
1390 312 5
1400 304 -8
1410 302 -2
1420 295 -7
1430 293 -2
1440 298 5
1450 303 5
1460 306 3
1470 303 -3
1480 310 7
1490 302 -8
1500 307 5
1510 298 -9
1520 307 9
1530 300 -7
1540 304 4
1550 311 7
1560 301 -10
1570 297 -4
1580 294 -3
1590 298 4
1600 304 6
1610 313 9
1620 305 -8
1630 305 0
1640 304 -1
1650 306 2
1660 308 2
1670 293 -15
1680 305 12
1690 299 -6
1700 302 3
1710 303 1
1720 301 -2
1730 294 -7
1740 305 11
1750 304 -1
1760 307 3
1770 306 -1
1780 299 -7
1790 298 -1
1800 301 3
1810 296 -5
1820 295 -1
1830 304 9
1840 296 -8
1850 300 4
1860 310 10
1870 304 -6
1880 310 6
1890 301 -9
1900 296 -5
1910 303 7
1920 295 -8
1930 298 3
1940 299 1
1950 300 1
1960 302 2
1970 306 4
1980 314 8
1990 311 -3
2000 300 -11
2010 300 0
2020 300 0
2030 293 -7
2040 300 7
2050 302 2
2060 304 2
2070 298 -6
2080 298 0
2090 303 5
2100 303 0
2110 312 9
2120 306 -6
2130 298 -8
2140 294 -4
2150 297 3
2160 301 4
2170 306 5
2180 303 -3
2190 307 4
2200 308 1
2210 305 -3
2220 320 15
2230 305 -15
2240 298 -7
2250 304 6
2260 304 0
2270 294 -10
2280 290 -4
2290 290 0
2300 296 6
2310 296 0
2320 302 6
2330 317 15
2340 307 -10
2350 303 -4
2360 293 -10
2370 289 -4
2380 294 5
2390 297 3
2400 304 7
2410 302 -2
2420 301 -1
2430 302 1
2440 293 -9
2450 294 1
2460 293 -1
2470 297 4
2480 296 -1
2490 296 0
2500 310 14
2510 315 5
2520 305 -10
2530 309 4
2540 299 -10
2550 301 2
2560 300 -1
2570 310 10
2580 304 -6
2590 311 7
2600 301 -10
2610 308 7
2620 304 -4
2630 299 -5
2640 309 10
2650 298 -11
2660 299 1
2670 295 -4
2680 306 11
2690 308 2
2700 305 -3
2710 308 3
2720 300 -8
2730 297 -3
2740 298 1
2750 298 0
2760 304 6
2770 301 -3
2780 298 -3
2790 302 4
2800 302 0
2810 304 2
2820 312 8
2830 309 -3
2840 296 -13
2850 298 2
2860 301 3
2870 297 -4
2880 308 11
2890 304 -4
2900 302 -2
2910 296 -6
2920 305 9
2930 320 15
2940 316 -4
2950 312 -4
2960 311 -1
2970 302 -9
2980 297 -5
2990 304 7
3000 306 2
3010 303 -3
3020 311 8
3030 304 -7
3040 308 4
3050 300 -8
3060 298 -2
3070 302 4
3080 294 -8
3090 296 2
3100 295 -1
3110 300 5
3120 312 12
3130 309 -3
3140 303 -6
3150 297 -6
3160 296 -1
3170 294 -2
3180 305 11
3190 300 -5
3200 302 2
3210 301 -1
3220 298 -3
3230 301 3
3240 302 1
3250 294 -8
3260 295 1
3270 302 7
3280 300 -2
3290 300 0
3300 298 -2
3310 295 -3
3320 296 1
3330 294 -2
3340 305 11
3350 301 -4
3360 305 4
3370 292 -13
3380 294 2
3390 297 3
3400 302 5
3410 296 -6
3420 295 -1
3430 298 3
3440 298 0
3450 297 -1
3460 302 5
3470 296 -6
3480 303 7
3490 309 6
3500 308 -1
3510 293 -15
3520 303 10
3530 302 -1
3540 301 -1
3550 300 -1
3560 291 -9
3570 293 2
3580 292 -1
3590 298 6
3600 295 -3
3610 296 1
3620 297 1
3630 308 11
3640 306 -2
3650 291 -15
3660 295 4
3670 296 1
3680 295 -1
3690 307 12
3700 302 -5
3710 304 2
3720 302 -2
3730 309 7
3740 301 -8
3750 303 2
3760 296 -7
3770 295 -1
3780 300 5
3790 303 3
3800 314 11
3810 311 -3
3820 304 -7
3830 303 -1
3840 303 0
3850 304 1
3860 308 4
3870 301 -7
3880 306 5
3890 301 -5
3900 303 2
3908 308 5
