10 0.6 77.56831868489583 51.391839019041555 168.026123046875 28.0458984375 0 0
20 3 104.5241943359375 78.56384920370212 308.208984375 28.0458984375 77.56831868489583 6
30 4.9 114.70548668686224 94.06489241398788 439.43212890625 19.14794921875 100.03154839409723 36
40 4.9 297.2499800701531 324.5728454318605 1474.218017578125 19.14794921875 108.49064223345589 85
50 3.6 503.07228597005206 389.945376860416 1605.5009765625 19.14794921875 177.5145792035914 134
60 4.3 278.0321357194766 219.7591984829656 1605.5009765625 19.14794921875 246.45621122472426 170
70 3.8 261.1687332956415 223.62901575095637 1605.5009765625 16.507080078125 252.830693634463 213
80 4.1 988.3507169397867 697.6733393664439 2650.177978515625 16.507080078125 254.0930263321713 251
90 4.1 261.5872772961128 296.64616685100674 2650.177978515625 16.507080078125 357.19085275310357 292
100 5.3 368.4573490934552 366.8265665119875 2650.177978515625 16.507080078125 345.41984196110167 333
110 3.6 217.7216796875 173.10555664443427 2650.177978515625 16.507080078125 348.583022992228 386
120 4.1 267.1476872141768 239.41346224851284 2650.177978515625 16.507080078125 337.41949607523696 422
130 5.6 338.81965419224326 326.82788216208917 2650.177978515625 16.507080078125 331.19672250438714 463
140 5.8 320.3789567618533 286.7458866809403 2650.177978515625 16.0830078125 332.01923536473385 519
150 6.7 1097.8876224347014 516.9362210507024 2650.177978515625 16.0830078125 330.84915536652403 577
160 7 1939.890366908482 917.5558717290098 4144.89306640625 16.0830078125 410.6497412261015 644
170 9 1224.0172770182282 724.0629846562994 4144.89306640625 16.0830078125 560.5752927635898 714
180 7.2 335.36319308810766 248.8206125510937 4144.89306640625 16.0830078125 634.8411865234374 804
190 7.3 1156.9667734642546 1103.4738175132834 4144.89306640625 16.0830078125 610.226556926013 876
200 6.5 271.30452974759606 193.01518171784565 4144.89306640625 16.0830078125 652.2834966597239 949
210 7 823.356951032366 436.4268494266819 4144.89306640625 16.0830078125 627.8617680115107 1014
220 6.2 1119.2150997038812 639.5762296478437 4144.89306640625 16.0830078125 640.4859956973592 1084
230 8.1 573.3056489920914 542.1897618808667 4144.89306640625 16.0830078125 666.3858250589686 1146
240 8.7 830.9643807246767 511.7186701660269 4144.89306640625 16.0830078125 660.2411679591992 1227
250 6.2 1087.6001134072583 674.4543984196611 4144.89306640625 16.0830078125 671.544759671982 1314
260 10.2 1070.160094018076 926.1235754000493 4144.89306640625 16.0830078125 690.2914398548215 1376
270 9.8 1222.5172966159116 594.0482195364173 4144.89306640625 16.0830078125 716.5070032679824 1478
280 8.5 1861.6535845588235 1376.6710930398415 4609.658935546875 15.946044921875 747.9721103416482 1576
290 6.6 3416.913252397017 1206.5483422048383 6983.322021484375 15.946044921875 804.9636367163982 1661
300 11.4 4806.124717310856 1556.4615023126942 7871.89697265625 15.946044921875 904.7833672519633 1727
310 6.3 5075.122008308533 1665.3858054950508 8621.844970703125 15.946044921875 1146.3656127200315 1841
320 10 7078.1485595703125 2087.835880872788 10567.30908203125 15.946044921875 1276.3612287505334 1904
330 8.4 6340.587858654205 1769.539504190214 10567.30908203125 15.946044921875 1565.8715745998238 2004
340 7.4 7239.9414656355575 1810.888576651664 12288.40283203125 15.946044921875 1757.957861889368 2088
350 11.4 9149.72192382812 2553.649297195249 14943.376953125 15.946044921875 1945.5928233496907 2162
360 12.4 9340.190419843113 3587.9577079354676 17488.972900390625 15.946044921875 2306.432330139911 2276
370 4 11320.887109375002 4897.163742501023 20588.39111328125 15.946044921875 2669.8431647745765 2400
380 9.2 14241.539102305536 4598.867315756304 23985.946044921875 15.946044921875 2811.66355730901 2440
390 13.4 13257.755788319148 7578.466096353872 27344.344970703125 15.946044921875 3226.96709211931 2532
400 8.5 12171.517371323527 9140.630190544132 31022.802978515625 15.946044921875 3731.1402673971716 2666
410 7.5 14817.827415364583 9696.232166219259 37444.548828125 15.946044921875 3991.9298180455685 2751
420 8.3 17266.501358951435 11093.040061087102 42156.263916015625 15.946044921875 4279.241325405415 2826
430 7.7 20861.549709567767 14874.781781145148 48896.7939453125 15.946044921875 4649.795668060733 2909
440 7.4 16620.12063516153 12897.80216569793 49858.72412109375 15.946044921875 5067.8482672556565 2986
450 11.3 22406.89003301299 19569.52220430345 57376.4990234375 15.946044921875 5347.216945433773 3060
460 11.8 19767.04836260262 22500.326559330806 60215.559814453125 15.946044921875 5954.762819652636 3173
470 8.2 19942.64530535442 22411.84914910359 64827.829833984375 15.946044921875 6450.007333195053 3291
480 8.8 21775.088292902165 20970.495806520143 66755.68603515625 15.946044921875 6778.022842746512 3373
490 7.2 24473.096611870653 22038.86221948048 71894.49389648438 15.946044921875 7159.340889442177 3461
500 10.9 19525.06375878011 20219.787880631273 82319.61401367188 15.946044921875 7512.182783587337 3533
510 11.1 22633.108697564752 23987.392404336435 91512.82495117188 15.946044921875 7871.711621120564 3642
520 5.6 18251.47381155831 21236.82539206743 91512.82495117188 15.946044921875 8308.299704116915 3753
530 8.9 25560.15829364904 22684.323508726422 91512.82495117188 15.946044921875 8454.484463900773 3809
540 10.9 21663.426092585294 21790.769439657386 91512.82495117188 15.946044921875 8845.045000290615 3898
550 6.9 25100.41725755774 25660.641488568355 91512.82495117188 15.946044921875 9193.7356763725 4007
560 9.8 22107.327046297036 22692.228179688267 91512.82495117188 15.946044921875 9463.009726691878 4076
570 9.2 22964.003749681557 24540.74313604246 91512.82495117188 15.946044921875 9759.881575594922 4174
580 7.9 25402.977591599098 27736.024385355933 97532.94604492188 15.946044921875 10044.639953470209 4266
590 8.9 24348.435977550034 25401.915358017206 97532.94604492188 15.946044921875 10323.882455981644 4345
600 8.8 23656.82495117188 25219.34149774747 120679.5009765625 15.946044921875 10605.385672810598 4434
610 9.8 21408.82783352598 23764.947544005372 120679.5009765625 15.946044921875 10859.372107241335 4522
620 8.2 21867.372942668626 24098.616830555322 120679.5009765625 15.946044921875 11083.148440829193 4620
630 9.9 28030.496372415568 35768.61948559262 221350.01391601563 15.946044921875 11271.218710746425 4702
640 8 28073.214596557616 36983.57991389522 221407.64306640625 15.946044921875 11616.806814996631 4801
650 9 25619.76933322482 32225.398176678107 221407.64306640625 15.946044921875 11886.528720861184 4881
660 12.5 23336.372369140627 30518.02013785031 221407.64306640625 15.946044921875 12135.16916646825 4971
670 7.5 19935.735341796873 21877.417793890778 221407.64306640625 15.946044921875 12409.923954602873 5096
680 6.3 39241.174731057785 51230.49899977295 227397.3291015625 15.946044921875 12519.078055171341 5171
690 13.1 28551.12395261808 41225.2839256352 227472.18823242188 15.946044921875 12840.7234679686 5234
700 9.3 29522.093364100303 45820.95963219627 229501.05004882813 15.946044921875 13224.332501237768 5365
710 8.2 28240.124330101942 34498.76424106603 229501.05004882813 15.946044921875 13502.033446684125 5458
720 10.5 25337.06662946429 34490.1018810973 229501.05004882813 15.946044921875 13720.178474200417 5540
730 8.1 25219.481388044947 32250.22128351479 229501.05004882813 15.946044921875 13936.258767610994 5645
740 10.1 34941.99891707919 53625.89748757559 229501.05004882813 15.946044921875 14095.871242681751 5726
750 10.2 30588.630600873163 43836.16987899971 229501.05004882813 15.946044921875 14457.199352363257 5827
760 7.1 30984.96926922865 46995.94840162153 229501.05004882813 15.946044921875 14734.717650111277 5929
770 7.7 36960.19055334314 46028.806647504534 229501.05004882813 15.946044921875 14927.012294270833 6000
780 9.4 28274.693595723904 34651.34941941435 229501.05004882813 15.946044921875 15206.188652004677 6077
790 9.9 26478.92948774858 37694.463045484394 229501.05004882813 15.946044921875 15405.255167109135 6171
800 11.7 30524.13729049812 42256.52112961395 229501.05004882813 15.946044921875 15580.102656382389 6270
810 8.8 29395.09116155451 38249.32587076711 229501.05004882813 15.946044921875 15853.854347660226 6387
820 8.1 28393.392336998455 40165.956951213615 229501.05004882813 15.946044921875 16037.889689686897 6475
830 9.9 27626.697494969223 38876.963474165685 229501.05004882813 15.946044921875 16190.543093352582 6556
840 13.4 26938.186536191115 40262.57584729578 229501.05004882813 15.946044921875 16360.667704285723 6655
850 5.4 35788.7594672309 57737.55747210784 229501.05004882813 15.946044921875 16569.444773585372 6789
860 8.5 29326.39957490809 37735.65605989469 229501.05004882813 15.946044921875 16721.109685679025 6843
870 8.7 29796.62785953215 38257.205570837024 229501.05004882813 15.946044921875 16875.764656895026 6928
880 10.4 26310.472130408652 35112.60241828982 229501.05004882813 15.946044921875 17036.00914707741 7015
890 8.5 32985.82848690258 45868.43146287319 229501.05004882813 15.946044921875 17171.49786041727 7119
900 8.5 31647.901493566176 44668.51176834644 229501.05004882813 15.946044921875 17358.09115626003 7204
910 8.7 31468.6519256241 44599.56912844512 229501.05004882813 15.946044921875 17524.73045913711 7289
920 9.7 28754.772410599235 42361.64679015799 229501.05004882813 15.946044921875 17689.199164069913 7376
930 7.9 32008.823696474476 45140.66609251843 229501.05004882813 15.946044921875 17832.830985950462 7473
940 9.6 25563.804575602215 34436.587677299714 229501.05004882813 15.946044921875 17981.12328257803 7552
950 7.6 29663.04922967208 40348.296660113614 229501.05004882813 15.946044921875 18076.30338249047 7648
960 10.2 26631.846110026036 36738.4587964658 229501.05004882813 15.946044921875 18190.310721225036 7724
970 8.6 36480.28493198127 53605.645233137075 229501.05004882813 15.946044921875 18300.333288265378 7826
980 7.5 33872.52143554688 45226.68367609244 295247.60693359375 15.946044921875 18497.941458305766 7912
990 10.7 32616.705774039867 43060.40081149361 295247.60693359375 15.946044921875 18642.312748939683 7987
1000 8.6 31491.626629496724 46894.73351001833 295247.60693359375 15.946044921875 18827.049597677727 8094
1010 8.6 29513.260168740915 39095.28600029209 295247.60693359375 15.946044921875 18960.19796255993 8180
1020 9.4 30629.018185879322 43322.74174722263 295247.60693359375 15.946044921875 19069.99270605516 8266
1030 8.7 27124.714442461387 38314.94078860085 295247.60693359375 15.946044921875 19199.96260977567 8360
1040 9.3 37334.084186512955 54031.760527360755 295247.60693359375 15.946044921875 19281.58370714085 8447
1050 12.1 25949.083098608604 31644.45589490809 295247.60693359375 15.946044921875 19478.17416903565 8540
1060 4.9 33849.29042769452 52781.577632611465 295247.60693359375 15.946044921875 19568.577122560455 8661
1070 10.4 32599.30221088116 46841.54235922548 295247.60693359375 15.946044921875 19648.916382256386 8710
1080 9.6 25556.89107767741 33695.99481845517 295247.60693359375 15.946044921875 19801.723294688538 8814
1090 8.2 38099.888374142545 51670.304274031485 295247.60693359375 15.946044921875 19863.731836458115 8910
1100 10 27017.938732910156 36197.62271132264 295247.60693359375 15.946044921875 20030.031306663866 8992
1110 8.9 26913.35322210762 33816.13614704155 295247.60693359375 15.946044921875 20106.889065421525 9092
1120 9.2 34520.61789073115 50487.364621378634 295247.60693359375 15.946044921875 20172.87047375886 9181
1130 9.2 28467.815986965015 34564.349799312855 295247.60693359375 15.946044921875 20315.218447700565 9273
1140 8.8 29100.6164744984 39335.9039340158 295247.60693359375 15.946044921875 20395.308033777696 9365
1150 8.1 29538.99189211998 39607.3105625473 295247.60693359375 15.946044921875 20476.347613041784 9453
1160 8.8 29415.092912153763 42697.94690974945 295247.60693359375 15.946044921875 20553.343017552517 9534
1170 10.5 28509.354824683778 36825.39468972484 295247.60693359375 15.946044921875 20634.3899922693 9622
1180 8.6 24600.157507608103 32344.217583545007 295247.60693359375 15.946044921875 20719.3978371756 9727
1190 10.4 31767.964709942156 51622.628343038254 295247.60693359375 15.946044921875 20753.408367253778 9813
1200 7.1 33788.539420114445 46175.94916977618 295247.60693359375 15.946044921875 20868.918487213403 9917
1210 13.1 28274.066154654698 37215.238496649115 295247.60693359375 15.946044921875 20960.75800325625 9988
1220 6.5 26739.35121694711 46369.13898941974 295247.60693359375 15.946044921875 21055.435675737048 10119
1230 10.2 33286.082766065396 44306.26387590345 295247.60693359375 15.946044921875 21091.713612714528 10184
1240 8.5 29390.15639648438 44868.34432214414 295247.60693359375 15.946044921875 21212.637747814835 10286
1250 7.4 37898.74666451119 45435.368605096024 295247.60693359375 15.946044921875 21279.660126094357 10371
1260 10 23078.30205078125 21488.801395796374 295247.60693359375 15.946044921875 21397.401859348818 10445
1270 10.4 29967.430915245644 42343.095913479745 295247.60693359375 15.946044921875 21413.342117209722 10545
1280 11.3 28486.215131101355 35087.5629325163 295247.60693359375 15.946044921875 21496.882847324825 10649
1290 5.3 32261.75583173643 52632.526286425586 295247.60693359375 15.946044921875 21570.270186858994 10762
1300 8 37605.12503356932 44783.57066326059 295247.60693359375 15.946044921875 21622.664892284654 10815
1310 10 32678.95754638672 45086.15513700359 295247.60693359375 15.946044921875 21740.02118519909 10895
1320 10.3 26426.29516601562 40985.91214290942 295247.60693359375 15.946044921875 21839.51128398206 10995
1330 9 33152.892469618055 48301.77143013039 295247.60693359375 15.946044921875 21882.08100283676 11098
1340 11.1 28945.09927285684 35834.109493777956 295247.60693359375 15.946044921875 21972.747165869503 11188
1350 8.1 25492.621123890825 32123.354260222917 295247.60693359375 15.946044921875 22041.242703870706 11299
1360 11.7 22918.986434545266 34107.745606712655 295247.60693359375 15.946044921875 22065.80875413623 11380
1370 7.8 36596.18635754708 53133.00659641575 295247.60693359375 15.946044921875 22074.49117464661 11497
1380 11.2 23842.31799970354 33941.33171966491 295247.60693359375 15.946044921875 22172.34795428084 11575
1390 7.3 30216.510213773545 40971.847637617495 295247.60693359375 15.946044921875 22188.35177434479 11687
1400 8.7 34202.705016388296 43611.08878896332 295247.60693359375 15.946044921875 22238.186431324237 11760
1410 8.2 24560.213828482283 37040.552592186184 295247.60693359375 15.946044921875 22326.049444483735 11847
1420 11.8 34664.50954424326 43843.55856813773 295247.60693359375 15.946044921875 22341.40710057292 11929
1430 9.3 25650.637309412792 33482.56384091844 295247.60693359375 15.946044921875 22462.11151564332 12047
1440 7.7 29888.20904778815 35014.8305845334 295247.60693359375 15.946044921875 22486.537619335293 12140
1450 9 27182.7757405599 33892.200153572696 295247.60693359375 15.946044921875 22533.188081804874 12217
1460 9.3 32537.04319451445 48907.636161088565 295247.60693359375 15.946044921875 22567.190104173278 12307
1470 10.9 27453.89559740539 39795.92276341425 295247.60693359375 15.946044921875 22641.964002350836 12400
1480 6.7 34967.84159281717 48514.0937750773 295247.60693359375 15.946044921875 22683.893856364823 12509
1490 9.9 29978.286085957232 41672.436324876646 295247.60693359375 15.946044921875 22749.337916347515 12576
1500 7.5 26328.326373697917 38128.310030394976 295247.60693359375 15.946044921875 22805.800706784703 12675
1510 12 32401.316841634107 43144.24667205062 295247.60693359375 15.946044921875 22826.52144600184 12750
1520 5.4 25552.229831271707 36384.22574877353 295247.60693359375 15.946044921875 22915.796927546195 12870
1530 11.6 39145.2035459321 54648.81520058903 295247.60693359375 15.946044921875 22926.812663912737 12924
1540 9.4 29154.106042740194 36248.99294068087 295247.60693359375 15.946044921875 23071.086693231315 13040
1550 5.4 34793.27874981917 47349.925147656984 295247.60693359375 15.946044921875 23114.622845116028 13134
1560 9.4 32037.81554136885 42219.73005563759 295247.60693359375 15.946044921875 23162.442637264492 13188
1570 5.1 28210.174704159006 27895.316465826836 295247.60693359375 15.946044921875 23225.255847096283 13282
1580 12.4 32919.53532360445 46175.555968111 295247.60693359375 15.946044921875 23244.32363841933 13333
1590 9.4 31589.693767141795 36520.56573920015 295247.60693359375 15.946044921875 23333.4762169259 13457
1600 9.4 23089.961189432346 25190.554720990294 295247.60693359375 15.946044921875 23390.747595401313 13551
1610 9.1 27627.80664867359 39346.00609287064 295247.60693359375 15.946044921875 23388.675486778295 13645
1620 8.5 36209.94303193936 49204.855296534595 295247.60693359375 15.946044921875 23416.75942211118 13736
1630 10.7 29955.947950131424 44800.84211643838 295247.60693359375 15.946044921875 23495.438288100282 13821
1640 6.6 36026.18756658381 53827.13032934719 295247.60693359375 15.946044921875 23545.07029081692 13928
1650 10.6 28013.94929936247 36478.06689161045 295247.60693359375 15.946044921875 23603.93507145152 13994
1660 8.4 25706.64524623326 32722.67593551124 295247.60693359375 15.946044921875 23637.08836990248 14100
1670 12.6 31908.656021360373 44709.902242426964 295247.60693359375 15.946044921875 23649.344628899365 14184
1680 6.9 32960.21015554234 45113.15190770153 295247.60693359375 15.946044921875 23722.06812543676 14310
1690 9.1 33420.35475779102 46780.236226999914 295247.60693359375 15.946044921875 23766.39887166927 14379
1700 7 35683.2890764509 52457.87499365017 295247.60693359375 15.946044921875 23827.111379315233 14470
1710 11.2 25890.714952741353 26565.408615078388 295247.60693359375 15.946044921875 23884.190639205157 14540
1720 8 30466.1246887207 44578.894114381204 295247.60693359375 15.946044921875 23899.528526395712 14652
1730 8.1 30065.93483856578 33049.668554787844 295247.60693359375 15.946044921875 23935.187479218548 14732
1740 10.2 28156.2531451057 36778.45982474512 295247.60693359375 15.946044921875 23968.711447091842 14813
1750 8.4 33539.481122698126 46197.95878654647 295247.60693359375 15.946044921875 23997.349010162405 14915
1760 8.6 25792.603913063227 32485.026848611 295247.60693359375 15.946044921875 24050.788512626103 14999
1770 9.1 30003.073768028855 39808.22575933153 295247.60693359375 15.946044921875 24060.71865014268 15085
1780 11.8 31015.31214413401 44336.28716607224 295247.60693359375 15.946044921875 24096.350853340336 15176
1790 5.1 46396.45385263481 52601.66361704948 295247.60693359375 15.946044921875 24149.73371147514 15294
1800 10 31836.118432617186 44111.24269269806 295247.60693359375 15.946044921875 24223.67197978398 15345
1810 9.4 26298.80680684841 31982.142024552206 295247.60693359375 15.946044921875 24272.95942849122 15445
1820 8.9 32577.973989422408 44424.70489502733 295247.60693359375 15.946044921875 24285.214377559085 15539
1830 8.7 34655.44878659302 52604.07120798047 295247.60693359375 15.946044921875 24332.440868821937 15628
1840 8.6 34879.301164494005 44532.78014606555 295247.60693359375 15.946044921875 24389.590196779052 15715
1850 12.4 29410.897143948463 40847.595745860745 295247.60693359375 15.946044921875 24446.68247848423 15801
1860 9.2 24109.75713845957 30955.89503432414 295247.60693359375 15.946044921875 24485.336332080307 15925
1870 7.1 28630.171452052156 40681.58819419926 295247.60693359375 15.946044921875 24483.17904383575 16017
1880 8.8 34795.560657848 43429.56505356917 295247.60693359375 15.946044921875 24501.480663737748 16088
1890 9.6 24068.402577718098 22914.528576035515 295247.60693359375 15.946044921875 24557.48208803805 16176
1900 9.1 27096.041686341003 37600.81036934945 295247.60693359375 15.946044921875 24554.596663198405 16272
1910 7.7 30406.106524578936 35808.57561536098 295247.60693359375 15.946044921875 24568.730471002964 16363
1920 9.8 30271.60702826052 42171.50940803869 295247.60693359375 15.946044921875 24596.070979283093 16440
1930 10.7 32171.27810355212 46835.626419729684 295247.60693359375 15.946044921875 24629.70276866511 16538
1940 9.6 32073.87578328451 43926.49257127878 295247.60693359375 15.946044921875 24678.182706233925 16645
1950 8.1 24088.542206187314 30855.74180500539 295247.60693359375 15.946044921875 24720.592749564483 16741
1960 10.5 29568.147886439732 32997.07205972366 295247.60693359375 15.946044921875 24717.54934842231 16822
1970 9.1 23820.16073306576 31592.970520165916 295247.60693359375 15.946044921875 24747.638132405995 16927
1980 5.5 29058.417356178976 42562.45754835587 295247.60693359375 15.946044921875 24742.678651659728 17018
1990 10.4 38468.1912442721 53474.4379416671 295247.60693359375 15.946044921875 24756.581634659116 17073
2000 8.4 27915.92072405134 32391.483604385834 295247.60693359375 15.946044921875 24839.600054604376 17177
2010 10.1 24326.73730952196 23989.43117493588 295247.60693359375 15.946044921875 24854.57085213833 17261
2020 8.5 38264.05686753216 53513.26487520994 295247.60693359375 15.946044921875 24851.500284933845 17362
2030 9.6 30032.92210642497 38964.43043823579 295247.60693359375 15.946044921875 24916.844889136337 17447
2040 8.6 34849.38801326307 48532.761812548815 295247.60693359375 15.946044921875 24944.84143550011 17543
2050 10.1 34991.603114364174 51602.30689139477 295247.60693359375 15.946044921875 24993.15903750179 17629
2060 8.5 27858.958944163598 39121.662619511575 295247.60693359375 15.946044921875 25050.115769129716 17730
2070 8.7 32002.000230109556 43220.63892068301 295247.60693359375 15.946044921875 25063.517490705795 17815
2080 13.7 27260.103259010037 38801.28169803116 295247.60693359375 15.946044921875 25097.237075016383 17902
2090 7.8 26482.19201973157 33412.83225209116 295247.60693359375 15.946044921875 25113.663299707725 18039
2100 9.7 30769.81760933473 44998.96786426447 295247.60693359375 15.946044921875 25119.55529287226 18117
2110 6.6 23681.648326526993 22825.24702274729 295247.60693359375 15.946044921875 25149.646181457792 18214
2120 8.6 27984.764097701667 25407.465316061167 295247.60693359375 15.946044921875 25144.34597038419 18280
2130 10.8 28825.62975396051 40817.24622621065 295247.60693359375 15.946044921875 25157.64641462623 18366
2140 10.7 27564.985157619012 37161.43140865686 295247.60693359375 15.946044921875 25179.089642982195 18474
2150 8.2 29395.57084544112 36117.475378150724 295247.60693359375 15.946044921875 25192.828990706545 18581
2160 8.7 28900.748173154632 39917.81597073116 295247.60693359375 15.946044921875 25211.294662468223 18663
2170 10.8 28956.833251953118 44640.321694065664 295247.60693359375 15.946044921875 25228.413726757804 18750
2180 11.5 31828.152038043478 44286.73456754226 295247.60693359375 15.946044921875 25249.76643164279 18858
2190 7.5 28190.674736328125 40028.71232840159 295247.60693359375 15.946044921875 25289.639638027445 18973
2200 6.5 32833.13773287259 53006.867624066566 295247.60693359375 15.946044921875 25301.06223527506 19048
2210 11 31985.16450195312 44573.21404985637 295247.60693359375 15.946044921875 25326.67751845111 19113
2220 6.5 33881.95454852765 42003.76250370261 295247.60693359375 15.946044921875 25364.77945717999 19223
2230 12.4 23104.56716623614 27936.675098249318 295247.60693359375 15.946044921875 25393.48208995361 19288
2240 7.3 45534.39560145548 58447.50207813567 295247.60693359375 15.946044921875 25378.860956091 19412
2250 7.9 24761.70277887658 32226.970438616394 295247.60693359375 15.946044921875 25454.37309512675 19485
2260 8.4 29743.346505301328 35759.623731192616 295247.60693359375 15.946044921875 25451.57607227949 19564
2270 12.9 33356.87912010962 44303.024510999334 295247.60693359375 15.946044921875 25469.92443935878 19648
2280 7.3 42270.888845783375 50655.06804051397 295247.60693359375 15.946044921875 25521.368902817183 19777
2290 10.3 26222.42708254324 35486.91851325267 295247.60693359375 15.946044921875 25582.966633589804 19850
2300 7.9 31103.545771731606 36438.432570149416 295247.60693359375 15.946044921875 25586.26761220165 19953
2310 11 27719.172252308246 36093.213713987476 295247.60693359375 15.946044921875 25608.026047435418 20032
2320 10.9 25388.250674186496 32758.942111166438 295247.60693359375 15.946044921875 25619.555492502244 20142
2330 4.9 27639.081747249675 36619.95733413323 295247.60693359375 15.946044921875 25618.310505825222 20251
2340 10.6 40002.26478893352 58727.45419753866 295247.60693359375 15.946044921875 25623.18822951142 20300
2350 9.9 28274.27177043876 35994.10962905963 295247.60693359375 15.946044921875 25697.881070602212 20406
2360 9.9 27538.926264599108 38135.06763833395 295247.60693359375 15.946044921875 25710.320118604348 20505
2370 9.2 29039.476819909138 34324.538613344535 295247.60693359375 15.946044921875 25719.106374110732 20604
2380 7.9 30932.862972211235 41454.161175089124 295247.60693359375 15.946044921875 25733.866428276437 20696
2390 10.8 26296.292724609375 34187.03227518544 295247.60693359375 15.946044921875 25753.636379033156 20775
2400 7.3 31696.339485900044 37448.810318827105 295247.60693359375 15.946044921875 25756.4428189758 20883
2410 8.5 25888.876117302385 25067.928553099548 295247.60693359375 15.946044921875 25777.13438495621 20956
2420 9.4 30091.75818390543 38872.24323490952 295247.60693359375 15.946044921875 25777.58579160273 21041
2430 7.2 25132.550069173176 38808.948754338875 295247.60693359375 15.946044921875 25796.773499427498 21135
2440 12.3 33321.07546327173 46305.937963783465 295247.60693359375 15.946044921875 25794.518390879457 21207
2450 7.9 36378.502416683164 51025.59118991797 295247.60693359375 15.946044921875 25837.920478076092 21330
2460 8.8 32208.263891046696 43836.320640630714 295247.60693359375 15.946044921875 25876.815614380914 21409
2470 9.3 29728.164742418514 38471.781533566485 295247.60693359375 15.946044921875 25902.733995938648 21497
2480 7 21518.59592633929 22006.502715574035 295247.60693359375 15.946044921875 25919.212229353314 21590
2490 6.8 40149.89573041131 48499.52754224671 295247.60693359375 15.946044921875 25904.990477681524 21660
2500 10.8 22868.50523546006 23576.31192663889 295247.60693359375 15.946044921875 25949.571366727254 21728
2510 8.8 27251.221305153587 39639.63216110988 295247.60693359375 15.946044921875 25934.332534423862 21836
2520 7.7 37425.34674310063 46998.21105649011 295247.60693359375 15.946044921875 25939.618349595556 21924
2530 6.6 34103.3682380445 45679.57848872265 295247.60693359375 15.946044921875 25979.816571780906 22001
2540 12 31788.918037923184 46423.788608482355 295247.60693359375 15.946044921875 26004.11323240416 22067
2550 6.9 34505.26539147418 42977.49448832537 295247.60693359375 15.946044921875 26035.400769099626 22187
2560 9.1 30636.180841131518 40013.26132178363 295247.60693359375 15.946044921875 26061.659785047857 22256
2570 6.7 30541.01029763294 48154.84135182878 295247.60693359375 15.946044921875 26080.2878521756 22347
2580 11.8 40625.06760833225 53265.45399731061 295247.60693359375 15.946044921875 26093.62185787943 22414
2590 6 30768.968326822906 44793.80541372376 295247.60693359375 15.946044921875 26169.722985100867 22532
2600 10.3 31334.30586790809 41761.56143399784 295247.60693359375 15.946044921875 26181.937694754874 22592
2610 8.1 29968.336537302275 40587.26134431628 295247.60693359375 15.946044921875 26205.32143222281 22695
2620 10.3 30948.37274821754 42278.217426056464 295247.60693359375 15.946044921875 26218.704125562792 22776
2630 10 29874.28638427733 39404.83466701452 295247.60693359375 15.946044921875 26239.99683364153 22879
2640 8.1 28791.947120949073 35425.23751504798 295247.60693359375 15.946044921875 26255.81253297847 22979
2650 8.7 34908.43842885686 44570.2246786508 295247.60693359375 15.946044921875 26264.720898183397 23060
2660 9.9 32305.847643919664 46051.98490808607 295247.60693359375 15.946044921875 26297.209057563385 23147
2670 8.7 25867.637925422056 32868.91811680867 295247.60693359375 15.946044921875 26322.798630825422 23246
2680 9.1 28282.27645572201 37718.80265460724 295247.60693359375 15.946044921875 26321.101507379226 23333
2690 9 29786.962518988716 40457.27863549621 295247.60693359375 15.946044921875 26328.720484509486 23424
2700 9.3 31748.165401335686 43627.8070030741 295247.60693359375 15.946044921875 26341.95693016327 23514
2710 8 30621.21013183594 43174.84892209583 295247.60693359375 15.946044921875 26363.2547396189 23607
2720 10.9 34484.80154502942 50074.31249888174 295247.60693359375 15.946044921875 26377.635472990678 23687
2730 10.3 31932.447358066587 39439.23047010359 295247.60693359375 15.946044921875 26414.771172345707 23796
2740 4.5 32950.550032552084 46564.32730312427 295247.60693359375 15.946044921875 26438.551273903482 23899
2750 11.7 28216.923293936965 33230.51594710553 295247.60693359375 15.946044921875 26450.789828202644 23944
2760 7.1 31047.044787769588 36377.808344430196 295247.60693359375 15.946044921875 26459.37790083017 24061
2770 10.5 28411.242145647328 38242.09990842985 295247.60693359375 15.946044921875 26472.87551184346 24132
2780 9 30002.580544704862 36507.13138072851 295247.60693359375 15.946044921875 26481.272941250954 24237
2790 6.5 28840.559637920673 42306.39149560868 295247.60693359375 15.946044921875 26494.30034636917 24327
2800 12 31123.74283650716 37751.941540348125 295247.60693359375 15.946044921875 26500.552677213334 24392
2810 9 31524.415464952257 45941.391146639566 295247.60693359375 15.946044921875 26523.185788306484 24512
2820 6.1 31834.618712378346 44671.25174416082 295247.60693359375 15.946044921875 26541.48148259549 24602
2830 10.6 28178.757821712854 36617.18997391028 295247.60693359375 15.946044921875 26554.573213975156 24663
2840 7.5 41474.64103190103 54540.97791937247 295247.60693359375 15.946044921875 26561.523981806728 24769
2850 9.7 25377.042377275284 31204.71017967294 295247.60693359375 15.946044921875 26606.544259489754 24844
2860 9.7 28335.63782870893 41927.316724314034 295247.60693359375 15.946044921875 26601.76250725148 24941
2870 9.4 31352.316484167226 47403.80289739298 295247.60693359375 15.946044921875 26608.47973331512 25038
2880 7.7 36399.93846070922 45538.01979346639 295247.60693359375 15.946044921875 26626.222875706495 25132
2890 8 30441.450085449214 38798.345152869544 295247.60693359375 15.946044921875 26656.076344707453 25209
2900 9.8 27861.962312659438 32686.151340883127 295247.60693359375 15.946044921875 26668.051112363722 25289
2910 13.3 27768.624585144502 39638.633606924755 295247.60693359375 15.946044921875 26672.65990023267 25387
2920 10.9 26743.426334486096 38064.87851492671 295247.60693359375 15.946044921875 26678.371628410307 25520
2930 5.4 20384.15123155382 23755.102300252536 295247.60693359375 15.946044921875 26678.648305727496 25629
2940 9.3 31224.363483387937 41912.73572353842 295247.60693359375 15.946044921875 26665.413759840903 25683
2950 6.4 46538.77503967285 61692.99573657313 295247.60693359375 15.946044921875 26681.862484402118 25776
2960 11.5 27452.080704398777 28847.67071338202 295247.60693359375 15.946044921875 26731.043691969353 25840
2970 9 28392.380216471352 33992.23622719668 295247.60693359375 15.946044921875 26734.238423482715 25955
2980 9.2 31438.078408946163 43761.76002816827 295247.60693359375 15.946044921875 26739.968228104295 26045
2990 8.3 31726.258930252257 45494.82574382828 295247.60693359375 15.946044921875 26756.50517330219 26137
3000 10.4 26021.644582895133 37419.144928428286 295247.60693359375 15.946044921875 26772.237040648753 26220
3010 10.8 29893.267865216287 38545.420803203975 295247.60693359375 15.946044921875 26769.27162446556 26324
3020 6.2 29443.376787739428 48755.38261514725 295247.60693359375 15.946044921875 26782.036136950468 26432
3030 8.6 38260.101602243834 52340.607930449565 295247.60693359375 15.946044921875 26788.264079894114 26494
3040 11.2 28683.91135515485 43500.49614428462 295247.60693359375 15.946044921875 26825.38138715228 26580
3050 9.7 31140.117914888044 43162.973878597135 295247.60693359375 15.946044921875 26833.17980452139 26692
3060 8 29795.136175537096 35638.16190115418 295247.60693359375 15.946044921875 26848.774750085075 26789
3070 9.6 29710.44969177246 38417.12215664232 295247.60693359375 15.946044921875 26857.54727284499 26869
3080 9.5 30413.83038137335 42014.462055225595 295247.60693359375 15.946044921875 26867.704092137297 26965
3090 12.7 27479.618925319883 40849.45618039936 295247.60693359375 15.946044921875 26880.15353772035 27060
3100 8.5 31295.008303653492 40837.96498982768 295247.60693359375 15.946044921875 26882.953850525188 27187
3110 9.1 28182.636053399725 39855.61741332649 295247.60693359375 15.946044921875 26896.705120271297 27272
3120 6.2 22935.426045079384 33005.08398239258 295247.60693359375 15.946044921875 26900.98168771327 27363
3130 8.5 34187.56956284468 38728.02945731954 295247.60693359375 15.946044921875 26892.016712331562 27425
3140 9.3 33935.11540238575 47682.92396360074 295247.60693359375 15.946044921875 26914.55840598091 27510
3150 10 26847.336982421875 36605.211645971176 295247.60693359375 15.946044921875 26938.212059593407 27603
3160 9.9 26105.963428227587 37683.88538197794 295247.60693359375 15.946044921875 26937.884026249827 27703
3170 7.7 46013.93379033076 61808.07246320065 295247.60693359375 15.946044921875 26934.921644435417 27802
3180 9.8 24889.855361627073 33112.48174158971 295247.60693359375 15.946044921875 26987.616645519887 27879
3190 7.7 28424.490519734172 26892.4390008666 295247.60693359375 15.946044921875 26980.26844500441 27977
3200 10.3 30085.41134850956 41679.443387030566 295247.60693359375 15.946044921875 26984.232410918514 28054
3210 10.6 28093.38210541347 40765.22364649918 295247.60693359375 15.946044921875 26995.576710047393 28157
3220 7.1 25546.95739574164 24947.11982986069 295247.60693359375 15.946044921875 26999.6940143643 28263
3230 9.7 32323.097218307023 42246.34332960027 295247.60693359375 15.946044921875 26996.053712962374 28334
3240 9.2 32705.891516644017 47092.20310949311 295247.60693359375 15.946044921875 27014.22835402384 28431
3250 10.5 29551.940069289445 43489.590922782816 295247.60693359375 15.946044921875 27032.586626679626 28523
3260 8.2 38886.33539562689 54268.51615231972 295247.60693359375 15.946044921875 27041.826954731674 28628
3270 9.5 27016.506599506578 38197.012667786534 295247.60693359375 15.946044921875 27075.656620080103 28710
3280 7.7 34622.89038403003 46855.864949184564 295247.60693359375 15.946044921875 27075.461541032906 28805
3290 7.3 28405.089673185994 32255.00206270781 295247.60693359375 15.946044921875 27095.583139984185 28882
3300 7.4 35537.128902950804 40351.17311374903 295247.60693359375 15.946044921875 27098.88460698207 28955
3310 11.4 27034.294392903645 35408.987476275935 295247.60693359375 15.946044921875 27120.39516807276 29029
3320 8.3 28850.784644437128 40821.169401926425 295247.60693359375 15.946044921875 27120.058363750304 29143
3330 8.4 38570.41795421782 48936.320600244755 295247.60693359375 15.946044921875 27124.973517425013 29226
3340 9 29393.282929144967 39902.79927811096 295247.60693359375 15.946044921875 27157.77520056014 29310
3350 7 35830.9725062779 47529.433838641366 295247.60693359375 15.946044921875 27164.618591566013 29400
3360 7.1 38967.16489464128 51466.95548039605 295247.60693359375 15.946044921875 27185.203755258914 29470
3370 9.6 34262.40406799318 43495.8100122208 295247.60693359375 15.946044921875 27213.520983548282 29541
3380 8.5 28826.32117130055 35536.05530275882 295247.60693359375 15.946044921875 27236.35368510737 29637
3390 9.3 33131.08542559223 44311.84463156852 295247.60693359375 15.946044921875 27240.900728924287 29722
3400 6.7 32829.35065881528 44798.653444259966 295247.60693359375 15.946044921875 27259.2736008609 29815
3410 10.3 29274.79058423089 37092.80234621883 295247.60693359375 15.946044921875 27271.76256287425 29882
3420 10.7 32477.751177351056 39337.375627592126 295247.60693359375 15.946044921875 27278.64306599914 29985
3430 8.9 26456.693249648877 32885.9745191775 295247.60693359375 15.946044921875 27297.129858765144 30092
3440 8.6 34215.01452636719 48908.83660097136 295247.60693359375 15.946044921875 27294.65151615849 30181
3450 9.2 31505.280408776325 47437.315449161826 295247.60693359375 15.946044921875 27314.31488612836 30267
3460 10.4 26715.85656973032 41192.39903469685 295247.60693359375 15.946044921875 27327.01519997544 30359
3470 7.5 30964.059189453124 39082.58373827863 295247.60693359375 15.946044921875 27324.928718094292 30463
3480 9.8 26533.471654775192 30225.556792406318 295247.60693359375 15.946044921875 27333.866264277796 30538
3490 6.8 20477.7412073472 21460.709000687275 295247.60693359375 15.946044921875 27331.305921160834 30636
3500 5.1 50607.57300762102 66545.94320540916 295247.60693359375 15.946044921875 27316.127364603406 30704
3510 13.1 30847.983525166987 32050.483891656328 295247.60693359375 15.946044921875 27354.75079909516 30755
3520 5 32330.475122070322 48835.70876236513 295247.60693359375 15.946044921875 27369.567009906383 30886
3530 9.3 36585.889700940854 48296.63095149546 295247.60693359375 15.946044921875 27377.585027930956 30936
3540 8.1 33043.01922682773 37579.91829702436 295247.60693359375 15.946044921875 27405.184123441282 31029
3550 8.5 37544.7744399127 57712.287975210274 295247.60693359375 15.946044921875 27419.86315408655 31110
3560 11 30935.65214399858 35150.671015879496 295247.60693359375 15.946044921875 27447.451468216866 31195
3570 8.7 32069.324600395114 45042.98276466272 295247.60693359375 15.946044921875 27459.708362461748 31305
3580 9 27487.34148220486 34120.30651665584 295247.60693359375 15.946044921875 27472.483483916265 31392
3590 9 29737.20020616319 38760.58119775464 295247.60693359375 15.946044921875 27472.525959611772 31482
3600 7.2 34146.92190212673 55538.36960714992 295247.60693359375 15.946044921875 27478.981701477653 31572
3610 8.8 38793.77600652524 48943.77774787953 295247.60693359375 15.946044921875 27494.153351536013 31644
3620 11.4 26363.147409539473 30133.042989443147 295247.60693359375 15.946044921875 27525.489756226518 31732
3630 6.7 30526.939482276124 37016.60206467068 295247.60693359375 15.946044921875 27521.328887435386 31846
3640 7.8 29121.171931340145 39117.25161944652 295247.60693359375 15.946044921875 27527.639040346563 31913
3650 9.4 38671.42805123838 49402.386683080775 295247.60693359375 15.946044921875 27531.52436951719 31991
3660 5.7 23893.347660533167 23846.38121352589 295247.60693359375 15.946044921875 27564.161145146976 32085
3670 11.8 33583.80654545156 41744.224514664485 295247.60693359375 15.946044921875 27557.651395640944 32142
3680 10.9 30625.40229223409 42591.07370705136 295247.60693359375 15.946044921875 27579.69374863777 32260
3690 6.1 30448.641813684677 48719.795753513165 295247.60693359375 15.946044921875 27589.949926809848 32369
3700 12.1 36721.6714855856 50406.151168702454 295247.60693359375 15.946044921875 27595.327053084882 32430
3710 5 32897.90139648437 45014.300689855445 295247.60693359375 15.946044921875 27629.25189952071 32551
3720 10.3 31394.181635884404 41956.54345225894 295247.60693359375 15.946044921875 27637.332402414737 32601
3730 7.3 30384.08918156036 34280.7811057046 295247.60693359375 15.946044921875 27649.164455712416 32704
3740 10.3 30217.472568548998 39331.60887861825 295247.60693359375 15.946044921875 27655.255602095152 32777
3750 7.9 34285.89891341971 41702.79571508465 295247.60693359375 15.946044921875 27663.282011692012 32880
3760 8.7 29825.28173828125 34611.85867228625 295247.60693359375 15.946044921875 27679.15587725943 32959
3770 13.1 30469.53280802719 39952.22765703138 295247.60693359375 15.946044921875 27684.80596955226 33046
3780 6.8 25219.73832792394 27705.47331560206 295247.60693359375 15.946044921875 27695.801515136256 33177
3790 9.5 29566.894919305105 42406.339137561656 295247.60693359375 15.946044921875 27690.73692507067 33245
3800 7.3 27616.100860177652 45279.205123795364 295247.60693359375 15.946044921875 27696.08290615802 33340
3810 9.2 27825.977119777515 32793.009187425865 295247.60693359375 15.946044921875 27695.9081631132 33413
3820 9.1 38258.87286980596 47762.338068584904 295247.60693359375 15.946044921875 27696.265314105978 33505
3830 11.5 27746.788640030576 36801.53921065172 295247.60693359375 15.946044921875 27724.87578224411 33596
3840 8.8 26590.69710748846 34378.30678419577 295247.60693359375 15.946044921875 27724.95053465862 33711
3850 8.5 28293.570108570773 35182.00298980807 295247.60693359375 15.946044921875 27721.997361440743 33799
3860 8 31541.870568847655 40370.07518505932 295247.60693359375 15.946044921875 27723.43118517779 33884
3870 11 33385.0515181108 45552.48713225261 295247.60693359375 15.946044921875 27732.425271583794 33964
3880 8.5 25715.175416475184 28833.20293744399 295247.60693359375 15.946044921875 27750.67346337572 34074
3890 9.6 29534.421732584637 38428.524069167885 295247.60693359375 15.946044921875 27745.608404855662 34159
3900 7.1 39803.775287467004 59157.30159405889 295247.60693359375 15.946044921875 27750.621573136556 34255
3908 8.8 28447.12170687588 36636.03233289647 295247.60693359375 15.946044921875 27775.55235195487 34326
