10 0.1 1
20 0 1
30 0 1
40 0.2 3
50 0.6 9
60 1 19
70 0.4 23
80 1 33
90 0.3 36
100 0.4 40
110 0.2 42
120 0.9 51
130 0.6 57
140 0.2 59
150 0.4 63
160 0.7 70
170 0.4 74
180 0.1 75
190 0.4 79
200 0.6 85
210 0.3 88
220 0.6 94
230 0.8 102
240 0.4 106
250 0.5 111
260 0.9 120
270 0.3 123
280 0.4 127
290 0.8 135
300 0.2 137
310 0.4 141
320 0.4 145
330 1.1 156
340 0.8 164
350 1 174
360 0.3 177
370 0.3 180
380 0.4 184
390 0.6 190
400 0.6 196
410 0.5 201
420 0.8 209
430 0.5 214
440 0.3 217
450 0.7 224
460 0.6 230
470 0.5 235
480 0.2 237
490 0.2 239
500 0.7 246
510 0.3 249
520 0.6 255
530 0.3 258
540 0.7 265
550 0.4 269
560 0.8 277
570 0.3 280
580 0.6 286
590 0.5 291
600 0.4 295
610 0.4 299
620 0.3 302
630 0.4 306
640 0.4 310
650 0.9 319
660 0.3 322
670 1.4 336
680 0.6 342
690 1.2 354
700 1.3 367
710 0.8 375
720 1.2 387
730 0.7 394
740 0.4 398
750 1.3 411
760 1.2 423
770 0.4 427
780 0.4 431
790 0.7 438
800 0.9 447
810 1.1 458
820 0.5 463
830 0.7 470
840 0.7 477
850 1.1 488
860 0.8 496
870 0.7 503
880 0.6 509
890 0.8 517
900 0.4 521
910 0.9 530
920 0.9 539
930 0.9 548
940 0.8 556
950 1.4 570
960 0.7 577
970 0.3 580
980 1.2 592
990 0.5 597
1000 0.6 603
1010 0.5 608
1020 0.8 616
1030 1 626
1040 0.9 635
1050 0.4 639
1060 0.6 645
1070 0.7 652
1080 0.7 659
1090 0 659
1100 0.7 666
1110 0.9 675
1120 0.4 679
1130 0.4 683
1140 0.5 688
1150 0.5 693
1160 0.6 699
1170 1.3 712
1180 0.7 719
1190 1.1 730
1200 1.3 743
1210 1 753
1220 1.6 769
1230 1.2 781
1240 1.2 793
1250 1.6 809
1260 0.9 818
1270 1 828
1280 1.1 839
1290 0.9 848
1300 1.1 859
1310 1.1 870
1320 0.9 879
1330 1.3 892
1340 1.2 904
1350 0.9 913
1360 0.8 921
1370 1.4 935
1380 0.8 943
1390 1.2 955
1400 1.3 968
1410 1 978
1420 1.5 993
1430 1.2 1005
1440 1.3 1018
1450 0.4 1022
1460 1.2 1034
1470 0.6 1040
1480 1.5 1055
1490 0.7 1062
1500 0.4 1066
1510 1.1 1077
1520 1.1 1088
1530 0.7 1095
1540 0.7 1102
1550 1.3 1115
1560 0.7 1122
1570 0.9 1131
1580 1.2 1143
1590 1.3 1156
1600 0.7 1163
1610 1.5 1178
1620 0.8 1186
1630 0.7 1193
1640 1.2 1205
1650 0.9 1214
1660 1.1 1225
1670 1.2 1237
1680 0.8 1245
1690 1.3 1258
1700 0.9 1267
1710 1 1277
1720 0.6 1283
1730 1.3 1296
1740 1.9 1315
1750 2.2 1337
1760 1.5 1352
1770 2.3 1375
1780 1.7 1392
1790 2.1 1413
1800 2.1 1434
1810 1.4 1448
1820 1.7 1465
1830 2.1 1486
1840 2.1 1507
1850 2.4 1531
1860 2 1551
1870 1.5 1566
1880 1.8 1584
1890 1.9 1603
1900 1.7 1620
1910 2.5 1645
1920 1.1 1656
1930 1.6 1672
1940 2.8 1700
1950 1.7 1717
1960 1.4 1731
1970 1.7 1748
1980 2.7 1775
1990 1.8 1793
2000 1.6 1809
2010 2.2 1831
2020 1.8 1849
2030 3.1 1880
2040 1.7 1897
2050 2.2 1919
2060 2.7 1946
2070 2.1 1967
2080 1.5 1982
2090 1.9 2001
2100 2.1 2022
2110 1.8 2040
2120 1.5 2055
2130 3 2085
2140 2.2 2107
2150 2 2127
2160 2.1 2148
2170 2.3 2171
2180 1.5 2186
2190 1.9 2205
2200 1.9 2224
2210 1.6 2240
2220 1.8 2258
2230 1.6 2274
2240 2 2294
2250 2.2 2316
2260 2.1 2337
2270 1.5 2352
2280 1.9 2371
2290 1.9 2390
2300 1.8 2408
2310 1.7 2425
2320 1.9 2444
2330 2.2 2466
2340 0.7 2473
2350 0.6 2479
2360 0.2 2481
2370 0.1 2482
2380 0.1 2483
2390 0.1 2484
2400 0 2484
2410 0 2484
2420 0 2484
