0 0.1 6131.29296875 0 6131.29296875 6131.29296875 0 0
10 0.1 6130.51171875 0.0 6131.29296875 6130.51171875 6131.29296875 1
20 0.1 6131.25390625 0.0 6131.29296875 6130.51171875 6130.90234375 2
30 0.1 6127.93359375 0.0 6131.29296875 6127.93359375 6131.01953125 3
40 0.1 6106.67578125 0.0 6131.29296875 6106.67578125 6130.248046875 4
50 0.1 6101.98046875 0.0 6131.29296875 6101.98046875 6125.53359375 5
60 0.1 6098.2109375 0.0 6131.29296875 6098.2109375 6121.608072916667 6
70 0.1 6097.140625 0.0 6131.29296875 6097.140625 6118.265625 7
80 0.1 6096.68359375 0.0 6131.29296875 6096.68359375 6115.625 8
90 0.1 6096.1015625 0.0 6131.29296875 6096.1015625 6113.520399305556 9
100 0.1 6095.6640625 0.0 6131.29296875 6095.6640625 6111.778515625 10
110 0.1 6095.78125 0.0 6131.29296875 6095.6640625 6110.313565340909 11
120 0.1 6096.90625 0.0 6131.29296875 6095.6640625 6109.1025390625 12
130 0.1 6097.18359375 0.0 6131.29296875 6095.6640625 6108.1643629807695 13
140 0.1 6096.58203125 0.0 6131.29296875 6095.6640625 6107.380022321428 14
150 0.1 6095.5390625 0.0 6131.29296875 6095.5390625 6106.66015625 15
160 0.1 6096.171875 0.0 6131.29296875 6095.5390625 6105.965087890625 16
170 0.1 6095.1953125 0.0 6131.29296875 6095.1953125 6105.389016544118 17
180 0.1 6095.83984375 0.0 6131.29296875 6095.1953125 6104.822699652777 18
190 0.1 6094.6328125 0.0 6131.29296875 6094.6328125 6104.3499177631575 19
200 0.1 6094.796875 0.0 6131.29296875 6094.6328125 6103.864062499999 20
210 0.1 6093.98046875 0.0 6131.29296875 6093.98046875 6103.432291666665 21
220 0.1 6091.62890625 0.0 6131.29296875 6091.62890625 6103.002663352271 22
230 0.1 6092.25390625 0.0 6131.29296875 6091.62890625 6102.508152173912 23
240 0.1 6090.3359375 0.0 6131.29296875 6090.3359375 6102.080891927082 24
250 0.1 6091.08984375 0.0 6131.29296875 6090.3359375 6101.611093749999 25
260 0.1 6089.89453125 0.0 6131.29296875 6089.89453125 6101.20643028846 26
270 0.1 6090.06640625 0.0 6131.29296875 6089.89453125 6100.787471064814 27
280 0.1 6089.4765625 0.0 6131.29296875 6089.4765625 6100.404575892856 28
290 0.1 6089.39453125 0.0 6131.29296875 6089.39453125 6100.027747844827 29
300 0.1 6089.05078125 0.0 6131.29296875 6089.05078125 6099.673307291666 30
310 0.1 6088.60546875 0.0 6131.29296875 6088.60546875 6099.33064516129 31
320 0.1 6088.73046875 0.0 6131.29296875 6088.60546875 6098.995483398437 32
330 0.1 6088.6171875 0.0 6131.29296875 6088.60546875 6098.684422348484 33
340 0.1 6088.26953125 0.0 6131.29296875 6088.26953125 6098.388327205881 34
350 0.1 6087.93359375 0.0 6131.29296875 6087.93359375 6098.099218749999 35
360 0.1 6088.09375 0.0 6131.29296875 6087.93359375 6097.8168402777765 36
370 0.1 6087.875 0.0 6131.29296875 6087.875 6097.554054054052 37
380 0.1 6087.89453125 0.0 6131.29296875 6087.875 6097.2993421052615 38
390 0.1 6087.4375 0.0 6131.29296875 6087.4375 6097.058193108973 39
400 0.1 6086.59375 0.0 6131.29296875 6086.59375 6096.817675781249 40
410 0.1 6086.0234375 0.0 6131.29296875 6086.0234375 6096.568311737803 41
420 0.1 6085.8046875 0.0 6131.29296875 6085.8046875 6096.31724330357 42
430 0.1 6085.7265625 0.0 6131.29296875 6085.7265625 6096.072765261627 43
440 0.1 6085.62890625 0.0 6131.29296875 6085.62890625 6095.837624289773 44
450 0.1 6085.296875 0.0 6131.29296875 6085.296875 6095.610763888889 45
460 0.1 6085.08203125 0.0 6131.29296875 6085.08203125 6095.386548913043 46
470 0.1 6084.83203125 0.0 6131.29296875 6084.83203125 6095.167303856383 47
480 0.1 6084.875 0.0 6131.29296875 6084.83203125 6094.951985677083 48
490 0.1 6084.78515625 0.0 6131.29296875 6084.78515625 6094.746332908163 49
500 0.1 6084.6796875 0.0 6131.29296875 6084.6796875 6094.547109375 50
510 0.1 6084.46875 0.0 6131.29296875 6084.46875 6094.353630514706 51
520 0.1 6084.39453125 0.0 6131.29296875 6084.39453125 6094.163536658654 52
530 0.1 6084.27734375 0.0 6131.29296875 6084.27734375 6093.979215801887 53
540 0.1 6084.171875 0.0 6131.29296875 6084.171875 6093.79955150463 54
550 0.1 6083.9609375 0.0 6131.29296875 6083.9609375 6093.624502840909 55
560 0.1 6084.01171875 0.0 6131.29296875 6083.9609375 6093.451939174107 56
570 0.1 6083.875 0.0 6131.29296875 6083.875 6093.286321271929 57
580 0.1 6083.79296875 0.0 6131.29296875 6083.79296875 6093.124057112069 58
590 0.1 6083.58203125 0.0 6131.29296875 6083.58203125 6092.965903072034 59
600 0.1 6083.60546875 0.0 6131.29296875 6083.58203125 6092.809505208334 60
610 0.1 6083.48828125 0.0 6131.29296875 6083.48828125 6092.6586193647545 61
620 0.1 6083.2734375 0.0 6131.29296875 6083.2734375 6092.510710685484 62
630 0.1 6083.3203125 0.0 6131.29296875 6083.2734375 6092.3640873015875 63
640 0.1 6079.94140625 0.0 6131.29296875 6079.94140625 6092.2227783203125 64
650 0.1 6079.83984375 0.0 6131.29296875 6079.83984375 6092.033834134615 65
660 0.1 6069.2109375 0.0 6131.29296875 6069.2109375 6091.849076704545 66
670 0.1 6068.41015625 0.0 6131.29296875 6068.41015625 6091.511194029851 67
680 0.1 6062.625 0.0 6131.29296875 6062.625 6091.17147288603 68
690 0.1 6062.4140625 0.0 6131.29296875 6062.4140625 6090.757755887681 69
700 0.1 6061.234375 0.0 6131.29296875 6061.234375 6090.352845982143 70
710 0.1 6061.03125 0.0 6131.29296875 6061.03125 6089.942726672535 71
720 0.1 6060.21484375 0.0 6131.29296875 6060.21484375 6089.541178385417 72
730 0.1 6060.01171875 0.0 6131.29296875 6060.01171875 6089.139447773972 73
740 0.1 6060.05078125 0.0 6131.29296875 6060.01171875 6088.745829814189 74
750 0.1 6059.59375 0.0 6131.29296875 6059.59375 6088.363229166666 75
760 0.1 6059.5 0.0 6131.29296875 6059.5 6087.9846833881575 76
770 0.1 6058.953125 0.0 6131.29296875 6058.953125 6087.6147524350645 77
780 0.1 6058.7265625 0.0 6131.29296875 6058.7265625 6087.247295673076 78
790 0.1 6058.51953125 0.0 6131.29296875 6058.51953125 6086.886273734176 79
800 0.1 6058.19921875 0.0 6131.29296875 6058.19921875 6086.531689453123 80
810 0.1 6057.96875 0.0 6131.29296875 6057.96875 6086.181905864196 81
820 0.1 6057.51171875 0.0 6131.29296875 6057.51171875 6085.837842987803 82
830 0.1 6057.30078125 0.0 6131.29296875 6057.30078125 6085.496564382528 83
840 0.1 6057.18359375 0.0 6131.29296875 6057.18359375 6085.1609002976165 84
850 0.1 6056.83984375 0.0 6131.29296875 6056.83984375 6084.831755514703 85
860 0.1 6056.390625 0.0 6131.29296875 6056.390625 6084.506268168602 86
870 0.1 6056.53515625 0.0 6131.29296875 6056.390625 6084.183099856319 87
880 0.1 6056.578125 0.0 6131.29296875 6056.390625 6083.868918678974 88
890 0.1 6056.00390625 0.0 6131.29296875 6056.00390625 6083.562280547751 89
900 0.1 6055.90625 0.0 6131.29296875 6055.90625 6083.256076388886 90
910 0.1 6055.6875 0.0 6131.29296875 6055.6875 6082.9555288461515 91
920 0.1 6055.7421875 0.0 6131.29296875 6055.6875 6082.659137228258 92
930 0.1 6055.64453125 0.0 6131.29296875 6055.64453125 6082.369707661288 93
940 0.1 6055.421875 0.0 6131.29296875 6055.421875 6082.085397273933 94
950 0.1 6055.23046875 0.0 6131.29296875 6055.23046875 6081.804728618418 95
960 0.1 6055.25 0.0 6131.29296875 6055.23046875 6081.527913411456 96
970 0.1 6054.90234375 0.0 6131.29296875 6054.90234375 6081.257007087626 97
980 0.1 6054.9453125 0.0 6131.29296875 6054.90234375 6080.988081951528 98
990 0.1 6054.984375 0.0 6131.29296875 6054.90234375 6080.72502367424 99
1000 0.1 6055.0 0.0 6131.29296875 6054.90234375 6080.467617187498 100
1010 0.1 6054.79296875 0.0 6131.29296875 6054.79296875 6080.215462561879 101
1020 0.1 6054.65625 0.0 6131.29296875 6054.65625 6079.966222426468 102
1030 0.1 6053.84765625 0.0 6131.29296875 6053.84765625 6079.720494538833 103
1040 0.1 6053.87109375 0.0 6131.29296875 6053.84765625 6079.471717247594 104
1050 0.1 6053.5625 0.0 6131.29296875 6053.5625 6079.227901785712 105
1060 0.1 6053.35546875 0.0 6131.29296875 6053.35546875 6078.985775353772 106
1070 0.1 6053.3828125 0.0 6131.29296875 6053.35546875 6078.7462397780355 107
1080 0.1 6075.57421875 0.0 6131.29296875 6053.35546875 6078.511393229164 108
1090 0.1 6075.859375 0.0 6131.29296875 6053.35546875 6078.48444667431 109
1100 0.1 6075.62890625 0.0 6131.29296875 6053.35546875 6078.460582386361 110
1110 0.1 6097.921875 0.0 6131.29296875 6053.35546875 6078.435071790538 111
1120 0.1 6098.20703125 0.0 6131.29296875 6053.35546875 6078.6090611049085 112
1130 0.1 6098.11328125 0.0 6131.29296875 6053.35546875 6078.782494469025 113
1140 0.1 6098.36328125 0.0 6131.29296875 6053.35546875 6078.95206277412 114
1150 0.1 6098.15625 0.0 6131.29296875 6053.35546875 6079.120855978259 115
1160 0.1 6116.73046875 0.0 6131.29296875 6053.35546875 6079.284954202584 116
1170 0.1 6116.73046875 0.0 6131.29296875 6053.35546875 6079.605001335468 117
1180 0.1 6120.16796875 0.0 6131.29296875 6053.35546875 6079.919623940676 118
1190 0.1 6137.39453125 0.0 6137.39453125 6053.35546875 6080.257845325628 119
1200 0.1 6138.11328125 0.0 6138.11328125 6053.35546875 6080.733984374998 120
1210 0.1 6152.69140625 0.0 6152.69140625 6053.35546875 6081.20819344008 121
1220 0.1 6154.4453125 0.0 6154.4453125 6053.35546875 6081.794121413933 122
1230 0.1 6167.5546875 0.0 6167.5546875 6053.35546875 6082.3847815040635 123
1240 0.1 6168.67578125 0.0 6168.67578125 6053.35546875 6083.071635584675 124
1250 0.1 6182.42578125 0.0 6182.42578125 6053.35546875 6083.756468749998 125
1260 0.1 6190.35546875 0.0 6190.35546875 6053.35546875 6084.539558531744 126
1270 0.1 6193.671875 0.0 6193.671875 6053.35546875 6085.372754675195 127
1280 0.1 6192.859375 0.0 6193.671875 6053.35546875 6086.218841552733 128
1290 0.1 6203.67578125 0.0 6203.67578125 6053.35546875 6087.045512354649 129
1300 0.1 6213.4296875 0.0 6213.4296875 6053.35546875 6087.942668269229 130
1310 0.1 6214.57421875 0.0 6214.57421875 6053.35546875 6088.900584446563 131
1320 0.1 6220.88671875 0.0 6220.88671875 6053.35546875 6089.85265743371 132
1330 0.1 6222.1484375 0.0 6222.1484375 6053.35546875 6090.837875939847 133
1340 0.1 6222.0625 0.0 6222.1484375 6053.35546875 6091.81780550373 134
1350 0.1 6222.2421875 0.0 6222.2421875 6053.35546875 6092.782581018517 135
1360 0.1 6218.8828125 0.0 6222.2421875 6053.35546875 6093.7344898897045 136
1370 0.1 6219.8046875 0.0 6222.2421875 6053.35546875 6094.647981295619 137
1380 0.1 6218.8515625 0.0 6222.2421875 6053.35546875 6095.554913949274 138
1390 0.1 6215.98828125 0.0 6222.2421875 6053.35546875 6096.441940197841 139
1400 0.1 6214.35546875 0.0 6222.2421875 6053.35546875 6097.295842633927 140
1410 0.1 6214.12109375 0.0 6222.2421875 6053.35546875 6098.126052748226 141
1420 0.1 6217.2265625 0.0 6222.2421875 6053.35546875 6098.942919234154 142
1430 0.1 6220.65234375 0.0 6222.2421875 6053.35546875 6099.770077578671 143
1440 0.1 6223.7109375 0.0 6223.7109375 6053.35546875 6100.609537760416 144
1450 0.1 6227.75390625 0.0 6227.75390625 6053.35546875 6101.4585129310335 145
1460 0.1 6226.94921875 0.0 6227.75390625 6053.35546875 6102.323549871575 146
1470 0.1 6234.015625 0.0 6234.015625 6053.35546875 6103.171343537414 147
1480 0.1 6234.69921875 0.0 6234.69921875 6053.35546875 6104.055426520269 148
1490 0.1 6216.54296875 0.0 6234.69921875 6053.35546875 6104.932230494965 149
1500 0.1 6216.58984375 0.0 6234.69921875 6053.35546875 6105.676302083331 150
1510 0.1 6211.421875 0.0 6234.69921875 6053.35546875 6106.410828849336 151
1520 0.1 6211.33203125 0.0 6234.69921875 6053.35546875 6107.101690995064 152
1530 0.1 6216.7109375 0.0 6234.69921875 6053.35546875 6107.782935049018 153
1540 0.1 6213.12109375 0.0 6234.69921875 6053.35546875 6108.490259740258 154
1550 0.1 6220.80078125 0.0 6234.69921875 6053.35546875 6109.165297379031 155
1560 0.1 6222.2890625 0.0 6234.69921875 6053.35546875 6109.880909455127 156
1570 0.1 6229.01953125 0.0 6234.69921875 6053.35546875 6110.596884952228 157
1580 0.1 6235.5 0.0 6235.5 6053.35546875 6111.346395371834 158
1590 0.1 6242.18359375 0.0 6242.18359375 6053.35546875 6112.127235652514 159
1600 0.1 6240.890625 0.0 6242.18359375 6053.35546875 6112.9400878906235 160
1610 0.1 6239.96875 0.0 6242.18359375 6053.35546875 6113.734811723601 161
1620 0.1 6240.87109375 0.0 6242.18359375 6053.35546875 6114.514033564813 162
1630 0.1 6235.67578125 0.0 6242.18359375 6053.35546875 6115.289230253065 163
1640 0.1 6235.47265625 0.0 6242.18359375 6053.35546875 6116.023294588413 164
1650 0.1 6224.95703125 0.0 6242.18359375 6053.35546875 6116.747230113634 165
1660 0.1 6215.921875 0.0 6242.18359375 6053.35546875 6117.39909638554 166
1670 0.1 6208.55078125 0.0 6242.18359375 6053.35546875 6117.98905314371 167
1680 0.1 6186.80078125 0.0 6242.18359375 6053.35546875 6118.528111049105 168
1690 0.1 6185.7421875 0.0 6242.18359375 6053.35546875 6118.9320913461515 169
1700 0.1 6177.421875 0.0 6242.18359375 6053.35546875 6119.325091911763 170
1710 0.1 6168.74609375 0.0 6242.18359375 6053.35546875 6119.664839181284 171
1720 0.1 6160.11328125 0.0 6242.18359375 6053.35546875 6119.950195312497 172
1730 0.1 6146.25390625 0.0 6242.18359375 6053.35546875 6120.1823518786105 173
1740 0.1 6121.6171875 0.0 6242.18359375 6053.35546875 6120.332188397986 174
1750 0.1 6106.19921875 0.0 6242.18359375 6053.35546875 6120.339531249997 175
1760 0.1 6060.9375 0.0 6242.18359375 6053.35546875 6120.259188565338 176
1770 0.1 6042.10546875 0.0 6242.18359375 6042.10546875 6119.9240377824835 177
1780 0.1 6016.12109375 0.0 6242.18359375 6016.12109375 6119.4868548103905 178
1800 0.1 6011.75390625 0.0 6242.18359375 6011.75390625 6118.909392458098 179
1810 0.1 6011.6875 0.0 6242.18359375 6011.6875 6118.314084201386 180
1820 0.1 6004.0625 0.0 6242.18359375 6004.0625 6117.724987051102 181
1830 0.1 6003.5 0.0 6242.18359375 6003.5 6117.100467891481 182
1840 0.1 6003.1796875 0.0 6242.18359375 6003.1796875 6116.4797003073745 183
1850 0.1 6002.62890625 0.0 6242.18359375 6002.62890625 6115.863939368204 184
1860 0.1 6002.69921875 0.0 6242.18359375 6002.62890625 6115.251858108106 185
1870 0.1 6002.375 0.0 6242.18359375 6002.375 6114.646736391127 186
1880 0.1 6002.015625 0.0 6242.18359375 6002.015625 6114.046352774061 187
1890 0.1 6002.0625 0.0 6242.18359375 6002.015625 6113.450444647604 188
1900 0.1 6001.98828125 0.0 6242.18359375 6001.98828125 6112.861090443119 189
1910 0.1 5982.90625 0.0 6242.18359375 5982.90625 6112.277549342103 190
1920 0.1 5982.59765625 0.0 6242.18359375 5982.59765625 6111.600212696333 191
1930 0.1 5982.25390625 0.0 6242.18359375 5982.25390625 6110.928324381508 192
1940 0.1 5984.13671875 0.0 6242.18359375 5982.25390625 6110.2616175518115 193
1950 0.1 5983.57421875 0.0 6242.18359375 5982.25390625 6109.611489207472 194
1960 0.1 5981.94140625 0.0 6242.18359375 5981.94140625 6108.965144230767 195
1970 0.1 5981.27734375 0.0 6242.18359375 5981.27734375 6108.317063934946 196
1980 0.1 5980.359375 0.0 6242.18359375 5980.359375 6107.672192258881 197
1990 0.1 5941.5390625 0.0 6242.18359375 5941.5390625 6107.029198232321 198
2000 0.1 5908.9453125 0.0 6242.18359375 5908.9453125 6106.197589510048 199
2010 0.1 5908.59765625 0.0 6242.18359375 5908.59765625 6105.211328124998 200
2020 0.1 5909.5625 0.0 6242.18359375 5908.59765625 6104.233150652983 201
2030 0.1 5918.078125 0.0 6242.18359375 5908.59765625 6103.2694345606415 202
2040 0.1 5918.76171875 0.0 6242.18359375 5908.59765625 6102.357162099752 203
2050 0.1 5918.79296875 0.0 6242.18359375 5908.59765625 6101.457184436273 204
2060 0.1 5873.6640625 0.0 6242.18359375 5873.6640625 6100.566139481705 205
2070 0.1 5833.2578125 0.0 6242.18359375 5833.2578125 6099.46467308859 206
2080 0.1 5832.99609375 0.0 6242.18359375 5832.99609375 6098.178649607486 207
2090 0.1 5832.68359375 0.0 6242.18359375 5832.68359375 6096.903733473556 208
2100 0.1 5832.84375 0.0 6242.18359375 5832.68359375 6095.639522278706 209
2110 0.1 5813.75 0.0 6242.18359375 5813.75 6094.3881138392835 210
2120 0.1 5806.1953125 0.0 6242.18359375 5806.1953125 6093.058075385069 211
2130 0.1 5808.90625 0.0 6242.18359375 5806.1953125 6091.704949145045 212
2140 0.1 5779.05859375 0.0 6242.18359375 5779.05859375 6090.377255721829 213
2150 0.1 5755.25 0.0 6242.18359375 5755.25 6088.9224956191565 214
2160 0.1 5748.30078125 0.0 6242.18359375 5748.30078125 6087.370530523253 215
2170 0.1 5747.23046875 0.0 6242.18359375 5747.23046875 6085.800763165507 216
2180 0.1 5746.78125 0.0 6242.18359375 5746.78125 6084.240531394007 217
2190 0.1 5746.96875 0.0 6242.18359375 5746.78125 6082.692553038989 218
2200 0.1 5741.30859375 0.0 6242.18359375 5741.30859375 6081.159567636984 219
2210 0.1 5740.84765625 0.0 6242.18359375 5740.84765625 6079.614790482952 220
2220 0.1 5740.828125 0.0 6242.18359375 5740.828125 6078.081907522623 221
2230 0.1 5741.1328125 0.0 6242.18359375 5740.828125 6076.562746340088 222
2240 0.1 5741.390625 0.0 6242.18359375 5740.828125 6075.058576233182 223
2250 0.1 5741.45703125 0.0 6242.18359375 5740.828125 6073.568987165177 224
2260 0.1 5738.2578125 0.0 6242.18359375 5738.2578125 6072.092934027775 225
2270 0.1 5736.33203125 0.0 6242.18359375 5736.33203125 6070.615787472343 226
2280 0.1 5716.28125 0.0 6242.18359375 5716.28125 6069.143171806165 227
2290 0.1 5708.484375 0.0 6242.18359375 5708.484375 6067.595531798243 228
2300 0.1 5709.40234375 0.0 6242.18359375 5708.484375 6066.027360807858 229
2310 0.1 5709.43359375 0.0 6242.18359375 5708.484375 6064.476817255433 230
2320 0.1 5709.3984375 0.0 6242.18359375 5708.484375 6062.939833603894 231
2330 0.1 5709.671875 0.0 6242.18359375 5708.484375 6061.4159482758605 232
2340 0.1 5713.703125 0.0 6242.18359375 5708.484375 6059.906317060084 233
2350 0.1 5713.23828125 0.0 6242.18359375 5708.484375 6058.426816239315 234
2360 0.1 5713.26171875 0.0 6242.18359375 5708.484375 6056.957928856381 235
2370 0.1 5713.421875 0.0 6242.18359375 5708.484375 6055.501588983049 236
2380 0.1 5713.69140625 0.0 6242.18359375 5708.484375 6054.058214662446 237
2390 0.1 5713.36328125 0.0 6242.18359375 5708.484375 6052.628102022057 238
2400 0.1 5713.74609375 0.0 6242.18359375 5708.484375 6051.208583943513 239
2410 0.1 5713.0625 0.0 6242.18359375 5708.484375 6049.802490234373 240
2420 0.1 5713.8203125 0.0 6242.18359375 5708.484375 6048.405228864106 241
