10 0.3 473.20068359375 244.3224580531281 816.904052734375 270.670166015625 0 0
20 0.6 260.6061197916667 171.75214362522667 816.904052734375 100.013916015625 473.20068359375 3
30 1.2 135.52398681640622 141.9916876819573 816.904052734375 45.97119140625 331.4709743923611 9
40 3.4 305.07457778033086 219.66205785845136 816.904052734375 37.629150390625 219.5012672061012 21
50 4.3 301.57486032885174 232.9675916279027 997.02099609375 37.629150390625 272.4011319247159 55
60 4 220.93873901367186 141.99216118144497 997.02099609375 37.629150390625 285.2018494897959 98
70 2.4 163.6716105143229 97.24979247463716 997.02099609375 37.629150390625 266.5748609459919 138
80 2.9 120.18931842672414 70.13872547459601 997.02099609375 27.576171875 251.32993495611498 162
90 2 130.57376708984376 115.34325847798179 997.02099609375 26.65087890625 231.4185324464169 191
100 1.9 209.91809724506578 120.55417546435775 997.02099609375 26.65087890625 221.85978691498815 211
110 2.6 173.41715181790866 143.36038625663832 997.02099609375 26.65087890625 220.87329950747284 230
120 3.8 185.5684493215461 111.81076592428963 997.02099609375 25.387939453125 216.05353450775146 256
130 1.9 112.80682051809211 67.68055762750143 997.02099609375 25.387939453125 212.11328540205145 294
140 3 104.1914794921875 88.99727289490356 997.02099609375 25.387939453125 206.08509743784944 313
150 2.5 147.45049804687497 95.27236252172484 997.02099609375 25.220947265625 197.17311919187318 343
160 2.3 134.7094938858696 87.17586514611122 997.02099609375 25.220947265625 193.7952237336532 368
170 1 118.1613037109375 64.913862801099 997.02099609375 25.220947265625 190.31959256613652 391
180 1.4 111.32423618861607 75.24284559028341 997.02099609375 25.220947265625 188.5201339911939 401
190 2.2 129.3347833806818 94.4033931440763 997.02099609375 25.220947265625 185.91593502917922 415
200 2.8 205.90721784319197 139.20145014699935 997.02099609375 25.220947265625 183.0674559988201 437
210 3.4 110.22723029641544 89.41060621692178 997.02099609375 25.220947265625 184.44275348622313 465
220 3.5 151.46803152901785 132.0424455203195 997.02099609375 25.220947265625 179.38598437108593 499
230 3.9 144.6326747796475 110.61814195438345 997.02099609375 24.875 177.55615600128746 534
240 2 128.70128173828124 68.2059560225109 997.02099609375 24.875 175.31529078724913 573
250 2.4 134.19537353515625 104.93885209439203 997.02099609375 23.97119140625 173.74314882944245 593
260 2.9 137.90779061153015 99.84071023741988 997.02099609375 23.080078125 172.20482369643943 617
270 2.3 102.44347613790761 88.0145727627926 997.02099609375 23.080078125 170.6651736043924 646
280 2.2 166.49428488991478 109.74617246639481 997.02099609375 23.080078125 168.3197340801336 669
290 2.8 148.95906284877233 95.52665781191178 997.02099609375 23.080078125 168.2616155820369 691
300 2.5 87.056015625 95.13868659358162 997.02099609375 22.198974609375 167.50991672733397 719
310 3.5 114.38154994419642 92.03716334418486 997.02099609375 22.198974609375 164.8064926311534 744
320 4.1 138.9664812785823 119.0242283958689 997.02099609375 21.5888671875 162.54093037949295 779
330 4.4 190.82582785866478 152.77533289186835 997.02099609375 21.5888671875 161.3622079244474 820
340 4.2 213.93916829427084 197.48823861746877 997.02099609375 21.5888671875 162.862670050727 864
350 3 152.25118815104167 129.25388126013138 997.02099609375 21.5888671875 165.2304547375138 906
360 1.8 115.53641764322917 94.31288514857567 997.02099609375 21.5888671875 164.814452603332 936
370 1.9 83.18243729440789 76.77719027055791 997.02099609375 21.5888671875 163.88467835880175 954
380 3.2 139.1814193725586 113.93722425488589 997.02099609375 21.5888671875 162.3087867038958 973
390 3.6 110.88365342881944 85.6351963311219 997.02099609375 21.5888671875 161.5723929182214 1005
400 3.9 162.77461438301282 129.80730435662775 997.02099609375 21.2861328125 159.8194682096542 1041
410 2 152.22230224609376 107.95020142991513 997.02099609375 21.2861328125 159.9261818214699 1080
420 3.1 126.80812909526216 99.3327464182595 997.02099609375 21.2861328125 159.7861112837358 1100
430 3.1 155.80789283014113 116.31385358496914 997.02099609375 21.2861328125 158.88220549430812 1131
440 2.3 138.45474906589675 100.72238012258374 997.02099609375 21.2861328125 158.80018854715738 1162
450 1.8 148.0804443359375 152.78645938121556 997.02099609375 21.2861328125 158.40529816060126 1185
460 2.6 136.57308255709134 99.23758456589121 997.02099609375 21.2861328125 158.25081156970853 1203
470 1.7 70.66310029871323 70.8679913109326 997.02099609375 21.2861328125 157.79221030499897 1229
480 1.7 96.57371610753677 86.09538198139602 997.02099609375 21.2861328125 156.60345037714436 1246
490 1.6 152.95323181152344 96.18239746744783 997.02099609375 21.2861328125 155.79544920328584 1263
500 3.4 163.6402157054228 148.17931473287243 997.02099609375 21.2861328125 155.75989370815824 1279
510 2.4 152.8394775390625 118.16855741199987 997.02099609375 21.2861328125 155.96395383603868 1313
520 2.2 168.27182839133522 127.94055256324953 997.02099609375 21.2529296875 155.90786750011688 1337
530 2.6 134.42560283954327 126.55174238270534 997.02099609375 21.2529296875 156.10801992072527 1359
540 2 126.64847412109376 105.05699148746687 997.02099609375 21.2529296875 155.700985376241 1385
550 3.5 198.23154994419642 179.3721819423779 997.02099609375 21.2529296875 155.28742649716418 1405
560 2.6 124.15284142127403 119.43227339227454 997.02099609375 21.2529296875 156.33120727539065 1440
570 2.3 122.92888077445652 93.50028296596217 997.02099609375 21.2529296875 155.76051320157958 1466
580 3 156.46293131510416 123.62392591344903 997.02099609375 21.2529296875 155.2533758303077 1489
590 2 108.05323486328125 105.54871955644701 997.02099609375 21.2529296875 155.27726435206142 1519
600 1.7 134.79739200367646 104.08139565643826 997.02099609375 21.2529296875 154.6635667628635 1539
610 1.6 102.950927734375 90.04395249098175 997.02099609375 21.2529296875 154.44651986639423 1556
620 2.2 102.3212890625 82.6802483552633 997.02099609375 21.130126953125 153.92239170220063 1572
630 3.5 115.72746233258928 98.32071993438537 997.02099609375 21.130126953125 153.21020584393625 1594
640 3.6 131.68082682291669 106.90080418921613 997.02099609375 20.338134765625 152.40486758555863 1629
650 4.4 140.1131591796875 121.54595683359156 997.02099609375 20.338134765625 151.95678021771772 1665
660 4.5 117.47320421006944 92.86393456487068 997.02099609375 20.307861328125 151.65185375447996 1709
670 7.2 123.68690999348958 106.93579995119035 997.02099609375 19.56396484375 150.77497848110568 1754
680 3.6 165.6804673936632 114.35684624997128 997.02099609375 19.56396484375 149.70688377622707 1826
690 6.4 168.98708724975586 125.82435146686049 997.02099609375 19.56396484375 150.01571783112917 1862
700 4.7 140.0338472406915 100.26259792393871 997.02099609375 19.56396484375 150.64612678377304 1926
710 5.5 168.9196200284091 151.08487529540548 997.02099609375 19.56396484375 150.39332539577262 1973
720 3.5 119.48372628348214 87.14659787640046 997.02099609375 19.56396484375 150.89576435277212 2028
730 5 136.22840820312499 116.601877213732 997.02099609375 19.56396484375 150.3628407791293 2063
740 3.5 132.9737513950893 116.33698651858667 997.02099609375 19.56396484375 150.02837715925224 2113
750 4 126.865234375 99.17552323964212 997.02099609375 19.56396484375 149.75048521244327 2148
760 3.6 147.7693074544271 111.60021783722945 997.02099609375 19.56396484375 149.33210768342235 2188
770 3.1 89.20389679939517 82.43101120034646 997.02099609375 19.56396484375 149.30681055741346 2224
780 4 141.87875976562503 122.21575122131175 997.02099609375 19.56396484375 148.48056207559588 2255
790 4.2 154.81529017857144 115.0989348481191 997.02099609375 19.56396484375 148.36549798304736 2295
800 4.9 146.80395507812497 127.44276973572981 997.02099609375 19.56396484375 148.48141209182444 2337
810 5.1 122.88930855545347 115.17696060312464 997.02099609375 19.406005859375 148.44696305843328 2386
820 3.6 120.14748806423611 124.6622433787813 997.02099609375 19.406005859375 147.91210857355352 2437
830 3.9 109.4627216045673 94.09922884647625 997.02099609375 19.406005859375 147.507932941392 2473
840 4.9 147.20977658641584 125.30670487680209 997.02099609375 19.406005859375 146.91726286092378 2512
850 4 139.16212768554686 108.3644044340573 997.02099609375 19.406005859375 146.92285957023623 2561
860 2.6 141.0280480018029 104.30480974950669 997.02099609375 19.406005859375 146.8035095989223 2601
870 2.9 90.89751986799568 85.71687687560227 997.02099609375 19.31298828125 146.74634857816665 2627
880 2.7 180.39246057581022 150.64500029054858 997.02099609375 19.31298828125 146.13655338517157 2656
890 4.3 116.76885560501458 104.90158283219937 997.02099609375 19.31298828125 146.4812829767285 2683
900 4.6 123.86039932914402 104.28453728559387 997.02099609375 19.31298828125 146.0125983189942 2726
910 4.5 136.52977430555552 103.5237698559384 997.02099609375 19.31298828125 145.6449932852521 2772
920 3.9 117.2474834735577 93.75961221110893 997.02099609375 19.31298828125 145.49938275841987 2817
930 4.3 120.88841637899709 102.34891025100856 997.02099609375 19.31298828125 145.11359001608457 2856
940 6.4 217.23796844482425 205.87164039133938 997.02099609375 19.31298828125 144.7542652605155 2899
950 5.3 133.8188522626769 111.927843587116 997.02099609375 19.31298828125 146.31989367894133 2963
960 3.1 112.05716828377017 96.5945765944975 997.02099609375 19.31298828125 146.10021357447778 3016
970 2.9 123.04376010237068 114.6619905976265 997.02099609375 19.31298828125 145.7538616204207 3047
980 4.7 114.35658036901596 98.14646928662036 997.02099609375 18.8681640625 145.5397546815314 3076
990 3.1 117.08288967993953 103.17352391913583 997.02099609375 18.52685546875 145.07045939088516 3123
1000 4 76.58040161132813 70.21318353932614 997.02099609375 18.52685546875 144.79537547806356 3154
1010 3.4 148.02564194623162 117.25450655616643 997.02099609375 18.52685546875 143.94108651291972 3194
1020 3.1 132.10231067288308 105.40306313261107 997.02099609375 18.52685546875 143.9841084722545 3228
1030 4.5 110.02833658854166 95.5266514950717 997.02099609375 18.52685546875 143.87108738241696 3259
1040 4 150.00953369140626 118.20168372955294 997.02099609375 18.52685546875 143.41015403322677 3304
1050 2.7 139.91854745370372 115.65670364488409 997.02099609375 18.52685546875 143.48909398129112 3344
1060 3 134.5003662109375 111.40142877831374 997.02099609375 18.52685546875 143.46049571482868 3371
1070 3.4 103.46962603400735 99.92778862787867 997.02099609375 18.52685546875 143.38145899471203 3401
1080 2.4 124.9508565266927 105.53241779664958 997.02099609375 18.52685546875 142.9864073729758 3435
1090 2.7 118.25460250289352 120.13282618791543 997.02099609375 18.52685546875 142.86126911905535 3459
1100 3.4 115.07879279641544 93.41848044543647 997.02099609375 18.52685546875 142.67068392151194 3486
1110 2.3 170.50076426630432 119.87193549741117 997.02099609375 18.52685546875 142.4041713367809 3520
1120 2.3 123.95499320652173 120.05966320812219 997.02099609375 18.52685546875 142.58656525080266 3543
1130 2.4 118.2662862141927 103.28670254645748 997.02099609375 18.52685546875 142.46639526846434 3566
1140 2.5 100.447333984375 102.76546871982575 997.02099609375 18.52685546875 142.3046118096057 3590
1150 5.1 126.72706992953431 146.80519367416713 997.02099609375 18.52685546875 142.01514239172718 3615
1160 4.5 148.28404405381946 133.8019832072935 997.02099609375 18.52685546875 141.80246053259683 3666
1170 5.8 144.28912984913794 138.82963754579197 997.02099609375 18.52685546875 141.88105693746212 3711
1180 6.1 118.78168625128073 123.40331924612478 997.02099609375 18.52685546875 141.9181140424972 3769
1190 6.3 190.91045076884922 151.79581707184923 997.02099609375 18.52685546875 141.54962263381202 3830
1200 7.1 119.02910087477993 112.75092911664038 997.02099609375 18.52685546875 142.3484236028609 3893
1210 6.2 160.43041598412302 152.9871844164468 997.02099609375 18.52685546875 141.9307465307888 3964
1220 5.4 142.31933593750009 127.92589667626777 997.02099609375 18.52685546875 142.21563960235034 4026
1230 5.5 180.4429110440341 144.90908571677184 997.02099609375 18.52685546875 142.21701205384497 4080
1240 6 203.69307454427084 176.20635176392292 997.02099609375 18.52685546875 142.7254581105464 4135
1250 7.5 232.38558919270832 200.64865652521388 997.02099609375 18.52685546875 143.59746215965808 4195
1260 5.1 171.82107843137254 194.02706431747518 997.02099609375 18.52685546875 145.15697258763905 4270
1270 5.1 163.39318129595588 147.27059942536647 997.02099609375 18.52685546875 145.47168432057828 4321
1280 5.3 131.30880564563682 135.1398250736571 997.02099609375 18.257080078125 145.68074112427092 4372
1290 6.3 178.10777064732142 172.80671659220198 997.02099609375 18.257080078125 145.50860268802967 4425
1300 5.4 189.55735496238427 164.5068098803121 997.02099609375 18.257080078125 145.96621132916945 4488
1310 4.8 165.4366149902344 153.6707083908921 997.02099609375 18.257080078125 146.48446799059474 4542
1320 6.2 148.8873094128024 135.2263716262894 997.02099609375 18.257080078125 146.68266037751906 4590
1330 5.4 208.3061478226273 175.4205286290365 997.02099609375 18.257080078125 146.7120430602765 4652
1340 5.6 166.36988176618303 158.768285201342 997.02099609375 18.257080078125 147.4188177430574 4706
1350 5.3 102.33324734669812 111.26060445901189 997.02099609375 18.257080078125 147.64167779876826 4762
1360 6.2 204.35101909022177 195.1220626241251 997.02099609375 18.257080078125 147.14295571902585 4815
1370 5.1 96.54772709865199 91.85632361353065 997.02099609375 18.257080078125 147.87022656770623 4877
1380 5.7 177.82370048656796 176.2701032362558 997.02099609375 18.257080078125 147.33908868764905 4928
1390 6.4 169.30481338500977 196.48046314381918 999.044921875 18.257080078125 147.68765897301282 4985
1400 7 157.6178466796875 179.78014470203857 999.044921875 18.257080078125 147.96167320996426 5049
1410 5.6 236.4306073869978 187.89982992229324 999.044921875 18.257080078125 148.0937169964227 5119
1420 5.9 204.0731842558263 204.60908302023648 999.044921875 18.257080078125 149.04963310499704 5175
1430 5 161.96038085937502 149.68273998710222 999.044921875 18.257080078125 149.66988329947526 5234
1440 5.1 143.4462842754289 153.26282475438921 999.044921875 18.257080078125 149.78618248153336 5284
1450 4.5 157.5589952256945 164.2287414770713 999.044921875 18.257080078125 149.72557614441783 5335
1460 6.7 126.77515741604478 126.89613271745417 999.044921875 18.257080078125 149.79109730773706 5380
1470 5 148.65982421874997 152.05658921964942 999.044921875 17.9150390625 149.50799321874433 5447
1480 5.2 114.74041278545673 114.39532022614435 999.044921875 17.9150390625 149.50027838337962 5497
1490 3.8 119.31063682154605 127.87548093462492 999.044921875 17.9150390625 149.1745416720637 5549
1500 4.4 145.68388227982956 165.20847236249378 999.044921875 17.9150390625 148.97142221899057 5587
1510 5.4 164.92719184027777 155.19633683870273 999.044921875 17.674072265625 148.94573375205343 5631
1520 4.3 116.03664380450581 139.55132098187664 999.044921875 17.674072265625 149.09753652017378 5685
1530 3.7 246.20458984375 227.57695631851462 999.044921875 17.674072265625 148.84934895265044 5728
1540 4.9 201.7359992825255 205.09851023280766 999.044921875 17.674072265625 149.47417877276678 5765
1550 4.8 194.1262664794922 198.18263369225636 999.044921875 17.674072265625 149.91463787235023 5814
1560 4.1 149.9014803258384 172.95134532678108 999.044921875 17.674072265625 150.27665734917431 5862
1570 5.5 190.05985884232953 205.6654577265858 999.044921875 17.674072265625 150.27405151181082 5903
1580 6.3 272.7175060453868 270.1436522070686 1235.241943359375 17.674072265625 150.64132566474444 5958
1590 6.3 195.35717385912702 208.4607809278393 1235.241943359375 17.674072265625 151.9186549063954 6021
1600 4.4 150.05636319247162 163.04296240036825 1235.241943359375 17.674072265625 152.3684620553142 6084
1610 6.1 907.7043457031249 1325.0289001113601 4376.738037109375 17.674072265625 152.3518608232703 6128
1620 4.9 171.01776745854596 187.31187200675924 4376.738037109375 17.674072265625 159.79676332410583 6189
1630 4.4 221.03774746981534 217.68371531622088 4376.738037109375 17.674072265625 159.8849052289772 6238
1640 5.6 198.15412248883925 188.97119616010548 4376.738037109375 17.674072265625 160.31322822461505 6282
1650 5.5 186.1645285866477 205.9758722149985 4376.738037109375 17.674072265625 160.64757503414432 6338
1660 5.6 186.33527919224338 192.01197064031973 4376.738037109375 17.674072265625 160.86710146076527 6393
1670 3.8 125.6370913856908 147.894290236865 4376.738037109375 17.674072265625 161.08825481058116 6449
1680 5.2 368.6900963416466 385.49266263720665 4376.738037109375 17.674072265625 160.88058651859015 6487
1690 5.9 192.1692597987288 238.7361473919156 4376.738037109375 17.674072265625 162.5331472328888 6539
1700 4.5 187.85279947916666 212.93135849924562 4376.738037109375 17.674072265625 162.7981564237625 6598
1710 5.6 156.59259905133925 175.41506168181382 4376.738037109375 17.674072265625 162.967877775184 6643
1720 7.2 158.92651028103302 203.75255665041107 4376.738037109375 17.654052734375 162.91458390915395 6699
1730 8.9 307.9052130881321 270.01668469015 4376.738037109375 17.654052734375 162.87217639161966 6771
1740 10.3 325.51521493856205 307.9768721722596 4376.738037109375 17.654052734375 164.7538003370992 6860
1750 9.1 267.3687435611264 349.6960852193555 4376.738037109375 17.654052734375 167.13185946447973 6963
1760 11.8 583.2110492253706 639.9913165362522 4376.738037109375 17.654052734375 168.42496358310672 7054
1770 10.8 382.1404984085647 646.882929485669 4376.738037109375 17.654052734375 175.24938607415345 7172
1780 8.7 316.0453147449713 376.6941954600916 4376.738037109375 17.654052734375 178.31864982856504 7280
1790 9.5 288.18358861019743 293.6318751704518 4376.738037109375 17.654052734375 179.94512191323008 7367
1800 10.5 252.79217819940476 299.85214259882457 4376.738037109375 17.654052734375 181.32312437050857 7462
1810 9.3 443.7944860971102 585.6412713409364 4376.738037109375 17.654052734375 182.314831870447 7567
1820 10.5 760.1401553199405 947.3675626841474 4376.738037109375 17.654052734375 185.4894543042694 7660
1830 10.8 225.44544361255788 250.16464369083783 4376.738037109375 17.654052734375 193.26000467215678 7765
1840 10.2 372.82763911228557 454.44833372958135 4376.738037109375 17.654052734375 193.7015171077675 7873
1850 11.3 288.69153156111724 278.4725638900687 4376.738037109375 17.654052734375 195.99253459296636 7975
1860 9.1 376.93398544814545 445.69825664528975 4376.738037109375 17.654052734375 197.2876615288468 8088
1870 8.7 467.62191597072564 566.5008475752343 4376.738037109375 17.654052734375 199.28641632486787 8179
1880 8.8 316.54893632368606 368.98870195514115 4376.738037109375 17.654052734375 202.1106588205356 8266
1890 9.7 441.2925358408505 604.0009118590178 4376.738037109375 17.654052734375 203.31613744398274 8354
1900 9.2 694.9993020762568 805.0619609501815 4376.738037109375 17.654052734375 206.04761426855924 8451
1910 9.6 134.94447835286462 144.15126897277833 4376.738037109375 17.2861328125 211.31315977696474 8543
1920 9.8 203.27532834422829 237.9244903947021 4376.738037109375 17.2861328125 210.46452065013136 8639
1930 10.5 572.7311081659228 709.722805284842 4376.738037109375 17.2861328125 210.38388189014756 8737
1940 12.5 244.40193945312498 276.34708159674364 4376.738037109375 17.2861328125 214.6868064274645 8842
1950 9.3 296.68945049983205 348.342366159827 4376.738037109375 17.2861328125 215.10103544811884 8967
1960 10.2 512.9643626493566 675.0705910137244 4376.738037109375 17.2861328125 215.93853242381525 9060
1970 11.8 691.3208649198885 809.3038544702385 4376.738037109375 17.2861328125 219.24530329076626 9162
1980 11.5 1046.6864342730976 1326.3379602504403 7126.787841796875 17.2861328125 225.2479882338952 9280
1990 8.6 3419.2116017896074 2975.7314983376914 11560.955078125 17.2861328125 235.30284946800995 9395
2000 11.1 2205.4937711148646 3079.1042008070995 12593.2900390625 17.2861328125 264.18336341165065 9481
2010 12.9 1556.9020087663519 1930.2711176776957 12593.2900390625 17.2861328125 286.64848593615613 9592
2020 9.2 2202.87211277174 2520.524212665977 12593.2900390625 17.2861328125 303.5050546477183 9721
2030 10.9 865.021150641485 1504.0772315366708 12593.2900390625 17.2861328125 321.3122256807775 9813
2040 9.3 488.42520108786954 752.2301349706462 12593.2900390625 17.2861328125 327.2852424939923 9922
2050 10.8 875.7073545102719 1288.6943870505488 12593.2900390625 17.2861328125 328.7815995732964 10015
2060 13.6 979.5761539234835 1546.4637710823783 12593.2900390625 17.2861328125 334.61662689061274 10123
2070 9.5 1361.681021278783 1514.3553170964226 12593.2900390625 17.2861328125 343.1666313429444 10259
2080 9.8 486.9808150310906 663.5094050662262 12593.2900390625 17.2861328125 352.51170252740496 10354
2090 11.1 926.4073607298704 1150.8818196327948 12593.2900390625 17.2861328125 353.77251127456924 10452
2100 11.7 1084.6492888621794 1566.834173160114 12593.2900390625 17.2861328125 359.7899749013361 10563
2110 9.4 2758.101019676696 3168.747454828422 12635.9580078125 17.2861328125 367.73084940821053 10680
2120 10.2 3052.026051240809 4440.353744273394 14642.6630859375 17.2861328125 388.5861302700295 10774
2130 11.5 1947.2147630774452 2685.5974998166994 14642.6630859375 17.2861328125 413.5650629602667 10876
2140 11.3 486.4889186082688 799.2868249088046 14642.6630859375 17.2861328125 429.611802612116 10991
2150 9.9 460.2870279947916 696.6603051555054 14642.6630859375 17.2861328125 430.1906133206503 11104
2160 10.8 343.4714129412615 420.62666144678536 14642.6630859375 17.2861328125 430.45657288976037 11203
2170 10.1 373.55144840655936 474.3690822928265 14642.6630859375 17.2861328125 429.62601880308034 11311
2180 10.5 631.1437965029762 918.4558610996853 14642.6630859375 17.2861328125 429.1297401832023 11412
2190 8.7 544.9385158494971 902.861672092986 14642.6630859375 17.2861328125 430.9714937573601 11517
2200 9.7 615.0416096166235 1118.422578332081 14642.6630859375 17.2861328125 431.8259517823529 11604
2210 9.1 549.9226369333791 800.7627356416351 14642.6630859375 17.2861328125 433.34478938682463 11701
2220 10.9 647.1055337048451 889.7707607625374 14642.6630859375 17.2861328125 434.24443186704315 11792
2230 9.3 580.1320617019487 737.3283258718973 14642.6630859375 17.2861328125 436.1940041803211 11901
2240 8.3 566.8792533414911 900.9910756004155 14642.6630859375 17.2861328125 437.31008216510605 11994
2250 9.2 294.6594556725544 346.86807048225535 14642.6630859375 17.2861328125 438.2005550646374 12077
2260 9.1 304.00667764852335 347.4754932443897 14642.6630859375 17.2861328125 437.11535651553135 12169
2270 9.8 470.67681760204084 615.3629573469067 14642.6630859375 17.2861328125 436.12735571806826 12260
2280 8.7 679.4301617501796 1041.187493794632 14642.6630859375 17.2861328125 436.4013359142674 12358
2290 10.8 888.5493367513018 1337.1783257804402 14642.6630859375 17.2861328125 438.1002919486366 12445
2300 9.3 356.43093970514116 503.7557803429679 14642.6630859375 17.2861328125 441.9757397968552 12553
2310 11.4 690.7408361602248 992.0578103676817 14642.6630859375 17.2861328125 441.3466344348016 12646
2320 8.2 1539.3656154725609 1851.5047917259656 14642.6630859375 17.2861328125 443.57476445021683 12760
2330 5.3 371.7445321712853 468.7092970058507 14642.6630859375 17.2861328125 450.57171584282173 12842
2340 1.6 125.44378662109375 151.43885034794465 14642.6630859375 17.2861328125 450.24772664277583 12895
2350 0.7 64.06086077008929 18.82570430826996 14642.6630859375 17.2861328125 449.8452122720573 12911
2360 0.2 43.528564453125 1.45751953125 14642.6630859375 17.2861328125 449.63616362207176 12918
2370 0.1 84.4921875 0.0 14642.6630859375 17.2861328125 449.57329866864 12920
2380 0.1 86.19091796875 0.0 14642.6630859375 17.2861328125 449.54504380360106 12921
2390 0.1 82.4609375 0.0 14642.6630859375 17.2861328125 449.5169247720398 12922
2400 0 0 0 14642.6630859375 17.2861328125 449.4885214611002 12923
2410 0 0 0 14642.6630859375 17.2861328125 449.4885214611002 12923
2420 0 0 0 14642.6630859375 17.2861328125 449.4885214611002 12923
