10 0.1 62 0 62 62 0 0
20 0.1 23.0 0.0 62 23 62.0 1
30 0.1 77.0 0.0 77 23 42.5 2
40 0.1 114.0 0.0 114 23 54.0 3
50 0.1 233.0 0.0 233 23 69.0 4
60 0.1 374.0 0.0 374 23 101.8 5
70 0.1 351.0 0.0 374 23 147.16666666666666 6
80 0.1 237.0 0.0 374 23 176.28571428571428 7
90 0.1 227.0 0.0 374 23 183.875 8
100 0.1 172.0 0.0 374 23 188.66666666666666 9
110 0.1 140.0 0.0 374 23 187.0 10
120 0.1 247.0 0.0 374 23 182.72727272727272 11
130 0.1 335.0 0.0 374 23 188.08333333333334 12
140 0.1 177.0 0.0 374 23 199.3846153846154 13
150 0.1 179.0 0.0 374 23 197.78571428571428 14
160 0.1 243.0 0.0 374 23 196.53333333333333 15
170 0.1 223.0 0.0 374 23 199.4375 16
180 0.1 106.0 0.0 374 23 200.8235294117647 17
190 0.1 100.0 0.0 374 23 195.55555555555554 18
200 0.1 321.0 0.0 374 23 190.52631578947367 19
210 0.1 263.0 0.0 374 23 197.04999999999998 20
220 0.1 268.0 0.0 374 23 200.1904761904762 21
230 0.1 379.0 0.0 379 23 203.27272727272728 22
240 0.1 339.0 0.0 379 23 210.91304347826087 23
250 0.1 285.0 0.0 379 23 216.25 24
260 0.1 267.0 0.0 379 23 219.0 25
270 0.1 254.0 0.0 379 23 220.84615384615384 26
280 0.1 121.0 0.0 379 23 222.07407407407408 27
290 0.1 320.0 0.0 379 23 218.46428571428572 28
300 0.1 264.0 0.0 379 23 221.9655172413793 29
310 0.1 225.0 0.0 379 23 223.36666666666667 30
320 0.1 352.0 0.0 379 23 223.41935483870967 31
330 0.1 359.0 0.0 379 23 227.4375 32
340 0.1 451.0 0.0 451 23 231.42424242424244 33
350 0.1 472.0 0.0 472 23 237.88235294117646 34
360 0.1 311.0 0.0 472 23 244.57142857142858 35
370 0.1 181.0 0.0 472 23 246.41666666666666 36
380 0.1 159.0 0.0 472 23 244.64864864864865 37
390 0.1 402.0 0.0 472 23 242.39473684210526 38
400 0.1 297.0 0.0 472 23 246.48717948717947 39
410 0.1 359.0 0.0 472 23 247.75 40
420 0.1 294.0 0.0 472 23 250.46341463414635 41
430 0.1 375.0 0.0 472 23 251.5 42
440 0.1 340.0 0.0 472 23 254.37209302325581 43
450 0.1 199.0 0.0 472 23 256.3181818181818 44
460 0.1 272.0 0.0 472 23 255.04444444444445 45
470 0.1 326.0 0.0 472 23 255.41304347826087 46
480 0.1 146.0 0.0 472 23 256.9148936170213 47
490 0.1 111.0 0.0 472 23 254.60416666666666 48
500 0.1 241.0 0.0 472 23 251.6734693877551 49
510 0.1 439.0 0.0 472 23 251.46 50
520 0.1 340.0 0.0 472 23 255.13725490196077 51
530 0.1 202.0 0.0 472 23 256.7692307692308 52
540 0.1 393.0 0.0 472 23 255.73584905660377 53
550 0.1 279.0 0.0 472 23 258.27777777777777 54
560 0.1 437.0 0.0 472 23 258.6545454545454 55
570 0.1 315.0 0.0 472 23 261.83928571428567 56
580 0.1 366.0 0.0 472 23 262.7719298245613 57
590 0.1 351.0 0.0 472 23 264.55172413793093 58
600 0.1 288.0 0.0 472 23 266.0169491525423 59
610 0.1 162.0 0.0 472 23 266.38333333333327 60
620 0.1 235.0 0.0 472 23 264.67213114754094 61
630 0.1 341.0 0.0 472 23 264.1935483870967 62
640 0.1 431.0 0.0 472 23 265.4126984126984 63
650 0.1 503.0 0.0 503 23 267.99999999999994 64
660 0.1 422.0 0.0 503 23 271.6153846153846 65
670 0.1 632.0 0.0 632 23 273.8939393939393 66
680 0.1 658.0 0.0 658 23 279.2388059701492 67
690 0.1 716.0 0.0 716 23 284.8088235294117 68
700 0.1 593.0 0.0 716 23 291.0579710144927 69
710 0.1 693.0 0.0 716 23 295.3714285714285 70
720 0.1 567.0 0.0 716 23 300.97183098591546 71
730 0.1 448.0 0.0 716 23 304.66666666666663 72
740 0.1 564.0 0.0 716 23 306.6301369863013 73
750 0.1 514.0 0.0 716 23 310.108108108108 74
760 0.1 415.0 0.0 716 23 312.8266666666666 75
770 0.1 507.0 0.0 716 23 314.1710526315789 76
780 0.1 462.0 0.0 716 23 316.67532467532465 77
790 0.1 539.0 0.0 716 23 318.5384615384615 78
800 0.1 559.0 0.0 716 23 321.3291139240506 79
810 0.1 477.0 0.0 716 23 324.29999999999995 80
820 0.1 456.0 0.0 716 23 326.18518518518516 81
830 0.1 601.0 0.0 716 23 327.7682926829268 82
840 0.1 484.0 0.0 716 23 331.06024096385545 83
850 0.1 574.0 0.0 716 23 332.8809523809524 84
860 0.1 533.0 0.0 716 23 335.71764705882356 85
870 0.1 351.0 0.0 716 23 338.0116279069768 86
880 0.1 433.0 0.0 716 23 338.16091954022994 87
890 0.1 395.0 0.0 716 23 339.23863636363643 88
900 0.1 552.0 0.0 716 23 339.8651685393259 89
910 0.1 647.0 0.0 716 23 342.2222222222223 90
920 0.1 686.0 0.0 716 23 345.57142857142867 91
930 0.1 388.0 0.0 716 23 349.27173913043487 92
940 0.1 726.0 0.0 726 23 349.6881720430108 93
950 0.1 1052.0 0.0 1052 23 353.6914893617021 94
960 0.1 386.0 0.0 1052 23 361.0421052631579 95
970 0.1 323.0 0.0 1052 23 361.3020833333333 96
980 0.1 461.0 0.0 1052 23 360.9072164948454 97
990 0.1 611.0 0.0 1052 23 361.92857142857144 98
1000 0.1 296.0 0.0 1052 23 364.44444444444446 99
1010 0.1 393.0 0.0 1052 23 363.76 100
1020 0.1 518.0 0.0 1052 23 364.0495049504951 101
1030 0.1 506.0 0.0 1052 23 365.55882352941177 102
1040 0.1 618.0 0.0 1052 23 366.92233009708735 103
1050 0.1 352.0 0.0 1052 23 369.33653846153845 104
1060 0.1 539.0 0.0 1052 23 369.1714285714286 105
1070 0.1 496.0 0.0 1052 23 370.77358490566036 106
1080 0.1 255.0 0.0 1052 23 371.94392523364485 107
1090 0.1 200.0 0.0 1052 23 370.8611111111111 108
1100 0.1 589.0 0.0 1052 23 369.29357798165137 109
1110 0.1 413.0 0.0 1052 23 371.2909090909091 110
1120 0.1 375.0 0.0 1052 23 371.6666666666667 111
1130 0.1 313.0 0.0 1052 23 371.69642857142856 112
1140 0.1 403.0 0.0 1052 23 371.17699115044246 113
1150 0.1 450.0 0.0 1052 23 371.4561403508772 114
1160 0.1 622.0 0.0 1052 23 372.1391304347826 115
1170 0.1 832.0 0.0 1052 23 374.2931034482759 116
1180 0.1 720.0 0.0 1052 23 378.20512820512823 117
1190 0.1 1024.0 0.0 1052 23 381.10169491525426 118
1200 0.1 1006.0 0.0 1052 23 386.5042016806723 119
1210 0.1 782.0 0.0 1052 23 391.6666666666667 120
1220 0.1 967.0 0.0 1052 23 394.89256198347107 121
1230 0.1 884.0 0.0 1052 23 399.58196721311475 122
1240 0.1 1051.0 0.0 1052 23 403.520325203252 123
1250 0.1 1057.0 0.0 1057 23 408.741935483871 124
1260 0.1 1089.0 0.0 1089 23 413.928 125
1270 0.1 842.0 0.0 1089 23 419.2857142857143 126
1280 0.1 493.0 0.0 1089 23 422.61417322834643 127
1290 0.1 1275.0 0.0 1275 23 423.1640625 128
1300 0.1 816.0 0.0 1275 23 429.7674418604651 129
1310 0.1 812.0 0.0 1275 23 432.73846153846154 130
1320 0.1 831.0 0.0 1275 23 435.63358778625957 131
1330 0.1 871.0 0.0 1275 23 438.6287878787879 132
1340 0.1 1147.0 0.0 1275 23 441.8796992481203 133
1350 0.1 674.0 0.0 1275 23 447.14179104477614 134
1360 0.1 924.0 0.0 1275 23 448.8222222222222 135
1370 0.1 844.0 0.0 1275 23 452.3161764705882 136
1380 0.1 836.0 0.0 1275 23 455.1751824817518 137
1390 0.1 975.0 0.0 1275 23 457.9347826086956 138
1400 0.1 1126.0 0.0 1275 23 461.6546762589928 139
1410 0.1 1213.0 0.0 1275 23 466.4 140
1420 0.1 992.0 0.0 1275 23 471.6950354609929 141
1430 0.1 982.0 0.0 1275 23 475.35915492957747 142
1440 0.1 779.0 0.0 1275 23 478.9020979020979 143
1450 0.1 810.0 0.0 1275 23 480.9861111111111 144
1460 0.1 846.0 0.0 1275 23 483.2551724137931 145
1470 0.1 803.0 0.0 1275 23 485.73972602739724 146
1480 0.1 638.0 0.0 1275 23 487.8979591836735 147
1490 0.1 470.0 0.0 1275 23 488.9121621621622 148
1500 0.1 488.0 0.0 1275 23 488.7852348993289 149
1510 0.1 1005.0 0.0 1275 23 488.78 150
1520 0.1 733.0 0.0 1275 23 492.19867549668874 151
1530 0.1 752.0 0.0 1275 23 493.7828947368421 152
1540 0.1 770.0 0.0 1275 23 495.47058823529414 153
1550 0.1 1011.0 0.0 1275 23 497.25324675324674 154
1560 0.1 711.0 0.0 1275 23 500.56774193548387 155
1570 0.1 931.0 0.0 1275 23 501.9166666666667 156
1580 0.1 1469.0 0.0 1469 23 504.6496815286624 157
1590 0.1 957.0 0.0 1469 23 510.753164556962 158
1600 0.1 1021.0 0.0 1469 23 513.559748427673 159
1610 0.1 951.0 0.0 1469 23 516.73125 160
1620 0.1 1002.0 0.0 1469 23 519.4285714285714 161
1630 0.1 984.0 0.0 1469 23 522.4074074074074 162
1640 0.1 843.0 0.0 1469 23 525.239263803681 163
1650 0.1 1174.0 0.0 1469 23 527.1768292682926 164
1660 0.1 945.0 0.0 1469 23 531.0969696969696 165
1670 0.1 643.0 0.0 1469 23 533.5903614457831 166
1680 0.1 1326.0 0.0 1469 23 534.2455089820359 167
1690 0.1 974.0 0.0 1469 23 538.9583333333333 168
1700 0.1 879.0 0.0 1469 23 541.5325443786982 169
1710 0.1 966.0 0.0 1469 23 543.5176470588234 170
1720 0.1 1127.0 0.0 1469 23 545.9883040935671 171
1730 0.1 1548.0 0.0 1548 23 549.3662790697673 172
1740 0.1 2230.0 0.0 2230 23 555.1387283236993 173
1750 0.1 1693.0 0.0 2230 23 564.7643678160919 174
1760 0.1 2429.0 0.0 2429 23 571.2114285714285 175
1770 0.1 2032.0 0.0 2429 23 581.7670454545455 176
1780 0.1 1635.0 0.0 2429 23 589.9604519774011 177
1800 0.1 2096.0 0.0 2429 23 595.8314606741573 178
1810 0.1 1719.0 0.0 2429 23 604.2122905027932 179
1820 0.1 1794.0 0.0 2429 23 610.4055555555553 180
1830 0.1 2586.0 0.0 2586 23 616.9447513812153 181
1840 0.1 1899.0 0.0 2586 23 627.7637362637361 182
1850 0.1 2.1e3 0.0 2586 23 634.710382513661 183
1860 0.1 2184.0 0.0 2586 23 642.673913043478 184
1870 0.1 1866.0 0.0 2586 23 651.0054054054052 185
1880 0.1 1951.0 0.0 2586 23 657.537634408602 186
1890 0.1 1757.0 0.0 2586 23 664.4545454545453 187
1900 0.1 2132.0 0.0 2586 23 670.2659574468083 188
1910 0.1 2219.0 0.0 2586 23 677.9999999999999 189
1920 0.1 1320.0 0.0 2586 23 686.1105263157893 190
1930 0.1 1773.0 0.0 2586 23 689.4293193717276 191
1940 0.1 2335.0 0.0 2586 23 695.0729166666665 192
1950 0.1 1961.0 0.0 2586 23 703.5699481865283 193
1960 0.1 1694.0 0.0 2586 23 710.0515463917525 194
1970 0.1 2245.0 0.0 2586 23 715.0974358974357 195
1980 0.1 2487.0 0.0 2586 23 722.9030612244896 196
1990 0.1 2202.0 0.0 2586 23 731.8578680203044 197
2000 0.1 1674.0 0.0 2586 23 739.2828282828282 198
2010 0.1 2601.0 0.0 2601 23 743.9798994974873 199
2020 0.1 2508.0 0.0 2601 23 753.2649999999999 200
2030 0.1 2818.0 0.0 2818 23 761.9950248756218 201
2040 0.1 2065.0 0.0 2818 23 772.1732673267326 202
2050 0.1 2239.0 0.0 2818 23 778.5418719211822 203
2060 0.1 2591.0 0.0 2818 23 785.7009803921567 204
2070 0.1 2330.0 0.0 2818 23 794.5073170731706 205
2080 0.1 2409.0 0.0 2818 23 801.9611650485435 206
2090 0.1 2480.0 0.0 2818 23 809.7246376811593 207
2100 0.1 2401.0 0.0 2818 23 817.7548076923075 208
2110 0.1 2099.0 0.0 2818 23 825.3301435406697 209
2120 0.1 1843.0 0.0 2818 23 831.3952380952379 210
2130 0.1 3291.0 0.0 3291 23 836.1895734597155 211
2140 0.1 2693.0 0.0 3291 23 847.7688679245282 212
2150 0.1 2358.0 0.0 3291 23 856.431924882629 213
2160 0.1 1972.0 0.0 3291 23 863.448598130841 214
2170 0.1 2339.0 0.0 3291 23 868.6046511627906 215
2180 0.1 2060.0 0.0 3291 23 875.412037037037 216
2190 0.1 2411.0 0.0 3291 23 880.8709677419354 217
2200 0.1 2628.0 0.0 3291 23 887.8899082568806 218
2210 0.1 1635.0 0.0 3291 23 895.835616438356 219
2220 0.1 2631.0 0.0 3291 23 899.1954545454544 220
2230 0.1 2435.0 0.0 3291 23 907.0316742081446 221
2240 0.1 2424.0 0.0 3291 23 913.9144144144143 222
2250 0.1 1323.0 0.0 3291 23 920.6860986547084 223
2260 0.1 1791.0 0.0 3291 23 922.4821428571428 224
2270 0.1 2555.0 0.0 3291 23 926.3422222222221 225
2280 0.1 2163.0 0.0 3291 23 933.5486725663716 226
2290 0.1 3042.0 0.0 3291 23 938.964757709251 227
2300 0.1 2347.0 0.0 3291 23 948.1885964912279 228
2310 0.1 2065.0 0.0 3291 23 954.2969432314409 229
2320 0.1 2823.0 0.0 3291 23 959.1260869565216 230
2330 0.1 2304.0 0.0 3291 23 967.1948051948051 231
2340 0.1 338.0 0.0 3291 23 972.956896551724 232
2350 0.1 87.0 0.0 3291 23 970.2317596566522 233
2360 0.1 38.0 0.0 3291 23 966.4572649572648 234
2370 0.1 26.0 0.0 3291 23 962.5063829787233 235
2380 0.1 25.0 0.0 3291 23 958.5381355932202 236
2390 0.1 27.0 0.0 3291 23 954.5991561181434 237
2400 0.1 21.0 0.0 3291 21 950.7016806722688 238
2410 0.1 21.0 0.0 3291 21 946.8117154811714 239
2420 0.1 21.0 0.0 3291 21 942.9541666666665 240
