10 1.40078125 1.40078125
20 0.75546875 2.15625
30 1.2921875 3.4484375
40 5.5859375 9.034375
50 9 18.034375
60 9.01875 27.053125
70 4.6171875 31.6703125
80 7.00859375 38.67890625
90 3.75078125 42.4296875
100 4.39375 46.8234375
110 4.48125 51.3046875
120 8.5640625 59.86875
130 4.3515625 64.2203125
140 6.09296875 70.31328125
150 5.028125 75.34140625
160 5.9609375 81.30234375
170 2.91484375 84.2171875
180 2.196875 86.4140625
190 3.92890625 90.34296875
200 6.19921875 96.5421875
210 5.58828125 102.13046875
220 6.81171875 108.9421875
230 9.43515625 118.37734375
240 4.07421875 122.4515625
250 4.3375 126.7890625
260 7.22734375 134.01640625
270 4.99609375 139.0125
280 5.24921875 144.26171875
290 6.55546875 150.8171875
300 4.20859375 155.02578125
310 6.63125 161.65703125
320 7.846875 169.50390625
330 10.065625 179.56953125
340 9.26171875 188.83125
350 7.3828125 196.2140625
360 3.88046875 200.09453125
370 4.40234375 204.496875
380 6.00625 210.503125
390 7.21953125 217.72265625
400 8.91328125 226.6359375
410 4.52578125 231.16171875
420 6.88984375 238.0515625
430 6.1375 244.1890625
440 4.46796875 248.65703125
450 4.67265625 253.3296875
460 5.990625 259.3203125
470 3.5421875 262.8625
480 3.52578125 266.38828125
490 3.56484375 269.953125
500 6.59921875 276.55234375
510 4.328125 280.88046875
520 5.19609375 286.0765625
530 4.63359375 290.71015625
540 4.7546875 295.46484375
550 6.97421875 302.4390625
560 6.0890625 308.528125
570 3.915625 312.44375
580 6.25 318.69375
590 5.040625 323.734375
600 3.35546875 327.08984375
610 3.54296875 330.6328125
620 3.59765625 334.23046875
630 6.11015625 340.340625
640 6.5484375 346.8890625
650 8.7421875 355.63125
660 7.96640625 363.59765625
670 14.7375 378.33515625
680 8.696875 387.03203125
690 12.875 399.90703125
700 10.65234375 410.559375
710 11.54921875 422.10859375
720 8.2390625 430.34765625
730 9.215625 439.56328125
740 6.7984375 446.36171875
750 10.34140625 456.703125
760 9.66796875 466.37109375
770 5.1140625 471.48515625
780 7.48515625 478.9703125
790 8.090625 487.0609375
800 10.43828125 497.49921875
810 10.8 508.29921875
820 7.59609375 515.8953125
830 8.4296875 524.325
840 9.246875 533.571875
850 9.88203125 543.45390625
860 6.2921875 549.74609375
870 5.796875 555.54296875
880 6.49609375 562.0390625
890 8.14921875 570.18828125
900 8.453125 578.64140625
910 10.009375 588.65078125
920 8.06328125 596.7140625
930 8.87578125 605.58984375
940 11.8078125 617.39765625
950 13.1921875 630.58984375
960 6.25078125 636.840625
970 5.31875 642.159375
980 11.54375 653.703125
990 6.63671875 660.33984375
1000 8.0296875 668.36953125
1010 7.4921875 675.86171875
1020 7.2046875 683.06640625
1030 9.88203125 692.9484375
1040 8.87578125 701.82421875
1050 5.396875 707.22109375
1060 7.265625 714.48671875
1070 7.0859375 721.57265625
1080 5.72578125 727.2984375
1090 4.084375 731.3828125
1100 7.26875 738.6515625
1110 6.94453125 745.59609375
1120 4.42734375 750.0234375
1130 5.00859375 755.03203125
1140 5.22890625 760.2609375
1150 8.69453125 768.95546875
1160 8.9359375 777.89140625
1170 12.315625 790.20703125
1180 12.09765625 802.3046875
1190 12.515625 814.8203125
1200 14.675 829.4953125
1210 13.1890625 842.684375
1220 13.34453125 856.02890625
1230 10.7109375 866.73984375
1240 12.7328125 879.47265625
1250 15.6171875 895.08984375
1260 10.025 905.11484375
1270 11.109375 916.22421875
1280 11.3078125 927.53203125
1290 12.60234375 940.134375
1300 10.996875 951.13125
1310 11.03515625 962.16640625
1320 11.3578125 973.52421875
1330 11.89375 985.41796875
1340 12.28984375 997.7078125
1350 10.1765625 1007.884375
1360 12.221875 1020.10625
1370 11.9265625 1032.0328125
1380 11.42890625 1043.46171875
1390 13.80078125 1057.2625
1400 13.98203125 1071.24453125
1410 11.6796875 1082.92421875
1420 13.3890625 1096.31328125
1430 10.6328125 1106.94609375
1440 11.528125 1118.47421875
1450 7.6765625 1126.15078125
1460 13.84609375 1139.996875
1470 11.41484375 1151.41171875
1480 12.6875 1164.09921875
1490 8.9953125 1173.09453125
1500 7.6109375 1180.70546875
1510 12.30078125 1193.00625
1520 10.0640625 1203.0703125
1530 8.13359375 1211.20390625
1540 8.92578125 1220.1296875
1550 11.203125 1231.3328125
1560 7.3109375 1238.64375
1570 11.3046875 1249.9484375
1580 13.4734375 1263.421875
1590 13.13046875 1276.55234375
1600 11.4203125 1287.97265625
1610 10.809375 1298.78203125
1620 8.9734375 1307.75546875
1630 8.46171875 1316.2171875
1640 11.90390625 1328.12109375
1650 11.346875 1339.46796875
1660 11.7296875 1351.19765625
1670 8.7453125 1359.94296875
1680 10.8265625 1370.76953125
1690 12.40390625 1383.1734375
1700 9.35078125 1392.52421875
1710 11.06875 1403.59296875
1720 11.6875 1415.28046875
1730 19.33125 1434.61171875
1740 19.62265625 1454.234375
1750 20.78671875 1475.02109375
1760 22.221875 1497.24296875
1770 23.78359375 1521.0265625
1780 17.0640625 1538.090625
1790 20.2453125 1558.3359375
1800 21.5078125 1579.84375
1810 20.54375 1600.3875
1820 20.14140625 1620.52890625
1830 21.27578125 1641.8046875
1840 22.22421875 1664.02890625
1850 24.22890625 1688.2578125
1860 19.6015625 1707.859375
1870 17.3375 1725.196875
1880 18.69140625 1743.88828125
1890 18.71875 1762.60703125
1900 20.32578125 1782.9328125
1910 21.81640625 1804.74921875
1920 17.28046875 1822.0296875
1930 21.28359375 1843.31328125
1940 28.740625 1872.05390625
1950 20.2328125 1892.28671875
1960 19.89296875 1912.1796875
1970 26.24140625 1938.42109375
1980 23.05234375 1961.4734375
1990 20.17421875 1981.64765625
2000 22.74609375 2004.39375
2010 26.3890625 2030.7828125
2020 18.865625 2049.6484375
2030 22.35703125 2072.00546875
2040 19.64453125 2091.65
2050 25.3828125 2117.0328125
2060 26.61171875 2143.64453125
2070 20.95546875 2164.6
2080 19.815625 2184.415625
2090 23.5515625 2207.9671875
2100 24.6625 2232.6296875
2110 20.771875 2253.4015625
2120 18.08046875 2271.48203125
2130 27.2140625 2298.69609375
2140 22.69375 2321.38984375
2150 20.35625 2341.74609375
2160 22.91953125 2364.665625
2170 23.0796875 2387.7453125
2180 21.1703125 2408.915625
2190 19.071875 2427.9875
2200 17.69296875 2445.68046875
2210 19.91484375 2465.5953125
2220 21.28359375 2486.87890625
2230 21.92734375 2508.80625
2240 18.03203125 2526.83828125
2250 20.3265625 2547.16484375
2260 20.36640625 2567.53125
2270 19.49296875 2587.02421875
2280 19.6109375 2606.63515625
2290 19.93828125 2626.5734375
2300 19.92890625 2646.50234375
2310 23.0109375 2669.51328125
2320 18.74296875 2688.25625
2330 15.16640625 2703.42265625
2340 4.6453125 2708.06796875
2350 3.0078125 2711.07578125
2360 0.734375 2711.81015625
2370 0.571875 2712.38203125
2380 0.575 2712.95703125
2390 0.571875 2713.52890625
2400 0 2713.52890625
2410 0 2713.52890625
2420 0 2713.52890625
