10 0.1 1.156005859375 0.0 1.156005859375 1.156005859375 0 0
20 0.5 1.196435546875 0.1435067315998289 1.380126953125 1.02587890625 1.156005859375 1
30 0.7 1.051025390625 0.06500653894252212 1.380126953125 0.968017578125 1.189697265625 6
40 0.7 1.0498395647321428 0.1474455438594378 1.380126953125 0.889892578125 1.1150277944711537 13
50 0.6 1.1757405598958333 0.12729363706846192 1.380126953125 0.889892578125 1.0922119140625 20
60 0.6 1.0823567708333333 0.1592015704485922 1.380126953125 0.841064453125 1.1114877554086537 26
70 0.7 1.4090053013392858 0.43661767610887925 2.239013671875 0.841064453125 1.1060256958007813 32
80 0.4 1.03961181640625 0.1715983309789945 2.239013671875 0.841064453125 1.1604066506410255 39
90 0.7 0.9364536830357143 0.09635058685851534 2.239013671875 0.712158203125 1.149169921875 43
100 0.4 10.6134033203125 10.263910313675884 25.684814453125 0.712158203125 1.1193896484375 50
110 0.4 1.0125732421875 0.09885050101898525 25.684814453125 0.712158203125 1.8226499204282407 54
120 0.4 0.96075439453125 0.07316043105433563 25.684814453125 0.712158203125 1.7667825633081897 58
130 0.7 1.1781877790178572 0.5146726992477171 25.684814453125 0.712158203125 1.714780745967742 62
140 0.5 0.869189453125 0.11479837987600593 25.684814453125 0.712158203125 1.6603437783061594 69
150 0.7 7.113595145089286 15.088278871160053 44.072021484375 0.712158203125 1.6068874049831081 74
160 0.7 9.305559430803571 20.421584054755947 59.327880859375 0.712158203125 2.0827757282021606 81
170 0.8 0.962249755859375 0.11979955452021616 59.327880859375 0.712158203125 2.657315340909091 88
180 0.6 0.9502360026041666 0.041930495887391825 59.327880859375 0.712158203125 2.5160598754882813 96
190 0.6 0.9402262369791666 0.13571916319373115 59.327880859375 0.712158203125 2.423952588848039 102
200 0.4 1.49847412109375 0.962072158059578 59.327880859375 0.712158203125 2.3415233470775463 108
210 0.5 10.97158203125 19.81565474150164 59.327880859375 0.712158203125 2.3114144461495534 112
220 0.1 2.97802734375 0.0 59.327880859375 0.712158203125 2.681507077991453 117
230 0.7 1.0117536272321428 0.1501950170507431 59.327880859375 0.712158203125 2.684019961599576 118
240 0.4 1.76123046875 1.294040247475513 59.327880859375 0.712158203125 2.590373046875 125
250 0.2 4.1864013671875 3.2344970703125 59.327880859375 0.712158203125 2.564663199491279 129
260 0.1 1.2919921875 0.0 59.327880859375 0.712158203125 2.589422560830153 131
270 0.5 1.07265625 0.05866910031357224 59.327880859375 0.712158203125 2.579593542850379 132
280 0.4 3.2420654296875 3.101904561952823 59.327880859375 0.712158203125 2.5245958314324817 137
290 0.4 0.926513671875 0.10755038810422313 59.327880859375 0.712158203125 2.544949578900709 141
300 0.4 0.94097900390625 0.1127842986502633 59.327880859375 0.712158203125 2.5003030711206895 145
310 0.9 4.295003255208333 9.01068960154975 59.327880859375 0.712158203125 2.4584420223364094 149
320 0.6 2.7562662760416665 2.7555906142344737 59.327880859375 0.712158203125 2.563056269778481 158
330 0.7 7.746547154017857 10.952126604166537 59.327880859375 0.712158203125 2.570124928544207 164
340 0.4 1.1922607421875 0.05599622169589117 59.327880859375 0.712158203125 2.7820252535635963 171
350 0.2 0.9749755859375 0.0489501953125 59.327880859375 0.712158203125 2.7456877790178567 175
360 0.9 5.748074001736111 10.84829790937661 59.327880859375 0.712158203125 2.7256797316384174 177
370 0.6 4.592854817708333 8.098601034691304 59.327880859375 0.712158203125 2.8719246156754026 186
380 0.3 3.8610026041666665 3.8208394812864137 59.327880859375 0.712158203125 2.9257036844889317 192
390 0.5 19.63603515625 23.05126167545299 59.327880859375 0.712158203125 2.94009289863782 195
400 0.4 5.16680908203125 7.031740136282388 59.327880859375 0.712158203125 3.3574914550781245 200
410 0.4 7.5037841796875 10.38140125385521 59.327880859375 0.712158203125 3.3929682712928915 204
420 0.5 1.159716796875 0.35788458885060637 59.327880859375 0.712158203125 3.4720224233774033 208
430 0.3 16.961995442708332 22.402739366716677 59.327880859375 0.712158203125 3.4177429485768775 213
440 0.4 1.11468505859375 0.11918106330870165 59.327880859375 0.712158203125 3.6058575665509256 216
450 0.5 6.021630859375 9.545088883561121 59.327880859375 0.712158203125 3.560563520951704 220
460 0.6 3.1363525390625 3.520749582285839 59.327880859375 0.712158203125 3.6152539062499995 225
470 0.5 5.828125 5.7518188087829945 59.327880859375 0.712158203125 3.6028149096996747 231
480 0.3 1.1774088541666667 0.09215380668944109 59.327880859375 0.712158203125 3.6499613099179022 236
490 0.5 1.16142578125 0.15192448755591845 59.327880859375 0.712158203125 3.6189250866239533 239
500 0.2 1.6094970703125 0.3956298828125 59.327880859375 0.712158203125 3.568566494300717 244
510 0.3 1.5126139322916667 0.3347667035788144 59.327880859375 0.712158203125 3.5526391006097557 246
520 1.1 1.1130149147727273 0.19190572577201742 59.327880859375 0.712158203125 3.5280604841239955 249
530 0.7 9.165318080357142 13.615377434458575 59.327880859375 0.712158203125 3.4258854792668263 260
540 0.7 8.712472098214286 18.80537968273047 59.327880859375 0.712158203125 3.5763574950257486 267
550 0.4 1.2491455078125 0.08030213448691133 59.327880859375 0.712158203125 3.7075721016765506 274
560 1.1 1.1127263849431819 0.11129468648243505 59.327880859375 0.712158203125 3.672199057160521 278
570 0.5 5.547412109375 8.928314774165026 59.327880859375 0.712158203125 3.5747796820934257 289
580 0.2 1.1649169921875 0.1600341796875 59.327880859375 0.712158203125 3.608327852625425 294
590 0 0 0 59.327880859375 0.712158203125 3.5918183197846285 296
600 0.3 5.659261067708333 6.49102336465299 59.327880859375 0.712158203125 3.5918183197846285 296
610 0.8 1.20623779296875 0.31603192333352265 59.327880859375 0.712158203125 3.612561892506271 299
620 0.6 0.940673828125 0.17290971427943438 59.327880859375 0.712158203125 3.549856378511808 307
630 0.5 0.992138671875 0.05710331792060339 59.327880859375 0.712158203125 3.499840099590655 313
640 0.5 5.814794921875 8.85108866434249 59.327880859375 0.712158203125 3.4604108318592766 318
650 0.9 1.2804904513888888 0.4515301116692169 59.327880859375 0.712158203125 3.496856406008127 323
660 0.4 0.95458984375 0.05520143165874126 59.327880859375 0.712158203125 3.4367741963949547 332
670 1.1 1.0427911931818181 0.13499798916550124 59.327880859375 0.712158203125 3.407224382672991 336
680 1.1 6.903142755681818 16.75759585001543 59.669921875 0.712158203125 3.332271169173271 347
690 0.8 9.3392333984375 16.38205131605212 59.669921875 0.712158203125 3.441990687194483 358
700 0.6 8.528483072916666 11.371143990204779 59.669921875 0.712158203125 3.570892167221653 366
710 0.6 15.100138346354166 14.432414876376836 59.669921875 0.712158203125 3.650853310861895 372
720 0.6 1.0507405598958333 0.0723916292685132 59.669921875 0.712158203125 3.832587993964947 378
730 0.4 1.14849853515625 0.17591127249262942 59.669921875 0.712158203125 3.789121627807617 384
740 0.5 17.960400390625 23.41111080103243 60.43603515625 0.712158203125 3.761898709326675 388
750 0.8 3.39691162109375 4.369068267506184 60.43603515625 0.712158203125 3.942541224355916 393
760 0.6 1.8126627604166667 1.5719996931007265 60.43603515625 0.712158203125 3.9316558457372195 401
770 0.3 1.1249186197916667 0.06272730290112433 60.43603515625 0.712158203125 3.9004176184351964 407
780 0.3 1.4159342447916667 0.2389492267978658 60.43603515625 0.712158203125 3.880109089176829 410
790 0.2 0.97802734375 0.030029296875 60.43603515625 0.712158203125 3.862209514036017 413
800 0.2 1.1810302734375 0.2169189453125 60.43603515625 0.712158203125 3.8483098409262047 415
810 1.5 1.198828125 0.3907632994923699 60.43603515625 0.712158203125 3.8355171331684654 417
820 0.6 14.519002278645834 18.65520632811081 60.43603515625 0.712158203125 3.743965431495949 432
830 0.6 10.123738606770834 17.816660549301716 60.43603515625 0.712158203125 3.8915686759774544 438
840 0.4 9.24395751953125 8.42711304421938 60.43603515625 0.712158203125 3.9757871885557434 444
850 0.6 4.814249674479167 7.787330584646062 60.43603515625 0.712158203125 4.022824423653739 448
860 0.4 4.9957275390625 6.804800675345535 60.43603515625 0.712158203125 4.033283788202093 454
870 0.7 2.5049874441964284 3.4606089969215255 60.43603515625 0.712158203125 4.04168941048035 458
880 0.6 0.9801025390625 0.23423838342478692 60.43603515625 0.711181640625 4.018556262600807 465
890 0.6 2.4496256510416665 2.925224759449892 60.43603515625 0.711181640625 3.9798498457404463 471
900 0.3 1.28076171875 0.05406194491827272 60.43603515625 0.711181640625 3.9606017426624742 477
910 1 10.30419921875 15.044214305360985 60.43603515625 0.711181640625 3.9438527425130214 480
920 1.3 1.5905386117788463 1.8481244507448242 60.43603515625 0.711181640625 4.07365573182398 490
930 0.8 8.959625244140625 14.731594523147415 60.43603515625 0.711181640625 4.0094797426379225 503
940 0.7 14.479108537946429 20.22777999434915 60.43603515625 0.711181640625 4.086977128180039 511
950 0.6 5.252970377604167 9.349954581508067 60.43603515625 0.711181640625 4.227411336420126 518
960 0.5 2.27138671875 1.7739247907094502 60.43603515625 0.711181640625 4.239154378876432 524
970 0.8 1.207122802734375 0.3758703292280395 60.43603515625 0.711181640625 4.2205554406899815 529
980 0.2 14.1759033203125 3.7459716796875 60.43603515625 0.711181640625 4.175662589472766 537
990 1 2.2718994140625 3.700940220893105 60.43603515625 0.711181640625 4.2127692341141 539
1000 0.6 14.282063802083334 19.545457648649645 60.43603515625 0.711181640625 4.17741641407673 549
1010 0.8 15.92901611328125 22.073479429155757 60.43603515625 0.711181640625 4.286655845298424 555
1020 0.4 1.11175537109375 0.09004774982637072 60.43603515625 0.711181640625 4.452089028502442 563
1030 0.7 2.73046875 3.916855430450662 60.43603515625 0.711181640625 4.428524064429013 567
1040 1 7.28505859375 14.815849663125933 60.43603515625 0.711181640625 4.407816072789634 574
1050 0.5 2.705224609375 3.330998564028996 60.43603515625 0.711181640625 4.457083924175942 584
1060 1 11.316015625 20.241787596285455 60.43603515625 0.711181640625 4.442212452912776 589
1070 0.6 9.270222981770834 18.322224944835963 60.43603515625 0.711181640625 4.556967096854132 599
1080 0.2 6.929931640625 5.81396484375 60.43603515625 0.711181640625 4.603710130423554 605
1090 0.4 1.1392822265625 0.14627889844882297 60.43603515625 0.711181640625 4.611374781198518 607
1100 0.5 3.259423828125 4.254375700465111 60.43603515625 0.711181640625 4.588644224376024 611
1110 1.1 10.549027876420455 21.94239135706416 77.31982421875 0.711181640625 4.577855097783077 616
1120 0.7 8.842982700892858 8.843224441406372 77.31982421875 0.711181640625 4.682612514952154 627
1130 0.3 24.187906901041668 18.387691397066632 77.31982421875 0.711181640625 4.7285472015477135 634
1140 0.6 9.393513997395834 18.45029180636298 77.31982421875 0.711181640625 4.820192537652081 637
1150 0.5 13.534423828125 21.67881246749464 77.31982421875 0.711181640625 4.862867387976284 643
1160 0.7 1.7769601004464286 1.3803337600312333 77.31982421875 0.711181640625 4.92977754569348 648
1170 0.5 5.08662109375 7.740048977760976 77.31982421875 0.711181640625 4.896083313454199 655
1180 0.9 2.9746636284722223 3.5940885573754326 77.31982421875 0.711181640625 4.897526781486742 660
1190 0.2 1.552001953125 0.115966796875 77.31982421875 0.711181640625 4.871658667320627 669
1200 0.4 5.7447509765625 8.003345457754765 77.31982421875 0.711181640625 4.861764012434798 671
1210 0.4 1.02728271484375 0.07119543642376323 77.31982421875 0.711181640625 4.866996527777777 675
1220 0.6 15.097859700520834 21.653275641249206 77.31982421875 0.711181640625 4.844376711501288 679
1230 0.8 1.050201416015625 0.14416012606215411 77.31982421875 0.711181640625 4.934188241332116 685
1240 0.9 6.949245876736111 8.70932248492457 77.31982421875 0.711181640625 4.889351452583874 693
1250 1 2.8330810546875 5.22248940617184 77.31982421875 0.711181640625 4.91576035545762 702
1260 0.8 8.346954345703125 11.408202120180547 77.31982421875 0.711181640625 4.886509241682759 712
1270 1 14.008203125 21.67600259128563 77.31982421875 0.711181640625 4.92495863172743 720
1280 1.2 5.906005859375 13.29296132499554 77.31982421875 0.711181640625 5.049386638484588 730
1290 0.5 15.60283203125 18.33820098533059 77.31982421875 0.711181640625 5.0632403186068045 742
1300 1 4.4348876953125 7.702436797135923 77.31982421875 0.711181640625 5.133786447874831 747
1310 1.4 7.344482421875 11.942210371234735 77.31982421875 0.711181640625 5.124553967656042 757
1320 1.1 7.08837890625 8.721613234530073 77.31982421875 0.711181640625 5.164863952557554 771
1330 0.7 7.375139508928571 10.698207299750303 77.31982421875 0.711181640625 5.191921068274455 782
1340 0.9 9.108235677083334 13.163246655235543 77.31982421875 0.711181640625 5.211290560143376 789
1350 0.9 2.2169867621527777 3.0801453493279336 77.31982421875 0.711181640625 5.255241068981046 798
1360 1.3 9.253680889423077 16.61774399624551 77.31982421875 0.711181640625 5.221357191953221 807
1370 0.7 3.374790736607143 4.366928626032244 77.31982421875 0.711181640625 5.28528427496189 820
1380 0.9 11.35891384548611 17.446583372366444 77.31982421875 0.711181640625 5.269113229292623 827
1390 1.2 5.815104166666667 11.492797940953462 77.31982421875 0.711181640625 5.334673283773175 836
1400 1 3.284521484375 4.779493776294412 77.31982421875 0.711181640625 5.3414718340028 848
1410 0.6 1.7471516927083333 1.2633041221442225 77.31982421875 0.711181640625 5.317498053704107 858
1420 1.1 13.910777698863637 20.504098723625066 77.31982421875 0.711181640625 5.292703981752748 864
1430 1.1 12.171098188920455 18.69470173959178 77.31982421875 0.711181640625 5.401045479910713 875
1440 1.4 13.518345424107142 22.0854002742241 77.31982421875 0.711181640625 5.485098053047403 886
1450 0.9 10.890679253472221 11.179468057987563 77.31982421875 0.711181640625 5.610059678819443 900
1460 1.1 8.916947798295455 15.718558271104438 77.31982421875 0.711181640625 5.662343040944719 909
1470 1.2 8.000874837239584 11.648339268554967 77.31982421875 0.711181640625 5.70125679347826 920
1480 1.5 12.075309244791667 19.032831930940084 77.31982421875 0.711181640625 5.730865609492354 932
1490 1 1.55341796875 1.0276694578505514 77.31982421875 0.711181640625 5.83135838090681 947
1500 0.8 14.787261962890623 18.46842799694173 77.31982421875 0.711181640625 5.786656809201932 957
1510 0.5 8.46953125 10.290349293203127 77.31982421875 0.711181640625 5.861273224983807 965
1520 1.1 10.861572265625 18.345168795991857 77.31982421875 0.711181640625 5.874717853978736 970
1530 1.1 3.258212002840909 4.975534229985843 77.31982421875 0.711181640625 5.930635691418194 981
1540 0.7 8.403459821428571 10.40546065982328 77.31982421875 0.711181640625 5.901001961000503 992
1550 1.1 28.003528941761363 27.155520265897536 77.31982421875 0.711181640625 5.918536700763262 999
1560 0.6 8.560872395833334 16.81584784092224 77.31982421875 0.711181640625 6.159066319229578 1010
1570 1 8.5064697265625 17.58706680672958 77.31982421875 0.711181640625 6.17325021338275 1016
1580 1 7.6385009765625 12.978959021555447 77.31982421875 0.711181640625 6.195991144310428 1026
1590 0.7 10.964041573660714 20.783370980512817 77.31982421875 0.711181640625 6.209914984390081 1036
1600 1 19.4354248046875 23.463009373021325 77.31982421875 0.711181640625 6.241821874250958 1043
1610 0.8 19.241790771484375 19.77316945689638 77.31982421875 0.711181640625 6.367117248709045 1053
1620 0.7 3.1502162388392856 4.7121502598594684 77.31982421875 0.711181640625 6.464193015139019 1061
1630 0.8 1.689178466796875 1.0896429022945677 77.31982421875 0.711181640625 6.442472193571511 1068
1640 1 4.521875 10.079187132704353 77.31982421875 0.711181640625 6.407131719766496 1076
1650 0.8 6.101776123046875 8.48094699380678 77.31982421875 0.711181640625 6.3897720814629375 1086
1660 1.4 2.4503696986607144 4.359118168799062 77.31982421875 0.694091796875 6.387666078110717 1094
1670 1.1 8.183749112215908 9.815540032913319 77.31982421875 0.694091796875 6.3379168458794 1108
1680 1.8 5.601603190104167 12.459256245443393 77.31982421875 0.694091796875 6.356061756451072 1119
1690 0.7 1.9508928571428572 2.1827033350154976 77.31982421875 0.694091796875 6.344117821363786 1137
1700 0.4 26.78729248046875 21.224403803261527 77.31982421875 0.694091796875 6.317236200079217 1144
1710 0.4 2.477783203125 2.426603432854787 77.31982421875 0.694091796875 6.388560437989982 1148
1720 0.3 18.253662109375 15.508582968994194 77.31982421875 0.694091796875 6.374981350368923 1152
1730 0.5 9.944580078125 16.446501646564418 77.31982421875 0.694091796875 6.405835066626082 1155
1740 0.6 1.0089925130208333 0.11367592442055562 77.31982421875 0.694091796875 6.421088277882543 1160
1750 0.7 8.580880301339286 16.661967535505422 77.31982421875 0.694091796875 6.393238728492174 1166
1760 1.2 5.359273274739583 7.663028126466639 77.31982421875 0.694091796875 6.406293708040281 1173
1770 1.1 4.096524325284091 6.543486122388636 77.31982421875 0.694091796875 6.395690969475211 1185
1780 1.1 4.065740411931818 6.082345673504076 77.31982421875 0.694091796875 6.374544787965092 1196
1790 0.6 5.154256184895833 8.901969255035153 77.31982421875 0.694091796875 6.353503488763463 1207
1800 0.9 2.1129286024305554 1.7954669802601912 77.31982421875 0.694091796875 6.3475715152900865 1213
1810 1.2 1.3913777669270833 0.4891564062547701 77.31982421875 0.694091796875 6.316383474197013 1222
1820 2.9 13.249520137392242 21.02055773591641 77.31982421875 0.694091796875 6.268490387902654 1234
1830 3.5 6.918910435267857 14.177508364403188 77.31982421875 0.694091796875 6.428783232506928 1263
1840 1.6 5.5767669677734375 11.493105996874796 77.31982421875 0.694091796875 6.441999297296321 1298
1850 2.7 9.748354311342593 15.142171089407523 77.31982421875 0.694091796875 6.4314637438165905 1314
1860 2.2 4.8196799538352275 9.398849560042459 77.31982421875 0.694091796875 6.498246775377517 1341
1870 1.2 1009.7097981770834 1411.7380578468876 3008.906982421875 0.694091796875 6.471153253679843 1363
1880 1.3 3710.4923189603364 4282.159166188343 9090.47509765625 0.694091796875 15.22669051846591 1375
1890 1.1 2735.742120916193 3255.1431494129406 9090.47509765625 0.694091796875 49.8365270960915 1388
1900 0.8 4511.201843261719 3683.1659877896127 9090.47509765625 0.694091796875 70.95515578231102 1399
1910 0.8 2265.650177001953 2900.7817914989528 9090.47509765625 0.694091796875 96.20176097053793 1407
1920 0.9 3691.5713704427085 3945.8625887647863 9090.47509765625 0.694091796875 108.46719371135158 1415
1930 0.5 2426.044580078125 3502.700363965518 9090.47509765625 0.694091796875 131.1132173002436 1424
1940 1.3 3246.0859375 3434.922436263158 9090.47509765625 0.694091796875 139.14306811472184 1429
1950 1.4 3447.2181396484375 3187.983138429729 9090.47509765625 0.694091796875 167.15295528671118 1442
1960 0.4 7525.085693359375 2610.2322327256607 9090.47509765625 0.694091796875 198.69204359788162 1456
1970 1.1 3838.833895596591 3421.93385561274 9090.47509765625 0.694091796875 218.76435496709118 1460
1980 1.2 3260.9398193359375 3567.0548113060745 9090.47509765625 0.694091796875 245.83489537968433 1471
1990 1.1 4105.07743696733 3904.3624656564702 9090.47509765625 0.694091796875 270.2322379875569 1483
2000 1.4 6455.81818498884 3569.1535601909864 9090.47509765625 0.694091796875 298.46737666813084 1494
2010 0.5 2407.19501953125 3507.410830168851 9090.47509765625 0.694091796875 355.63111096288543 1508
2020 1.3 3018.9261380709136 2883.8719211341213 9090.47509765625 0.694091796875 362.4108991604015 1513
2030 0.5 1841.005419921875 1482.6261371413482 9090.47509765625 0.694091796875 385.04176292569423 1526
2040 1.4 4524.250348772321 3548.900562372726 9090.47509765625 0.694091796875 389.7967062862304 1531
2050 1.4 5172.753138950893 4012.7859288665295 9090.47509765625 0.694091796875 427.26101113723706 1545
2060 1.3 2322.438720703125 3164.6394661026584 9090.47509765625 0.694091796875 469.87607835301077 1559
2070 1.4 3225.8909214564733 3847.2246042908896 9090.47509765625 0.694091796875 485.19625287626235 1572
2080 0.5 4224.53076171875 4082.170901219291 9090.47509765625 0.694091796875 509.389017920476 1586
2090 1.2 3518.2077840169272 3435.378755942424 9090.47509765625 0.694091796875 521.0645105156938 1591
2100 0.6 3023.423583984375 2994.968120747813 9090.47509765625 0.694091796875 543.5010166180111 1603
2110 1.3 4859.942176231971 4005.6149384406785 9090.47509765625 0.694091796875 552.7487079817142 1609
2120 1.4 4091.277413504464 3871.2296792020156 9090.47509765625 0.694091796875 587.2699873203414 1622
2130 1.2 5267.688496907552 4445.740026573627 9090.47509765625 0.694091796875 617.255380942944 1636
2140 0.6 2011.97265625 3326.9860644997552 9090.47509765625 0.694091796875 651.1177580009388 1648
2150 1.2 4782.881774902344 3780.368340701731 9090.47509765625 0.694091796875 656.0543537624227 1654
2160 1.2 4525.73516845703 3370.0994501854793 9090.47509765625 0.694091796875 685.7794012136106 1666
2170 0.5 4821.395556640625 3597.031062666333 9090.47509765625 0.694091796875 713.2403482975922 1678
2180 1.2 2267.1512247721353 2489.1420697664093 9090.47509765625 0.694091796875 725.4452063140599 1683
2190 1.3 6494.204251802885 3294.8174816541614 9090.47509765625 0.694091796875 736.3599391880994 1695
2200 0.4 2253.999755859375 3902.318648002361 9090.47509765625 0.694091796875 780.1842811459402 1708
2210 1.4 4948.981985909598 3696.827075362142 9090.47509765625 0.694091796875 783.6277752457379 1712
2220 1.1 4388.1455078125 3703.403209913479 9090.47509765625 0.694091796875 817.4139623542513 1726
2230 1.2 3271.7228800455728 3570.057586072262 9090.47509765625 0.694091796875 840.0265397866294 1737
2240 0.5 2420.71484375 3512.2385777974314 9090.47509765625 0.694091796875 856.7105627043579 1749
2250 1.1 4380.810369318182 3707.6031563695865 9090.47509765625 0.694091796875 861.1689557518085 1754
2260 1.7 4249.486055261948 4135.869372013987 9090.47509765625 0.694091796875 883.1043979893326 1765
2270 1.5 3009.516748046875 3801.477172793522 9090.47509765625 0.694091796875 915.2191500508559 1782
2280 0.5 5419.143408203125 2953.7832543943846 9090.47509765625 0.694091796875 932.7007660608393 1797
2290 1.4 4524.115286690848 3545.249089683703 9090.47509765625 0.694091796875 945.1492750567946 1802
2300 0.6 3536.223429361979 2692.8789916425103 9090.47509765625 0.694091796875 972.740422723577 1816
2310 1.3 4177.456430288462 3451.0095790325236 9090.47509765625 0.694091796875 981.1821889364368 1822
2320 1.3 3706.739295372596 3758.8443744437163 9090.47509765625 0.694091796875 1003.8260936435628 1835
2330 1.5 5823.687158203125 2997.3875060651944 9090.47509765625 0.694091796875 1022.8400934392757 1848
2340 0.5 3623.993994140625 2963.2792159408905 9090.47509765625 0.694091796875 1061.4942566016255 1863
2350 1.4 4520.114693777902 4048.4292250627673 9090.47509765625 0.694091796875 1068.3531959419333 1868
2360 1.5 4825.503466796875 4071.1835210234954 9090.47509765625 0.694091796875 1094.0304865740818 1882
2370 0.5 610.477978515625 1198.902742106951 9090.47509765625 0.694091796875 1123.5360715521217 1897
2380 0.6 2514.9764811197915 3216.9511852769438 9090.47509765625 0.694091796875 1122.187338394823 1902
2390 1.2 4017.8633422851563 3080.572679359254 9090.47509765625 0.694091796875 1126.567178466285 1908
2400 1.3 4633.3095703125 3664.2994865440546 9090.47509765625 0.694091796875 1144.637779490153 1920
2410 0.6 4515.733805338542 3369.9843405212555 9090.47509765625 0.694091796875 1168.1001350414672 1933
2420 1.3 3934.143798828125 3614.038606923885 9090.47509765625 0.694091796875 1178.4589808495036 1939
2430 1.4 3238.9339599609375 3314.3015414695665 9090.47509765625 0.694091796875 1196.8113899856316 1952
2440 0.4 3760.372314453125 3277.557024420795 9090.47509765625 0.694091796875 1211.3534632204507 1966
2450 1.4 3873.081037248884 4002.84783269476 9090.47509765625 0.694091796875 1216.529136014832 1970
2460 1 3611.8421142578127 2945.3376740237622 9090.47509765625 0.694091796875 1235.274965963056 1984
2470 1.3 3240.117375300481 3994.1398024702353 9090.47509765625 0.694091796875 1247.1935574790778 1994
2480 0.5 4822.537109375 3604.669083430102 9090.47509765625 0.694091796875 1260.1023814111547 2007
2490 1 5421.187109375 3761.565740487723 9090.47509765625 0.694091796875 1268.955350417029 2012
2500 0.5 4818.063525390625 3606.1550160884053 9090.47509765625 0.694091796875 1289.490621232845 2022
2510 1.1 3555.121759588068 4217.202042991719 9090.47509765625 0.694091796875 1298.1945504488237 2027
2520 1.2 4772.420817057292 4331.385133060804 9090.47509765625 0.694091796875 1310.3761987807823 2038
2530 1.2 2260.8540649414063 2491.256880240925 9090.47509765625 0.694091796875 1330.6418258145961 2050
2540 0.3 3008.8197428385415 4253.386839222423 9090.47509765625 0.694091796875 1336.0552821043739 2062
2550 0.7 1289.2437569754463 1487.3621251044149 9090.47509765625 0.694091796875 1338.4854483911547 2065
2560 0.4 1522.5675048828125 1486.0439111994808 9090.47509765625 0.694091796875 1338.319091325561 2072
2570 1 3911.393701171875 3572.892161889409 9090.47509765625 0.694091796875 1338.6740979027427 2076
2580 0.3 1017.22265625 1403.0835790291778 9090.47509765625 0.694091796875 1351.0073654160176 2086
2590 0.3 1.0152994791666667 0.14089675829464055 9090.47509765625 0.694091796875 1350.5280192563728 2089
2600 0.6 501.9593098958333 1119.9224982687201 9090.47509765625 0.694091796875 1348.5927715702676 2092
2610 0.2 13.39990234375 12.381103515625 9090.47509765625 0.694091796875 1346.171512861952 2098
2620 0.2 0.9864501953125 0.0225830078125 9090.47509765625 0.694091796875 1344.9022065662202 2100
2630 0 0 0 9090.47509765625 0.694091796875 1343.6235046096351 2102
2640 0.1 1.12109375 0.0 9090.47509765625 0.694091796875 1343.6235046096351 2102
2650 0.2 13.9945068359375 12.7874755859375 9090.47509765625 0.694091796875 1342.9851297114612 2103
2660 0.4 6.10150146484375 8.33699909335302 9090.47509765625 0.694091796875 1341.7224307823635 2105
2670 0.3 18.221761067708332 24.273115965942004 9090.47509765625 0.694091796875 1339.1892474171334 2109
2680 0.1 0.864013671875 0.0 9090.47509765625 0.694091796875 1337.3128731467507 2112
2690 0.6 1.731201171875 1.5336521212066254 9090.47509765625 0.694091796875 1336.6803843348837 2113
2700 0.1 1.051025390625 0.0 9090.47509765625 0.694091796875 1332.9004432782635 2119
2710 0.6 20.590779622395832 21.15702221859755 9090.47509765625 0.694091796875 1332.2722124207694 2120
2720 0.2 1.0999755859375 0.0389404296875 9090.47509765625 0.694091796875 1328.5703833536056 2126
2730 0.2 1.0 0.02099609375 9090.47509765625 0.694091796875 1327.3227607899141 2128
2740 0.3 1.8544921875 0.9997225018759661 9090.47509765625 0.694091796875 1326.0773873056041 2130
2750 0 0 0 9090.47509765625 0.694091796875 1324.214907846929 2133
2760 0 0 0 9090.47509765625 0.694091796875 1324.214907846929 2133
2770 0.2 1.0120849609375 0.0230712890625 9090.47509765625 0.694091796875 1324.214907846929 2133
2780 0.2 1.0435791015625 0.0155029296875 9090.47509765625 0.694091796875 1322.9753735866143 2135
2790 0 0 0 9090.47509765625 0.694091796875 1321.7381889403953 2137
2800 0 0 0 9090.47509765625 0.694091796875 1321.7381889403953 2137
2810 0 0 0 9090.47509765625 0.694091796875 1321.7381889403953 2137
2820 0 0 0 9090.47509765625 0.694091796875 1321.7381889403953 2137
2830 0 0 0 9090.47509765625 0.694091796875 1321.7381889403953 2137
2840 0 0 0 9090.47509765625 0.694091796875 1321.7381889403953 2137
2850 0 0 0 9090.47509765625 0.694091796875 1321.7381889403953 2137
2860 0 0 0 9090.47509765625 0.694091796875 1321.7381889403953 2137
2870 0 0 0 9090.47509765625 0.694091796875 1321.7381889403953 2137
2880 0 0 0 9090.47509765625 0.694091796875 1321.7381889403953 2137
2890 0 0 0 9090.47509765625 0.694091796875 1321.7381889403953 2137
2900 0 0 0 9090.47509765625 0.694091796875 1321.7381889403953 2137
2910 0 0 0 9090.47509765625 0.694091796875 1321.7381889403953 2137
2920 0 0 0 9090.47509765625 0.694091796875 1321.7381889403953 2137
2930 0 0 0 9090.47509765625 0.694091796875 1321.7381889403953 2137
2940 0 0 0 9090.47509765625 0.694091796875 1321.7381889403953 2137
2950 0 0 0 9090.47509765625 0.694091796875 1321.7381889403953 2137
2960 0 0 0 9090.47509765625 0.694091796875 1321.7381889403953 2137
2970 0 0 0 9090.47509765625 0.694091796875 1321.7381889403953 2137
2980 0 0 0 9090.47509765625 0.694091796875 1321.7381889403953 2137
2990 0.1 1.01806640625 0.0 9090.47509765625 0.694091796875 1321.7381889403953 2137
2996 0 0 0 9090.47509765625 0.694091796875 1321.1204526810247 2138
