0 0.1 1.2886843628357751 0 1.2886843628357751 1.2886843628357751 0 0
10 0.1 0.9543461439257158 0.0 1.2886843628357751 0.9543461439257158 1.2886843628357751 1
20 0.1 0.32098765432098764 0.0 1.2886843628357751 0.32098765432098764 1.1215152533807455 2
30 0.1 2.4804177545691903 0.0 2.4804177545691903 0.32098765432098764 0.8546727203608263 3
40 0.1 6.308473670141673 0.0 6.308473670141673 0.32098765432098764 1.2611089789129173 4
50 0.1 5.680933852140078 0.0 6.308473670141673 0.32098765432098764 2.270581917158668 5
60 0.1 6.183368869936034 0.0 6.308473670141673 0.32098765432098764 2.8389739063222366 6
70 0.1 9.193457416807671 0.0 9.193457416807671 0.32098765432098764 3.3167446154099216 7
80 0.1 5.978115825994128 0.0 9.193457416807671 0.32098765432098764 4.05133371558464 8
90 0.1 7.54414125200642 0.0 9.193457416807671 0.32098765432098764 4.26542061674125 9
100 0.1 7.68392370572207 0.0 9.193457416807671 0.32098765432098764 4.593292680267767 10
110 0.1 8.390457910611461 0.0 9.193457416807671 0.32098765432098764 4.8742591371272495 11
120 0.1 4.568259836282017 0.0 9.193457416807671 0.32098765432098764 5.167275701584267 12
130 0.1 7.202816138640672 0.0 9.193457416807671 0.32098765432098764 5.12119755809948 13
140 0.1 4.795783926218709 0.0 9.193457416807671 0.32098765432098764 5.269884599566708 14
150 0.1 4.715997915581032 0.0 9.193457416807671 0.32098765432098764 5.238277888010174 15
160 0.1 9.342177998894417 0.0 9.342177998894417 0.32098765432098764 5.205635389733352 16
170 0.1 9.932088285229202 0.0 9.932088285229202 0.32098765432098764 5.448961425566356 17
180 0.1 10.616533038429637 0.0 10.616533038429637 0.32098765432098764 5.698024028880958 18
190 0.1 11.519678253375467 0.0 11.519678253375467 0.32098765432098764 5.956892924120362 19
200 0.1 4.960835509138381 0.0 11.519678253375467 0.32098765432098764 6.235032190583118 20
210 0.1 6.955810147299508 0.0 11.519678253375467 0.32098765432098764 6.174356158133368 21
220 0.1 6.336898395721925 0.0 11.519678253375467 0.32098765432098764 6.209876794004557 22
230 0.1 7.725670913526701 0.0 11.519678253375467 0.32098765432098764 6.215399472340095 23
240 0.1 4.657316750463085 0.0 11.519678253375467 0.32098765432098764 6.278327449056203 24
250 0.1 8.931063354730673 0.0 11.519678253375467 0.32098765432098764 6.213487021112478 25
260 0.1 3.3725490196078427 0.0 11.519678253375467 0.32098765432098764 6.318009187790101 26
270 0.1 2.5264243361691157 0.0 11.519678253375467 0.32098765432098764 6.208918070450017 27
280 0.1 2.4871794871794872 0.0 11.519678253375467 0.32098765432098764 6.077400437082843 28
290 0.1 8.663160808192638 0.0 11.519678253375467 0.32098765432098764 5.953599714672381 29
300 0.1 4.323064975407714 0.0 11.519678253375467 0.32098765432098764 6.043918417789723 30
310 0.1 6.224406224406224 0.0 11.519678253375467 0.32098765432098764 5.988407016422562 31
320 0.1 7.873594001071238 0.0 11.519678253375467 0.32098765432098764 5.995781991672051 32
330 0.1 10.365335598980458 0.0 11.519678253375467 0.32098765432098764 6.052685385896269 33
340 0.1 12.67361111111111 0.0 12.67361111111111 0.32098765432098764 6.179528039222275 34
350 0.1 7.818480043739748 0.0 12.67361111111111 0.32098765432098764 6.36507326984767 35
360 0.1 7.3933134003805385 0.0 12.67361111111111 0.32098765432098764 6.405445680233561 36
370 0.1 13.78299120234604 0.0 13.78299120234604 0.32098765432098764 6.432144807805102 37
380 0.1 12.869565217391305 0.0 13.78299120234604 0.32098765432098764 6.6255881339772325 38
390 0.1 6.86431623931624 0.0 13.78299120234604 0.32098765432098764 6.785690110475029 39
400 0.1 6.918068366793271 0.0 13.78299120234604 0.32098765432098764 6.787655763696058 40
410 0.1 9.225195094760313 0.0 13.78299120234604 0.32098765432098764 6.790836558893551 41
420 0.1 5.194459243473628 0.0 13.78299120234604 0.32098765432098764 6.8487974764141875 42
430 0.1 5.293652883855676 0.0 13.78299120234604 0.32098765432098764 6.810324494252779 43
440 0.1 5.208333333333334 0.0 13.78299120234604 0.32098765432098764 6.775854684925571 44
450 0.1 4.659120821268755 0.0 13.78299120234604 0.32098765432098764 6.74102087711241 45
460 0.1 5.32001080205239 0.0 13.78299120234604 0.32098765432098764 6.695762180246243 46
470 0.1 8.034279592929835 0.0 13.78299120234604 0.32098765432098764 6.666490874327224 47
480 0.1 10.419640308307166 0.0 13.78299120234604 0.32098765432098764 6.694986472631446 48
490 0.1 6.52115332794395 0.0 13.78299120234604 0.32098765432098764 6.770999816216666 49
500 0.1 10.914205344585092 0.0 13.78299120234604 0.32098765432098764 6.766002886451211 50
510 0.1 7.204533189422559 0.0 13.78299120234604 0.32098765432098764 6.8473401895518755 51
520 0.1 7.8710030062858705 0.0 13.78299120234604 0.32098765432098764 6.854209285703234 52
530 0.1 9.575377600455969 0.0 13.78299120234604 0.32098765432098764 6.8733940728840395 53
540 0.1 12.746234067207416 0.0 13.78299120234604 0.32098765432098764 6.923430804876112 54
550 0.1 9.997275946608553 0.0 13.78299120234604 0.32098765432098764 7.029299955100317 55
560 0.1 13.539538955354539 0.0 13.78299120234604 0.32098765432098764 7.08229952637725 56
570 0.1 10.989956958393114 0.0 13.78299120234604 0.32098765432098764 7.19558442864001 57
580 0.1 11.934745277618774 0.0 13.78299120234604 0.32098765432098764 7.261004644670236 58
590 0.1 5.165180912427897 0.0 13.78299120234604 0.32098765432098764 7.340220587601568 59
600 0.1 3.456464379947229 0.0 13.78299120234604 0.32098765432098764 7.303969926348673 60
610 0.1 5.013054830287206 0.0 13.78299120234604 0.32098765432098764 7.240896064932256 61
620 0.1 12.650073206442167 0.0 13.78299120234604 0.32098765432098764 7.20496314179282 62
630 0.1 6.201342281879195 0.0 13.78299120234604 0.32098765432098764 7.291393460279318 63
640 0.1 11.825192802056556 0.0 13.78299120234604 0.32098765432098764 7.274361410616816 64
650 0.1 8.498188910560046 0.0 13.78299120234604 0.32098765432098764 7.34437420125435 65
660 0.1 11.23249299719888 0.0 13.78299120234604 0.32098765432098764 7.3618562423044365 66
670 0.1 8.578637510513037 0.0 13.78299120234604 0.32098765432098764 7.4196269401386825 67
680 0.1 8.971553610503284 0.0 13.78299120234604 0.32098765432098764 7.436671213232422 68
690 0.1 20.236981602744 0.0 20.236981602744 0.32098765432098764 7.458915885656637 69
700 0.1 18.668326073428748 0.0 20.236981602744 0.32098765432098764 7.641459681615028 70
710 0.1 18.552591229684147 0.0 20.236981602744 0.32098765432098764 7.796767658964517 71
720 0.1 13.846604215456674 0.0 20.236981602744 0.32098765432098764 7.946154097446733 72
730 0.1 11.825192802056556 0.0 20.236981602744 0.32098765432098764 8.026982181255088 73
740 0.1 9.754722300535663 0.0 20.236981602744 0.32098765432098764 8.078309351806459 74
750 0.1 9.12621359223301 0.0 20.236981602744 0.32098765432098764 8.100661524456182 75
760 0.1 9.782608695652174 0.0 20.236981602744 0.32098765432098764 8.11415563061114 76
770 0.1 9.277777777777779 0.0 20.236981602744 0.32098765432098764 8.135823852235049 77
780 0.1 12.014946823799942 0.0 20.236981602744 0.32098765432098764 8.150464287177906 78
790 0.1 4.728827144002137 0.0 20.236981602744 0.32098765432098764 8.199381787641476 79
800 0.1 3.975058456742011 0.0 20.236981602744 0.32098765432098764 8.155999854595985 80
810 0.1 3.29756608217744 0.0 20.236981602744 0.32098765432098764 8.10438329412865 81
820 0.1 11.11730286988019 0.0 20.236981602744 0.32098765432098764 8.045763572031685 82
830 0.1 19.740900678593462 0.0 20.236981602744 0.32098765432098764 8.082770069596124 83
840 0.1 17.090352220520675 0.0 20.236981602744 0.32098765432098764 8.221557338750856 84
850 0.1 12.593230063109582 0.0 20.236981602744 0.32098765432098764 8.325896102065796 85
860 0.1 11.980369515011548 0.0 20.236981602744 0.32098765432098764 8.375516264403513 86
870 0.1 12.0600115406809 0.0 20.236981602744 0.32098765432098764 8.41695135923809 87
880 0.1 11.085714285714285 0.0 20.236981602744 0.32098765432098764 8.458349770390848 88
890 0.1 10.603085553997195 0.0 20.236981602744 0.32098765432098764 8.487870720001224 89
900 0.1 9.766277128547578 0.0 20.236981602744 0.32098765432098764 8.511373107045623 90
910 0.1 16.95888754534462 0.0 20.236981602744 0.32098765432098764 8.525163261128062 91
920 0.1 13.358667056416252 0.0 20.236981602744 0.32098765432098764 8.616834177260852 92
930 0.1 17.36089996959562 0.0 20.236981602744 0.32098765432098764 8.667821627574352 93
940 0.1 15.534271176294522 0.0 20.236981602744 0.32098765432098764 8.760301184404366 94
950 0.1 20.8594730238394 0.0 20.8594730238394 0.32098765432098764 8.83160613168742 95
960 0.1 15.444015444015443 0.0 20.8594730238394 0.32098765432098764 8.956896411814004 96
970 0.1 15.044510385756677 0.0 20.8594730238394 0.32098765432098764 9.023773927609895 97
980 0.1 20.489488547223093 0.0 20.8594730238394 0.32098765432098764 9.085210013917516 98
990 0.1 7.814207650273223 0.0 20.8594730238394 0.32098765432098764 9.200404746577169 99
1000 0.1 11.933797909407666 0.0 20.8594730238394 0.32098765432098764 9.18654277561413 100
1010 0.1 18.848653667595173 0.0 20.8594730238394 0.32098765432098764 9.213743321493274 101
1020 0.1 14.497816593886462 0.0 20.8594730238394 0.32098765432098764 9.308203226847214 102
1030 0.1 9.781390134529149 0.0 20.8594730238394 0.32098765432098764 9.358587822643711 103
1040 0.1 13.218390804597702 0.0 20.8594730238394 0.32098765432098764 9.362653229488764 104
1050 0.1 18.307267709291626 0.0 20.8594730238394 0.32098765432098764 9.399374539727896 105
1060 0.1 13.907477451265638 0.0 20.8594730238394 0.32098765432098764 9.483411267742648 106
1070 0.1 18.818040435458787 0.0 20.8594730238394 0.32098765432098764 9.524757680672769 107
1080 0.1 18.307692307692307 0.0 20.8594730238394 0.32098765432098764 9.610806595068937 108
1090 0.1 12.083811710677383 0.0 20.8594730238394 0.32098765432098764 9.690594537386582 109
1100 0.1 8.149595311191739 0.0 20.8594730238394 0.32098765432098764 9.71235105714377 110
1110 0.1 9.471667122912674 0.0 20.8594730238394 0.32098765432098764 9.698272176549608 111
1120 0.1 17.191283292978206 0.0 20.8594730238394 0.32098765432098764 9.696248917142137 112
1130 0.1 17.442563482466745 0.0 20.8594730238394 0.32098765432098764 9.762576654981393 113
1140 0.1 16.91927002783792 0.0 20.8594730238394 0.32098765432098764 9.829944960485651 114
1150 0.1 7.104700854700854 0.0 20.8594730238394 0.32098765432098764 9.891591265419148 115
1160 0.1 10.606488011283497 0.0 20.8594730238394 0.32098765432098764 9.86756634808537 116
1170 0.1 15.623136553369111 0.0 20.8594730238394 0.32098765432098764 9.873881917856295 117
1180 0.1 12.306368330464716 0.0 20.8594730238394 0.32098765432098764 9.92260441476742 118
1190 0.1 15.019408778739923 0.0 20.8594730238394 0.32098765432098764 9.942636044311095 119
1200 0.1 13.253012048192772 0.0 20.8594730238394 0.32098765432098764 9.984942483764668 120
1210 0.1 6.8809776833156215 0.0 20.8594730238394 0.32098765432098764 10.011951323140106 121
1220 0.1 13.4029590948651 0.0 20.8594730238394 0.32098765432098764 9.98628760478089 122
1230 0.1 10.458251335394996 0.0 20.8594730238394 0.32098765432098764 10.014065421773445 123
1240 0.1 13.280329799764429 0.0 20.8594730238394 0.32098765432098764 10.017647566238134 124
1250 0.1 18.577912254160363 0.0 20.8594730238394 0.32098765432098764 10.043749024106344 125
1260 0.1 19.937007874015748 0.0 20.8594730238394 0.32098765432098764 10.111480478313121 126
1270 0.1 17.63817577771066 0.0 20.8594730238394 0.32098765432098764 10.1888468357596 127
1280 0.1 22.642719692110326 0.0 22.642719692110326 0.32098765432098764 10.247044718118591 128
1290 0.1 22.519329896907216 0.0 22.642719692110326 0.32098765432098764 10.343135221792947 129
1300 0.1 18.765356265356264 0.0 22.642719692110326 0.32098765432098764 10.436798257755363 130
1310 0.1 20.676572873853935 0.0 22.642719692110326 0.32098765432098764 10.50037503643934 131
1320 0.1 21.543307086614174 0.0 22.642719692110326 0.32098765432098764 10.577467444298543 132
1330 0.1 23.197693047100287 0.0 23.197693047100287 0.32098765432098764 10.659917366421217 133
1340 0.1 23.605288616575297 0.0 23.605288616575297 0.32098765432098764 10.75348285657554 134
1350 0.1 21.584095929315243 0.0 23.605288616575297 0.32098765432098764 10.848681417760723 135
1360 0.1 22.825040128410915 0.0 23.605288616575297 0.32098765432098764 10.927618289169212 136
1370 0.1 22.920696324951646 0.0 23.605288616575297 0.32098765432098764 11.014460784346157 137
1380 0.1 23.258064516129032 0.0 23.605288616575297 0.32098765432098764 11.10073785348098 138
1390 0.1 23.52557836428804 0.0 23.605288616575297 0.32098765432098764 11.18820063522665 139
1400 0.1 23.67994816974409 0.0 23.67994816974409 0.32098765432098764 11.276324761862803 140
1410 0.1 22.848948374760994 0.0 23.67994816974409 0.32098765432098764 11.364293722202387 141
1420 0.1 23.65766352098926 0.0 23.67994816974409 0.32098765432098764 11.445171571868293 142
1430 0.1 23.379554982263787 0.0 23.67994816974409 0.32098765432098764 11.530573613470537 143
1440 0.1 23.131672597864767 0.0 23.67994816974409 0.32098765432098764 11.612858206309378 144
1450 0.1 23.521767381416502 0.0 23.67994816974409 0.32098765432098764 11.692298305561485 145
1460 0.1 21.736375158428388 0.0 23.67994816974409 0.32098765432098764 11.773322066355012 146
1470 0.1 22.46540070807853 0.0 23.67994816974409 0.32098765432098764 11.841097937729662 147
1480 0.1 23.166397415185784 0.0 23.67994816974409 0.32098765432098764 11.912883767259046 148
1490 0.1 23.164024587512134 0.0 23.67994816974409 0.32098765432098764 11.988410704493454 149
1500 0.1 22.752175314212053 0.0 23.67994816974409 0.32098765432098764 12.062914797046911 150
1510 0.1 23.470052083333336 0.0 23.67994816974409 0.32098765432098764 12.13370460179635 151
1520 0.1 22.81098546042003 0.0 23.67994816974409 0.32098765432098764 12.208285835227514 152
1530 0.1 23.066926575698503 0.0 23.67994816974409 0.32098765432098764 12.27758452558825 153
1540 0.1 23.16715542521994 0.0 23.67994816974409 0.32098765432098764 12.347645188251303 154
1550 0.1 22.866449511400653 0.0 23.67994816974409 0.32098765432098764 12.417448480102713 155
1560 0.1 22.96082209377007 0.0 23.67994816974409 0.32098765432098764 12.484429255944367 156
1570 0.1 22.25139481457171 0.0 23.67994816974409 0.32098765432098764 12.551157872745804 157
1580 0.1 23.037487984620313 0.0 23.67994816974409 0.32098765432098764 12.612551777440904 158
1590 0.1 22.024188415022277 0.0 23.67994816974409 0.32098765432098764 12.678117413964046 159
1600 0.1 23.37789370720574 0.0 23.67994816974409 0.32098765432098764 12.73653035772066 160
1610 0.1 23.379554982263787 0.0 23.67994816974409 0.32098765432098764 12.802625782251624 161
1620 0.1 22.50721385059314 0.0 23.67994816974409 0.32098765432098764 12.867915468671454 162
1630 0.1 23.382113821138212 0.0 23.67994816974409 0.32098765432098764 12.927052268560542 163
1640 0.1 23.39598185353208 0.0 23.67994816974409 0.32098765432098764 12.990802643881139 164
1650 0.1 23.78449408672799 0.0 23.78449408672799 0.32098765432098764 13.053864336060842 165
1660 0.1 22.633744855967077 0.0 23.78449408672799 0.32098765432098764 13.118506683956427 166
1670 0.1 23.51421188630491 0.0 23.78449408672799 0.32098765432098764 13.175484158040323 167
1680 0.1 23.26651330923431 0.0 23.78449408672799 0.32098765432098764 13.2370242040419 168
1690 0.1 23.408423114593536 0.0 23.78449408672799 0.32098765432098764 13.296370293421734 169
1700 0.1 22.979961215255333 0.0 23.78449408672799 0.32098765432098764 13.355852957075687 170
1710 0.1 22.561956871580303 0.0 23.78449408672799 0.32098765432098764 13.412134291918841 171
1720 0.1 23.54849172883555 0.0 23.78449408672799 0.32098765432098764 13.465330934823848 172
1730 0.1 22.940226171243943 0.0 23.78449408672799 0.32098765432098764 13.523615101263221 173
1740 0.1 23.636363636363637 0.0 23.78449408672799 0.32098765432098764 13.577733555688399 174
1750 0.1 24.03151674326986 0.0 24.03151674326986 0.32098765432098764 13.635211441863685 175
1760 0.1 24.06679764243615 0.0 24.06679764243615 0.32098765432098764 13.694281358348947 176
1770 0.1 23.428024257899775 0.0 24.06679764243615 0.32098765432098764 13.752883145264695 177
1780 0.1 23.88059701492537 0.0 24.06679764243615 0.32098765432098764 13.807237870616577 178
1790 0.1 23.106301718650542 0.0 24.06679764243615 0.32098765432098764 13.863513620026124 179
1800 0.1 23.325784535748948 0.0 24.06679764243615 0.32098765432098764 13.914862442796261 180
1810 0.1 23.388402980239714 0.0 24.06679764243615 0.32098765432098764 13.966856487508707 181
1820 0.1 23.607512953367877 0.0 24.06679764243615 0.32098765432098764 14.018623226479756 182
1830 0.1 22.81098546042003 0.0 24.06679764243615 0.32098765432098764 14.071021530998271 183
1840 0.1 21.807151979565774 0.0 24.06679764243615 0.32098765432098764 14.11852133496252 184
1850 0.1 23.588578844905904 0.0 24.06679764243615 0.32098765432098764 14.160081500609023 185
1860 0.1 23.43447385409942 0.0 24.06679764243615 0.32098765432098764 14.210772346546102 186
1870 0.1 23.57512953367876 0.0 24.06679764243615 0.32098765432098764 14.260096953538367 187
1880 0.1 23.673070661022468 0.0 24.06679764243615 0.32098765432098764 14.30964499917741 188
1890 0.1 23.389720234222512 0.0 24.06679764243615 0.32098765432098764 14.359186933896167 189
1900 0.1 23.316228351507377 0.0 24.06679764243615 0.32098765432098764 14.406716056529463 190
1910 0.1 23.462783171521036 0.0 24.06679764243615 0.32098765432098764 14.453362717759713 191
1920 0.1 23.086858249919278 0.0 24.06679764243615 0.32098765432098764 14.500286782623055 192
1940 0.1 23.466407010710807 0.0 24.06679764243615 0.32098765432098764 14.544776790225626 193
1950 0.1 23.374512353706113 0.0 24.06679764243615 0.32098765432098764 14.590764574867302 194
1960 0.1 23.540919465275515 0.0 24.06679764243615 0.32098765432098764 14.635809435271604 195
1970 0.1 23.586744639376217 0.0 24.06679764243615 0.32098765432098764 14.681243670118564 196
1980 0.1 23.55411954765751 0.0 24.06679764243615 0.32098765432098764 14.726449258794998 197
1990 0.1 23.696989316931045 0.0 24.06679764243615 0.32098765432098764 14.771033452173093 198
2000 0.1 22.565245066836408 0.0 24.06679764243615 0.32098765432098764 14.815887501744742 199
2010 0.1 22.426937738246504 0.0 24.06679764243615 0.32098765432098764 14.8546342895702 200
2020 0.1 23.691907702307443 0.0 24.06679764243615 0.32098765432098764 14.89230744105615 201
2030 0.1 23.73046875 0.0 24.06679764243615 0.32098765432098764 14.935869818587099 202
2040 0.1 23.32794830371567 0.0 24.06679764243615 0.32098765432098764 14.979192966032484 203
2050 0.1 23.757262750161395 0.0 24.06679764243615 0.32098765432098764 15.020118237295637 204
2060 0.1 23.413848631239937 0.0 24.06679764243615 0.32098765432098764 15.062738454431567 205
2070 0.1 23.44559585492228 0.0 24.06679764243615 0.32098765432098764 15.103277824221898 206
2080 0.1 23.447606727037513 0.0 24.06679764243615 0.32098765432098764 15.143578877510308 207
2090 0.1 23.752430330524952 0.0 24.06679764243615 0.32098765432098764 15.183502088325342 208
2100 0.1 23.974867724867725 0.0 24.06679764243615 0.32098765432098764 15.224501744986584 209
2110 0.1 22.679759265125117 0.0 24.06679764243615 0.32098765432098764 15.266170154414588 210
2120 0.1 21.271239773442417 0.0 24.06679764243615 0.32098765432098764 15.301305647830278 211
2130 0.1 21.816449666560814 0.0 24.06679764243615 0.32098765432098764 15.329465714460525 212
2140 0.1 22.62937962070074 0.0 24.06679764243615 0.32098765432098764 15.359921038179307 213
2150 0.1 23.728813559322035 0.0 24.06679764243615 0.32098765432098764 15.39389047080791 214
2160 0.1 23.203351595230423 0.0 24.06679764243615 0.32098765432098764 15.432657554940535 215
2170 0.1 23.35813652539631 0.0 24.06679764243615 0.32098765432098764 15.468632990312246 216
2180 0.1 23.778501628664493 0.0 24.06679764243615 0.32098765432098764 15.504990149460099 217
2190 0.1 23.67038739330269 0.0 24.06679764243615 0.32098765432098764 15.542942036979385 218
2200 0.1 23.431914202144945 0.0 24.06679764243615 0.32098765432098764 15.580053659610998 219
2210 0.1 23.52749755938822 0.0 24.06679764243615 0.32098765432098764 15.615743934804335 220
2220 0.1 22.990353697749196 0.0 24.06679764243615 0.32098765432098764 15.651543724960824 221
2230 0.1 23.076923076923077 0.0 24.06679764243615 0.32098765432098764 15.68460142754095 222
2240 0.1 22.778675282714055 0.0 24.06679764243615 0.32098765432098764 15.717750851977641 223
2250 0.1 22.342457033736473 0.0 24.06679764243615 0.32098765432098764 15.74927283604343 224
2260 0.1 23.38421565443326 0.0 24.06679764243615 0.32098765432098764 15.778575876922066 225
2270 0.1 23.673070661022468 0.0 24.06679764243615 0.32098765432098764 15.812229150273884 226
2280 0.1 23.305358295674626 0.0 24.06679764243615 0.32098765432098764 15.846858408030487 227
2290 0.1 23.902439024390244 0.0 24.06679764243615 0.32098765432098764 15.879571126835943 228
2300 0.1 23.663624511082137 0.0 24.06679764243615 0.32098765432098764 15.914605484467184 229
2310 0.1 23.71167645140248 0.0 24.06679764243615 0.32098765432098764 15.948296871539423 230
2320 0.1 22.662798194713087 0.0 24.06679764243615 0.32098765432098764 15.981904575348356 231
2330 0.1 23.708996427411495 0.0 24.06679764243615 0.32098765432098764 16.010701530604237 232
2340 0.1 23.345172747820474 0.0 24.06679764243615 0.32098765432098764 16.043741422865214 233
2350 0.1 23.890339425587467 0.0 24.06679764243615 0.32098765432098764 16.07494412083511 234
2360 0.1 23.375331564986737 0.0 24.06679764243615 0.32098765432098764 16.108201122131927 235
2370 0.1 22.790845518118246 0.0 24.06679764243615 0.32098765432098764 16.138994047737246 236
2380 0.1 22.887665911298154 0.0 24.06679764243615 0.32098765432098764 16.167060931578515 237
2390 0.1 23.732119635890765 0.0 24.06679764243615 0.32098765432098764 16.195298767627758 238
2400 0.1 23.65063788027478 0.0 24.06679764243615 0.32098765432098764 16.226833582976138 239
2410 0.1 22.903225806451612 0.0 24.06679764243615 0.32098765432098764 16.257766100881547 240
2420 0.1 23.745928338762216 0.0 24.06679764243615 0.32098765432098764 16.28534062248142 241
2430 0.1 24.069235793598956 0.0 24.069235793598956 0.32098765432098764 16.316169497342084 242
2440 0.1 22.868093260938995 0.0 24.069235793598956 0.32098765432098764 16.348075119960427 243
2450 0.1 23.39390006489293 0.0 24.069235793598956 0.32098765432098764 16.37479650578411 244
2460 0.1 22.951344430217667 0.0 24.069235793598956 0.32098765432098764 16.40344590806619 245
2470 0.1 23.760129659643436 0.0 24.069235793598956 0.32098765432098764 16.430063381733472 246
2480 0.1 23.65766352098926 0.0 24.069235793598956 0.32098765432098764 16.459739763425418 247
2490 0.1 23.387096774193548 0.0 24.069235793598956 0.32098765432098764 16.488763649544627 248
2500 0.1 23.783077425677885 0.0 24.069235793598956 0.32098765432098764 16.516467798639603 249
2510 0.1 22.268503684716435 0.0 24.069235793598956 0.32098765432098764 16.545534237147756 250
2520 0.1 23.440514469453376 0.0 24.069235793598956 0.32098765432098764 16.56833491223767 251
2530 0.1 23.372395833333336 0.0 24.069235793598956 0.32098765432098764 16.595605466036147 252
2540 0.1 23.472041612483746 0.0 24.069235793598956 0.32098765432098764 16.62239119871321 253
2550 0.1 24.127617148554336 0.0 24.127617148554336 0.32098765432098764 16.649358326326478 254
2560 0.1 22.53968253968254 0.0 24.127617148554336 0.32098765432098764 16.678684831511685 255
2570 0.1 23.637557452396585 0.0 24.127617148554336 0.32098765432098764 16.70157935380923 256
2580 0.1 23.304122038299255 0.0 24.127617148554336 0.32098765432098764 16.728567595437973 257
2590 0.1 23.683349689237815 0.0 24.127617148554336 0.32098765432098764 16.754054240565342 258
2600 0.1 23.63102998696219 0.0 24.127617148554336 0.32098765432098764 16.780808277046702 259
2610 0.1 23.52557836428804 0.0 24.127617148554336 0.32098765432098764 16.8071552836233 260
2620 0.1 23.506493506493506 0.0 24.127617148554336 0.32098765432098764 16.832896368223548 261
2630 0.1 23.734900424420502 0.0 24.127617148554336 0.32098765432098764 16.858368113026106 262
2640 0.1 20.60778727445394 0.0 24.127617148554336 0.32098765432098764 16.88451462371582 263
2650 0.1 23.39598185353208 0.0 24.127617148554336 0.32098765432098764 16.89861792921104 264
2660 0.1 23.4551924943384 0.0 24.127617148554336 0.32098765432098764 16.92313628364244 265
2670 0.1 23.094537127903173 0.0 24.127617148554336 0.32098765432098764 16.947692885938288 266
2680 0.1 23.30851408222726 0.0 24.127617148554336 0.32098765432098764 16.97071477448497 267
2690 0.1 23.220117570215546 0.0 24.127617148554336 0.32098765432098764 16.99436327936461 268
2700 0.1 22.786037491919846 0.0 24.127617148554336 0.32098765432098764 17.017507347360336 269
2710 0.1 23.563968668407313 0.0 24.127617148554336 0.32098765432098764 17.03887227382167 270
2720 0.1 23.101777059773827 0.0 24.127617148554336 0.32098765432098764 17.062950120296154 271
2730 0.1 22.321714102974095 0.0 24.127617148554336 0.32098765432098764 17.085151689926587 272
2740 0.1 23.853513691850875 0.0 24.127617148554336 0.32098765432098764 17.104333237227127 273
2750 0.1 23.432449903038137 0.0 24.127617148554336 0.32098765432098764 17.12896528268196 274
2760 0.1 23.26716563618614 0.0 24.127617148554336 0.32098765432098764 17.1518870449378 275
2770 0.1 23.278370514064015 0.0 24.127617148554336 0.32098765432098764 17.174043851427832 276
2780 0.1 23.896698267407647 0.0 24.127617148554336 0.32098765432098764 17.19608113179836 277
2790 0.1 23.387096774193548 0.0 24.127617148554336 0.32098765432098764 17.22018407113508 278
2800 0.1 23.872242344418833 0.0 24.127617148554336 0.32098765432098764 17.242287700895144 279
2810 0.1 23.893229166666664 0.0 24.127617148554336 0.32098765432098764 17.265966110336297 280
2820 0.1 23.639344262295083 0.0 24.127617148554336 0.32098765432098764 17.28955067637306 281
2830 0.1 23.992133726647 0.0 24.127617148554336 0.32098765432098764 17.3120676749047 282
2840 0.1 23.30754352030948 0.0 24.127617148554336 0.32098765432098764 17.33567214858577 283
2850 0.1 23.86587771203156 0.0 24.127617148554336 0.32098765432098764 17.356699864683385 284
2860 0.1 23.64112639161755 0.0 24.127617148554336 0.32098765432098764 17.379539085200395 285
2870 0.1 23.418747972753813 0.0 24.127617148554336 0.32098765432098764 17.40143274711095 286
2880 0.1 23.208521626856037 0.0 24.127617148554336 0.32098765432098764 17.42239900225256 287
2890 0.1 23.49279161205767 0.0 24.127617148554336 0.32098765432098764 17.442489705810214 288
2900 0.1 23.57512953367876 0.0 24.127617148554336 0.32098765432098764 17.463425006523874 289
2910 0.1 23.588907014681894 0.0 24.127617148554336 0.32098765432098764 17.48449984972096 290
2920 0.1 22.66752164155178 0.0 24.127617148554336 0.32098765432098764 17.50547719393045 291
2930 0.1 23.66437233693871 0.0 24.127617148554336 0.32098765432098764 17.52315542834011 292
2940 0.1 22.5 0.0 24.127617148554336 0.32098765432098764 17.544115213011096 293
2950 0.1 23.31268340397783 0.0 24.127617148554336 0.32098765432098764 17.56097196398725 294
2960 0.1 17.859308671922378 0.0 24.127617148554336 0.32098765432098764 17.58046929090247 295
2970 0.1 3.9466806063774174 0.0 24.127617148554336 0.32098765432098764 17.58141131583835 296
2980 0.1 0.6031666247800955 0.0 24.127617148554336 0.32098765432098764 17.53550313163141 297
2990 0.1 0.024962556165751375 0.0 24.127617148554336 0.024962556165751375 17.478683210467477 298
2996 0.1 0.35052578868302453 0.0 24.127617148554336 0.024962556165751375 17.420309562794227 299
