10 1.39609375 1.39609375
20 0.5546875 1.95078125
30 4.45703125 6.4078125
40 4.47734375 10.88515625
50 5.38671875 16.271875
60 7.82578125 24.09765625
70 6.41484375 30.5125
80 5.84609375 36.35859375
90 8.1328125 44.49140625
100 5.28125 49.77265625
110 6.1078125 55.88046875
120 4.665625 60.54609375
130 5.29453125 65.840625
140 2.4015625 68.2421875
150 5.82890625 74.07109375
160 8.2703125 82.34140625
170 5.58046875 87.921875
180 7.740625 95.6625
190 6.91953125 102.58203125
200 4.89453125 107.4765625
210 5.9359375 113.4125
220 3.41953125 116.83203125
230 5.50234375 122.334375
240 5.43671875 127.77109375
250 4.0640625 131.83515625
260 2.65234375 134.4875
270 2.12109375 136.60859375
280 4.47734375 141.0859375
290 3.603125 144.6890625
300 4.8953125 149.584375
310 3.5796875 153.1640625
320 7.196875 160.3609375
330 8.3375 168.6984375
340 7.6875 176.3859375
350 3.346875 179.7328125
360 5.77890625 185.51171875
370 6.75703125 192.26875
380 5.71640625 197.98515625
390 4.36328125 202.3484375
400 5.97109375 208.31953125
410 4.015625 212.33515625
420 3.8640625 216.19921875
430 3.89609375 220.0953125
440 2.325 222.4203125
450 3.5921875 226.0125
460 3.6 229.6125
470 4.49140625 234.10390625
480 4.49375 238.59765625
490 5.05859375 243.65625
500 6.0421875 249.6984375
510 4.34140625 254.03984375
520 6.25078125 260.290625
530 5.5203125 265.8109375
540 6.77109375 272.58203125
550 5.9875 278.56953125
560 9.3828125 287.95234375
570 4.421875 292.37421875
580 6.5015625 298.87578125
590 3.2640625 302.13984375
600 2.92421875 305.0640625
610 4.00859375 309.07265625
620 6.0390625 315.11171875
630 3.52109375 318.6328125
640 8.48828125 327.12109375
650 6.95546875 334.0765625
660 4.3578125 338.434375
670 6.03359375 344.46796875
680 10.23046875 354.6984375
690 8.9609375 363.659375
700 9.36328125 373.02265625
710 10.47109375 383.49375
720 5.78671875 389.28046875
730 6.7453125 396.02578125
740 4.421875 400.44765625
750 7.00546875 407.453125
760 4.78203125 412.23515625
770 5.7359375 417.97109375
780 5.2328125 423.20390625
790 2.97109375 426.175
800 2.91796875 429.09296875
810 3.46171875 432.5546875
820 8.66796875 441.22265625
830 7.54375 448.76640625
840 7.81953125 456.5859375
850 5.825 462.4109375
860 6.4984375 468.909375
870 5.859375 474.76875
880 6.7328125 481.5015625
890 5.48671875 486.98828125
900 5.78984375 492.778125
910 8.3015625 501.0796875
920 6.70625 507.7859375
930 6.04375 513.8296875
940 8.946875 522.7765625
950 7.7984375 530.575
960 9.153125 539.728125
970 6.76015625 546.48828125
980 8.515625 555.00390625
990 4.6484375 559.65234375
1000 6.19453125 565.846875
1010 8.48515625 574.33203125
1020 7.45546875 581.7875
1030 5.3234375 587.1109375
1040 7.378125 594.4890625
1050 8.925 603.4140625
1060 5.71953125 609.13359375
1070 9.15625 618.28984375
1080 6.9078125 625.19765625
1090 5.625 630.82265625
1100 4.9328125 635.75546875
1110 6.53359375 642.2890625
1120 9.43671875 651.72578125
1130 5.89765625 657.6234375
1140 6.77578125 664.39921875
1150 3.83046875 668.2296875
1160 7.43671875 675.66640625
1170 6.68671875 682.353125
1180 5.88984375 688.24296875
1190 6.17109375 694.4140625
1200 6.334375 700.7484375
1210 4.265625 705.0140625
1220 5.01640625 710.03046875
1230 6.37109375 716.4015625
1240 6.959375 723.3609375
1250 7.0734375 730.434375
1260 10.1265625 740.5609375
1270 7.43046875 747.99140625
1280 9.03828125 757.0296875
1290 6.9875 764.0171875
1300 10.16484375 774.18203125
1310 11.22734375 785.409375
1320 8.61328125 794.02265625
1330 10.3609375 804.38359375
1340 8.02265625 812.40625
1350 6.58671875 818.99296875
1360 9.82421875 828.8171875
1370 11.30390625 840.12109375
1380 7.64609375 847.7671875
1390 8.73359375 856.50078125
1400 9.140625 865.64140625
1410 9.059375 874.70078125
1420 9.825 884.52578125
1430 10.70625 895.23203125
1440 7.22734375 902.459375
1450 6.64296875 909.10234375
1460 13.59609375 922.6984375
1470 7.04609375 929.74453125
1480 9.2125 938.95703125
1490 10.53984375 949.496875
1500 6.20078125 955.69765625
1510 9.328125 965.02578125
1520 10.6234375 975.64921875
1530 9.025 984.67421875
1540 7.09921875 991.7734375
1550 8.9296875 1000.703125
1560 6.58046875 1007.28359375
1570 9.8 1017.08359375
1580 8.2015625 1025.28515625
1590 9.09921875 1034.384375
1600 7.58125 1041.965625
1610 8.42265625 1050.38828125
1620 5.61328125 1056.0015625
1630 12.1328125 1068.134375
1640 8.73046875 1076.86484375
1650 4.70546875 1081.5703125
1660 9.7953125 1091.365625
1670 11.93984375 1103.30546875
1680 7.19375 1110.49921875
1690 5.78203125 1116.28125
1700 2.9921875 1119.2734375
1710 12.48984375 1131.76328125
1720 7.89609375 1139.659375
1730 8.690625 1148.35
1740 4.62890625 1152.97890625
1750 7.121875 1160.10078125
1760 5.79453125 1165.8953125
1770 10.44140625 1176.33671875
1780 7.33203125 1183.66875
1790 6.16796875 1189.83671875
1800 12.696875 1202.53359375
1810 9.50078125 1212.034375
1820 11.05703125 1223.09140625
1830 11.36875 1234.46015625
1840 9.56015625 1244.0203125
1850 7.28984375 1251.31015625
1860 5.4359375 1256.74609375
1870 5.02890625 1261.775
1880 7.75859375 1269.53359375
1890 9.0359375 1278.56953125
1900 9.43046875 1288
1910 8.334375 1296.334375
1920 8.775 1305.109375
1930 8.065625 1313.175
1940 6.82265625 1319.99765625
1950 7.515625 1327.51328125
1960 4.77109375 1332.284375
1970 8.05234375 1340.33671875
1980 9.1296875 1349.46640625
1990 8.446875 1357.91328125
2000 10.43828125 1368.3515625
2010 8.9421875 1377.29375
2020 7.7078125 1385.0015625
2030 6.60078125 1391.60234375
2040 3.55078125 1395.153125
2050 6.10390625 1401.25703125
2060 8.9953125 1410.25234375
2070 11.3390625 1421.59140625
2080 6.6375 1428.22890625
2090 5.48046875 1433.709375
2100 5.38984375 1439.09921875
2110 9.11015625 1448.209375
2120 11.15703125 1459.36640625
2130 12.36015625 1471.7265625
2140 6.08828125 1477.81484375
2150 4.859375 1482.67421875
2160 7.03515625 1489.709375
2170 6.95546875 1496.66484375
2180 8.146875 1504.81171875
2190 6.5 1511.31171875
2200 6.746875 1518.05859375
2210 8.89375 1526.95234375
2220 9.7015625 1536.65390625
2230 10.040625 1546.69453125
2240 8.51171875 1555.20625
2250 7.50625 1562.7125
2260 6.8921875 1569.6046875
2270 8.61875 1578.2234375
2280 9.12578125 1587.34921875
2290 8.63125 1595.98046875
2300 4.0375 1600.01796875
2310 7.7140625 1607.73203125
2320 6.7421875 1614.47421875
2330 10.8546875 1625.32890625
2340 7.165625 1632.49453125
2350 10.3640625 1642.85859375
2360 4.39921875 1647.2578125
2370 7.56875 1654.8265625
2380 4.26875 1659.0953125
2390 3.7671875 1662.8625
2400 8.35234375 1671.21484375
2410 5.97109375 1677.1859375
2420 9.2203125 1686.40625
2430 5.9078125 1692.3140625
2440 7.52421875 1699.83828125
2450 9.99921875 1709.8375
2460 10.91328125 1720.75078125
2470 7.25078125 1728.0015625
2480 7.275 1735.2765625
2490 5.17578125 1740.45234375
2500 6.4859375 1746.93828125
2510 3.39296875 1750.33125
2520 10.0046875 1760.3359375
2530 6.53046875 1766.86640625
2540 7.7171875 1774.58359375
2550 5.703125 1780.28671875
2560 5.50234375 1785.7890625
2570 3.7171875 1789.50625
2580 8.21875 1797.725
2590 10.66328125 1808.38828125
2600 7.5765625 1815.96484375
2610 5.94921875 1821.9140625
2620 7.140625 1829.0546875
2630 6.346875 1835.4015625
2640 10.30859375 1845.71015625
2650 5.6390625 1851.34921875
2660 10.18984375 1861.5390625
2670 4.678125 1866.2171875
2680 6.025 1872.2421875
2690 6.47265625 1878.71484375
2700 6.4875 1885.20234375
2710 6.3296875 1891.53203125
2720 5.346875 1896.87890625
2730 7.103125 1903.98203125
2740 6.5734375 1910.55546875
2750 6.36875 1916.92421875
2760 2.87734375 1919.8015625
2770 5.13046875 1924.93203125
2780 6.4921875 1931.42421875
2790 6.09609375 1937.5203125
2800 3.9890625 1941.509375
2810 5.1546875 1946.6640625
2820 2.446875 1949.1109375
2830 1.46484375 1950.57578125
2840 4.159375 1954.73515625
2850 4.28828125 1959.0234375
2860 5.57578125 1964.59921875
2870 2.70859375 1967.3078125
2880 4.03828125 1971.34609375
2890 8.82265625 1980.16875
2900 8.809375 1988.978125
2910 2.2 1991.178125
2920 6.215625 1997.39375
2930 7.178125 2004.571875
2940 11.09296875 2015.66484375
2950 10.1234375 2025.78828125
2960 7.76875 2033.55703125
2970 3.0546875 2036.61171875
2980 0 2036.61171875
2990 0.575 2037.18671875
2996 0.3671875 2037.55390625
