10 15.76484375 15.76484375
20 20.48515625 36.25
30 125.653125 161.903125
40 139.5453125 301.4484375
50 156.34296875 457.79140625
60 271.1171875 728.90859375
70 198.021875 926.93046875
80 130.078125 1057.00859375
90 226.8015625 1283.81015625
100 232.515625 1516.32578125
110 178.5671875 1694.89296875
120 142.01015625 1836.903125
130 142.10859375 1979.01171875
140 109.68046875 2088.6921875
150 199.82421875 2288.51640625
160 359.73046875 2648.246875
170 236.2671875 2884.5140625
180 305.20078125 3189.71484375
190 199.10078125 3388.815625
200 177.30234375 3566.11796875
210 142.48984375 3708.6078125
220 224.91796875 3933.52578125
230 160.61171875 4094.1375
240 183.9328125 4278.0703125
250 197.92421875 4475.99453125
260 65.328125 4541.32265625
270 41.4640625 4582.78671875
280 191.55859375 4774.3453125
290 131.86328125 4906.20859375
300 247.778125 5153.98671875
310 115.49140625 5269.478125
320 304.54375 5574.021875
330 302.09765625 5876.11953125
340 291.025 6167.14453125
350 182.1390625 6349.28359375
360 263.7828125 6613.06640625
370 352.0609375 6965.12734375
380 321.80234375 7286.9296875
390 219.05234375 7505.98203125
400 230.8296875 7736.81171875
410 147.478125 7884.28984375
420 155.87109375 8040.1609375
430 221.53515625 8261.69609375
440 76.615625 8338.31171875
450 187.31171875 8525.6234375
460 181.73828125 8707.36171875
470 234.3546875 8941.71640625
480 227.6 9169.31640625
490 237.1796875 9406.49609375
500 347.94296875 9754.4390625
510 233.20859375 9987.64765625
520 170.2953125 10157.94296875
530 296.02578125 10453.96875
540 308.58984375 10762.55859375
550 342.3703125 11104.92890625
560 385.578125 11490.50703125
570 250.23515625 11740.7421875
580 246.58984375 11987.33203125
590 189.63359375 12176.965625
600 74.2453125 12251.2109375
610 245.9703125 12497.18125
620 310.12421875 12807.30546875
630 167.40625 12974.71171875
640 307.346875 13282.05859375
650 333.32578125 13615.384375
660 176.05 13791.434375
670 297.36953125 14088.80390625
680 348.07578125 14436.8796875
690 395.81328125 14832.69296875
700 587.62890625 15420.321875
710 433.05625 15853.378125
720 314.3984375 16167.7765625
730 333.10390625 16500.88046875
740 236.125 16737.00546875
750 322.38515625 17059.390625
760 264.721875 17324.1125
770 242.925 17567.0375
780 275.51328125 17842.55078125
790 148.46171875 17991.0125
800 95.9109375 18086.9234375
810 97.56328125 18184.48671875
820 464.70859375 18649.1953125
830 397.64375 19046.8390625
840 567.3875 19614.2265625
850 252.85234375 19867.07890625
860 418.78828125 20285.8671875
870 265.60234375 20551.46953125
880 365.071875 20916.54140625
890 276.0625 21192.60390625
900 288.3265625 21480.93046875
910 419.14453125 21900.075
920 477.19921875 22377.27421875
930 323.88671875 22701.1609375
940 460.56796875 23161.72890625
950 517.80546875 23679.534375
960 506.98203125 24186.51640625
970 397.75390625 24584.2703125
980 479.184375 25063.4546875
990 243.93828125 25307.39296875
1000 401.115625 25708.50859375
1010 454.98828125 26163.496875
1020 381.3875 26544.884375
1030 226.2203125 26771.1046875
1040 471.48125 27242.5859375
1050 480.66796875 27723.25390625
1060 387.5609375 28110.81484375
1070 487.97265625 28598.7875
1080 404.76875 29003.55625
1090 402.45078125 29406.00703125
1100 178.784375 29584.79140625
1110 360.5953125 29945.38671875
1120 419.9875 30365.37421875
1130 467.46640625 30832.840625
1140 410.92265625 31243.76328125
1150 205.009375 31448.77265625
1160 313.37578125 31762.1484375
1170 443.49453125 32205.64296875
1180 264.3 32469.94296875
1190 376.15703125 32846.1
1200 406.665625 33252.765625
1210 296.32734375 33549.09296875
1220 296.97890625 33846.071875
1230 308.2796875 34154.3515625
1240 424.83671875 34579.18828125
1250 449.6015625 35028.78984375
1260 554.6 35583.38984375
1270 334.57421875 35917.9640625
1280 606.77421875 36524.73828125
1290 685.21171875 37209.95
1300 522.290625 37732.240625
1310 504.53828125 38236.77890625
1320 391.21796875 38627.996875
1330 629.90625 39257.903125
1340 694.725 39952.628125
1350 475.146875 40427.775
1360 436.73984375 40864.51484375
1370 620.5921875 41485.10703125
1380 553.70546875 42038.8125
1390 659.14296875 42697.95546875
1400 374.1234375 43072.07890625
1410 738.784375 43810.86328125
1420 801.85078125 44612.7140625
1430 512.89296875 45125.60703125
1440 362.47109375 45488.078125
1450 384.4828125 45872.5609375
1460 845.653125 46718.2140625
1470 404.265625 47122.4796875
1480 620.534375 47743.0140625
1490 658.31328125 48401.32734375
1500 347.9296875 48749.25703125
1510 554.4734375 49303.73046875
1520 666.296875 49970.02734375
1530 454.021875 50424.04921875
1540 424.23359375 50848.2828125
1550 857.58671875 51705.86953125
1560 411.7296875 52117.59921875
1570 845.5359375 52963.13515625
1580 503.0171875 53466.15234375
1590 401.15078125 53867.303125
1600 568.59609375 54435.89921875
1610 664.8578125 55100.75703125
1620 510.82890625 55611.5859375
1630 888.409375 56499.9953125
1640 226.834375 56726.8296875
1650 443.74453125 57170.57421875
1660 894.31015625 58064.884375
1670 820.5171875 58885.4015625
1680 153.490625 59038.8921875
1690 279.8078125 59318.7
1700 246.8484375 59565.5484375
1710 1085.8484375 60651.396875
1720 601.48046875 61252.87734375
1730 312.02421875 61564.9015625
1740 527.4125 62092.3140625
1750 322.96796875 62415.28203125
1760 492.165625 62907.44765625
1770 915.61640625 63823.0640625
1780 510.8015625 64333.865625
1790 1014.5859375 65348.4515625
1800 778.715625 66127.1671875
1810 974.30703125 67101.47421875
1820 438.23046875 67539.7046875
1830 610.8625 68150.5671875
1840 374.8390625 68525.40625
1850 170.91875 68696.325
1860 265.1671875 68961.4921875
1870 507.4234375 69468.915625
1880 1057.91171875 70526.82734375
1890 655.72421875 71182.5515625
1900 439.68515625 71622.23671875
1910 932.24140625 72554.478125
1920 463.190625 73017.66875
1930 332.42109375 73350.08984375
1940 478.33203125 73828.421875
1950 444.715625 74273.1375
1960 467.24296875 74740.38046875
1970 661.4140625 75401.79453125
1980 1126.95625 76528.75078125
1990 935.65078125 77464.4015625
2000 299.6265625 77764.028125
2010 688.778125 78452.80625
2020 365.5921875 78818.3984375
2030 404.6015625 79223
2040 521.16171875 79744.16171875
2050 152.5640625 79896.72578125
2060 1354.95 81251.67578125
2070 413.07578125 81664.7515625
2080 777.0890625 82441.840625
2090 270.28828125 82712.12890625
2100 544.45 83256.57890625
2110 937.48671875 84194.065625
2120 1056.8828125 85250.9484375
2130 741.221875 85992.1703125
2140 119.8765625 86112.046875
2150 566.08984375 86678.13671875
2160 402.66640625 87080.803125
2170 412.75703125 87493.56015625
2180 369.43671875 87862.996875
2190 794.8765625 88657.8734375
2200 475.34375 89133.2171875
2210 983.6953125 90116.9125
2220 992.39140625 91109.30390625
2230 626.4015625 91735.70546875
2240 367.81015625 92103.515625
2250 738.7296875 92842.2453125
2260 160.51484375 93002.76015625
2270 951.3140625 93954.07421875
2280 483.02265625 94437.096875
2290 810.71640625 95247.81328125
2300 0 95247.81328125
2310 661.140625 95908.95390625
2320 733.13046875 96642.084375
2330 364.36640625 97006.45078125
2340 998.64609375 98005.096875
2350 718.903125 98724
2360 303.86640625 99027.86640625
2370 587.503125 99615.36953125
2380 0 99615.36953125
2390 547.7984375 100163.16796875
2400 423.440625 100586.60859375
2410 839.334375 101425.94296875
2420 759.65859375 102185.6015625
2430 589.59453125 102775.19609375
2440 850.01484375 103625.2109375
2450 1026.5671875 104651.778125
2460 877.19609375 105528.97421875
2470 875.6078125 106404.58203125
2480 79.7875 106484.36953125
2490 554.87421875 107039.24375
2500 127.65078125 107166.89453125
2510 610.37421875 107777.26875
2520 429.71171875 108206.98046875
2530 1282.54453125 109489.525
2540 444.5828125 109934.1078125
2550 648.796875 110582.9046875
2560 121.428125 110704.3328125
2570 742.771875 111447.1046875
2580 820.0546875 112267.159375
2590 716.77265625 112983.93203125
2600 890.15390625 113874.0859375
2610 220.7078125 114094.79375
2620 643.9640625 114738.7578125
2630 492.428125 115231.1859375
2640 1038.7078125 116269.89375
2650 432.57421875 116702.46796875
2660 917.80859375 117620.2765625
2670 55.85 117676.1265625
2680 614.92734375 118291.05390625
2690 874.725 119165.77890625
2700 105.3265625 119271.10546875
2710 725.62265625 119996.728125
2720 420.94765625 120417.67578125
2730 678.73984375 121096.415625
2740 342.28671875 121438.70234375
2750 922.52578125 122361.228125
2760 42.1703125 122403.3984375
2770 781.41640625 123184.81484375
2780 794.1421875 123978.95703125
2790 501.35546875 124480.3125
2800 67.09609375 124547.40859375
2810 717.4671875 125264.87578125
2820 377.87734375 125642.753125
2830 0 125642.753125
2840 896.79609375 126539.54921875
2850 77.3140625 126616.86328125
2860 1562.153125 128179.01640625
2870 0 128179.01640625
2880 1590.69296875 129769.709375
2890 389.05625 130158.765625
2900 1298.77578125 131457.54140625
2910 308.40390625 131765.9453125
2920 969.10703125 132735.05234375
2930 617.54375 133352.59609375
2940 1795.1 135147.69609375
2950 1605.10703125 136752.803125
2960 361.76171875 137114.56484375
2970 46.31875 137160.88359375
2980 0 137160.88359375
2990 0.5515625 137161.43515625
2996 4.86953125 137166.3046875
