10 0.6 6
20 0.7 13
30 0.7 20
40 0.6 26
50 0.6 32
60 0.7 39
70 0.4 43
80 0.7 50
90 0.4 54
100 0.3 57
110 0.4 61
120 0.5 66
130 0.5 71
140 0.6 77
150 0.6 83
160 0.8 91
170 0.6 97
180 0.6 103
190 0.4 107
200 0.6 113
210 0 113
220 0.8 121
230 0.2 123
240 0.2 125
250 0.1 126
260 0.7 133
270 0.2 135
280 0.4 139
290 0.4 143
300 0.9 152
310 0.6 158
320 0.7 165
330 0.4 169
340 0.2 171
350 0.9 180
360 0.6 186
370 0.3 189
380 0.5 194
390 0.4 198
400 0.3 201
410 0.5 206
420 0.3 209
430 0.4 213
440 0.5 218
450 0.6 224
460 0.4 228
470 0.3 231
480 0.5 236
490 0.2 238
500 0.3 241
510 0.9 250
520 0.7 257
530 0.7 264
540 0.4 268
550 1 278
560 0.5 283
570 0.2 285
580 0 285
590 0.3 288
600 0.9 297
610 0.5 302
620 0.5 307
630 0.4 311
640 0.7 318
650 0.4 322
660 1.2 334
670 1 344
680 1 354
690 0.4 358
700 0.6 364
710 0.6 370
720 0.4 374
730 0.5 379
740 0.8 387
750 0.5 392
760 0.3 395
770 0.3 398
780 0.1 399
790 0.2 401
800 1.5 416
810 0.7 423
820 0.5 428
830 0.4 432
840 0.6 438
850 0.4 442
860 0.7 449
870 0.6 455
880 0.6 461
890 0.3 464
900 0.9 473
910 1.3 486
920 0.9 495
930 0.6 501
940 0.6 507
950 0.6 513
960 0.7 520
970 0.2 522
980 0.9 531
990 0.7 538
1000 0.7 545
1010 0.4 549
1020 0.7 556
1030 1.1 567
1040 0.4 571
1050 1 581
1060 0.6 587
1070 0.2 589
1080 0.4 593
1090 0.5 598
1100 1.1 609
1110 0.7 616
1120 0.3 619
1130 0.5 624
1140 0.5 629
1150 0.8 637
1160 0.4 641
1170 0.9 650
1180 0.2 652
1190 0.4 656
1200 0.5 661
1210 0.5 666
1220 0.9 675
1230 0.8 683
1240 1 693
1250 0.8 701
1260 0.9 710
1270 1.2 722
1280 0.5 727
1290 1 737
1300 1.4 751
1310 1.1 762
1320 0.7 769
1330 0.9 778
1340 0.9 787
1350 1.3 800
1360 0.6 806
1370 1 816
1380 1.2 828
1390 0.9 837
1400 0.6 843
1410 1.2 855
1420 1.1 866
1430 1.3 879
1440 0.9 888
1450 1.1 899
1460 1.2 911
1470 1.5 926
1480 1 936
1490 0.7 943
1500 0.5 948
1510 1.1 959
1520 1.1 970
1530 0.7 977
1540 1.1 988
1550 0.5 993
1560 1 1003
1570 1 1013
1580 0.7 1020
1590 1 1030
1600 0.8 1038
1610 0.7 1045
1620 0.9 1054
1630 1 1064
1640 0.8 1072
1650 1.4 1086
1660 1 1096
1670 1.8 1114
1680 0.7 1121
1690 0.4 1125
1700 0.4 1129
1710 0.4 1133
1720 0.4 1137
1730 0.6 1143
1740 0.7 1150
1750 1.3 1163
1760 1 1173
1770 1.1 1184
1780 0.7 1191
1790 0.8 1199
1800 1.3 1212
1810 2.9 1241
1820 3.4 1275
1830 1.6 1291
1840 2.7 1318
1850 2.2 1340
1860 2.9 1369
1870 2.1 1390
1880 2.1 1411
1890 2.3 1434
1900 2.6 1460
1910 1.6 1476
1920 1.5 1491
1930 1.8 1509
1940 2.2 1531
1950 1.3 1544
1960 1.7 1561
1970 2.4 1585
1980 1.6 1601
1990 2 1621
2000 2 1641
2010 1.1 1652
2020 1.7 1669
2030 1.7 1686
2040 1.9 1705
2050 2.3 1728
2060 2.3 1751
2070 1.7 1768
2080 1.9 1787
2090 3 1817
2100 2 1837
2110 2.1 1858
2120 2.9 1887
2130 2 1907
2140 2.2 1929
2150 1.2 1941
2160 2.1 1962
2170 1.8 1980
2180 1.6 1996
2190 1.9 2015
2200 2.7 2042
2210 1.2 2054
2220 1 2064
2230 2.3 2087
2240 2 2107
2250 1.6 2123
2260 2 2143
2270 2.1 2164
2280 3.1 2195
2290 1.6 2211
2300 1.9 2230
2310 1.7 2247
2320 2 2267
2330 2.3 2290
2340 3 2320
2350 1.7 2337
2360 1.2 2349
2370 1.5 2364
2380 1.8 2382
2390 2.3 2405
2400 1.3 2418
2410 0 2418
2420 0 2418
2430 0 2418
2440 0 2418
2450 0 2418
2460 0 2418
2470 0 2418
2480 0 2418
2490 0 2418
2500 0 2418
2510 0 2418
2520 0 2418
2530 0 2418
2540 0 2418
2550 0 2418
2560 0 2418
2570 0 2418
2580 0 2418
2590 0 2418
2600 0 2418
2610 0 2418
2620 0 2418
2630 0 2418
2640 0 2418
2650 0 2418
2660 0 2418
2670 0 2418
2680 0 2418
2690 0 2418
2700 0 2418
2710 0 2418
2720 0 2418
2730 0 2418
2740 0 2418
2750 0 2418
2760 0 2418
2770 0 2418
2780 0 2418
2790 0 2418
2800 0 2418
2810 0 2418
2820 0 2418
2830 0 2418
2840 0 2418
2850 0 2418
2860 0 2418
2870 0 2418
2880 0 2418
2890 0 2418
2900 0 2418
2910 0 2418
2920 0 2418
2930 0 2418
2940 0 2418
2950 0 2418
2960 0 2418
2970 0 2418
2980 0 2418
2990 0 2418
2996 0 2418
