10 0.2 2
20 0 2
30 0 2
40 0.1 3
50 0 3
60 0.1 4
70 0.2 6
80 0.1 7
90 0.2 9
100 0.1 10
110 0 10
120 0 10
130 0.3 13
140 0.2 15
150 0.4 19
160 0.1 20
170 0.1 21
180 0.2 23
190 0.3 26
200 0.1 27
210 0.3 30
220 0.1 31
230 0.3 34
240 0.3 37
250 0.2 39
260 0.1 40
270 0.1 41
280 0.3 44
290 0.1 45
300 0.4 49
310 0.3 52
320 0.3 55
330 0.2 57
340 0.5 62
350 0.5 67
360 0.3 70
370 0.6 76
380 0.7 83
390 0.2 85
400 0.2 87
410 0.1 88
420 0.2 90
430 0.4 94
440 0 94
450 0.3 97
460 0.1 98
470 0.3 101
480 0.6 107
490 0.4 111
500 0.5 116
510 0.2 118
520 0.2 120
530 0.4 124
540 0.2 126
550 0.3 129
560 0.3 132
570 0.5 137
580 0.2 139
590 0.3 142
600 0.2 144
610 0.1 145
620 0.1 146
630 0.5 151
640 0.6 157
650 0.4 161
660 0.9 170
670 0.6 176
680 0.8 184
690 0.3 187
700 0.2 189
710 0.7 196
720 0.4 200
730 0 200
740 0.6 206
750 0.4 210
760 0.4 214
770 0.4 218
780 0.6 224
790 0.7 231
800 0.7 238
810 0.3 241
820 0.9 250
830 0.5 255
840 0.7 262
850 0.5 267
860 1.1 278
870 0.9 287
880 0.5 292
890 0.9 301
900 1.1 312
910 0.6 318
920 0.7 325
930 0.4 329
940 0.6 335
950 0.5 340
960 0.5 345
970 0.5 350
980 0.6 356
990 0.5 361
1000 0.6 367
1010 0.6 373
1020 1.1 384
1030 1 394
1040 0.8 402
1050 0.4 406
1060 0.6 412
1070 0.1 413
1080 0.7 420
1090 0.5 425
1100 0.8 433
1110 1 443
1120 0.8 451
1130 0.8 459
1140 0.4 463
1150 0.6 469
1160 0.6 475
1170 0.2 477
1180 1 487
1190 0.3 490
1200 1.3 503
1210 0.9 512
1220 1.3 525
1230 0.6 531
1240 0.9 540
1250 0.8 548
1260 1.1 559
1270 0.8 567
1280 0.5 572
1290 1 582
1300 0.8 590
1310 0.8 598
1320 0.8 606
1330 0.5 611
1340 0.8 619
1350 1 629
1360 0.8 637
1370 0.8 645
1380 0.7 652
1390 0.3 655
1400 0.5 660
1410 0.5 665
1420 0.5 670
1430 0.9 679
1440 0.8 687
1450 0.9 696
1460 0.4 700
1470 1 710
1480 1 720
1490 1.3 733
1500 0.7 740
1510 0.4 744
1520 0.8 752
1530 1.2 764
1540 0.5 769
1550 0.6 775
1560 0.4 779
1570 0.8 787
1580 1.1 798
1590 0.8 806
1600 0.5 811
1610 0.4 815
1620 0.8 823
1630 0.7 830
1640 0.8 838
1650 0.5 843
1660 0.7 850
1670 0.9 859
1680 0.4 863
1690 0.3 866
1700 0.5 871
1710 0.4 875
1720 0.9 884
1730 1 894
1740 0.7 901
1750 0.7 908
1760 0.5 913
1770 0.6 919
1780 0.9 928
1790 0.7 935
1800 1 945
1810 0.7 952
1820 0.8 960
1830 0.8 968
1840 1.3 981
1850 1.4 995
1860 0.9 1004
1870 0.8 1012
1880 0.4 1016
1890 1.1 1027
1900 1.1 1038
1910 1.4 1052
1920 0.7 1059
1930 1.4 1073
1940 0.9 1082
1950 0.3 1085
1960 1.5 1100
1970 0.9 1109
1980 0.5 1114
1990 1.2 1126
2000 0.5 1131
2010 1.2 1143
2020 1.2 1155
2030 0.6 1161
2040 0.6 1167
2050 0.6 1173
2060 0.9 1182
2070 1.2 1194
2080 1.4 1208
2090 1.4 1222
2100 0.9 1231
2110 1.1 1242
2120 1.4 1256
2130 0.4 1260
2140 1.5 1275
2150 1 1285
2160 2.1 1306
2170 1.6 1322
2180 1.8 1340
2190 0.8 1348
2200 1.2 1360
2210 1.7 1377
2220 0.9 1386
2230 1.1 1397
2240 0.6 1403
2250 0.6 1409
2260 0.8 1417
2270 1.2 1429
2280 0.8 1437
2290 1.3 1450
2300 1.5 1465
2310 1.3 1478
2320 1.6 1494
2330 1.2 1506
2340 0.9 1515
2350 0.5 1520
2360 0.5 1525
2370 0.9 1534
2380 0.9 1543
2390 1.4 1557
2400 1 1567
2410 0.3 1570
2420 0.8 1578
2430 1 1588
2440 0.6 1594
2450 0.5 1599
2460 1 1609
2470 1 1619
2480 0.9 1628
2490 0.9 1637
2500 1.3 1650
2510 1.6 1666
2520 1.2 1678
2530 0.8 1686
2540 0.9 1695
2550 1.4 1709
2560 0.6 1715
2570 1.2 1727
2580 1 1737
2590 0.6 1743
2600 1.1 1754
2610 1.5 1769
2620 0.9 1778
2630 1.1 1789
2640 1.2 1801
2650 0.9 1810
2660 1.2 1822
2670 0.7 1829
2680 0.8 1837
2690 0.9 1846
2700 0.7 1853
2710 0.8 1861
2720 0.6 1867
2730 0.7 1874
2740 1 1884
2750 0.7 1891
2760 0.7 1898
2770 0.9 1907
2780 0.9 1916
2790 1.4 1930
2800 0.5 1935
2810 0.9 1944
2820 0.7 1951
2830 0.8 1959
2840 0.9 1968
2850 0.7 1975
2860 1.8 1993
2870 0.8 2001
2880 1.4 2015
2890 1.6 2031
2900 0.9 2040
2910 1.8 2058
2920 0.5 2063
2930 1.4 2077
2940 0.6 2083
2950 1.1 2094
2960 1.3 2107
2970 2.1 2128
2980 1.2 2140
2990 1.3 2153
3000 1.1 2164
3010 0.6 2170
3020 1.4 2184
3030 0.9 2193
3040 1 2203
3050 1.6 2219
3060 1 2229
3070 1.6 2245
3080 1.2 2257
3090 0.6 2263
3100 0.9 2272
3110 0.9 2281
3120 1.3 2294
3130 0.9 2303
3140 1.1 2314
3150 0.8 2322
3160 1.5 2337
3170 1 2347
3180 2.1 2368
3190 1.2 2380
3200 0.9 2389
3210 0.8 2397
3220 1.3 2410
3230 1.1 2421
3240 1.5 2436
3250 0.7 2443
3260 0.7 2450
3270 0.8 2458
3280 1.2 2470
3290 1 2480
3300 1.7 2497
3310 0.9 2506
3320 1.2 2518
3330 1.5 2533
3340 0.7 2540
3350 0.8 2548
3360 0.9 2557
3370 1.4 2571
3380 0.9 2580
3390 0.8 2588
3400 0.6 2594
3410 0.4 2598
3420 2 2618
3430 0.7 2625
3440 0.9 2634
3450 1 2644
3460 0.9 2653
3470 1.3 2666
3480 0.9 2675
3490 0.6 2681
3500 0.3 2684
3510 0.4 2688
3520 0.3 2691
3530 0.8 2699
3540 1.1 2710
3550 0.5 2715
3560 1.3 2728
3570 0.5 2733
3580 1.7 2750
3590 0.6 2756
3600 1.3 2769
3610 1.2 2781
3620 0.5 2786
3630 0.3 2789
3640 0.8 2797
3650 0.8 2805
3660 0.5 2810
3670 0.9 2819
3680 0.8 2827
3690 0.8 2835
3700 0.8 2843
3710 0.5 2848
3720 0.9 2857
3730 0.9 2866
3740 0.7 2873
3750 0.9 2882
3760 0.9 2891
3770 1 2901
3780 1.2 2913
3790 1.4 2927
3800 0.7 2934
3810 1.2 2946
3820 1.5 2961
3830 1.1 2972
3840 1.5 2987
3850 1.5 3002
3860 1.1 3013
3870 1 3023
3880 1.8 3041
3890 0.6 3047
3900 0.8 3055
3910 0.8 3063
3920 0.4 3067
3930 0.6 3073
3940 0.7 3080
3950 1.5 3095
3960 1 3105
3970 1.6 3121
3980 0.9 3130
3990 0.9 3139
4000 1.5 3154
4010 0.8 3162
4020 1.3 3175
4030 1.2 3187
4040 1.1 3198
4050 1.7 3215
4060 0.6 3221
4070 0.9 3230
4080 0.9 3239
4090 1.2 3251
4100 1.1 3262
4110 1.5 3277
4120 1.3 3290
4130 0.7 3297
4140 0.4 3301
4150 0.6 3307
4160 1.4 3321
4170 1.3 3334
4180 1.1 3345
4190 0.7 3352
4200 0.8 3360
4210 0.5 3365
4220 0.9 3374
4230 1.3 3387
4240 0.5 3392
4250 1.1 3403
4260 1 3413
4270 0.9 3422
4280 1.1 3433
4290 0.8 3441
4300 1 3451
4310 0.7 3458
4320 0.5 3463
4330 0.9 3472
4340 1.3 3485
4350 0.9 3494
4360 1 3504
4370 0.9 3513
4380 1 3523
4390 0.7 3530
4400 0.8 3538
4410 0.4 3542
4420 0.6 3548
4430 0.3 3551
4440 0.8 3559
4450 0.8 3567
4460 0.8 3575
4470 1.1 3586
4480 0.9 3595
4490 1.2 3607
4500 0.8 3615
4510 0.9 3624
4520 0.7 3631
4530 0.8 3639
4540 0.8 3647
4550 1.5 3662
4560 1.7 3679
4570 1.2 3691
4580 0.6 3697
4590 1.1 3708
4600 1.3 3721
4610 0.8 3729
4620 0.4 3733
4630 0.6 3739
4640 0.9 3748
4650 0.5 3753
4660 0.8 3761
4670 1.6 3777
4680 1 3787
4690 0.8 3795
4700 1 3805
4710 1.1 3816
4720 0.6 3822
4730 1 3832
4740 1 3842
4750 0.8 3850
4760 0.7 3857
4770 1.4 3871
4780 1.3 3884
4790 1.1 3895
4800 0.6 3901
4810 0.1 3902
4820 0.4 3906
4830 0.2 3908
4839 0 3908
