390 0.1 1
400 0 1
410 0 1
420 0 1
430 0 1
440 0 1
450 0 1
460 0 1
470 0 1
480 0 1
490 0 1
500 0 1
510 0 1
520 0 1
530 0 1
540 0 1
550 0 1
560 0 1
570 0 1
580 0 1
590 0 1
600 0 1
610 0 1
620 0 1
630 0 1
640 0 1
650 0 1
660 0 1
670 0 1
680 0 1
690 0 1
700 0 1
710 0 1
720 0 1
730 0 1
740 0 1
750 0 1
760 0 1
770 0 1
780 0 1
790 0 1
800 0 1
810 0 1
820 0 1
830 0 1
840 0 1
850 0 1
860 0 1
870 0 1
880 0 1
890 0 1
900 0 1
910 0 1
920 0 1
930 0 1
940 0 1
950 0 1
960 0 1
970 0 1
980 0 1
990 0 1
1000 0 1
1010 0 1
1020 0 1
1030 0 1
1040 0 1
1050 0 1
1060 0 1
1070 0 1
1080 0 1
1090 0 1
1100 0 1
1110 0 1
1120 0 1
1130 0 1
1140 0 1
1150 0 1
1160 0 1
1170 0 1
1180 0 1
1190 0 1
1200 0 1
1210 0 1
1220 0 1
1230 0 1
1240 0 1
1250 0 1
1260 0 1
1270 0 1
1280 0 1
1290 0 1
1300 0 1
1310 0 1
1320 0 1
1330 0 1
1340 0 1
1350 0 1
1360 0 1
1370 0 1
1380 0 1
1390 0 1
1400 0 1
1410 0 1
1420 0 1
1430 0 1
1440 0 1
1450 0 1
1460 0 1
1470 0 1
1480 0 1
1490 0 1
1500 0 1
1510 0 1
1520 0 1
1530 0 1
1540 0 1
1550 0 1
1560 0 1
1570 0 1
1580 0 1
1590 0 1
1600 0 1
1610 0 1
1620 0 1
1630 0 1
1640 0 1
1650 0 1
1660 0 1
1670 0 1
1680 0 1
1690 0 1
1700 0 1
1710 0 1
1720 0 1
1730 0 1
1740 0 1
1750 0 1
1760 0 1
1770 0 1
1780 0 1
1790 0 1
1800 0 1
1810 0.1 2
1820 0 2
1830 0 2
1840 0 2
1850 0 2
1860 0 2
1870 0 2
1880 0 2
1890 0 2
1900 0 2
1910 0 2
1920 0 2
1930 0.1 3
1940 0 3
1950 0 3
1960 0 3
1970 0 3
1980 0 3
1990 0 3
2000 0 3
2010 0 3
2020 0 3
2030 0 3
2040 0 3
2050 0 3
2060 0 3
2070 0 3
2080 0 3
2090 0 3
2100 0 3
2110 0 3
2120 0 3
2130 0 3
2140 0 3
2150 0 3
2160 0 3
2170 0 3
2180 0 3
2190 0 3
2200 0 3
2210 0 3
2220 0 3
2230 0 3
2240 0 3
2250 0 3
2260 0 3
2270 0 3
2280 0 3
2290 0 3
2300 0 3
2310 0 3
2320 0 3
2330 0 3
2340 0 3
2350 0 3
2360 0 3
2370 0 3
2380 0 3
2390 0 3
2400 0 3
2410 0 3
2420 0 3
2430 0 3
2440 0 3
2450 0 3
2460 0 3
2470 0 3
2480 0 3
2490 0 3
2500 0 3
2510 0 3
2520 0 3
2530 0 3
2540 0 3
2550 0 3
2560 0 3
2570 0 3
2580 0 3
2590 0 3
2600 0 3
2610 0 3
2620 0 3
2630 0 3
2640 0.1 4
2650 0 4
2660 0 4
2670 0 4
2680 0 4
2690 0 4
2700 0.1 5
2710 0 5
2720 0 5
2730 0 5
2740 0 5
2750 0 5
2760 0 5
2770 0 5
2780 0 5
2790 0 5
2800 0 5
2810 0 5
2820 0 5
2830 0 5
2840 0 5
2850 0 5
2860 0 5
2870 0 5
2880 0 5
2890 0 5
2900 0 5
2910 0 5
2920 0 5
2930 0 5
2940 0 5
2950 0 5
2960 0 5
2970 0 5
2980 0 5
2990 0 5
3000 0 5
3010 0 5
3020 0 5
3030 0 5
3040 0 5
3050 0 5
3060 0 5
3070 0 5
3080 0 5
3090 0 5
3100 0 5
3110 0 5
3120 0 5
3130 0.1 6
3140 0 6
3150 0 6
3160 0.1 7
3170 0 7
3180 0 7
3190 0 7
3200 0 7
3210 0 7
3220 0 7
3230 0 7
3240 0 7
3250 0 7
3260 0 7
3270 0 7
3280 0 7
3290 0 7
3300 0 7
3310 0 7
3320 0 7
3330 0.1 8
3340 0 8
3350 0 8
3360 0 8
3370 0 8
3380 0.1 9
3390 0 9
3400 0 9
3410 0 9
3420 0 9
3430 0 9
3440 0 9
3450 0 9
3460 0 9
3470 0 9
3480 0 9
3490 0 9
3500 0 9
3510 0 9
3520 0 9
3530 0 9
3540 0 9
3550 0 9
3560 0 9
3570 0 9
3580 0 9
3590 0 9
3600 0 9
3610 0 9
3620 0 9
3630 0 9
3640 0 9
3650 0 9
3660 0 9
3670 0 9
3680 0 9
3690 0 9
3700 0 9
3710 0 9
3720 0 9
3730 0 9
3740 0 9
3750 0 9
3760 0 9
3770 0 9
3780 0 9
3790 0 9
3800 0 9
3810 0 9
3820 0 9
3830 0 9
3840 0 9
3850 0 9
3860 0 9
3870 0 9
3880 0 9
3890 0 9
3900 0 9
3910 0 9
3920 0 9
3930 0 9
3940 0 9
3950 0 9
3960 0 9
3970 0 9
3980 0 9
3990 0 9
4000 0 9
4010 0 9
4020 0 9
4030 0 9
4040 0 9
4050 0 9
4060 0 9
4070 0 9
4080 0 9
4090 0 9
4100 0 9
4110 0 9
4120 0 9
4130 0 9
4140 0 9
4150 0 9
4160 0 9
4170 0 9
4180 0 9
4190 0 9
4200 0 9
4210 0 9
4220 0 9
4230 0 9
4240 0 9
4250 0 9
4260 0 9
4270 0 9
4280 0 9
4290 0 9
4300 0 9
4310 0 9
4320 0 9
4330 0 9
4340 0 9
4350 0 9
4360 0 9
4370 0 9
4380 0 9
4390 0 9
4400 0 9
4410 0 9
4420 0 9
4430 0 9
4440 0 9
4450 0 9
4460 0 9
4470 0 9
4480 0 9
4490 0 9
4500 0 9
4510 0 9
4520 0 9
4530 0 9
4540 0 9
4550 0 9
4560 0 9
4570 0 9
4580 0 9
4590 0 9
4600 0 9
4610 0 9
4620 0 9
4630 0 9
4640 0 9
4650 0 9
4660 0 9
4670 0 9
4680 0 9
4690 0 9
4700 0 9
4710 0 9
4720 0 9
4730 0 9
4740 0 9
4750 0 9
4760 0 9
4770 0 9
4780 0 9
4790 0 9
4800 0 9
4810 0 9
4820 0 9
4830 0 9
4839 0 9
