10 0 0
20 20 20
30 36 16
40 31 -5
50 33 2
60 36 3
70 40 4
80 37 -3
90 38 1
100 31 -7
110 35 4
120 49 14
130 57 8
140 67 10
150 74 7
160 70 -4
170 62 -8
180 55 -7
190 59 4
200 69 10
210 72 3
220 72 0
230 67 -5
240 75 8
250 74 -1
260 76 2
270 75 -1
280 75 0
290 66 -9
300 72 6
310 71 -1
320 75 4
330 75 0
340 73 -2
350 77 4
360 76 -1
370 75 -1
380 79 4
390 76 -3
400 73 -3
410 75 2
420 77 2
430 76 -1
440 75 -1
450 78 3
460 75 -3
470 74 -1
480 73 -1
490 76 3
500 73 -3
510 73 0
520 75 2
530 73 -2
540 75 2
550 74 -1
560 75 1
570 70 -5
580 76 6
590 75 -1
600 72 -3
610 77 5
620 80 3
630 77 -3
640 78 1
650 78 0
660 77 -1
670 76 -1
680 76 0
690 76 0
700 83 7
710 72 -11
720 77 5
730 78 1
740 74 -4
750 77 3
760 81 4
770 77 -4
780 79 2
790 75 -4
800 77 2
810 77 0
820 80 3
830 85 5
840 80 -5
850 76 -4
860 76 0
870 79 3
880 74 -5
890 74 0
900 78 4
910 71 -7
920 77 6
930 77 0
940 75 -2
950 76 1
960 75 -1
970 74 -1
980 79 5
990 73 -6
1000 75 2
1010 76 1
1020 76 0
1030 71 -5
1040 79 8
1050 77 -2
1060 76 -1
1070 77 1
1080 76 -1
1090 75 -1
1100 77 2
1110 82 5
1120 79 -3
1130 77 -2
1140 75 -2
1150 77 2
1160 78 1
1170 76 -2
1180 71 -5
1190 80 9
1200 76 -4
1210 76 0
1220 73 -3
1230 82 9
1240 78 -4
1250 87 9
1260 75 -12
1270 83 8
1280 78 -5
1290 79 1
1300 81 2
1310 74 -7
1320 77 3
1330 78 1
1340 78 0
1350 84 6
1360 78 -6
1370 78 0
1380 75 -3
1390 81 6
1400 74 -7
1410 76 2
1420 78 2
1430 75 -3
1440 77 2
1450 81 4
1460 78 -3
1470 78 0
1480 75 -3
1490 76 1
1500 81 5
1510 83 2
1520 76 -7
1530 77 1
1540 78 1
1550 77 -1
1560 80 3
1570 78 -2
1580 72 -6
1590 79 7
1600 77 -2
1610 79 2
1620 77 -2
1630 79 2
1640 76 -3
1650 74 -2
1660 74 0
1670 82 8
1680 78 -4
1690 71 -7
1700 76 5
1710 80 4
1720 75 -5
1730 78 3
1740 74 -4
1750 76 2
1760 81 5
1770 81 0
1780 79 -2
1790 79 0
1800 82 3
1810 82 0
1820 82 0
1830 80 -2
1840 82 2
1850 79 -3
1860 87 8
1870 76 -11
1880 80 4
1890 87 7
1900 79 -8
1910 76 -3
1920 84 8
1930 80 -4
1940 72 -8
1950 79 7
1960 93 14
1970 77 -16
1980 88 11
1990 94 6
2000 92 -2
2010 82 -10
2020 83 1
2030 77 -6
2040 93 16
2050 80 -13
2060 84 4
2070 82 -2
2080 76 -6
2090 86 10
2100 78 -8
2110 93 15
2120 81 -12
2130 85 4
2140 79 -6
2150 79 0
2160 81 2
2170 73 -8
2180 83 10
2190 85 2
2200 94 9
2210 86 -8
2220 89 3
2230 81 -8
2240 89 8
2250 80 -9
2260 84 4
2270 92 8
2280 75 -17
2290 78 3
2300 78 0
2310 83 5
2320 96 13
2330 92 -4
2340 83 -9
2350 86 3
2360 79 -7
2370 80 1
2380 94 14
2390 90 -4
2400 83 -7
2410 82 -1
2420 91 9
2430 85 -6
2440 100 15
2450 80 -20
2460 90 10
2470 96 6
2480 94 -2
2490 82 -12
2500 96 14
2510 82 -14
2520 89 7
2530 98 9
2540 85 -13
2550 81 -4
2560 78 -3
2570 99 21
2580 86 -13
2590 91 5
2600 95 4
2610 98 3
2620 84 -14
2630 184 100
2640 91 -93
2650 90 -1
2660 81 -9
2670 90 9
2680 89 -1
2690 89 0
2700 96 7
2710 74 -22
2720 82 8
2730 75 -7
2740 92 17
2750 88 -4
2760 91 3
2770 91 0
2780 83 -8
2790 92 9
2800 82 -10
2810 80 -2
2820 80 0
2830 69 -11
2840 74 5
2850 92 18
2860 89 -3
2870 76 -13
2880 92 16
2890 82 -10
2900 83 1
2910 100 17
2920 89 -11
2930 98 9
2940 84 -14
2950 79 -5
2960 82 3
2970 77 -5
2980 79 2
2990 93 14
3000 81 -12
3010 80 -1
3020 85 5
3030 93 8
3040 102 9
3050 97 -5
3060 93 -4
3070 100 7
3080 87 -13
3090 90 3
3100 104 14
3110 95 -9
3120 103 8
3130 102 -1
3140 96 -6
3150 99 3
3160 92 -7
3170 97 5
3180 91 -6
3190 101 10
3200 99 -2
3210 94 -5
3220 103 9
3230 105 2
3240 92 -13
3250 84 -8
3260 93 9
3270 94 1
3280 98 4
3290 91 -7
3300 95 4
3310 104 9
3320 96 -8
3330 94 -2
3340 79 -15
3350 86 7
3360 99 13
3370 88 -11
3380 102 14
3390 93 -9
3400 92 -1
3410 94 2
3420 99 5
3430 94 -5
3440 94 0
3450 96 2
3460 84 -12
3470 156 72
3480 92 -64
3490 101 9
3500 105 4
3510 94 -11
3520 89 -5
3530 99 10
3540 98 -1
3550 97 -1
3560 95 -2
3570 91 -4
3580 97 6
3590 100 3
3600 110 10
3610 155 45
3620 100 -55
3630 80 -20
3640 90 10
3650 98 8
3660 98 0
3670 92 -6
3680 99 7
3690 101 2
3700 98 -3
3710 121 23
3720 72 -49
3730 93 21
3740 94 1
3750 95 1
3760 99 4
3770 88 -11
3780 100 12
3790 99 -1
3800 99 0
3810 99 0
3820 94 -5
3830 99 5
3840 101 2
3850 98 -3
3860 90 -8
3870 87 -3
3880 89 2
3890 107 18
3900 101 -6
3910 93 -8
3920 91 -2
3930 94 3
3940 112 18
3950 100 -12
3960 95 -5
3970 93 -2
3980 100 7
3990 99 -1
4000 99 0
4010 95 -4
4020 94 -1
4030 99 5
4040 95 -4
4050 89 -6
4060 89 0
4070 99 10
4080 95 -4
4090 98 3
4100 100 2
4110 101 1
4120 80 -21
4130 184 104
4140 99 -85
4150 96 -3
4160 87 -9
4170 98 11
4180 99 1
4190 99 0
4200 91 -8
4210 99 8
4220 119 20
4230 101 -18
4240 93 -8
4250 86 -7
4260 105 19
4270 95 -10
4280 100 5
4290 101 1
4300 101 0
4310 100 -1
4320 98 -2
4330 98 0
4340 94 -4
4350 97 3
4360 203 106
4370 100 -103
4380 97 -3
4390 96 -1
4400 118 22
4410 101 -17
4420 100 -1
4430 97 -3
4440 100 3
4450 115 15
4460 114 -1
4470 104 -10
4480 102 -2
4490 92 -10
4500 91 -1
4510 73 -18
4520 99 26
4530 97 -2
4540 100 3
4550 98 -2
4560 94 -4
4570 100 6
4580 88 -12
4590 98 10
4600 96 -2
4610 99 3
4620 150 51
4630 99 -51
4640 98 -1
4650 97 -1
4660 102 5
4670 95 -7
4680 101 6
4690 127 26
4700 98 -29
4710 100 2
4720 97 -3
4730 100 3
4740 90 -10
4750 101 11
4760 100 -1
4770 102 2
4780 85 -17
4790 74 -11
4800 51 -23
4810 15 -36
4820 5 -10
4830 0 -5
4839 0 0
