10 0.1 0.8203125 0 0.8203125 0.8203125 0 0
20 0.1 1.08984375 0.0 1.08984375 0.8203125 0.8203125 1
30 0.1 1.1484375 0.0 1.1484375 0.8203125 0.955078125 2
40 0.1 1.12890625 0.0 1.1484375 0.8203125 1.01953125 3
50 0.1 1.26171875 0.0 1.26171875 0.8203125 1.046875 4
60 0.1 1.30078125 0.0 1.30078125 0.8203125 1.08984375 5
70 0.1 1.26171875 0.0 1.30078125 0.8203125 1.125 6
80 0.1 1.359375 0.0 1.359375 0.8203125 1.14453125 7
90 0.1 1.30859375 0.0 1.359375 0.8203125 1.17138671875 8
100 0.1 1.23046875 0.0 1.359375 0.8203125 1.1866319444444444 9
110 0.1 1.19140625 0.0 1.359375 0.8203125 1.191015625 10
120 0.1 1.16015625 0.0 1.359375 0.8203125 1.1910511363636365 11
130 0.1 1.21875 0.0 1.359375 0.8203125 1.1884765625000002 12
140 0.1 1.421875 0.0 1.421875 0.8203125 1.1908052884615388 13
150 0.1 1.5703125 0.0 1.5703125 0.8203125 1.207310267857143 14
160 0.1 1.48046875 0.0 1.5703125 0.8203125 1.2315104166666668 15
170 0.1 1.55859375 0.0 1.5703125 0.8203125 1.2470703125000002 16
180 0.1 1.83984375 0.0 1.83984375 0.8203125 1.2653952205882355 17
190 0.1 1.94921875 0.0 1.94921875 0.8203125 1.297309027777778 18
200 0.1 1.87109375 0.0 1.94921875 0.8203125 1.331620065789474 19
210 0.1 2.19140625 0.0 2.19140625 0.8203125 1.3585937500000003 20
220 0.1 1.9296875 0.0 2.19140625 0.8203125 1.3982514880952384 21
230 0.1 2.01953125 0.0 2.19140625 0.8203125 1.4224076704545459 22
240 0.1 2.30078125 0.0 2.30078125 0.8203125 1.4483695652173916 23
250 0.1 2.25 0.0 2.30078125 0.8203125 1.4838867187500002 24
260 0.1 1.98046875 0.0 2.30078125 0.8203125 1.5145312500000003 25
270 0.1 1.828125 0.0 2.30078125 0.8203125 1.5324519230769234 26
280 0.1 1.69921875 0.0 2.30078125 0.8203125 1.5434027777777781 27
290 0.1 1.671875 0.0 2.30078125 0.8203125 1.5489676339285716 28
300 0.1 1.87890625 0.0 2.30078125 0.8203125 1.5532058189655176 29
310 0.1 2.1796875 0.0 2.30078125 0.8203125 1.5640625000000001 30
320 0.1 2.078125 0.0 2.30078125 0.8203125 1.5839213709677422 31
330 0.1 2.140625 0.0 2.30078125 0.8203125 1.5993652343750002 32
340 0.1 2.19140625 0.0 2.30078125 0.8203125 1.6157670454545456 33
350 0.1 2.078125 0.0 2.30078125 0.8203125 1.6326976102941178 34
360 0.1 1.98046875 0.0 2.30078125 0.8203125 1.6454241071428573 35
370 0.1 1.98828125 0.0 2.30078125 0.8203125 1.654730902777778 36
380 0.1 1.83984375 0.0 2.30078125 0.8203125 1.6637457770270272 37
390 0.1 2.33984375 0.0 2.33984375 0.8203125 1.6683799342105265 38
400 0.1 2.28125 0.0 2.33984375 0.8203125 1.685596955128205 39
410 0.1 2.078125 0.0 2.33984375 0.8203125 1.70048828125 40
420 0.1 2.16015625 0.0 2.33984375 0.8203125 1.7096989329268293 41
430 0.1 1.98046875 0.0 2.33984375 0.8203125 1.7204241071428572 42
440 0.1 1.98046875 0.0 2.33984375 0.8203125 1.7264716569767442 43
450 0.1 1.96875 0.0 2.33984375 0.8203125 1.7322443181818181 44
460 0.1 2.12109375 0.0 2.33984375 0.8203125 1.7375 45
470 0.1 2.1796875 0.0 2.33984375 0.8203125 1.7458389945652173 46
480 0.1 2.53125 0.0 2.53125 0.8203125 1.7550698138297873 47
490 0.1 2.44921875 0.0 2.53125 0.8203125 1.771240234375 48
500 0.1 2.69921875 0.0 2.69921875 0.8203125 1.785076530612245 49
510 0.1 3.19921875 0.0 3.19921875 0.8203125 1.803359375 50
520 0.1 3.1796875 0.0 3.19921875 0.8203125 1.8307291666666667 51
530 0.1 3.4609375 0.0 3.4609375 0.8203125 1.8566706730769231 52
540 0.1 3.30859375 0.0 3.4609375 0.8203125 1.8869398584905661 53
550 0.1 3.19140625 0.0 3.4609375 0.8203125 1.9132667824074074 54
560 0.1 3.1484375 0.0 3.4609375 0.8203125 1.9365056818181818 55
570 0.1 3.12890625 0.0 3.4609375 0.8203125 1.9581473214285714 56
580 0.1 3.26171875 0.0 3.4609375 0.8203125 1.978686951754386 57
590 0.1 3.62109375 0.0 3.62109375 0.8203125 2.0008081896551726 58
600 0.1 3.51171875 0.0 3.62109375 0.8203125 2.0282706567796613 59
610 0.1 3.8984375 0.0 3.8984375 0.8203125 2.052994791666667 60
620 0.1 4.28125 0.0 4.28125 0.8203125 2.0832479508196724 61
630 0.1 5.109375 0.0 5.109375 0.8203125 2.1186995967741935 62
640 0.1 5.078125 0.0 5.109375 0.8203125 2.166170634920635 63
650 0.1 4.6015625 0.0 5.109375 0.8203125 2.211669921875 64
660 0.1 4.37109375 0.0 5.109375 0.8203125 2.2484375 65
670 0.1 3.8515625 0.0 5.109375 0.8203125 2.2805989583333335 66
680 0.1 4.12890625 0.0 5.109375 0.8203125 2.3040461753731343 67
690 0.1 4.5 0.0 5.109375 0.8203125 2.3308823529411766 68
700 0.1 4.94921875 0.0 5.109375 0.8203125 2.36231884057971 69
710 0.1 4.73046875 0.0 5.109375 0.8203125 2.3992745535714284 70
720 0.1 4.83984375 0.0 5.109375 0.8203125 2.4321082746478875 71
730 0.1 4.76953125 0.0 5.109375 0.8203125 2.465549045138889 72
740 0.1 5.01953125 0.0 5.109375 0.8203125 2.4971104452054793 73
750 0.1 4.87109375 0.0 5.109375 0.8203125 2.5311972128378377 74
760 0.1 5.05078125 0.0 5.109375 0.8203125 2.5623958333333334 75
770 0.1 5.26171875 0.0 5.26171875 0.8203125 2.595137746710526 76
780 0.1 5.30078125 0.0 5.30078125 0.8203125 2.6297686688311686 77
790 0.1 5.25 0.0 5.30078125 0.8203125 2.6640124198717947 78
800 0.1 4.9609375 0.0 5.30078125 0.8203125 2.6967464398734178 79
810 0.1 4.96875 0.0 5.30078125 0.8203125 2.725048828125 80
820 0.1 5.0390625 0.0 5.30078125 0.8203125 2.7527488425925926 81
830 0.1 4.859375 0.0 5.30078125 0.8203125 2.7806307164634148 82
840 0.1 4.6484375 0.0 5.30078125 0.8203125 2.805675828313253 83
850 0.1 5.23046875 0.0 5.30078125 0.8203125 2.8276134672619047 84
860 0.1 4.94140625 0.0 5.30078125 0.8203125 2.8558823529411765 85
870 0.1 5.921875 0.0 5.921875 0.8203125 2.8801326308139537 86
880 0.1 6.08984375 0.0 6.08984375 0.8203125 2.9150951867816093 87
890 0.1 5.828125 0.0 6.08984375 0.8203125 2.951171875 88
900 0.1 5.30859375 0.0 6.08984375 0.8203125 2.983497191011236 89
910 0.1 5.2109375 0.0 6.08984375 0.8203125 3.0093315972222223 90
920 0.1 5.4296875 0.0 6.08984375 0.8203125 3.033525068681319 91
930 0.1 5.91015625 0.0 6.08984375 0.8203125 3.0595703125 92
940 0.1 6.078125 0.0 6.08984375 0.8203125 3.0902217741935485 93
950 0.1 5.53125 0.0 6.08984375 0.8203125 3.122007978723404 94
960 0.1 4.83984375 0.0 6.08984375 0.8203125 3.1473684210526316 95
970 0.1 4.9296875 0.0 6.08984375 0.8203125 3.1649983723958335 96
980 0.1 4.62890625 0.0 6.08984375 0.8203125 3.183191043814433 97
990 0.1 4.91015625 0.0 6.08984375 0.8203125 3.197943239795918 98
1000 0.1 5.28125 0.0 6.08984375 0.8203125 3.2152383207070705 99
1010 0.1 5.55078125 0.0 6.08984375 0.8203125 3.2358984375 100
1020 0.1 4.8515625 0.0 6.08984375 0.8203125 3.2588180693069306 101
1030 0.1 4.9609375 0.0 6.08984375 0.8203125 3.2744332107843137 102
1040 0.1 5.03125 0.0 6.08984375 0.8203125 3.2908070388349513 103
1050 0.1 5.25 0.0 6.08984375 0.8203125 3.3075420673076925 104
1060 0.1 4.98046875 0.0 6.08984375 0.8203125 3.326041666666667 105
1070 0.1 4.66015625 0.0 6.08984375 0.8203125 3.3416494693396226 106
1080 0.1 5.421875 0.0 6.08984375 0.8203125 3.3539719626168223 107
1090 0.1 4.890625 0.0 6.08984375 0.8203125 3.373119212962963 108
1100 0.1 5.0703125 0.0 6.08984375 0.8203125 3.38704128440367 109
1110 0.1 5.12109375 0.0 6.08984375 0.8203125 3.40234375 110
1120 0.1 4.71875 0.0 6.08984375 0.8203125 3.417827984234234 111
1130 0.1 4.96875 0.0 6.08984375 0.8203125 3.429443359375 112
1140 0.1 4.96875 0.0 6.08984375 0.8203125 3.443065542035398 113
1150 0.1 4.8203125 0.0 6.08984375 0.8203125 3.4564487390350878 114
1160 0.1 4.23828125 0.0 6.08984375 0.8203125 3.4683084239130433 115
1170 0.1 4.73046875 0.0 6.08984375 0.8203125 3.4749461206896552 116
1180 0.1 5.30078125 0.0 6.08984375 0.8203125 3.4856770833333335 117
1190 0.1 5.37890625 0.0 6.08984375 0.8203125 3.5010593220338984 118
1200 0.1 5.5703125 0.0 6.08984375 0.8203125 3.5168395483193278 119
1210 0.1 6.609375 0.0 6.609375 0.8203125 3.533951822916667 120
1220 0.1 6.609375 0.0 6.609375 0.8203125 3.55936854338843 121
1230 0.1 6.44921875 0.0 6.609375 0.8203125 3.5843685963114753 122
1240 0.1 6.62109375 0.0 6.62109375 0.8203125 3.6076600609756095 123
1250 0.1 6.62890625 0.0 6.62890625 0.8203125 3.631961945564516 124
1260 0.1 6.4609375 0.0 6.62890625 0.8203125 3.6559375 125
1270 0.1 6.71875 0.0 6.71875 0.8203125 3.6781994047619047 126
1280 0.1 6.140625 0.0 6.71875 0.8203125 3.702140748031496 127
1290 0.1 6.33984375 0.0 6.71875 0.8203125 3.72119140625 128
1300 0.1 5.9609375 0.0 6.71875 0.8203125 3.7414910368217056 129
1310 0.1 6.03125 0.0 6.71875 0.8203125 3.758563701923077 130
1320 0.1 5.7109375 0.0 6.71875 0.8203125 3.7759124522900764 131
1330 0.1 6.51171875 0.0 6.71875 0.8203125 3.7905717329545454 132
1340 0.1 5.80859375 0.0 6.71875 0.8203125 3.811031484962406 133
1350 0.1 5.91015625 0.0 6.71875 0.8203125 3.825938666044776 134
1360 0.1 5.390625 0.0 6.71875 0.8203125 3.8413773148148147 135
1370 0.1 5.55859375 0.0 6.71875 0.8203125 3.8527688419117645 136
1380 0.1 5.859375 0.0 6.71875 0.8203125 3.8652201186131387 137
1390 0.1 5.5703125 0.0 6.71875 0.8203125 3.8796705163043477 138
1400 0.1 5.87109375 0.0 6.71875 0.8203125 3.8918334082733814 139
1410 0.1 6.16015625 0.0 6.71875 0.8203125 3.905970982142857 140
1420 0.1 6.05859375 0.0 6.71875 0.8203125 3.9219581117021276 141
1430 0.1 5.98046875 0.0 6.71875 0.8203125 3.937004841549296 142
1440 0.1 7.33984375 0.0 7.33984375 0.8203125 3.9512947989510487 143
1450 0.1 7.2890625 0.0 7.33984375 0.8203125 3.974826388888889 144
1460 0.1 7.4609375 0.0 7.4609375 0.8203125 3.9976831896551723 145
1470 0.1 7.41015625 0.0 7.4609375 0.8203125 4.021404109589041 146
1480 0.1 7.390625 0.0 7.4609375 0.8203125 4.044456845238095 147
1490 0.1 6.9296875 0.0 7.4609375 0.8203125 4.067066089527027 148
1500 0.1 7.28125 0.0 7.4609375 0.8203125 4.086278313758389 149
1510 0.1 7.5390625 0.0 7.5390625 0.8203125 4.107578125 150
1520 0.1 7.05078125 0.0 7.5390625 0.8203125 4.130303187086093 151
1530 0.1 6.94921875 0.0 7.5390625 0.8203125 4.149516858552632 152
1540 0.1 6.828125 0.0 7.5390625 0.8203125 4.16781556372549 153
1550 0.1 6.828125 0.0 7.5390625 0.8203125 4.185090300324675 154
1560 0.1 6.640625 0.0 7.5390625 0.8203125 4.202142137096774 155
1570 0.1 7.5703125 0.0 7.5703125 0.8203125 4.2177734375 156
1580 0.1 8.23046875 0.0 8.23046875 0.8203125 4.239127189490445 157
1590 0.1 7.66015625 0.0 8.23046875 0.8203125 4.2643888449367084 158
1600 0.1 8.03125 0.0 8.23046875 0.8203125 4.285745872641509 159
1610 0.1 8.03125 0.0 8.23046875 0.8203125 4.309155273437499 160
1620 0.1 7.26171875 0.0 8.23046875 0.8203125 4.332273874223601 161
1630 0.1 6.76953125 0.0 8.23046875 0.8203125 4.350356867283949 162
1640 0.1 6.890625 0.0 8.23046875 0.8203125 4.365198427914109 163
1650 0.1 6.76953125 0.0 8.23046875 0.8203125 4.380597370426828 164
1660 0.1 6.5 0.0 8.23046875 0.8203125 4.395075757575756 165
1670 0.1 6.71875 0.0 8.23046875 0.8203125 4.4077560240963845 166
1680 0.1 6.73828125 0.0 8.23046875 0.8203125 4.421594311377244 167
1690 0.1 6.55859375 0.0 8.23046875 0.8203125 4.435384114583331 168
1700 0.1 7.01953125 0.0 8.23046875 0.8203125 4.447947485207099 169
1710 0.1 6.859375 0.0 8.23046875 0.8203125 4.46307444852941 170
1720 0.1 6.87109375 0.0 8.23046875 0.8203125 4.477087902046781 171
1730 0.1 7.140625 0.0 8.23046875 0.8203125 4.491006540697672 172
1740 0.1 8.421875 0.0 8.421875 0.8203125 4.506322254335258 173
1750 0.1 7.58984375 0.0 8.421875 0.8203125 4.52882543103448 174
1760 0.1 7.16015625 0.0 8.421875 0.8203125 4.546316964285712 175
1770 0.1 7.44921875 0.0 8.421875 0.8203125 4.561168323863634 176
1780 0.1 7.3984375 0.0 8.421875 0.8203125 4.57748499293785 177
1790 0.1 7.46875 0.0 8.421875 0.8203125 4.593333040730334 178
1800 0.1 7.6484375 0.0 8.421875 0.8203125 4.609396822625695 179
1810 0.1 8.73828125 0.0 8.73828125 0.8203125 4.626280381944441 180
1820 0.1 10.359375 0.0 10.359375 0.8203125 4.6489986187845265 181
1830 0.1 9.58984375 0.0 10.359375 0.8203125 4.680374313186809 182
1840 0.1 9.640625 0.0 10.359375 0.8203125 4.707202015027319 183
1850 0.1 9.98828125 0.0 10.359375 0.8203125 4.734014096467388 184
1860 0.1 9.94921875 0.0 10.359375 0.8203125 4.7624155405405375 185
1870 0.1 10.1796875 0.0 10.359375 0.8203125 4.790301579301072 186
1880 0.1 10.6484375 0.0 10.6484375 0.8203125 4.819121824866307 187
1890 0.1 9.921875 0.0 10.6484375 0.8203125 4.850128823138294 188
1900 0.1 9.5 0.0 10.6484375 0.8203125 4.876963458994705 189
1910 0.1 8.19140625 0.0 10.6484375 0.8203125 4.9012952302631545 190
1920 0.1 8.1484375 0.0 10.6484375 0.8203125 4.918520942408374 191
1930 0.1 7.41015625 0.0 10.6484375 0.8203125 4.935343424479163 192
1940 0.1 6.94921875 0.0 10.6484375 0.8203125 4.9481662888601 193
1950 0.1 7.3203125 0.0 10.6484375 0.8203125 4.958480992268037 194
1960 0.1 7.55859375 0.0 10.6484375 0.8203125 4.970592948717945 195
1970 0.1 9.03125 0.0 10.6484375 0.8203125 4.983797034438772 196
1980 0.1 8.73828125 0.0 10.6484375 0.8203125 5.004342480964463 197
1990 0.1 8.30859375 0.0 10.6484375 0.8203125 5.023200757575753 198
2000 0.1 8.359375 0.0 10.6484375 0.8203125 5.039710270100499 199
2010 0.1 8.28125 0.0 10.6484375 0.8203125 5.056308593749996 200
2020 0.1 8.66015625 0.0 10.6484375 0.8203125 5.072353078358206 201
2030 0.1 8.19140625 0.0 10.6484375 0.8203125 5.090114480198016 202
2040 0.1 7.3203125 0.0 10.6484375 0.8203125 5.105391779556647 203
2050 0.1 8.33984375 0.0 10.6484375 0.8203125 5.116249234068624 204
2060 0.1 7.44921875 0.0 10.6484375 0.8203125 5.13197408536585 205
2070 0.1 8.26953125 0.0 10.6484375 0.8203125 5.143222845873783 206
2080 0.1 8.640625 0.0 10.6484375 0.8203125 5.158325785024151 207
2090 0.1 8.30078125 0.0 10.6484375 0.8203125 5.175067608173074 208
2100 0.1 8.9609375 0.0 10.6484375 0.8203125 5.190023175837317 209
2110 0.1 9.109375 0.0 10.6484375 0.8203125 5.207979910714283 210
2120 0.1 10.6484375 0.0 10.6484375 0.8203125 5.22646993483412 211
2130 0.1 10.140625 0.0 10.6484375 0.8203125 5.252045253537733 212
2140 0.1 9.671875 0.0 10.6484375 0.8203125 5.274996332159621 213
2150 0.1 10.1484375 0.0 10.6484375 0.8203125 5.295542494158875 214
2160 0.1 9.921875 0.0 10.6484375 0.8203125 5.318114098837206 215
2170 0.1 11.62890625 0.0 11.62890625 0.8203125 5.33942780671296 216
2180 0.1 10.46875 0.0 11.62890625 0.8203125 5.368411578341011 217
2190 0.1 10.26953125 0.0 11.62890625 0.8203125 5.391807626146786 218
2200 0.1 9.5390625 0.0 11.62890625 0.8203125 5.414080336757988 219
2210 0.1 9.41015625 0.0 11.62890625 0.8203125 5.432830255681815 220
2220 0.1 10.21875 0.0 11.62890625 0.8203125 5.45082720588235 221
2230 0.1 9.73046875 0.0 11.62890625 0.8203125 5.472304335585583 222
2240 0.1 9.51953125 0.0 11.62890625 0.8203125 5.4913992432735395 223
2250 0.1 9.75 0.0 11.62890625 0.8203125 5.509381975446425 224
2260 0.1 11.16015625 0.0 11.62890625 0.8203125 5.528229166666663 225
2270 0.1 12.1484375 0.0 12.1484375 0.8203125 5.553149198008846 226
2280 0.1 13.4609375 0.0 13.4609375 0.8203125 5.582203331497794 227
2290 0.1 12.75 0.0 13.4609375 0.8203125 5.616759183114032 228
2300 0.1 11.1015625 0.0 13.4609375 0.8203125 5.647908706331875 229
2310 0.1 9.83984375 0.0 13.4609375 0.8203125 5.671620244565214 230
2320 0.1 10.44921875 0.0 13.4609375 0.8203125 5.689664502164499 231
2330 0.1 9.94140625 0.0 13.4609375 0.8203125 5.710179822198273 232
2350 0.1 12.078125 0.0 13.4609375 0.8203125 5.728339592274676 233
2360 0.1 13.94140625 0.0 13.94140625 0.8203125 5.755475427350424 234
2370 0.1 12.671875 0.0 13.94140625 0.8203125 5.790309175531912 235
2380 0.1 13.6015625 0.0 13.94140625 0.8203125 5.819468352754234 236
2390 0.1 13.3515625 0.0 13.94140625 0.8203125 5.852304193037972 237
2400 0.1 15.73046875 0.0 15.73046875 0.8203125 5.883813681722686 238
2410 0.1 15.05859375 0.0 15.73046875 0.8203125 5.925013075313805 239
2420 0.1 18.8515625 0.0 18.8515625 0.8203125 5.963069661458331 240
2430 0.1 19.01953125 0.0 19.01953125 0.8203125 6.016548884854769 241
2440 0.1 19.1015625 0.0 19.1015625 0.8203125 6.070280216942146 242
2450 0.1 17.921875 0.0 19.1015625 0.8203125 6.123906893004112 243
2460 0.1 18.76171875 0.0 19.1015625 0.8203125 6.172259221311473 244
2470 0.1 18.01171875 0.0 19.1015625 0.8203125 6.2236447704081606 245
2480 0.1 18.30859375 0.0 19.1015625 0.8203125 6.2715637703252005 246
2490 0.1 18.58984375 0.0 19.1015625 0.8203125 6.32029668522267 247
2500 0.1 22.828125 0.0 22.828125 0.8203125 6.369770665322578 248
2510 0.1 23.05859375 0.0 23.05859375 0.8203125 6.43586847389558 249
2520 0.1 21.609375 0.0 23.05859375 0.8203125 6.5023593749999975 250
2530 0.1 21.01953125 0.0 23.05859375 0.8203125 6.562546688247009 251
2540 0.1 20.6484375 0.0 23.05859375 0.8203125 6.619915674603172 252
2550 0.1 22.1015625 0.0 23.05859375 0.8203125 6.675364377470353 253
2560 0.1 22.1796875 0.0 23.05859375 0.8203125 6.736097440944879 254
2570 0.1 23.2890625 0.0 23.2890625 0.8203125 6.796660539215684 255
2580 0.1 27.08984375 0.0 27.08984375 0.8203125 6.861083984374997 256
2590 0.1 29.578125 0.0 29.578125 0.8203125 6.939795111867702 257
2600 0.1 28.51171875 0.0 29.578125 0.8203125 7.027540576550385 258
2610 0.1 29.69140625 0.0 29.69140625 0.8203125 7.1104910714285685 259
2620 0.1 30.8203125 0.0 30.8203125 0.8203125 7.197340745192305 260
2630 0.1 30.01953125 0.0 30.8203125 0.8203125 7.287850215517238 261
2640 0.1 30.2109375 0.0 30.8203125 0.8203125 7.374612356870227 262
2650 0.1 30.94140625 0.0 30.94140625 0.8203125 7.461442490494294 263
2660 0.1 30.890625 0.0 30.94140625 0.8203125 7.550381747159088 264
2670 0.1 28.83984375 0.0 30.94140625 0.8203125 7.63845813679245 265
2680 0.1 27.05859375 0.0 30.94140625 0.8203125 7.718162593984959 266
2690 0.1 26.51953125 0.0 30.94140625 0.8203125 7.790598665730334 267
2700 0.1 28.83984375 0.0 30.94140625 0.8203125 7.86048274253731 268
2710 0.1 33.171875 0.0 33.171875 0.8203125 7.93847293215613 269
2720 0.1 31.8203125 0.0 33.171875 0.8203125 8.031929976851849 270
2730 0.1 32.8203125 0.0 33.171875 0.8203125 8.119709986162357 271
2740 0.1 32.80078125 0.0 33.171875 0.8203125 8.210521024816172 272
2750 0.1 33.578125 0.0 33.578125 0.8203125 8.300595238095234 273
2760 0.1 29.76171875 0.0 33.578125 0.8203125 8.39284899635036 274
2770 0.1 29.37109375 0.0 33.578125 0.8203125 8.470553977272722 275
2780 0.1 29.66015625 0.0 33.578125 0.8203125 8.546280570652169 276
2790 0.1 29.58984375 0.0 33.578125 0.8203125 8.622503948555952 277
2800 0.1 29.4296875 0.0 33.578125 0.8203125 8.697926034172657 278
2810 0.1 29.51953125 0.0 33.578125 0.8203125 8.772233422939063 279
2820 0.1 31.33984375 0.0 33.578125 0.8203125 8.846330915178566 280
2830 0.1 27.26171875 0.0 33.578125 0.8203125 8.926379003558713 281
2840 0.1 26.71875 0.0 33.578125 0.8203125 8.991397938829781 282
2850 0.1 24.44921875 0.0 33.578125 0.8203125 9.054038758833915 283
2860 0.1 25.21875 0.0 33.578125 0.8203125 9.1082471390845 284
2870 0.1 27.12890625 0.0 33.578125 0.8203125 9.164775219298239 285
2880 0.1 25.98046875 0.0 33.578125 0.8203125 9.227586866258735 286
2890 0.1 23.5703125 0.0 33.578125 0.8203125 9.285959277003478 287
2900 0.1 22.51953125 0.0 33.578125 0.8203125 9.335557725694438 288
2910 0.1 21.44140625 0.0 33.578125 0.8203125 9.381177011245668 289
2920 0.1 21.5 0.0 33.578125 0.8203125 9.422764008620684 290
2930 0.1 19.671875 0.0 33.578125 0.8203125 9.46426653780068 291
2940 0.1 17.28125 0.0 33.578125 0.8203125 9.49922410102739 292
2950 0.1 19.69140625 0.0 33.578125 0.8203125 9.525783916382247 293
2960 0.1 17.58984375 0.0 33.578125 0.8203125 9.560360863095232 294
2970 0.1 18.7109375 0.0 33.578125 0.8203125 9.587579449152535 295
2980 0.1 19.71875 0.0 33.578125 0.8203125 9.618401604729723 296
2990 0.1 21.94140625 0.0 33.578125 0.8203125 9.652409511784505 297
3000 0.1 25.75 0.0 33.578125 0.8203125 9.693647755872478 298
3010 0.1 24.578125 0.0 33.578125 0.8203125 9.747347930602 299
3020 0.1 25.69140625 0.0 33.578125 0.8203125 9.79678385416666 300
3030 0.1 30.08984375 0.0 33.578125 0.8203125 9.849589908637867 301
3040 0.1 34.19140625 0.0 34.19140625 0.8203125 9.916610616721849 302
3050 0.1 36.30859375 0.0 36.30859375 0.8203125 9.996725453795374 303
3060 0.1 39.33984375 0.0 39.33984375 0.8203125 10.083277652138152 304
3070 0.1 38.1015625 0.0 39.33984375 0.8203125 10.179200819672126 305
3080 0.1 41.26953125 0.0 41.26953125 0.8203125 10.270450367647053 306
3090 0.1 40.8203125 0.0 41.26953125 0.8203125 10.371424572475565 307
3100 0.1 42.1015625 0.0 42.1015625 0.8203125 10.470284598214281 308
3110 0.1 40.7890625 0.0 42.1015625 0.8203125 10.572651193365692 309
3120 0.1 43.73046875 0.0 43.73046875 0.8203125 10.670123487903222 310
3130 0.1 42.3984375 0.0 43.73046875 0.8203125 10.776426848874594 311
3140 0.1 42.76171875 0.0 43.73046875 0.8203125 10.877779447115381 312
3150 0.1 40.94921875 0.0 43.73046875 0.8203125 10.97964506789137 313
3170 0.1 35.76171875 0.0 43.73046875 0.8203125 11.07508957006369 314
3180 0.1 38.890625 0.0 43.73046875 0.8203125 11.15345982142857 315
3190 0.1 38.66015625 0.0 43.73046875 0.8203125 11.241235660601264 316
3200 0.1 39.21875 0.0 43.73046875 0.8203125 11.327730678233436 317
3210 0.1 43.359375 0.0 43.73046875 0.8203125 11.415438286163521 318
3220 0.1 42.01171875 0.0 43.73046875 0.8203125 11.515576018808778 319
3230 0.1 40.921875 0.0 43.73046875 0.8203125 11.61087646484375 320
3240 0.1 44.23046875 0.0 44.23046875 0.8203125 11.702187986760125 321
3250 0.1 44.37890625 0.0 44.37890625 0.8203125 11.803207492236025 322
3260 0.1 44.25 0.0 44.37890625 0.8203125 11.90406104876161 323
3270 0.1 43.828125 0.0 44.37890625 0.8203125 12.00389419367284 324
3280 0.1 42.44140625 0.0 44.37890625 0.8203125 12.101814903846154 325
3290 0.1 44.05859375 0.0 44.37890625 0.8203125 12.194881134969325 326
3300 0.1 43.58984375 0.0 44.37890625 0.8203125 12.292323681192661 327
3310 0.1 43.6015625 0.0 44.37890625 0.8203125 12.387742949695122 328
3320 0.1 44.4296875 0.0 44.4296875 0.8203125 12.482617781155016 329
3330 0.1 45.7109375 0.0 45.7109375 0.8203125 12.579427083333334 330
3340 0.1 43.890625 0.0 45.7109375 0.8203125 12.679522280966767 331
3350 0.1 42.9296875 0.0 45.7109375 0.8203125 12.773531626506024 332
3360 0.1 42.48828125 0.0 45.7109375 0.8203125 12.864090653153154 333
3370 0.1 44.44140625 0.0 45.7109375 0.8203125 12.952785834580839 334
3380 0.1 42.75 0.0 45.7109375 0.8203125 13.046781716417911 335
3390 0.1 43.0390625 0.0 45.7109375 0.8203125 13.135184151785714 336
3400 0.1 41.2890625 0.0 45.7109375 0.8203125 13.223919695845698 337
3410 0.1 41.48828125 0.0 45.7109375 0.8203125 13.306952662721894 338
3420 0.1 39.4609375 0.0 45.7109375 0.8203125 13.390083425516224 339
3430 0.1 42.62890625 0.0 45.7109375 0.8203125 13.466762408088234 340
3440 0.1 43.80859375 0.0 45.7109375 0.8203125 13.552281891495602 341
3450 0.1 46.921875 0.0 46.921875 0.8203125 13.640750639619883 342
3460 0.1 43.21875 0.0 46.921875 0.8203125 13.73778015670554 343
3470 0.1 43.98828125 0.0 46.921875 0.8203125 13.823480650436046 344
3480 0.1 47.171875 0.0 47.171875 0.8203125 13.910914855072464 345
3490 0.1 41.2890625 0.0 47.171875 0.8203125 14.007044797687861 346
3500 0.1 39.94140625 0.0 47.171875 0.8203125 14.085667327089338 347
3510 0.1 38.0703125 0.0 47.171875 0.8203125 14.159965427442529 348
3520 0.1 36.390625 0.0 47.171875 0.8203125 14.228476450573066 349
3530 0.1 38.73046875 0.0 47.171875 0.8203125 14.291796875 350
3540 0.1 44.16015625 0.0 47.171875 0.8203125 14.361422720797721 351
3550 0.1 41.41015625 0.0 47.171875 0.8203125 14.446078213778408 352
3560 0.1 44.421875 0.0 47.171875 0.8203125 14.522463703966006 353
3570 0.1 46.5703125 0.0 47.171875 0.8203125 14.60692531779661 354
3580 0.1 47.5 0.0 47.5 0.8203125 14.696963028169014 355
3590 0.1 47.6015625 0.0 47.6015625 0.8203125 14.789106390449438 356
3600 0.1 50.8515625 0.0 50.8515625 0.8203125 14.881018032212886 357
3610 0.1 52.671875 0.0 52.671875 0.8203125 14.981494413407821 358
3620 0.1 55.73046875 0.0 55.73046875 0.8203125 15.086481545961004 359
3630 0.1 53.4609375 0.0 55.73046875 0.8203125 15.199381510416666 360
3640 0.1 52.26171875 0.0 55.73046875 0.8203125 15.305369200138504 361
3660 0.1 50.421875 0.0 55.73046875 0.8203125 15.407458563535911 362
3670 0.1 54.109375 0.0 55.73046875 0.8203125 15.503917011019285 363
3680 0.1 52.0390625 0.0 55.73046875 0.8203125 15.609975961538462 364
3690 0.1 48.62890625 0.0 55.73046875 0.8203125 15.709781678082193 365
3700 0.1 47.01171875 0.0 55.73046875 0.8203125 15.799724641393443 366
3710 0.1 48.23046875 0.0 55.73046875 0.8203125 15.884770946866485 367
3720 0.1 41.12109375 0.0 55.73046875 0.8203125 15.972666864809783 368
3730 0.1 38.3515625 0.0 55.73046875 0.8203125 16.040819783197833 369
3740 0.1 42.1796875 0.0 55.73046875 0.8203125 16.101119087837837 370
3750 0.1 41.2109375 0.0 55.73046875 0.8203125 16.171411725067387 371
3760 0.1 41.28125 0.0 55.73046875 0.8203125 16.238722278225808 372
3770 0.1 45.48046875 0.0 55.73046875 0.8203125 16.305860422252014 373
3780 0.1 43.6484375 0.0 55.73046875 0.8203125 16.383867396390375 374
3790 0.1 48.140625 0.0 55.73046875 0.8203125 16.456572916666666 375
3800 0.1 46.87109375 0.0 55.73046875 0.8203125 16.54083901263298 376
3810 0.1 49.109375 0.0 55.73046875 0.8203125 16.621290616710876 377
3820 0.1 49.48046875 0.0 55.73046875 0.8203125 16.70723792989418 378
3830 0.1 50.01953125 0.0 55.73046875 0.8203125 16.79371083443272 379
3840 0.1 44.62109375 0.0 55.73046875 0.8203125 16.88114720394737 380
3850 0.1 48.66015625 0.0 55.73046875 0.8203125 16.953955462598426 381
3860 0.1 48.46875 0.0 55.73046875 0.8203125 17.036955988219894 382
3870 0.1 49.078125 0.0 55.73046875 0.8203125 17.119023335509137 383
3880 0.1 48.1015625 0.0 55.73046875 0.8203125 17.202250162760418 384
3890 0.1 47.66015625 0.0 55.73046875 0.8203125 17.28250811688312 385
3900 0.1 50.19140625 0.0 55.73046875 0.8203125 17.361206687176168 386
3910 0.1 53.33984375 0.0 55.73046875 0.8203125 17.44603924418605 387
3920 0.1 49.26953125 0.0 55.73046875 0.8203125 17.538549049613405 388
3930 0.1 52.3984375 0.0 55.73046875 0.8203125 17.620119697943448 389
3940 0.1 49.83984375 0.0 55.73046875 0.8203125 17.709294871794874 390
3950 0.1 51.6484375 0.0 55.73046875 0.8203125 17.791470188618927 391
3960 0.1 56.44921875 0.0 56.44921875 0.8203125 17.877840003188776 392
3970 0.1 56.96875 0.0 56.96875 0.8203125 17.97598600508906 393
3980 0.1 54.55078125 0.0 56.96875 0.8203125 18.074952411167512 394
3990 0.1 52.80078125 0.0 56.96875 0.8203125 18.16729628164557 395
4000 0.1 55.05078125 0.0 56.96875 0.8203125 18.2547545770202 396
4010 0.1 52.921875 0.0 56.96875 0.8203125 18.34743978274559 397
4020 0.1 49.28125 0.0 56.96875 0.8203125 18.434310222989946 398
4030 0.1 49.1015625 0.0 56.96875 0.8203125 18.51162084899749 399
4040 0.1 48.96875 0.0 56.96875 0.8203125 18.588095703125 400
4050 0.1 48.890625 0.0 56.96875 0.8203125 18.66385793329177 401
4060 0.1 46.6796875 0.0 56.96875 0.8203125 18.739048896144276 402
4070 0.1 41.4296875 0.0 56.96875 0.8203125 18.808380505583123 403
4080 0.1 45.75 0.0 56.96875 0.8203125 18.86437383972772 404
4100 0.1 50.1484375 0.0 56.96875 0.8203125 18.930758101851847 405
4110 0.1 47.01171875 0.0 56.96875 0.8203125 19.00764893780788 406
4120 0.1 47.6796875 0.0 56.96875 0.8203125 19.076455006142503 407
4130 0.1 50.25 0.0 56.96875 0.8203125 19.14656096813725 408
4140 0.1 53.75 0.0 56.96875 0.8203125 19.222608496332512 409
4150 0.1 52.9296875 0.0 56.96875 0.8203125 19.306821646341458 410
4160 0.1 53.51171875 0.0 56.96875 0.8203125 19.38862910583941 411
4170 0.1 52.3984375 0.0 56.96875 0.8203125 19.471452138956305 412
4180 0.1 51.33984375 0.0 56.96875 0.8203125 19.551178495762706 413
4190 0.1 52.98046875 0.0 56.96875 0.8203125 19.62796271135265 414
4200 0.1 49.96875 0.0 56.96875 0.8203125 19.708330195783127 415
4210 0.1 53.671875 0.0 56.96875 0.8203125 19.78107158954326 416
4220 0.1 48.76171875 0.0 56.96875 0.8203125 19.86234449940047 417
4230 0.1 49.3203125 0.0 56.96875 0.8203125 19.9314817583732 418
4240 0.1 49.0 0.0 56.96875 0.8203125 20.00162216587111 419
4250 0.1 48.5390625 0.0 56.96875 0.8203125 20.07066592261904 420
4260 0.1 51.75 0.0 56.96875 0.8203125 20.13828681710213 421
4270 0.1 53.80078125 0.0 56.96875 0.8203125 20.213196090047386 422
4280 0.1 48.51171875 0.0 56.96875 0.8203125 20.292599364657203 423
4290 0.1 46.05859375 0.0 56.96875 0.8203125 20.359153891509425 424
4300 0.1 49.53125 0.0 56.96875 0.8203125 20.419623161764697 425
4310 0.1 51.75 0.0 56.96875 0.8203125 20.48796031396713 426
4320 0.1 54.51171875 0.0 56.96875 0.8203125 20.561173521662756 427
4330 0.1 51.921875 0.0 56.96875 0.8203125 20.640497225467282 428
4340 0.1 52.3515625 0.0 56.96875 0.8203125 20.71341418997668 429
4350 0.1 53.03125 0.0 56.96875 0.8203125 20.78699127906976 430
4360 0.1 50.66015625 0.0 56.96875 0.8203125 20.861803944315536 431
4370 0.1 54.6015625 0.0 56.96875 0.8203125 20.930781611689806 432
4380 0.1 55.5703125 0.0 56.96875 0.8203125 21.008543230369508 433
4390 0.1 56.0703125 0.0 56.96875 0.8203125 21.08817864343317 434
4400 0.1 54.0 0.0 56.96875 0.8203125 21.168597341954015 435
4410 0.1 48.62109375 0.0 56.96875 0.8203125 21.24389872419724 436
4420 0.1 48.16015625 0.0 56.96875 0.8203125 21.306546767734545 437
4430 0.1 46.21875 0.0 56.96875 0.8203125 21.367856378424648 438
4440 0.1 45.66015625 0.0 56.96875 0.8203125 21.424464336560355 439
4460 0.1 49.05859375 0.0 56.96875 0.8203125 21.479545454545445 440
4470 0.1 48.8203125 0.0 56.96875 0.8203125 21.542082979024936 441
4480 0.1 51.5390625 0.0 56.96875 0.8203125 21.603798430429855 442
4490 0.1 48.69140625 0.0 56.96875 0.8203125 21.671372389954843 443
4500 0.1 47.7890625 0.0 56.96875 0.8203125 21.732228322072064 444
4510 0.1 44.921875 0.0 56.96875 0.8203125 21.790783005617968 445
4520 0.1 48.8515625 0.0 56.96875 0.8203125 21.84264644058295 446
4530 0.1 47.80078125 0.0 56.96875 0.8203125 21.90306907158836 447
4540 0.1 49.78125 0.0 56.96875 0.8203125 21.960876464843743 448
4550 0.1 52.5 0.0 56.96875 0.8203125 22.022837207683732 449
4560 0.1 54.33984375 0.0 56.96875 0.8203125 22.090564236111103 450
4570 0.1 51.359375 0.0 56.96875 0.8203125 22.162070399113073 451
4580 0.1 49.55859375 0.0 56.96875 0.8203125 22.226666205752203 452
4590 0.1 49.01171875 0.0 56.96875 0.8203125 22.287001586644582 453
4600 0.1 45.7109375 0.0 56.96875 0.8203125 22.3458666024229 454
4610 0.1 43.23046875 0.0 56.96875 0.8203125 22.3972184065934 455
4620 0.1 44.1796875 0.0 56.96875 0.8203125 22.44290535910087 456
4630 0.1 50.62109375 0.0 56.96875 0.8203125 22.490469433807434 457
4640 0.1 49.28125 0.0 56.96875 0.8203125 22.551890010917024 458
4650 0.1 46.7890625 0.0 56.96875 0.8203125 22.610123910675373 459
4660 0.1 50.71875 0.0 56.96875 0.8203125 22.662686820652166 460
4670 0.1 53.48046875 0.0 56.96875 0.8203125 22.723545959869842 461
4680 0.1 50.9609375 0.0 56.96875 0.8203125 22.790119385822504 462
4690 0.1 52.390625 0.0 56.96875 0.8203125 22.850963485421158 463
4700 0.1 46.921875 0.0 56.96875 0.8203125 22.914626549030164 464
4710 0.1 45.640625 0.0 56.96875 0.8203125 22.966255040322572 465
4720 0.1 47.19921875 0.0 56.96875 0.8203125 23.014912486587974 466
4730 0.1 45.48828125 0.0 56.96875 0.8203125 23.066699009635965 467
4740 0.1 46.9296875 0.0 56.96875 0.8203125 23.114608373397427 468
4750 0.1 47.33984375 0.0 56.96875 0.8203125 23.165386793710013 469
4760 0.1 43.58984375 0.0 56.96875 0.8203125 23.21682180851063 470
4770 0.1 44.37109375 0.0 56.96875 0.8203125 23.260076632165596 471
4780 0.1 46.44921875 0.0 56.96875 0.8203125 23.30480336334745 472
4790 0.1 45.078125 0.0 56.96875 0.8203125 23.353734474101472 473
4800 0.1 38.6796875 0.0 56.96875 0.8203125 23.399566521624465 474
4810 0.1 32.73828125 0.0 56.96875 0.8203125 23.431735197368415 475
4820 0.1 27.78125 0.0 56.96875 0.8203125 23.451286764705873 476
4830 0.1 23.51171875 0.0 56.96875 0.8203125 23.460364255765192 477
4839 0.1 19.8984375 0.0 56.96875 0.8203125 23.4604716919456 478
