20 0.1 51 0 51 51 0 0
30 0.1 387.0 0.0 387 51 51.0 1
40 0.1 746.0 0.0 746 51 219.0 2
50 0.1 928.0 0.0 928 51 394.6666666666667 3
60 0.1 762.0 0.0 928 51 528.0 4
70 0.1 788.0 0.0 928 51 574.8 5
80 0.1 1147.0 0.0 1147 51 610.3333333333334 6
90 0.1 979.0 0.0 1147 51 687.0 7
100 0.1 831.0 0.0 1147 51 723.5 8
110 0.1 1006.0 0.0 1147 51 735.4444444444445 9
120 0.1 737.0 0.0 1147 51 762.5 10
130 0.1 1273.0 0.0 1273 51 760.1818181818181 11
140 0.1 1512.0 0.0 1512 51 802.9166666666666 12
150 0.1 1634.0 0.0 1634 51 857.4615384615385 13
160 0.1 2097.0 0.0 2097 51 912.9285714285714 14
170 0.1 1936.0 0.0 2097 51 991.8666666666667 15
180 0.1 1412.0 0.0 2097 51 1050.875 16
190 0.1 1619.0 0.0 2097 51 1072.1176470588234 17
200 0.1 1613.0 0.0 2097 51 1102.5 18
210 0.1 1816.0 0.0 2097 51 1129.3684210526317 19
220 0.1 2024.0 0.0 2097 51 1163.7 20
230 0.1 2158.0 0.0 2158 51 1204.6666666666667 21
240 0.1 1890.0 0.0 2158 51 1248.0 22
250 0.1 2544.0 0.0 2544 51 1275.9130434782608 23
260 0.1 2764.0 0.0 2764 51 1328.7499999999998 24
270 0.1 2444.0 0.0 2764 51 1386.1599999999996 25
280 0.1 2387.0 0.0 2764 51 1426.8461538461536 26
290 0.1 1689.0 0.0 2764 51 1462.4074074074072 27
300 0.1 2870.0 0.0 2870 51 1470.4999999999998 28
310 0.1 3032.0 0.0 3032 51 1518.758620689655 29
320 0.1 2644.0 0.0 3032 51 1569.1999999999998 30
330 0.1 2729.0 0.0 3032 51 1603.8709677419351 31
340 0.1 2790.0 0.0 3032 51 1639.0312499999998 32
350 0.1 3013.0 0.0 3032 51 1673.9090909090908 33
360 0.1 4150.0 0.0 4150 51 1713.2941176470586 34
370 0.1 4532.0 0.0 4532 51 1782.9142857142856 35
380 0.1 3746.0 0.0 4532 51 1859.2777777777778 36
390 0.1 4349.0 0.0 4532 51 1910.2702702702702 37
400 0.1 4672.0 0.0 4672 51 1974.4473684210527 38
410 0.1 4655.0 0.0 4672 51 2043.6153846153845 39
420 0.1 3082.0 0.0 4672 51 2108.9 40
430 0.1 3390.0 0.0 4672 51 2132.6341463414633 41
440 0.1 3423.0 0.0 4672 51 2162.5714285714284 42
450 0.1 3305.0 0.0 4672 51 2191.8837209302324 43
460 0.1 4259.0 0.0 4672 51 2217.181818181818 44
470 0.1 3745.0 0.0 4672 51 2262.5555555555557 45
480 0.1 3917.0 0.0 4672 51 2294.782608695652 46
490 0.1 4887.0 0.0 4887 51 2329.2978723404253 47
500 0.1 5234.0 0.0 5234 51 2382.583333333333 48
510 0.1 5262.0 0.0 5262 51 2440.7755102040815 49
520 0.1 4720.0 0.0 5262 51 2497.2 50
530 0.1 5290.0 0.0 5290 51 2540.78431372549 51
540 0.1 5010.0 0.0 5290 51 2593.653846153846 52
550 0.1 5338.0 0.0 5338 51 2639.245283018868 53
560 0.1 4919.0 0.0 5338 51 2689.222222222222 54
570 0.1 5295.0 0.0 5338 51 2729.7636363636366 55
580 0.1 5873.0 0.0 5873 51 2775.5714285714284 56
590 0.1 5418.0 0.0 5873 51 2829.9122807017543 57
600 0.1 6028.0 0.0 6028 51 2874.5344827586205 58
610 0.1 7067.0 0.0 7067 51 2927.9830508474574 59
620 0.1 7477.0 0.0 7477 51 2996.9666666666667 60
630 0.1 7664.0 0.0 7664 51 3070.409836065574 61
640 0.1 7576.0 0.0 7664 51 3144.5 62
650 0.1 6832.0 0.0 7664 51 3214.84126984127 63
660 0.1 6991.0 0.0 7664 51 3271.359375 64
670 0.1 7404.0 0.0 7664 51 3328.5846153846155 65
680 0.1 8069.0 0.0 8069 51 3390.3333333333335 66
690 0.1 8494.0 0.0 8494 51 3460.1641791044776 67
700 0.1 9026.0 0.0 9026 51 3534.1911764705883 68
710 0.1 8303.0 0.0 9026 51 3613.782608695652 69
720 0.1 7285.0 0.0 9026 51 3680.7714285714287 70
730 0.1 7983.0 0.0 9026 51 3731.5352112676055 71
740 0.1 7727.0 0.0 9026 51 3790.5833333333335 72
750 0.1 7507.0 0.0 9026 51 3844.5068493150684 73
760 0.1 8175.0 0.0 9026 51 3894.0 74
770 0.1 7032.0 0.0 9026 51 3951.08 75
780 0.1 8627.0 0.0 9026 51 3991.6184210526317 76
790 0.1 9117.0 0.0 9117 51 4051.818181818182 77
800 0.1 8368.0 0.0 9117 51 4116.75641025641 78
810 0.1 7741.0 0.0 9117 51 4170.569620253164 79
820 0.1 7923.0 0.0 9117 51 4215.2 80
830 0.1 8111.0 0.0 9117 51 4260.975308641975 81
840 0.1 7874.0 0.0 9117 51 4307.926829268293 82
850 0.1 7540.0 0.0 9117 51 4350.891566265061 83
860 0.1 7362.0 0.0 9117 51 4388.857142857143 84
870 0.1 7669.0 0.0 9117 51 4423.835294117647 85
880 0.1 7794.0 0.0 9117 51 4461.569767441861 86
890 0.1 8333.0 0.0 9117 51 4499.873563218391 87
900 0.1 7748.0 0.0 9117 51 4543.431818181818 88
910 0.1 7320.0 0.0 9117 51 4579.438202247191 89
920 0.1 7285.0 0.0 9117 51 4609.888888888889 90
930 0.1 7708.0 0.0 9117 51 4639.285714285715 91
940 0.1 8177.0 0.0 9117 51 4672.641304347827 92
950 0.1 7656.0 0.0 9117 51 4710.322580645162 93
960 0.1 7772.0 0.0 9117 51 4741.659574468085 94
970 0.1 7384.0 0.0 9117 51 4773.557894736842 95
980 0.1 6996.0 0.0 9117 51 4800.75 96
990 0.1 8337.0 0.0 9117 51 4823.381443298969 97
1000 0.1 7764.0 0.0 9117 51 4859.234693877551 98
1010 0.1 7436.0 0.0 9117 51 4888.575757575758 99
1020 0.1 7928.0 0.0 9117 51 4914.05 100
1030 0.1 8356.0 0.0 9117 51 4943.891089108911 101
1040 0.1 8003.0 0.0 9117 51 4977.343137254902 102
1050 0.1 8018.0 0.0 9117 51 5006.718446601942 103
1060 0.1 7341.0 0.0 9117 51 5035.673076923077 104
1070 0.1 7891.0 0.0 9117 51 5057.628571428571 105
1080 0.1 8417.0 0.0 9117 51 5084.358490566037 106
1090 0.1 7413.0 0.0 9117 51 5115.5046728971965 107
1100 0.1 7182.0 0.0 9117 51 5136.777777777777 108
1110 0.1 7768.0 0.0 9117 51 5155.54128440367 109
1120 0.1 8173.0 0.0 9117 51 5179.290909090909 110
1130 0.1 8544.0 0.0 9117 51 5206.261261261261 111
1140 0.1 7788.0 0.0 9117 51 5236.0625 112
1150 0.1 7774.0 0.0 9117 51 5258.646017699115 113
1160 0.1 6973.0 0.0 9117 51 5280.710526315789 114
1170 0.1 7556.0 0.0 9117 51 5295.426086956521 115
1180 0.1 8941.0 0.0 9117 51 5314.913793103448 116
1190 0.1 8242.0 0.0 9117 51 5345.9059829059825 117
1200 0.1 9990.0 0.0 9990 51 5370.449152542373 118
1210 0.1 9294.0 0.0 9990 51 5409.268907563025 119
1220 0.1 10469.0 0.0 10469 51 5441.641666666666 120
1230 0.1 11203.0 0.0 11203 51 5483.190082644628 121
1240 0.1 10905.0 0.0 11203 51 5530.073770491803 122
1250 0.1 10774.0 0.0 11203 51 5573.772357723577 123
1260 0.1 10849.0 0.0 11203 51 5615.709677419355 124
1270 0.1 10586.0 0.0 11203 51 5657.576 125
1280 0.1 10730.0 0.0 11203 51 5696.690476190476 126
1290 0.1 9484.0 0.0 11203 51 5736.322834645669 127
1300 0.1 11167.0 0.0 11203 51 5765.6015625 128
1310 0.1 11118.0 0.0 11203 51 5807.472868217054 129
1320 0.1 11465.0 0.0 11465 51 5848.323076923077 130
1330 0.1 10333.0 0.0 11465 51 5891.198473282443 131
1340 0.1 10573.0 0.0 11465 51 5924.848484848485 132
1350 0.1 10328.0 0.0 11465 51 5959.796992481203 133
1360 0.1 10590.0 0.0 11465 51 5992.395522388059 134
1370 0.1 9823.0 0.0 11465 51 6026.451851851852 135
1380 0.1 10870.0 0.0 11465 51 6054.367647058823 136
1390 0.1 11228.0 0.0 11465 51 6089.518248175183 137
1400 0.1 11685.0 0.0 11685 51 6126.753623188406 138
1410 0.1 11508.0 0.0 11685 51 6166.741007194245 139
1420 0.1 11021.0 0.0 11685 51 6204.892857142857 140
1430 0.1 10661.0 0.0 11685 51 6239.0496453900705 141
1440 0.1 10571.0 0.0 11685 51 6270.19014084507 142
1450 0.1 10563.0 0.0 11685 51 6300.265734265734 143
1460 0.1 9798.0 0.0 11685 51 6329.868055555556 144
1470 0.1 10318.0 0.0 11685 51 6353.786206896551 145
1480 0.1 11113.0 0.0 11685 51 6380.938356164384 146
1490 0.1 10270.0 0.0 11685 51 6413.1292517006805 147
1500 0.1 11860.0 0.0 11860 51 6439.189189189189 148
1510 0.1 11215.0 0.0 11860 51 6475.5704697986575 149
1520 0.1 11332.0 0.0 11860 51 6507.166666666667 150
1530 0.1 10823.0 0.0 11860 51 6539.119205298013 151
1540 0.1 11027.0 0.0 11860 51 6567.3026315789475 152
1550 0.1 11564.0 0.0 11860 51 6596.450980392156 153
1560 0.1 10829.0 0.0 11860 51 6628.7077922077915 154
1570 0.1 11144.0 0.0 11860 51 6655.8064516129025 155
1580 0.1 11277.0 0.0 11860 51 6684.576923076922 156
1590 0.1 10705.0 0.0 11860 51 6713.8280254777055 157
1600 0.1 10423.0 0.0 11860 51 6739.088607594936 158
1610 0.1 9443.0 0.0 11860 51 6762.257861635218 159
1620 0.1 10303.0 0.0 11860 51 6779.012499999999 160
1630 0.1 10344.0 0.0 11860 51 6800.900621118011 161
1640 0.1 10195.0 0.0 11860 51 6822.77160493827 162
1650 0.1 9979.0 0.0 11860 51 6843.4601226993855 163
1660 0.1 9215.0 0.0 11860 51 6862.579268292681 164
1670 0.1 11243.0 0.0 11860 51 6876.836363636362 165
1680 0.1 10785.0 0.0 11860 51 6903.138554216866 166
1690 0.1 9936.0 0.0 11860 51 6926.3832335329325 167
1700 0.1 11121.0 0.0 11860 51 6944.297619047617 168
1710 0.1 10114.0 0.0 11860 51 6969.011834319525 169
1720 0.1 10611.0 0.0 11860 51 6987.511764705881 170
1730 0.1 10283.0 0.0 11860 51 7008.701754385964 171
1740 0.1 11257.0 0.0 11860 51 7027.738372093022 172
1750 0.1 10715.0 0.0 11860 51 7052.184971098264 173
1760 0.1 9009.0 0.0 11860 51 7073.235632183907 174
1770 0.1 10789.0 0.0 11860 51 7084.297142857142 175
1780 0.1 10878.0 0.0 11860 51 7105.346590909089 176
1790 0.1 11631.0 0.0 11860 51 7126.661016949151 177
1800 0.1 11332.0 0.0 11860 51 7151.96629213483 178
1810 0.1 13329.0 0.0 13329 51 7175.318435754189 179
1820 0.1 14373.0 0.0 14373 51 7209.505555555555 180
1830 0.1 13341.0 0.0 14373 51 7249.082872928176 181
1840 0.1 13154.0 0.0 14373 51 7282.554945054943 182
1850 0.1 13221.0 0.0 14373 51 7314.639344262294 183
1860 0.1 13184.0 0.0 14373 51 7346.739130434781 184
1870 0.1 12728.0 0.0 14373 51 7378.29189189189 185
1880 0.1 12644.0 0.0 14373 51 7407.053763440859 186
1890 0.1 13308.0 0.0 14373 51 7435.058823529411 187
1900 0.1 14076.0 0.0 14373 51 7466.297872340424 188
1910 0.1 13312.0 0.0 14373 51 7501.26984126984 189
1920 0.1 11596.0 0.0 14373 51 7531.852631578946 190
1930 0.1 13045.0 0.0 14373 51 7553.1308900523545 191
1940 0.1 13259.0 0.0 14373 51 7581.734374999999 192
1950 0.1 14207.0 0.0 14373 51 7611.150259067356 193
1960 0.1 12497.0 0.0 14373 51 7645.149484536081 194
1970 0.1 13190.0 0.0 14373 51 7670.030769230768 195
1980 0.1 13256.0 0.0 14373 51 7698.193877551019 196
1990 0.1 12924.0 0.0 14373 51 7726.406091370557 197
2000 0.1 13430.0 0.0 14373 51 7752.656565656564 198
2010 0.1 14102.0 0.0 14373 51 7781.18592964824 199
2020 0.1 13792.0 0.0 14373 51 7812.789999999999 200
2030 0.1 12457.0 0.0 14373 51 7842.537313432835 201
2040 0.1 12161.0 0.0 14373 51 7865.38118811881 202
2050 0.1 13826.0 0.0 14373 51 7886.541871921181 203
2060 0.1 12863.0 0.0 14373 51 7915.656862745097 204
2070 0.1 13985.0 0.0 14373 51 7939.790243902438 205
2080 0.1 13893.0 0.0 14373 51 7969.135922330096 206
2090 0.1 13638.0 0.0 14373 51 7997.753623188405 207
2100 0.1 12428.0 0.0 14373 51 8024.8701923076915 208
2110 0.1 12475.0 0.0 14373 51 8045.937799043061 209
2120 0.1 13371.0 0.0 14373 51 8067.02857142857 210
2130 0.1 13655.0 0.0 14373 51 8092.16587677725 211
2140 0.1 13946.0 0.0 14373 51 8118.405660377357 212
2150 0.1 11321.0 0.0 14373 51 8145.765258215962 213
2160 0.1 12543.0 0.0 14373 51 8160.602803738317 214
2170 0.1 12629.0 0.0 14373 51 8180.986046511627 215
2180 0.1 13165.0 0.0 14373 51 8201.578703703703 216
2190 0.1 13550.0 0.0 14373 51 8224.451612903225 217
2200 0.1 12659.0 0.0 14373 51 8248.880733944954 218
2210 0.1 12920.0 0.0 14373 51 8269.018264840182 219
2220 0.1 13181.0 0.0 14373 51 8290.15909090909 220
2230 0.1 12918.0 0.0 14373 51 8312.28959276018 221
2240 0.1 13037.0 0.0 14373 51 8333.036036036036 222
2250 0.1 13312.0 0.0 14373 51 8354.13004484305 223
2260 0.1 13632.0 0.0 14373 51 8376.263392857143 224
2270 0.1 14527.0 0.0 14527 51 8399.622222222222 225
2280 0.1 13950.0 0.0 14527 51 8426.734513274336 226
2290 0.1 12513.0 0.0 14527 51 8451.066079295155 227
2300 0.1 12015.0 0.0 14527 51 8468.88157894737 228
2310 0.1 12639.0 0.0 14527 51 8484.366812227076 229
2320 0.1 13599.0 0.0 14527 51 8502.43043478261 230
2330 0.1 14199.0 0.0 14527 51 8524.493506493507 231
2350 0.1 13612.0 0.0 14527 51 8548.952586206897 232
2360 0.1 14460.0 0.0 14527 51 8570.682403433477 233
2370 0.1 13210.0 0.0 14527 51 8595.850427350428 234
2380 0.1 14312.0 0.0 14527 51 8615.48510638298 235
2390 0.1 12435.0 0.0 14527 51 8639.622881355932 236
2400 0.1 15163.0 0.0 15163 51 8655.637130801688 237
2410 0.1 16167.0 0.0 16167 51 8682.97899159664 238
2420 0.1 14196.0 0.0 16167 51 8714.292887029289 239
2430 0.1 16197.0 0.0 16197 51 8737.133333333333 240
2440 0.1 15324.0 0.0 16197 51 8768.08713692946 241
2450 0.1 13972.0 0.0 16197 51 8795.177685950413 242
2460 0.1 15197.0 0.0 16197 51 8816.481481481482 243
2470 0.1 15349.0 0.0 16197 51 8842.631147540984 244
2480 0.1 15716.0 0.0 16197 51 8869.18775510204 245
2490 0.1 15567.0 0.0 16197 51 8897.020325203252 246
2500 0.1 14839.0 0.0 16197 51 8924.024291497975 247
2510 0.1 1.56e4 0.0 16197 51 8947.875 248
2520 0.1 15506.0 0.0 16197 51 8974.590361445784 249
2530 0.1 14721.0 0.0 16197 51 9000.716 250
2540 0.1 14917.0 0.0 16197 51 9023.505976095617 251
2550 0.1 15846.0 0.0 16197 51 9046.892857142857 252
2560 0.1 15457.0 0.0 16197 51 9073.766798418972 253
2570 0.1 14005.0 0.0 16197 51 9098.897637795275 254
2580 0.1 16162.0 0.0 16197 51 9118.137254901962 255
2590 0.1 15851.0 0.0 16197 51 9145.65234375 256
2600 0.1 15746.0 0.0 16197 51 9171.743190661478 257
2610 0.1 14281.0 0.0 16197 51 9197.22480620155 258
2620 0.1 16871.0 0.0 16871 51 9216.853281853282 259
2630 0.1 15828.0 0.0 16871 51 9246.292307692307 260
2640 0.1 15244.0 0.0 16871 51 9271.50957854406 261
2650 0.1 15488.0 0.0 16871 51 9294.30534351145 262
2660 0.1 16140.0 0.0 16871 51 9317.855513307984 263
2670 0.1 15462.0 0.0 16871 51 9343.69696969697 264
2680 0.1 16222.0 0.0 16871 51 9366.784905660377 265
2690 0.1 15065.0 0.0 16871 51 9392.556390977443 266
2700 0.1 15755.0 0.0 16871 51 9413.80149812734 267
2710 0.1 16228.0 0.0 16871 51 9437.462686567163 268
2720 0.1 14793.0 0.0 16871 51 9462.706319702602 269
2730 0.1 15687.0 0.0 16871 51 9482.448148148149 270
2740 0.1 16042.0 0.0 16871 51 9505.343173431735 271
2750 0.1 15124.0 0.0 16871 51 9529.375 272
2760 0.1 16385.0 0.0 16871 51 9549.868131868132 273
2770 0.1 14741.0 0.0 16871 51 9574.813868613139 274
2780 0.1 14184.0 0.0 16871 51 9593.6 275
2790 0.1 16327.0 0.0 16871 51 9610.231884057972 276
2800 0.1 16063.0 0.0 16871 51 9634.480144404333 277
2810 0.1 14834.0 0.0 16871 51 9657.604316546764 278
2820 0.1 16261.0 0.0 16871 51 9676.157706093192 279
2830 0.1 14680.0 0.0 16871 51 9699.675000000001 280
2840 0.1 15219.0 0.0 16871 51 9717.398576512458 281
2850 0.1 14571.0 0.0 16871 51 9736.907801418443 282
2860 0.1 15370.0 0.0 16871 51 9753.98939929329 283
2870 0.1 15488.0 0.0 16871 51 9773.764084507045 284
2880 0.1 15491.0 0.0 16871 51 9793.814035087722 285
2890 0.1 15184.0 0.0 16871 51 9813.734265734269 286
2900 0.1 1.49e4 0.0 16871 51 9832.445993031362 287
2910 0.1 15267.0 0.0 16871 51 9850.04166666667 288
2920 0.1 14907.0 0.0 16871 51 9868.785467128031 289
2930 0.1 14316.0 0.0 16871 51 9886.158620689659 290
2940 0.1 15672.0 0.0 16871 51 9901.381443298973 291
2950 0.1 15611.0 0.0 16871 51 9921.143835616442 292
2960 0.1 13524.0 0.0 16871 51 9940.563139931744 293
2970 0.1 14951.0 0.0 16871 51 9952.751700680275 294
2980 0.1 16120.0 0.0 16871 51 9969.69491525424 295
2990 0.1 15422.0 0.0 16871 51 9990.472972972977 296
3000 0.1 16893.0 0.0 16893 51 10008.760942760948 297
3010 0.1 14258.0 0.0 16893 51 10031.862416107388 298
3020 0.1 15992.0 0.0 16893 51 10045.9966555184 299
3030 0.1 15957.0 0.0 16893 51 10065.816666666671 300
3040 0.1 16335.0 0.0 16893 51 10085.38870431894 301
3050 0.1 17314.0 0.0 17314 51 10106.082781456957 302
3060 0.1 14619.0 0.0 17314 51 10129.871287128715 303
3070 0.1 16668.0 0.0 17314 51 10144.63815789474 304
3080 0.1 16599.0 0.0 17314 51 10166.0262295082 305
3090 0.1 16284.0 0.0 17314 51 10187.049019607846 306
3100 0.1 16437.0 0.0 17314 51 10206.908794788276 307
3110 0.1 15480.0 0.0 17314 51 10227.136363636366 308
3120 0.1 16247.0 0.0 17314 51 10244.135922330099 309
3130 0.1 16606.0 0.0 17314 51 10263.500000000002 310
3140 0.1 15835.0 0.0 17314 51 10283.893890675243 311
3150 0.1 16347.0 0.0 17314 51 10301.685897435898 312
3170 0.1 14495.0 0.0 17314 51 10321.000000000002 313
3180 0.1 16735.0 0.0 17314 51 10334.292993630575 314
3190 0.1 16262.0 0.0 17314 51 10354.6126984127 315
3200 0.1 16590.0 0.0 17314 51 10373.306962025317 316
3210 0.1 16651.0 0.0 17314 51 10392.917981072556 317
3220 0.1 15212.0 0.0 17314 51 10412.597484276732 318
3230 0.1 16679.0 0.0 17314 51 10427.642633228843 319
3240 0.1 16546.0 0.0 17314 51 10447.178125000002 320
3250 0.1 16331.0 0.0 17314 51 10466.177570093461 321
3260 0.1 15783.0 0.0 17314 51 10484.39130434783 322
3270 0.1 15866.0 0.0 17314 51 10500.795665634678 323
3280 0.1 16234.0 0.0 17314 51 10517.354938271608 324
3290 0.1 1.51e4 0.0 17314 51 10534.944615384618 325
3300 0.1 16671.0 0.0 17314 51 10548.947852760739 326
3310 0.1 16855.0 0.0 17314 51 10567.669724770645 327
3320 0.1 16299.0 0.0 17314 51 10586.838414634149 328
3330 0.1 16655.0 0.0 17314 51 10604.200607902738 329
3340 0.1 16674.0 0.0 17314 51 10622.536363636367 330
3350 0.1 15077.0 0.0 17314 51 10640.81873111783 331
3360 0.1 16992.0 0.0 17314 51 10654.180722891571 332
3370 0.1 16725.0 0.0 17314 51 10673.21321321322 333
3380 0.1 16208.0 0.0 17314 51 10691.332335329347 334
3390 0.1 16530.0 0.0 17314 51 10707.800000000005 335
3400 0.1 16732.0 0.0 17314 51 10725.12797619048 336
3410 0.1 14608.0 0.0 17314 51 10742.952522255197 337
3420 0.1 16116.0 0.0 17314 51 10754.387573964501 338
3430 0.1 16832.0 0.0 17314 51 10770.203539823013 339
3440 0.1 15909.0 0.0 17314 51 10788.03235294118 340
3450 0.1 16259.0 0.0 17314 51 10803.049853372437 341
3460 0.1 16946.0 0.0 17314 51 10819.002923976612 342
3470 0.1 16520.0 0.0 17314 51 10836.865889212831 343
3480 0.1 15126.0 0.0 17314 51 10853.38662790698 344
3490 0.1 16813.0 0.0 17314 51 10865.771014492757 345
3500 0.1 15883.0 0.0 17314 51 10882.959537572257 346
3510 0.1 16196.0 0.0 17314 51 10897.368876080694 347
3520 0.1 16191.0 0.0 17314 51 10912.59482758621 348
3530 0.1 16398.0 0.0 17314 51 10927.719197707738 349
3540 0.1 16765.0 0.0 17314 51 10943.348571428573 350
3550 0.1 14171.0 0.0 17314 51 10959.934472934474 351
3560 0.1 16719.0 0.0 17314 51 10969.05681818182 352
3570 0.1 16502.0 0.0 17314 51 10985.345609065158 353
3580 0.1 16561.0 0.0 17314 51 11000.929378531077 354
3590 0.1 17294.0 0.0 17314 51 11016.591549295777 355
3600 0.1 17930.0 0.0 17930 51 11034.224719101127 356
3610 0.1 17041.0 0.0 17930 51 11053.5406162465 357
3620 0.1 15457.0 0.0 17930 51 11070.265363128494 358
3630 0.1 16790.0 0.0 17930 51 11082.48467966574 359
3640 0.1 17593.0 0.0 17930 51 11098.338888888891 360
3660 0.1 17416.0 0.0 17930 51 11116.3296398892 361
3670 0.1 16916.0 0.0 17930 51 11133.732044198898 362
3680 0.1 16881.0 0.0 17930 51 11149.661157024795 363
3690 0.1 16191.0 0.0 17930 51 11165.406593406595 364
3700 0.1 16026.0 0.0 17930 51 11179.175342465755 365
3710 0.1 17494.0 0.0 17930 51 11192.418032786887 366
3720 0.1 18122.0 0.0 18122 51 11209.588555858312 367
3730 0.1 18132.0 0.0 18132 51 11228.372282608698 368
3740 0.1 17107.0 0.0 18132 51 11247.08130081301 369
3750 0.1 17647.0 0.0 18132 51 11262.91891891892 370
3760 0.1 17072.0 0.0 18132 51 11280.12668463612 371
3770 0.1 1.53e4 0.0 18132 51 11295.696236559139 372
3780 0.1 17113.0 0.0 18132 51 11306.43163538874 373
3790 0.1 17624.0 0.0 18132 51 11321.957219251337 374
3800 0.1 17431.0 0.0 18132 51 11338.762666666667 375
3810 0.1 17079.0 0.0 18132 51 11354.965425531915 376
3820 0.1 17084.0 0.0 18132 51 11370.148541114058 377
3830 0.1 16843.0 0.0 18132 51 11385.26455026455 378
3840 0.1 14726.0 0.0 18132 51 11399.664907651715 379
3850 0.1 17250.0 0.0 18132 51 11408.418421052631 380
3860 0.1 17352.0 0.0 18132 51 11423.750656167978 381
3870 0.1 16805.0 0.0 18132 51 11439.269633507853 382
3880 0.1 17314.0 0.0 18132 51 11453.279373368146 383
3890 0.1 17401.0 0.0 18132 51 11468.541666666666 384
3900 0.1 16756.0 0.0 18132 51 11483.950649350649 385
3910 0.1 17235.0 0.0 18132 51 11497.608808290155 386
3920 0.1 14953.0 0.0 18132 51 11512.434108527132 387
3930 0.1 17199.0 0.0 18132 51 11521.301546391753 388
3940 0.1 17769.0 0.0 18132 51 11535.897172236504 389
3950 0.1 17952.0 0.0 18132 51 11551.879487179487 390
3960 0.1 18094.0 0.0 18132 51 11568.248081841431 391
3970 0.1 16874.0 0.0 18132 51 11584.895408163266 392
3980 0.1 18216.0 0.0 18216 51 11598.35368956743 393
3990 0.1 1.49e4 0.0 18216 51 11615.149746192894 394
4000 0.1 17576.0 0.0 18216 51 11623.46582278481 395
4010 0.1 17673.0 0.0 18216 51 11638.497474747475 396
4020 0.1 17491.0 0.0 18216 51 11653.697732997482 397
4030 0.1 17380.0 0.0 18216 51 11668.36432160804 398
4040 0.1 18294.0 0.0 18294 51 11682.679197994987 399
4050 0.1 16324.0 0.0 18294 51 11699.2075 400
4060 0.1 14771.0 0.0 18294 51 11710.740648379053 401
4070 0.1 17232.0 0.0 18294 51 11718.353233830845 402
4080 0.1 18029.0 0.0 18294 51 11732.034739454095 403
4100 0.1 17183.0 0.0 18294 51 11747.621287128713 404
4110 0.1 17519.0 0.0 18294 51 11761.041975308643 405
4120 0.1 17459.0 0.0 18294 51 11775.224137931034 406
4130 0.1 16841.0 0.0 18294 51 11789.18918918919 407
4140 0.1 15384.0 0.0 18294 51 11801.571078431372 408
4150 0.1 17683.0 0.0 18294 51 11810.330073349633 409
4160 0.1 17703.0 0.0 18294 51 11824.653658536585 410
4170 0.1 16790.0 0.0 18294 51 11838.956204379561 411
4180 0.1 17498.0 0.0 18294 51 11850.973300970874 412
4190 0.1 17278.0 0.0 18294 51 11864.646489104116 413
4200 0.1 17821.0 0.0 18294 51 11877.722222222223 414
4210 0.1 17533.0 0.0 18294 51 11892.043373493976 415
4220 0.1 16209.0 0.0 18294 51 11905.603365384615 416
4230 0.1 17703.0 0.0 18294 51 11915.923261390888 417
4240 0.1 18034.0 0.0 18294 51 11929.767942583732 418
4250 0.1 17976.0 0.0 18294 51 11944.336515513127 419
4260 0.1 18041.0 0.0 18294 51 11958.69761904762 420
4270 0.1 16679.0 0.0 18294 51 11973.14489311164 421
4280 0.1 18365.0 0.0 18365 51 11984.296208530806 422
4290 0.1 15683.0 0.0 18365 51 11999.38061465721 423
4300 0.1 19435.0 0.0 19435 51 12008.068396226416 424
4310 0.1 17674.0 0.0 19435 51 12025.543529411765 425
4320 0.1 18317.0 0.0 19435 51 12038.802816901409 426
4330 0.1 16906.0 0.0 19435 51 12053.505854800937 427
4340 0.1 17906.0 0.0 19435 51 12064.843457943925 428
4350 0.1 19423.0 0.0 19435 51 12078.459207459207 429
4360 0.1 17185.0 0.0 19435 51 12095.539534883721 430
4370 0.1 16109.0 0.0 19435 51 12107.348027842227 431
4380 0.1 17672.0 0.0 19435 51 12116.611111111111 432
4390 0.1 17915.0 0.0 19435 51 12129.441108545034 433
4400 0.1 18002.0 0.0 19435 51 12142.771889400921 434
4410 0.1 17291.0 0.0 19435 51 12156.241379310344 435
4420 0.1 18046.0 0.0 19435 51 12168.018348623853 436
4430 0.1 17957.0 0.0 19435 51 12181.469107551487 437
4440 0.1 16220.0 0.0 19435 51 12194.655251141552 438
4460 0.1 17898.0 0.0 19435 51 12203.824601366743 439
4470 0.1 18341.0 0.0 19435 51 12216.76590909091 440
4480 0.1 17618.0 0.0 19435 51 12230.65306122449 441
4490 0.1 18370.0 0.0 19435 51 12242.841628959275 442
4500 0.1 17390.0 0.0 19435 51 12256.672686230248 443
4510 0.1 17255.0 0.0 19435 51 12268.234234234234 444
4520 0.1 15511.0 0.0 19435 51 12279.440449438202 445
4530 0.1 18543.0 0.0 19435 51 12286.686098654709 446
4540 0.1 17967.0 0.0 19435 51 12300.682326621923 447
4550 0.1 17429.0 0.0 19435 51 12313.330357142857 448
4560 0.1 18810.0 0.0 19435 51 12324.723830734967 449
4570 0.1 17486.0 0.0 19435 51 12339.135555555555 450
4580 0.1 16797.0 0.0 19435 51 12350.547671840355 451
4590 0.1 15557.0 0.0 19435 51 12360.384955752212 452
4600 0.1 17510.0 0.0 19435 51 12367.441501103753 453
4610 0.1 18244.0 0.0 19435 51 12378.76872246696 454
4620 0.1 18218.0 0.0 19435 51 12391.65934065934 455
4630 0.1 17490.0 0.0 19435 51 12404.436403508771 456
4640 0.1 18109.0 0.0 19435 51 12415.56455142232 457
4650 0.1 15687.0 0.0 19435 51 12427.995633187773 458
4660 0.1 18626.0 0.0 19435 51 12435.09586056645 459
4670 0.1 18378.0 0.0 19435 51 12448.554347826086 460
4680 0.1 17865.0 0.0 19435 51 12461.416485900218 461
4690 0.1 17703.0 0.0 19435 51 12473.112554112555 462
4700 0.1 18126.0 0.0 19435 51 12484.408207343413 463
4710 0.1 17153.0 0.0 19435 51 12496.566810344828 464
4720 0.1 16322.0 0.0 19435 51 12506.58064516129 465
4730 0.1 16589.0 0.0 19435 51 12514.768240343348 466
4740 0.1 17644.0 0.0 19435 51 12523.492505353319 467
4750 0.1 17709.0 0.0 19435 51 12534.43376068376 468
4760 0.1 17386.0 0.0 19435 51 12545.466950959488 469
4770 0.1 18156.0 0.0 19435 51 12555.765957446809 470
4780 0.1 16922.0 0.0 19435 51 12567.656050955415 471
4790 0.1 15043.0 0.0 19435 51 12576.881355932202 472
4800 0.1 4303.0 0.0 19435 51 12582.095137420718 473
4810 0.1 1102.0 0.0 19435 51 12564.628691983122 474
4820 0.1 264.0 0.0 19435 51 12540.496842105264 475
4830 0.1 100.0 0.0 19435 51 12514.70588235294 476
4839 0.1 33.0 0.0 19435 33 12488.67924528302 477
