20 0.1 57 0 57 57 0 0
30 0.1 373.0 0.0 373 57 57.0 1
40 0.1 730.0 0.0 730 57 215.0 2
50 0.1 907.0 0.0 907 57 386.6666666666667 3
60 0.1 791.0 0.0 907 57 516.75 4
70 0.1 807.0 0.0 907 57 571.6 5
80 0.1 1122.0 0.0 1122 57 610.8333333333334 6
90 0.1 953.0 0.0 1122 57 683.8571428571429 7
100 0.1 817.0 0.0 1122 57 717.5 8
110 0.1 947.0 0.0 1122 57 728.5555555555555 9
120 0.1 716.0 0.0 1122 57 750.4 10
130 0.1 1209.0 0.0 1209 57 747.2727272727273 11
140 0.1 1447.0 0.0 1447 57 785.75 12
150 0.1 1572.0 0.0 1572 57 836.6153846153846 13
160 0.1 1981.0 0.0 1981 57 889.1428571428571 14
170 0.1 1796.0 0.0 1981 57 961.9333333333333 15
180 0.1 1328.0 0.0 1981 57 1014.0625 16
190 0.1 1499.0 0.0 1981 57 1032.5294117647059 17
200 0.1 1478.0 0.0 1981 57 1058.4444444444443 18
210 0.1 1669.0 0.0 1981 57 1080.5263157894738 19
220 0.1 1810.0 0.0 1981 57 1109.95 20
230 0.1 1970.0 0.0 1981 57 1143.2857142857142 21
240 0.1 1.7e3 0.0 1981 57 1180.8636363636363 22
250 0.1 2303.0 0.0 2303 57 1203.4347826086955 23
260 0.1 2494.0 0.0 2494 57 1249.2499999999998 24
270 0.1 2157.0 0.0 2494 57 1299.0399999999997 25
280 0.1 2150.0 0.0 2494 57 1332.0384615384612 26
290 0.1 1556.0 0.0 2494 57 1362.333333333333 27
300 0.1 2463.0 0.0 2494 57 1369.2499999999998 28
310 0.1 2662.0 0.0 2662 57 1406.965517241379 29
320 0.1 2358.0 0.0 2662 57 1448.7999999999997 30
330 0.1 2370.0 0.0 2662 57 1478.1290322580642 31
340 0.1 2402.0 0.0 2662 57 1505.9999999999998 32
350 0.1 2579.0 0.0 2662 57 1533.151515151515 33
360 0.1 3476.0 0.0 3476 57 1563.9117647058822 34
370 0.1 3828.0 0.0 3828 57 1618.542857142857 35
380 0.1 3190.0 0.0 3828 57 1679.9166666666665 36
390 0.1 3647.0 0.0 3828 57 1720.7297297297296 37
400 0.1 3992.0 0.0 3992 57 1771.421052631579 38
410 0.1 3885.0 0.0 3992 57 1828.3589743589744 39
420 0.1 2660.0 0.0 3992 57 1879.775 40
430 0.1 2868.0 0.0 3992 57 1898.8048780487804 41
440 0.1 2936.0 0.0 3992 57 1921.8809523809523 42
450 0.1 2770.0 0.0 3992 57 1945.4651162790697 43
460 0.1 3592.0 0.0 3992 57 1964.2045454545455 44
470 0.1 3185.0 0.0 3992 57 2000.3777777777777 45
480 0.1 3345.0 0.0 3992 57 2026.1304347826087 46
490 0.1 4174.0 0.0 4174 57 2054.191489361702 47
500 0.1 4384.0 0.0 4384 57 2098.3541666666665 48
510 0.1 4506.0 0.0 4506 57 2145.0 49
520 0.1 4068.0 0.0 4506 57 2192.22 50
530 0.1 4420.0 0.0 4506 57 2228.9999999999995 51
540 0.1 4286.0 0.0 4506 57 2271.134615384615 52
550 0.1 4478.0 0.0 4506 57 2309.150943396226 53
560 0.1 4209.0 0.0 4506 57 2349.3148148148143 54
570 0.1 4453.0 0.0 4506 57 2383.127272727272 55
580 0.1 4977.0 0.0 4977 57 2420.0892857142853 56
590 0.1 4546.0 0.0 4977 57 2464.947368421052 57
600 0.1 5156.0 0.0 5156 57 2500.827586206896 58
610 0.1 5995.0 0.0 5995 57 2545.8305084745757 59
620 0.1 6235.0 0.0 6235 57 2603.316666666666 60
630 0.1 6485.0 0.0 6485 57 2662.852459016393 61
640 0.1 6347.0 0.0 6485 57 2724.4999999999995 62
650 0.1 5839.0 0.0 6485 57 2781.9999999999995 63
660 0.1 5920.0 0.0 6485 57 2829.7656249999995 64
670 0.1 6323.0 0.0 6485 57 2877.307692307692 65
680 0.1 6822.0 0.0 6822 57 2929.515151515151 66
690 0.1 7233.0 0.0 7233 57 2987.611940298507 67
700 0.1 7572.0 0.0 7572 57 3050.0441176470586 68
710 0.1 6979.0 0.0 7572 57 3115.579710144927 69
720 0.1 6197.0 0.0 7572 57 3170.7714285714283 70
730 0.1 6688.0 0.0 7572 57 3213.3943661971825 71
740 0.1 6490.0 0.0 7572 57 3261.6527777777774 72
750 0.1 6362.0 0.0 7572 57 3305.8767123287666 73
760 0.1 6837.0 0.0 7572 57 3347.1756756756754 74
770 0.1 5991.0 0.0 7572 57 3393.7066666666665 75
780 0.1 7329.0 0.0 7572 57 3427.8815789473683 76
790 0.1 7639.0 0.0 7639 57 3478.5454545454545 77
800 0.1 7119.0 0.0 7639 57 3531.8846153846152 78
810 0.1 6524.0 0.0 7639 57 3577.2911392405063 79
820 0.1 6664.0 0.0 7639 57 3614.125 80
830 0.1 6864.0 0.0 7639 57 3651.777777777778 81
840 0.1 6701.0 0.0 7639 57 3690.951219512195 82
850 0.1 6366.0 0.0 7639 57 3727.2168674698796 83
860 0.1 6224.0 0.0 7639 57 3758.6309523809523 84
870 0.1 6561.0 0.0 7639 57 3787.635294117647 85
880 0.1 6611.0 0.0 7639 57 3819.8837209302324 86
890 0.1 6999.0 0.0 7639 57 3851.9655172413795 87
900 0.1 6648.0 0.0 7639 57 3887.7272727272725 88
910 0.1 6194.0 0.0 7639 57 3918.741573033708 89
920 0.1 6174.0 0.0 7639 57 3944.0222222222224 90
930 0.1 6573.0 0.0 7639 57 3968.5274725274726 91
940 0.1 6904.0 0.0 7639 57 3996.836956521739 92
950 0.1 6434.0 0.0 7639 57 4028.0967741935483 93
960 0.1 6667.0 0.0 7639 57 4053.691489361702 94
970 0.1 6211.0 0.0 7639 57 4081.2 95
980 0.1 5995.0 0.0 7639 57 4103.385416666667 96
990 0.1 7026.0 0.0 7639 57 4122.886597938144 97
1000 0.1 6595.0 0.0 7639 57 4152.510204081633 98
1010 0.1 6314.0 0.0 7639 57 4177.181818181818 99
1020 0.1 6711.0 0.0 7639 57 4198.55 100
1030 0.1 6991.0 0.0 7639 57 4223.425742574257 101
1040 0.1 6818.0 0.0 7639 57 4250.558823529411 102
1050 0.1 6811.0 0.0 7639 57 4275.485436893203 103
1060 0.1 6235.0 0.0 7639 57 4299.865384615384 104
1070 0.1 6669.0 0.0 7639 57 4318.295238095237 105
1080 0.1 7065.0 0.0 7639 57 4340.471698113207 106
1090 0.1 6288.0 0.0 7639 57 4365.934579439252 107
1100 0.1 6104.0 0.0 7639 57 4383.731481481481 108
1110 0.1 6518.0 0.0 7639 57 4399.51376146789 109
1120 0.1 6952.0 0.0 7639 57 4418.772727272727 110
1130 0.1 7219.0 0.0 7639 57 4441.594594594595 111
1140 0.1 6572.0 0.0 7639 57 4466.392857142858 112
1150 0.1 6543.0 0.0 7639 57 4485.026548672567 113
1160 0.1 5944.0 0.0 7639 57 4503.078947368421 114
1170 0.1 6468.0 0.0 7639 57 4515.608695652174 115
1180 0.1 7506.0 0.0 7639 57 4532.439655172414 116
1190 0.1 7012.0 0.0 7639 57 4557.854700854701 117
1200 0.1 8437.0 0.0 8437 57 4578.652542372882 118
1210 0.1 7854.0 0.0 8437 57 4611.075630252101 119
1220 0.1 8804.0 0.0 8804 57 4638.1 120
1230 0.1 9445.0 0.0 9445 57 4672.528925619835 121
1240 0.1 9232.0 0.0 9445 57 4711.647540983607 122
1250 0.1 9089.0 0.0 9445 57 4748.3983739837395 123
1260 0.1 9130.0 0.0 9445 57 4783.403225806452 124
1270 0.1 8982.0 0.0 9445 57 4818.176 125
1280 0.1 9011.0 0.0 9445 57 4851.222222222223 126
1290 0.1 8081.0 0.0 9445 57 4883.976377952756 127
1300 0.1 9366.0 0.0 9445 57 4908.953125 128
1310 0.1 9486.0 0.0 9486 57 4943.503875968992 129
1320 0.1 9641.0 0.0 9641 57 4978.446153846154 130
1330 0.1 8804.0 0.0 9641 57 5014.038167938931 131
1340 0.1 8925.0 0.0 9641 57 5042.75 132
1350 0.1 8748.0 0.0 9641 57 5071.93984962406 133
1360 0.1 8901.0 0.0 9641 57 5099.373134328358 134
1370 0.1 8309.0 0.0 9641 57 5127.533333333334 135
1380 0.1 9050.0 0.0 9641 57 5150.926470588235 136
1390 0.1 9446.0 0.0 9641 57 5179.386861313868 137
1400 0.1 9812.0 0.0 9812 57 5210.304347826087 138
1410 0.1 9551.0 0.0 9812 57 5243.410071942446 139
1420 0.1 9296.0 0.0 9812 57 5274.178571428572 140
1430 0.1 8867.0 0.0 9812 57 5302.702127659574 141
1440 0.1 9011.0 0.0 9812 57 5327.802816901409 142
1450 0.1 8841.0 0.0 9812 57 5353.55944055944 143
1460 0.1 8278.0 0.0 9812 57 5377.777777777777 144
1470 0.1 8724.0 0.0 9812 57 5397.7793103448275 145
1480 0.1 9388.0 0.0 9812 57 5420.561643835616 146
1490 0.1 8758.0 0.0 9812 57 5447.551020408163 147
1500 0.1 9928.0 0.0 9928 57 5469.918918918919 148
1510 0.1 9436.0 0.0 9928 57 5499.838926174497 149
1520 0.1 9539.0 0.0 9928 57 5526.08 150
1530 0.1 9112.0 0.0 9928 57 5552.6556291390725 151
1540 0.1 9192.0 0.0 9928 57 5576.0723684210525 152
1550 0.1 9761.0 0.0 9928 57 5599.705882352941 153
1560 0.1 9163.0 0.0 9928 57 5626.727272727273 154
1570 0.1 9358.0 0.0 9928 57 5649.541935483871 155
1580 0.1 9519.0 0.0 9928 57 5673.314102564103 156
1590 0.1 9005.0 0.0 9928 57 5697.808917197453 157
1600 0.1 8720.0 0.0 9928 57 5718.740506329115 158
1610 0.1 8028.0 0.0 9928 57 5737.616352201259 159
1620 0.1 8713.0 0.0 9928 57 5751.9312500000015 160
1630 0.1 8698.0 0.0 9928 57 5770.322981366461 161
1640 0.1 8572.0 0.0 9928 57 5788.395061728396 162
1650 0.1 8408.0 0.0 9928 57 5805.472392638038 163
1660 0.1 7788.0 0.0 9928 57 5821.341463414636 164
1670 0.1 9447.0 0.0 9928 57 5833.260606060608 165
1680 0.1 9065.0 0.0 9928 57 5855.030120481929 166
1690 0.1 8488.0 0.0 9928 57 5874.251497005989 167
1700 0.1 9292.0 0.0 9928 57 5889.809523809525 168
1710 0.1 8643.0 0.0 9928 57 5909.9408284023675 169
1720 0.1 8918.0 0.0 9928 57 5926.017647058824 170
1730 0.1 8784.0 0.0 9928 57 5943.514619883042 171
1740 0.1 9474.0 0.0 9928 57 5960.029069767443 172
1750 0.1 8990.0 0.0 9928 57 5980.341040462428 173
1760 0.1 7752.0 0.0 9928 57 5997.637931034484 174
1770 0.1 9052.0 0.0 9928 57 6007.662857142857 175
1780 0.1 9179.0 0.0 9928 57 6024.960227272727 176
1790 0.1 9855.0 0.0 9928 57 6042.779661016949 177
1800 0.1 9645.0 0.0 9928 57 6064.196629213483 178
1810 0.1 11144.0 0.0 11144 57 6084.2011173184355 179
1820 0.1 12190.0 0.0 12190 57 6112.311111111111 180
1830 0.1 11284.0 0.0 12190 57 6145.889502762431 181
1840 0.1 11082.0 0.0 12190 57 6174.120879120879 182
1850 0.1 11183.0 0.0 12190 57 6200.939890710382 183
1860 0.1 11072.0 0.0 12190 57 6228.016304347826 184
1870 0.1 10801.0 0.0 12190 57 6254.2 185
1880 0.1 10654.0 0.0 12190 57 6278.645161290323 186
1890 0.1 11322.0 0.0 12190 57 6302.042780748663 187
1900 0.1 11788.0 0.0 12190 57 6328.744680851064 188
1910 0.1 11244.0 0.0 12190 57 6357.62962962963 189
1920 0.1 9814.0 0.0 12190 57 6383.347368421053 190
1930 0.1 11133.0 0.0 12190 57 6401.308900523561 191
1940 0.1 11160.0 0.0 12190 57 6425.953125 192
1950 0.1 11972.0 0.0 12190 57 6450.481865284974 193
1960 0.1 10567.0 0.0 12190 57 6478.943298969072 194
1970 0.1 11080.0 0.0 12190 57 6499.907692307693 195
1980 0.1 11227.0 0.0 12190 57 6523.275510204082 196
1990 0.1 10916.0 0.0 12190 57 6547.15228426396 197
2000 0.1 11244.0 0.0 12190 57 6569.217171717171 198
2010 0.1 11989.0 0.0 12190 57 6592.708542713568 199
2020 0.1 11601.0 0.0 12190 57 6619.69 200
2030 0.1 10584.0 0.0 12190 57 6644.472636815921 201
2040 0.1 10301.0 0.0 12190 57 6663.975247524752 202
2050 0.1 11618.0 0.0 12190 57 6681.891625615764 203
2060 0.1 10863.0 0.0 12190 57 6706.088235294118 204
2070 0.1 11849.0 0.0 12190 57 6726.365853658536 205
2080 0.1 11796.0 0.0 12190 57 6751.233009708738 206
2090 0.1 11534.0 0.0 12190 57 6775.603864734299 207
2100 0.1 10430.0 0.0 12190 57 6798.4807692307695 208
2110 0.1 10641.0 0.0 12190 57 6815.8564593301435 209
2120 0.1 11380.0 0.0 12190 57 6834.071428571428 210
2130 0.1 11472.0 0.0 12190 57 6855.616113744076 211
2140 0.1 11675.0 0.0 12190 57 6877.391509433963 212
2150 0.1 9639.0 0.0 12190 57 6899.915492957746 213
2160 0.1 10567.0 0.0 12190 57 6912.714953271028 214
2170 0.1 10717.0 0.0 12190 57 6929.711627906977 215
2180 0.1 11114.0 0.0 12190 57 6947.24537037037 216
2190 0.1 11374.0 0.0 12190 57 6966.447004608295 217
2200 0.1 10643.0 0.0 12190 57 6986.665137614679 218
2210 0.1 10990.0 0.0 12190 57 7003.3607305936075 219
2220 0.1 11131.0 0.0 12190 57 7021.481818181818 220
2230 0.1 10938.0 0.0 12190 57 7040.076923076923 221
2240 0.1 10996.0 0.0 12190 57 7057.635135135135 222
2250 0.1 11257.0 0.0 12190 57 7075.29596412556 223
2260 0.1 11583.0 0.0 12190 57 7093.964285714285 224
2270 0.1 12220.0 0.0 12220 57 7113.915555555555 225
2280 0.1 11855.0 0.0 12220 57 7136.508849557522 226
2290 0.1 10547.0 0.0 12220 57 7157.295154185022 227
2300 0.1 10101.0 0.0 12220 57 7172.162280701755 228
2310 0.1 10735.0 0.0 12220 57 7184.951965065502 229
2320 0.1 11469.0 0.0 12220 57 7200.386956521739 230
2330 0.1 11973.0 0.0 12220 57 7218.865800865801 231
2350 0.1 11535.0 0.0 12220 57 7239.357758620689 232
2360 0.1 12195.0 0.0 12220 57 7257.793991416309 233
2370 0.1 11165.0 0.0 12220 57 7278.893162393162 234
2380 0.1 12062.0 0.0 12220 57 7295.429787234042 235
2390 0.1 10645.0 0.0 12220 57 7315.627118644068 236
2400 0.1 1.29e4 0.0 12900 57 7329.675105485232 237
2410 0.1 13568.0 0.0 13568 57 7353.079831932773 238
2420 0.1 11943.0 0.0 13568 57 7379.083682008368 239
2430 0.1 13655.0 0.0 13655 57 7398.1 240
2440 0.1 13001.0 0.0 13655 57 7424.0622406639 241
2450 0.1 11874.0 0.0 13655 57 7447.107438016529 242
2460 0.1 12712.0 0.0 13655 57 7465.325102880658 243
2470 0.1 12972.0 0.0 13655 57 7486.827868852459 244
2480 0.1 13220.0 0.0 13655 57 7509.216326530613 245
2490 0.1 13232.0 0.0 13655 57 7532.430894308943 246
2500 0.1 12545.0 0.0 13655 57 7555.506072874494 247
2510 0.1 13282.0 0.0 13655 57 7575.625 248
2520 0.1 13075.0 0.0 13655 57 7598.542168674699 249
2530 0.1 12420.0 0.0 13655 57 7620.448 250
2540 0.1 12630.0 0.0 13655 57 7639.5697211155375 251
2550 0.1 13368.0 0.0 13655 57 7659.373015873016 252
2560 0.1 13005.0 0.0 13655 57 7681.936758893281 253
2570 0.1 12040.0 0.0 13655 57 7702.893700787402 254
2580 0.1 13618.0 0.0 13655 57 7719.901960784314 255
2590 0.1 13387.0 0.0 13655 57 7742.94140625 256
2600 0.1 13341.0 0.0 13655 57 7764.9027237354085 257
2610 0.1 12227.0 0.0 13655 57 7786.515503875969 258
2620 0.1 14148.0 0.0 14148 57 7803.660231660232 259
2630 0.1 13390.0 0.0 14148 57 7828.0615384615385 260
2640 0.1 12919.0 0.0 14148 57 7849.371647509579 261
2650 0.1 13113.0 0.0 14148 57 7868.721374045802 262
2660 0.1 13573.0 0.0 14148 57 7888.661596958175 263
2670 0.1 13081.0 0.0 14148 57 7910.193181818182 264
2680 0.1 13654.0 0.0 14148 57 7929.705660377358 265
2690 0.1 12834.0 0.0 14148 57 7951.225563909775 266
2700 0.1 13375.0 0.0 14148 57 7969.513108614232 267
2710 0.1 13653.0 0.0 14148 57 7989.682835820896 268
2720 0.1 12556.0 0.0 14148 57 8010.736059479554 269
2730 0.1 13244.0 0.0 14148 57 8027.57037037037 270
2740 0.1 13443.0 0.0 14148 57 8046.819188191882 271
2750 0.1 12877.0 0.0 14148 57 8066.658088235294 272
2760 0.1 13724.0 0.0 14148 57 8084.278388278388 273
2770 0.1 12476.0 0.0 14148 57 8104.861313868613 274
2780 0.1 12034.0 0.0 14148 57 8120.756363636364 275
2790 0.1 13881.0 0.0 14148 57 8134.934782608696 276
2800 0.1 13336.0 0.0 14148 57 8155.678700361011 277
2810 0.1 12568.0 0.0 14148 57 8174.312949640288 278
2820 0.1 13646.0 0.0 14148 57 8190.060931899641 279
2830 0.1 12548.0 0.0 14148 57 8209.546428571428 280
2840 0.1 12828.0 0.0 14148 57 8224.985765124555 281
2850 0.1 12275.0 0.0 14148 57 8241.308510638299 282
2860 0.1 12998.0 0.0 14148 57 8255.56183745583 283
2870 0.1 13097.0 0.0 14148 57 8272.260563380281 284
2880 0.1 13053.0 0.0 14148 57 8289.189473684211 285
2890 0.1 12698.0 0.0 14148 57 8305.846153846156 286
2900 0.1 12552.0 0.0 14148 57 8321.149825783974 287
2910 0.1 12945.0 0.0 14148 57 8335.84027777778 288
2920 0.1 12693.0 0.0 14148 57 8351.788927335641 289
2930 0.1 12187.0 0.0 14148 57 8366.758620689658 290
2940 0.1 13118.0 0.0 14148 57 8379.886597938148 291
2950 0.1 13056.0 0.0 14148 57 8396.113013698634 292
2960 0.1 11454.0 0.0 14148 57 8412.017064846419 293
2970 0.1 12722.0 0.0 14148 57 8422.363945578234 294
2980 0.1 13626.0 0.0 14148 57 8436.93898305085 295
2990 0.1 13018.0 0.0 14148 57 8454.469594594597 296
3000 0.1 14286.0 0.0 14286 57 8469.835016835019 297
3010 0.1 12095.0 0.0 14286 57 8489.35234899329 298
3020 0.1 13540.0 0.0 14286 57 8501.41137123746 299
3030 0.1 13546.0 0.0 14286 57 8518.206666666669 300
3040 0.1 13872.0 0.0 14286 57 8534.910299003324 301
3050 0.1 14615.0 0.0 14615 57 8552.582781456955 302
3060 0.1 12534.0 0.0 14615 57 8572.590759075909 303
3070 0.1 14097.0 0.0 14615 57 8585.621710526317 304
3080 0.1 14053.0 0.0 14615 57 8603.69180327869 305
3090 0.1 13928.0 0.0 14615 57 8621.500000000002 306
3100 0.1 13961.0 0.0 14615 57 8638.785016286647 307
3110 0.1 13251.0 0.0 14615 57 8656.064935064936 308
3120 0.1 13652.0 0.0 14615 57 8670.935275080908 309
3130 0.1 14034.0 0.0 14615 57 8687.003225806455 310
3140 0.1 13431.0 0.0 14615 57 8704.196141479102 311
3150 0.1 13959.0 0.0 14615 57 8719.346153846156 312
3170 0.1 12375.0 0.0 14615 57 8736.086261980834 313
3180 0.1 14180.0 0.0 14615 57 8747.675159235672 314
3190 0.1 13788.0 0.0 14615 57 8764.920634920638 315
3200 0.1 14033.0 0.0 14615 57 8780.816455696206 316
3210 0.1 14151.0 0.0 14615 57 8797.384858044166 317
3220 0.1 13082.0 0.0 14615 57 8814.220125786167 318
3230 0.1 14155.0 0.0 14615 57 8827.598746081507 319
3240 0.1 14482.0 0.0 14615 57 8844.246875 320
3250 0.1 14283.0 0.0 14615 57 8861.809968847352 321
3260 0.1 13967.0 0.0 14615 57 8878.645962732919 322
3270 0.1 13514.0 0.0 14615 57 8894.399380804953 323
3280 0.1 13705.0 0.0 14615 57 8908.657407407405 324
3290 0.1 13117.0 0.0 14615 57 8923.415384615382 325
3300 0.1 14192.0 0.0 14615 57 8936.27914110429 326
3310 0.1 14181.0 0.0 14615 57 8952.351681957181 327
3320 0.1 13788.0 0.0 14615 57 8968.292682926824 328
3330 0.1 14161.0 0.0 14615 57 8982.942249240115 329
3340 0.1 14123.0 0.0 14615 57 8998.633333333328 330
3350 0.1 13017.0 0.0 14615 57 9014.114803625373 331
3360 0.1 14320.0 0.0 14615 57 9026.171686746982 332
3370 0.1 14161.0 0.0 14615 57 9042.069069069063 333
3380 0.1 13854.0 0.0 14615 57 9057.39520958083 334
3390 0.1 14059.0 0.0 14615 57 9071.713432835813 335
3400 0.1 14235.0 0.0 14615 57 9086.55654761904 336
3410 0.1 12587.0 0.0 14615 57 9101.833827893168 337
3420 0.1 13878.0 0.0 14615 57 9112.144970414194 338
3430 0.1 15062.0 0.0 15062 57 9126.203539823002 339
3440 0.1 14212.0 0.0 15062 57 9143.661764705876 340
3450 0.1 14245.0 0.0 15062 57 9158.52492668621 341
3460 0.1 14775.0 0.0 15062 57 9173.397660818706 342
3470 0.1 14210.0 0.0 15062 57 9189.728862973752 343
3480 0.1 13002.0 0.0 15062 57 9204.322674418596 344
3490 0.1 14210.0 0.0 15062 57 9215.3304347826 345
3500 0.1 13537.0 0.0 15062 57 9229.765895953748 346
3510 0.1 13710.0 0.0 15062 57 9242.178674351575 347
3520 0.1 13701.0 0.0 15062 57 9255.0172413793 348
3530 0.1 13873.0 0.0 15062 57 9267.756446991394 349
3540 0.1 14262.0 0.0 15062 57 9280.914285714276 350
3550 0.1 12131.0 0.0 15062 57 9295.105413105404 351
3560 0.1 14139.0 0.0 15062 57 9303.161931818173 352
3570 0.1 13949.0 0.0 15062 57 9316.86118980169 353
3580 0.1 14056.0 0.0 15062 57 9329.946327683605 354
3590 0.1 14670.0 0.0 15062 57 9343.259154929567 355
3600 0.1 15263.0 0.0 15263 57 9358.221910112348 356
3610 0.1 14633.0 0.0 15263 57 9374.761904761894 357
3620 0.1 13299.0 0.0 15263 57 9389.44972067038 358
3630 0.1 14333.0 0.0 15263 57 9400.33983286907 359
3640 0.1 15016.0 0.0 15263 57 9414.041666666655 360
3660 0.1 14723.0 0.0 15263 57 9429.559556786691 361
3670 0.1 14509.0 0.0 15263 57 9444.182320441976 362
3680 0.1 14377.0 0.0 15263 57 9458.134986225883 363
3690 0.1 13811.0 0.0 15263 57 9471.648351648339 364
3700 0.1 13840.0 0.0 15263 57 9483.536986301357 365
3710 0.1 14983.0 0.0 15263 57 9495.43989071037 366
3720 0.1 15370.0 0.0 15370 57 9510.392370572194 367
3730 0.1 15367.0 0.0 15370 57 9526.315217391291 368
3740 0.1 14661.0 0.0 15370 57 9542.143631436302 369
3750 0.1 14894.0 0.0 15370 57 9555.978378378366 370
3760 0.1 14557.0 0.0 15370 57 9570.366576819395 371
3770 0.1 13337.0 0.0 15370 57 9583.771505376331 372
3780 0.1 14509.0 0.0 15370 57 9593.833780160845 373
3790 0.1 15058.0 0.0 15370 57 9606.975935828865 374
3800 0.1 14840.0 0.0 15370 57 9621.511999999988 375
3810 0.1 14650.0 0.0 15370 57 9635.390957446796 376
3820 0.1 14602.0 0.0 15370 57 9648.692307692296 377
3830 0.1 14312.0 0.0 15370 57 9661.796296296285 378
3840 0.1 12766.0 0.0 15370 57 9674.065963060675 379
3850 0.1 14829.0 0.0 15370 57 9682.202631578937 380
3860 0.1 14539.0 0.0 15370 57 9695.711286089228 381
3870 0.1 14480.0 0.0 15370 57 9708.39005235601 382
3880 0.1 14950.0 0.0 15370 57 9720.848563968657 383
3890 0.1 14962.0 0.0 15370 57 9734.466145833323 384
3900 0.1 14580.0 0.0 15370 57 9748.044155844145 385
3910 0.1 15039.0 0.0 15370 57 9760.562176165793 386
3920 0.1 13135.0 0.0 15370 57 9774.201550387586 387
3930 0.1 15144.0 0.0 15370 57 9782.863402061845 388
3940 0.1 15198.0 0.0 15370 57 9796.645244215928 389
3950 0.1 15442.0 0.0 15442 57 9810.494871794861 390
3960 0.1 15560.0 0.0 15560 57 9824.897698209708 391
3970 0.1 14582.0 0.0 15560 57 9839.528061224479 392
3980 0.1 15492.0 0.0 15560 57 9851.595419847317 393
3990 0.1 13114.0 0.0 15560 57 9865.91116751268 394
4000 0.1 15045.0 0.0 15560 57 9874.13417721518 395
4010 0.1 15092.0 0.0 15560 57 9887.19191919191 396
4020 0.1 14836.0 0.0 15560 57 9900.30226700251 397
4030 0.1 14837.0 0.0 15560 57 9912.70351758793 398
4040 0.1 15377.0 0.0 15560 57 9925.045112781945 399
4050 0.1 14233.0 0.0 15560 57 9938.67499999999 400
4060 0.1 12773.0 0.0 15560 57 9949.38403990024 401
4070 0.1 14836.0 0.0 15560 57 9956.407960198996 402
4080 0.1 15425.0 0.0 15560 57 9968.516129032249 403
4100 0.1 14734.0 0.0 15560 57 9982.022277227714 404
4110 0.1 15044.0 0.0 15560 57 9993.755555555546 405
4120 0.1 14855.0 0.0 15560 57 10006.194581280779 406
4130 0.1 14358.0 0.0 15560 57 10018.1081081081 407
4140 0.1 13345.0 0.0 15560 57 10028.745098039206 408
4150 0.1 15208.0 0.0 15560 57 10036.853300733486 409
4160 0.1 15162.0 0.0 15560 57 10049.465853658527 410
4170 0.1 14332.0 0.0 15560 57 10061.90510948904 411
4180 0.1 14988.0 0.0 15560 57 10072.269417475716 412
4190 0.1 14815.0 0.0 15560 57 10084.171912832917 413
4200 0.1 15242.0 0.0 15560 57 10095.599033816412 414
4210 0.1 15064.0 0.0 15560 57 10107.999999999987 415
4220 0.1 14042.0 0.0 15560 57 10119.913461538448 416
4230 0.1 15298.0 0.0 15560 57 10129.318944844112 417
4240 0.1 15335.0 0.0 15560 57 10141.684210526302 418
4250 0.1 15567.0 0.0 15567 57 10154.078758949867 419
4260 0.1 15442.0 0.0 15567 57 10166.966666666653 420
4270 0.1 14389.0 0.0 15567 57 10179.496437054619 421
4280 0.1 15774.0 0.0 15774 57 10189.47156398103 422
4290 0.1 13633.0 0.0 15774 57 10202.673758865236 423
4300 0.1 16660.0 0.0 16660 57 10210.764150943383 424
4310 0.1 15157.0 0.0 16660 57 10225.938823529399 425
4320 0.1 15661.0 0.0 16660 57 10237.51408450703 426
4330 0.1 14570.0 0.0 16660 57 10250.21545667446 427
4340 0.1 15317.0 0.0 16660 57 10260.30841121494 428
4350 0.1 16552.0 0.0 16660 57 10272.095571095559 429
4360 0.1 14680.0 0.0 16660 57 10286.699999999986 430
4370 0.1 14105.0 0.0 16660 57 10296.893271461704 431
4380 0.1 14978.0 0.0 16660 57 10305.708333333321 432
4390 0.1 15342.0 0.0 16660 57 10316.498845265576 433
4400 0.1 15849.0 0.0 16660 57 10328.078341013812 434
4410 0.1 15420.0 0.0 16660 57 10340.770114942516 435
4420 0.1 16086.0 0.0 16660 57 10352.419724770629 436
4430 0.1 16012.0 0.0 16660 57 10365.540045766578 437
4440 0.1 14449.0 0.0 16660 57 10378.431506849302 438
4460 0.1 15588.0 0.0 16660 57 10387.703872437345 439
4470 0.1 16049.0 0.0 16660 57 10399.522727272715 440
4480 0.1 15589.0 0.0 16660 57 10412.333333333321 441
4490 0.1 16311.0 0.0 16660 57 10424.045248868766 442
4500 0.1 15390.0 0.0 16660 57 10437.334085778768 443
4510 0.1 15316.0 0.0 16660 57 10448.488738738726 444
4520 0.1 14224.0 0.0 16660 57 10459.426966292122 445
4530 0.1 16492.0 0.0 16660 57 10467.867713004473 446
4540 0.1 15987.0 0.0 16660 57 10481.344519015647 447
4550 0.1 15674.0 0.0 16660 57 10493.633928571417 448
4560 0.1 16825.0 0.0 16825 57 10505.171492204887 449
4570 0.1 15711.0 0.0 16825 57 10519.215555555544 450
4580 0.1 15125.0 0.0 16825 57 10530.727272727261 451
4590 0.1 14141.0 0.0 16825 57 10540.891592920341 452
4600 0.1 15544.0 0.0 16825 57 10548.838852097118 453
4610 0.1 15792.0 0.0 16825 57 10559.841409691619 454
4620 0.1 15697.0 0.0 16825 57 10571.340659340647 455
4630 0.1 15095.0 0.0 16825 57 10582.581140350865 456
4640 0.1 15649.0 0.0 16825 57 10592.455142231935 457
4650 0.1 13883.0 0.0 16825 57 10603.49563318776 458
4660 0.1 16266.0 0.0 16825 57 10610.640522875805 459
4670 0.1 15962.0 0.0 16825 57 10622.934782608683 460
4680 0.1 15568.0 0.0 16825 57 10634.516268980466 461
4690 0.1 15395.0 0.0 16825 57 10645.194805194793 462
4700 0.1 15556.0 0.0 16825 57 10655.453563714891 463
4710 0.1 15538.0 0.0 16825 57 10666.015086206884 464
4720 0.1 14743.0 0.0 16825 57 10676.492473118267 465
4730 0.1 14934.0 0.0 16825 57 10685.21888412016 466
4740 0.1 15744.0 0.0 16825 57 10694.316916488211 467
4750 0.1 15530.0 0.0 16825 57 10705.106837606825 468
4760 0.1 15196.0 0.0 16825 57 10715.394456289967 469
4770 0.1 15734.0 0.0 16825 57 10724.927659574456 470
4780 0.1 14581.0 0.0 16825 57 10735.56263269638 471
4790 0.1 12566.0 0.0 16825 57 10743.7097457627 472
4800 0.1 3884.0 0.0 16825 57 10747.562367864683 473
4810 0.1 1006.0 0.0 16825 57 10733.082278481 474
4820 0.1 244.0 0.0 16825 57 10712.604210526304 475
4830 0.1 97.0 0.0 16825 57 10690.611344537803 476
4839 0.1 30.0 0.0 16825 30 10668.402515723259 477
