10 0.1 1122.544921875 0 1122.544921875 1122.544921875 0 0
20 0.2 13762.399047851563 173.3419189453125 13935.740966796875 1122.544921875 1122.544921875 1
30 1 20696.50129394531 4510.8431077778 29103.221923828125 1122.544921875 9549.114339192709 3
40 2.6 23108.186420147234 5563.85310157534 37147.205078125 1122.544921875 18124.027381310098 13
50 2.1 25233.05181594122 8611.82190617149 43601.615966796875 1122.544921875 21446.800073868188 39
60 1.6 23815.341262817383 5772.746762113389 43601.615966796875 1122.544921875 22771.98818359375 60
70 2.8 25434.080269949776 9406.667252624591 48963.556884765625 1122.544921875 22991.641463430304 76
80 2.3 24093.904105808422 5877.696914218252 48963.556884765625 1122.544921875 23649.221142108625 104
90 2.8 25737.174639020646 8582.153499365117 51880.928955078125 1122.544921875 23729.754277266857 127
100 2.4 23738.900624593098 7478.471405422759 51880.928955078125 1122.544921875 24092.385052293346 155
110 1.9 24442.562705592107 7014.147871300075 51880.928955078125 1122.544921875 24044.990492154768 179
120 2.2 28393.38144753196 9436.722541706384 51880.928955078125 1122.544921875 24083.141361120975 198
130 3 22475.81914876302 6692.2582702188665 51880.928955078125 1122.544921875 24514.165369762075 220
140 3.3 23289.411428740532 8218.974845272714 57112.06103515625 1122.544921875 24269.563823242188 250
150 4.8 25015.011423746746 10151.091694044277 57112.06103515625 1122.544921875 24155.270434484042 283
160 4.7 26860.669532288895 16475.414521599716 127650.99780273438 1122.544921875 24279.945864951143 331
170 4.5 26085.829329427088 8798.321588344574 127650.99780273438 1122.544921875 24600.829495546048 378
180 4.3 27282.06303938045 10989.876075546392 127650.99780273438 1122.544921875 24758.808201278072 423
190 3.6 25915.691670735676 9048.045689054423 127650.99780273438 1122.544921875 24991.640729257477 466
200 3.8 23482.945595189143 6866.811464783559 127650.99780273438 1122.544921875 25057.907330638383 502
210 4.3 23121.462578352108 8766.618040557309 127650.99780273438 1122.544921875 24947.076689995658 540
220 5.1 25644.05904373468 8969.480070611722 127650.99780273438 1122.544921875 24812.425906461056 583
230 5.1 25707.035218481924 10163.62163606852 127650.99780273438 1122.544921875 24879.323840216504 634
240 3.7 25649.8180888408 8274.391908608734 127650.99780273438 1122.544921875 24940.94906691948 685
250 6.6 24121.444746537643 10590.436997743504 127650.99780273438 1122.544921875 24977.276149760324 722
260 5.2 26100.749244103066 9886.416569689876 127650.99780273438 1122.544921875 24905.59483933812 788
270 5.7 27523.108261376095 14065.275306290934 127650.99780273438 1122.544921875 24979.58058820452 840
280 5.8 25309.779667295257 8503.493336975078 127650.99780273438 1122.544921875 25141.209437001377 897
290 3.4 31631.760340073535 9676.658230560732 127650.99780273438 1122.544921875 25151.447210150116 955
300 6 26478.612638346352 8631.42929116246 127650.99780273438 1122.544921875 25374.22845020815 989
310 7.7 26246.760735846186 8585.059504923578 127650.99780273438 1122.544921875 25437.396277937693 1049
320 5.1 26940.7492053462 9492.404407302765 127650.99780273438 1122.544921875 25492.74358100959 1126
330 5.6 25935.12363106864 8257.094488361514 127650.99780273438 1122.544921875 25555.486390560283 1177
340 6 26639.362430826823 8314.674553086319 127650.99780273438 1122.544921875 25572.728633438197 1233
350 6.1 25473.81425701204 8200.167429763946 127650.99780273438 1122.544921875 25622.22440129846 1293
360 8.1 26313.17240246431 8614.817069669292 127650.99780273438 1122.544921875 25615.538272198406 1354
370 7.9 26730.39264302314 10661.650752665268 127650.99780273438 1122.544921875 25654.91692345383 1435
380 7.7 28000.72449840199 11385.72218476621 127650.99780273438 1122.544921875 25711.03487711696 1514
390 9.7 25420.934665955217 9073.14360586015 127650.99780273438 1122.544921875 25821.849522521705 1591
400 8.2 26076.811335866038 8376.05023058126 127650.99780273438 1122.544921875 25798.81116879721 1688
410 8.9 26165.764031228056 7929.585214587058 127650.99780273438 1122.544921875 25811.690272582317 1770
420 6.9 27261.960215692936 9791.848035390713 127650.99780273438 1122.544921875 25828.641625201722 1859
430 6.7 28554.20175854128 10159.177576289996 127650.99780273438 1122.544921875 25879.937778077187 1928
440 6.5 25466.517266376202 8273.957151164843 127650.99780273438 1122.544921875 25969.750152358436 1995
450 7.3 25194.04865421661 7478.275351305772 127650.99780273438 1122.544921875 25953.871444791035 2060
460 7.4 27191.203817831505 8936.143495845905 127650.99780273438 1122.544921875 25927.867195512117 2133
470 7.9 26816.86193384098 11510.141154764315 127650.99780273438 1122.544921875 25970.226466038457 2207
480 8.2 26673.964129192067 9889.820517169137 127650.99780273438 1122.544921875 25999.484647121746 2286
490 8.6 24190.15777162064 7093.747139022401 127650.99780273438 1122.544921875 26022.840777835332 2368
500 11.1 24977.42588022592 8123.8499293607965 127650.99780273438 1122.544921875 25958.614723012815 2454
510 10.2 25379.18150658701 8919.647974215623 127650.99780273438 1122.544921875 25916.153919289874 2565
520 9.5 24877.331794819078 8642.45954709586 127650.99780273438 1122.544921875 25895.617291582454 2667
530 10.5 26288.821791294642 10074.971099984356 127650.99780273438 1122.544921875 25860.592989557645 2762
540 8.7 24395.1978633486 9969.502507868241 127650.99780273438 1122.544921875 25876.27629063277 2867
550 10.6 27061.07451356132 10207.277272532217 127650.99780273438 1122.544921875 25832.65617446022 2954
560 10.2 26846.37053605622 8464.507086229574 127650.99780273438 1122.544921875 25875.20922803692 3060
570 10.7 26241.086692738765 9708.273699499348 127650.99780273438 1122.544921875 25906.537012166576 3162
580 10.4 26095.273970383863 8937.28484466953 127650.99780273438 1122.544921875 25917.487399386286 3269
590 10.2 25500.16881606158 8195.081378355406 127650.99780273438 1122.544921875 25922.969108068097 3373
600 12.1 25203.368394079287 9956.552573865798 127650.99780273438 1122.544921875 25910.558854892653 3475
610 13 24683.912935697117 7242.930624180258 127650.99780273438 1122.544921875 25886.762957851937 3596
620 14.9 25291.593191262058 7602.626211857392 127650.99780273438 1122.544921875 25844.795565774606 3726
630 13.4 25601.77643642141 9602.713927698844 127650.99780273438 1122.544921875 25823.524042212706 3875
640 13.9 26271.152213775855 8848.419891778773 127650.99780273438 1122.544921875 25816.112174121903 4009
650 13.5 26755.202719907407 7950.338291705047 127650.99780273438 1122.544921875 25831.360622895263 4148
660 14.2 25394.22057417748 8600.799461845845 127650.99780273438 1122.544921875 25860.480091281122 4283
670 13.2 26367.850328850025 8907.841930521947 127650.99780273438 1122.544921875 25845.517638980848 4425
680 16.3 25871.905662864265 9195.405769922392 127650.99780273438 1122.544921875 25860.647749813135 4557
690 16.6 25178.81693277014 9359.374073463045 127650.99780273438 1122.544921875 25861.03652943757 4720
700 15.6 24600.2240991837 7300.876221982857 127650.99780273438 1122.544921875 25837.858376951528 4886
710 15.5 27735.941119581654 10497.465301857595 127650.99780273438 1122.544921875 25799.56584475562 5042
720 14.9 25297.35913905202 8545.520584998912 127650.99780273438 1122.544921875 25857.31804171503 5197
730 13.8 24607.183977652287 8037.451694716342 127650.99780273438 1122.544921875 25841.711255987982 5346
740 15.4 26344.33973436231 9332.012677658427 127650.99780273438 1122.544921875 25810.64547108457 5484
750 14.4 24864.411795722113 8061.095989667916 127650.99780273438 1122.544921875 25825.223143405387 5638
760 15.1 25671.74524329988 8066.543995884351 127650.99780273438 1122.544921875 25801.29425477405 5782
770 14.2 25985.770861988338 10319.364130013655 127650.99780273438 1122.544921875 25797.997119980082 5933
780 16.1 23303.24425738791 7443.385929328163 127650.99780273438 1122.544921875 25802.386234608093 6075
790 16.5 26607.355443596123 10130.662662386036 127650.99780273438 1122.544921875 25737.86380703714 6236
800 17.5 24463.312936662947 8247.936828520542 127650.99780273438 1122.544921875 25760.276886248554 6401
810 13.3 26037.501870521028 8773.672751328788 127650.99780273438 1122.544921875 25725.762182602342 6576
820 14.4 26213.12126159668 10625.50039261346 127650.99780273438 1122.544921875 25731.942146604903 6709
830 15.9 24864.619787060234 8423.166730087716 127650.99780273438 1122.544921875 25742.053016670394 6853
840 15.4 24730.71998338576 7640.61328877162 127650.99780273438 1122.544921875 25722.156855303023 7012
850 14.3 26558.95729417067 10164.570688229669 127650.99780273438 1122.544921875 25700.85050890681 7166
860 14.2 25864.51836212588 10387.201543875617 127650.99780273438 1122.544921875 25717.63929947908 7309
870 14.4 26006.192771063914 9119.825121221442 127650.99780273438 1122.544921875 25720.438497827738 7451
880 15.4 25247.927341213475 9480.080358977766 127650.99780273438 1122.544921875 25725.8563536995 7595
890 15.4 24999.846373719054 9935.234806293842 127650.99780273438 1122.544921875 25716.358216143315 7749
900 13.8 25493.806159420288 9291.605570441967 127650.99780273438 1122.544921875 25702.39607218111 7903
910 14 26476.152575683598 10672.052075751953 127650.99780273438 1122.544921875 25698.816242811503 8041
920 14.4 26984.57142469618 10254.257055513668 127650.99780273438 1122.544921875 25712.11866141584 8181
930 14.8 25758.382154310064 7937.628477995102 127650.99780273438 1122.544921875 25734.128655159067 8325
940 14.2 25787.70732868893 7999.149344453473 127650.99780273438 1122.544921875 25734.55229706564 8473
950 15 24848.005294596354 8918.675573120345 127650.99780273438 1122.544921875 25735.428445004178 8615
960 14.8 25942.803580619187 8421.385115824716 127650.99780273438 1122.544921875 25720.2415114547 8765
970 14.6 25644.48539671179 8781.505577239242 127650.99780273438 1122.544921875 25723.937145498945 8913
980 13.1 27714.432391683564 11717.587548185531 127650.99780273438 1122.544921875 25722.656655894913 9059
990 14.9 26986.62122810927 9841.70351614276 127650.99780273438 1122.544921875 25751.048671279932 9190
1000 15.3 27118.718582452515 9916.524177259478 127650.99780273438 1122.544921875 25770.76173595148 9339
1010 14.6 26694.639285570956 10660.558998547427 127650.99780273438 1122.544921875 25792.48923252909 9492
1020 15.3 27710.417863434435 10001.581896742278 127650.99780273438 1122.544921875 25806.155336258504 9638
1030 16.2 25772.903398678623 9223.148646868713 127650.99780273438 1122.544921875 25835.91247716933 9791
1040 13.6 25193.802402271944 8794.571715064125 127650.99780273438 1122.544921875 25834.886909931767 9953
1050 15.5 24802.37450069303 8328.732932580895 127650.99780273438 1122.544921875 25826.245072976493 10089
1060 13.9 28047.741932820933 11902.36538367523 127650.99780273438 1122.544921875 25810.75308364577 10244
1070 16 25968.91652832031 9067.587805940217 127650.99780273438 1122.544921875 25840.700252097602 10383
1080 14.8 25665.737500989755 9041.361752578869 127650.99780273438 1122.544921875 25842.646055397956 10543
1090 14 26824.904661342076 9571.790482747754 127650.99780273438 1122.544921875 25840.197036030975 10691
1100 14.6 25982.812921393408 9223.995737263382 127650.99780273438 1122.544921875 25852.925229876746 10831
1110 14.6 25509.49494829569 10034.92633505567 127650.99780273438 1122.544921875 25854.652805986927 10977
1120 16.1 25708.148786272326 9791.858197261448 127650.99780273438 1122.544921875 25850.12227940031 11123
1130 15.1 26013.844032944435 9862.281169496104 127650.99780273438 1122.544921875 25848.096603009526 11284
1140 16.6 25382.73615310854 8925.723167520693 127650.99780273438 1122.544921875 25850.28530977998 11435
1150 13.9 26079.323668994493 10205.60729783038 127650.99780273438 1122.544921875 25843.59509686666 11601
1160 12.8 26413.47901725769 10122.753025785281 127650.99780273438 1122.544921875 25846.386091034103 11740
1170 14.7 25875.085942482463 8657.760134408913 127650.99780273438 1122.544921875 25852.50236121919 11868
1180 17.2 25231.93146319722 8804.837135099546 127650.99780273438 1122.544921875 25852.778664710302 12015
1190 15.4 25303.771179991883 8533.71633496106 127650.99780273438 1122.544921875 25844.016400111937 12187
1200 17.5 24107.243907645094 8566.129626682197 127650.99780273438 1122.544921875 25837.27482617964 12341
1210 18.7 24918.911525787516 8089.759799056172 127650.99780273438 1122.544921875 25813.085355842188 12516
1220 18.4 26481.083988355553 9533.17998732512 127650.99780273438 1122.544921875 25799.92228363718 12703
1230 21 25385.072766694568 8769.866155293048 127650.99780273438 1122.544921875 25809.64787948324 12887
1240 20 26156.063675537105 10100.305620436777 127650.99780273438 1122.544921875 25802.84015453206 13097
1250 21.2 26853.2462641878 9101.946018181907 127650.99780273438 1122.544921875 25808.15298480964 13297
1260 20.3 25336.816049059038 8794.11741905081 127650.99780273438 1122.544921875 25824.55388607755 13509
1270 19.1 25882.671376492966 8559.599527545985 127650.99780273438 1122.544921875 25817.33314651259 13712
1280 21.2 25715.5953104271 8566.449091360448 127650.99780273438 1122.544921875 25818.23076587001 13903
1290 17.6 26809.679754083805 11338.62448949174 127650.99780273438 1122.544921875 25816.689234410293 14115
1300 21.6 26136.321792037405 9940.950017950572 127650.99780273438 1122.544921875 25828.918352838853 14291
1310 20.2 25064.763344339804 8168.841487993835 127650.99780273438 1122.544921875 25833.49539446475 14507
1320 21.7 24893.484169111824 8785.763433988315 127650.99780273438 1122.544921875 25822.938329122087 14709
1330 20.3 26140.117732306422 9545.005639488832 127650.99780273438 1122.544921875 25809.42556262589 14926
1340 20.5 25141.999247332307 9339.101240401787 127650.99780273438 1122.544921875 25813.862770005435 15129
1350 18.7 25378.809156448446 8915.71726459315 127650.99780273438 1122.544921875 25804.88063734938 15334
1360 18.3 27136.26135053791 9787.910022093287 127650.99780273438 1122.544921875 25799.747246013223 15521
1370 19.5 26670.57600786258 9651.886123318045 127650.99780273438 1122.544921875 25815.321754490553 15704
1380 21.8 25988.086949899654 9531.14472679079 127650.99780273438 1122.544921875 25825.811381473857 15899
1390 20.7 25764.115791062806 9486.537331956712 127650.99780273438 1122.544921875 25828.0063354924 16117
1400 21.7 24287.62473785823 8977.721511699528 127650.99780273438 1122.544921875 25827.19615767465 16324
1410 21 25772.45049874442 9407.23979975969 127650.99780273438 1122.544921875 25806.998648569992 16541
1420 21.9 26049.10474190212 10294.366019762103 127650.99780273438 1122.544921875 25806.565533444722 16751
1430 19.6 25883.666360660467 9536.791819461156 127650.99780273438 1122.544921875 25809.695532658166 16970
1440 19.2 26042.15667978922 8836.276518140608 127650.99780273438 1122.544921875 25810.5401255912 17166
1450 20.6 25402.16320208208 8462.135888088604 127650.99780273438 1122.544921875 25813.102078489348 17358
1460 17.9 24823.90639184706 7877.463435571114 127650.99780273438 1122.544921875 25808.2823672311 17564
1470 17.9 25937.694341393155 9992.364004134593 127650.99780273438 1122.544921875 25798.351504378494 17743
1480 21.8 25648.7842502419 9573.576814284592 127650.99780273438 1122.544921875 25799.74322225739 17922
1490 19.6 25326.15685287786 9758.677274155278 127650.99780273438 1122.544921875 25797.929051590392 18140
1500 21 26057.93325776599 9821.189747394472 127650.99780273438 1122.544921875 25792.88611142091 18336
1510 20.7 26569.127212598127 9911.525996847502 127650.99780273438 1122.544921875 25795.887292308027 18546
1520 23.8 26143.529510241595 8727.290848811264 127650.99780273438 1122.544921875 25804.422495395534 18753
1530 19.6 24798.10485092475 10477.521931440897 127650.99780273438 1122.544921875 25808.67227000105 18991
1540 20.2 25698.960131352494 8421.594706510568 127650.99780273438 1122.544921875 25798.349071265504 19187
1550 20.3 24729.398954645156 8955.954100789235 127650.99780273438 1122.544921875 25797.313609619083 19389
1560 20.3 25305.33848353794 8178.23232998146 127650.99780273438 1122.544921875 25786.248548626856 19592
1570 23.9 26856.00853062075 10250.769242497661 127650.99780273438 1122.544921875 25781.316760639333 19795
1580 20.3 26290.6895180688 10377.799911187734 127650.99780273438 1122.544921875 25794.137531979333 20034
1590 20 25419.770554199215 8206.6293181131 127650.99780273438 1122.544921875 25799.118510048025 20237
1600 19.8 25716.58042337437 8666.706126600315 127650.99780273438 1122.544921875 25795.4061456516 20437
1610 17.3 26408.94946712428 11639.397710293923 127650.99780273438 1122.544921875 25794.649785437843 20635
1620 18.8 25080.42602279338 8046.384344950873 127650.99780273438 1122.544921875 25799.757140538368 20808
1630 19.5 25563.843051382213 8869.576471984961 127650.99780273438 1122.544921875 25793.316187493216 20996
1640 19.5 27326.222654997997 11077.151524925583 127650.99780273438 1122.544921875 25791.204571168284 21191
1650 20 26097.286761474606 10042.458820412963 127650.99780273438 1122.544921875 25805.20104205329 21386
1660 16 25995.359091186518 8407.100287945928 127650.99780273438 1122.544921875 25807.907293507207 21586
1670 21 24625.2549874442 9246.348201791454 127650.99780273438 1122.544921875 25809.28650290796 21746
1680 20.1 26513.376751496424 12589.60623639028 127650.99780273438 1122.544921875 25797.961734359615 21956
1690 19.3 25442.794815616904 8875.996740067974 127650.99780273438 1122.544921875 25804.451711271857 22157
1700 20.1 26625.88667988184 9822.859570106471 127650.99780273438 1122.544921875 25801.32867857112 22350
1710 19 25939.618997995476 8938.941875506962 127650.99780273438 1122.544921875 25808.678071425693 22551
1720 21.2 26420.101226230836 8908.322338924183 127650.99780273438 1122.544921875 25809.772076792575 22741
1730 20.1 26530.824017121424 10151.326428839198 127650.99780273438 1122.544921875 25815.409238805423 22953
1740 20 23892.151716308574 7787.6237544604855 127650.99780273438 1122.544921875 25821.619758389148 23154
1750 19.7 25221.766346268243 7947.5452506687225 127650.99780273438 1122.544921875 25805.096096129317 23354
1760 18.9 26558.358424272486 8859.01723530183 127650.99780273438 1122.544921875 25800.216644695294 23551
1770 18.1 24378.251690100577 8303.713662607282 127650.99780273438 1122.544921875 25806.252398542812 23740
1780 20.8 25304.383091853215 9314.51430529464 127650.99780273438 1122.544921875 25795.447326504516 23921
1790 21.9 25480.54561416417 9627.598860365313 127650.99780273438 1122.544921875 25791.21418958183 24129
1800 19.2 24753.767414093018 8307.620013355576 127650.99780273438 1122.544921875 25788.419856658533 24348
1810 23.3 26848.869949537282 8962.600907865024 127650.99780273438 1122.544921875 25780.324776423302 24540
1820 29 25840.572282462275 8635.611518102582 127650.99780273438 1122.544921875 25790.37487230735 24773
1830 24 25683.094434611 9073.403254766406 127650.99780273438 1122.544921875 25790.955698582937 25063
1840 25 26596.48656054688 9828.894316104315 127650.99780273438 1122.544921875 25789.93263003955 25303
1850 25.6 25311.381978034973 8650.030415248246 127650.99780273438 1122.544921875 25797.823620632702 25553
1860 23.4 26037.01114804521 10396.58372530368 127650.99780273438 1122.544921875 25792.998596009314 25809
1870 25.2 27081.438687763515 9984.060849466427 127650.99780273438 1122.544921875 25795.191082941557 26043
1880 23.3 25490.328287411154 8245.380127999313 127650.99780273438 1122.544921875 25807.5179282131 26295
1890 24.8 25085.0691469254 8988.648003017199 127650.99780273438 1122.544921875 25804.73199688368 26528
1900 24.4 24983.598371662076 9211.041483595289 127650.99780273438 1122.544921875 25798.066461075876 26776
1910 25.1 26087.94227776394 9619.054217552786 127650.99780273438 1122.544921875 25790.7115308828 27020
1920 24.2 26313.12834734956 9666.64439662162 127650.99780273438 1122.544921875 25793.447217783432 27271
1930 24.9 25179.154034105173 8956.523979754713 127650.99780273438 1122.544921875 25798.01825087161 27513
1940 23.6 25586.827237404 9492.397920500076 127650.99780273438 1122.544921875 25792.4675992624 27762
1950 27.2 25570.92758358226 9016.14306431024 127650.99780273438 1122.544921875 25790.734220971146 27998
1960 23.8 25706.542106051405 9359.45857249201 127650.99780273438 1122.544921875 25788.61934989333 28270
1970 24.9 25709.000949108937 9378.392181954528 127650.99780273438 1122.544921875 25787.93412525343 28508
1980 23.5 25410.566309632646 9983.118520256705 127650.99780273438 1122.544921875 25787.250661718987 28757
1990 23.5 25563.49886656416 8056.125150669457 127650.99780273438 1122.544921875 25784.19737727016 28992
2000 24.6 26548.453246077876 8814.182203207343 127650.99780273438 1122.544921875 25782.42284858039 29227
2010 26.3 25222.52011978672 9800.341702354684 127650.99780273438 1122.544921875 25788.81661500337 29473
2020 24.8 26290.49508666992 9258.493991122297 127650.99780273438 1122.544921875 25783.80800664172 29736
2030 24.3 26293.184815457826 8989.327810952936 127650.99780273438 1122.544921875 25787.99885495572 29984
2040 22.6 26607.80249347518 10398.225381704524 127650.99780273438 1122.544921875 25792.060130914368 30227
2050 26.3 25776.98575536923 9056.052118465854 127650.99780273438 1122.544921875 25798.113976970213 30453
2060 24.4 27001.073867547708 10050.80971684023 127650.99780273438 1122.544921875 25797.933070527935 30716
2070 25.6 25010.867728233337 9314.361184617348 127650.99780273438 1122.544921875 25807.41518792047 30960
2080 26.1 25485.87405617666 9043.891845139022 127650.99780273438 1122.544921875 25800.882763853326 31216
2090 25 25379.094006835934 9621.1250860921 127650.99780273438 1122.544921875 25798.27078454451 31477
2100 24.4 26275.309542296363 9325.937480544584 127650.99780273438 1122.544921875 25794.96778727319 31727
2110 23.8 26092.00975331539 9920.462949374882 127650.99780273438 1122.544921875 25798.63371540261 31971
2120 26.1 26631.78557905292 9437.47997916027 127650.99780273438 1122.544921875 25800.801541073175 32209
2130 25 25855.56447167968 8852.55468435193 127650.99780273438 1122.544921875 25807.48114790757 32470
2140 26.5 25442.45371001622 8819.621453342463 127650.99780273438 1122.544921875 25807.84853271634 32720
2150 22.6 26161.46987347898 8667.811324970273 127650.99780273438 1122.544921875 25804.912967216398 32985
2160 22.1 27309.227558947256 9105.978105487948 127650.99780273438 1122.544921875 25807.339327784142 33211
2170 25.6 25896.489025115967 8934.439781207133 127650.99780273438 1122.544921875 25817.267459486913 33432
2180 24.2 27069.80622901601 10580.526365458678 127650.99780273438 1122.544921875 25817.869475658877 33688
2190 24.1 25818.3762551462 8218.61385296809 127650.99780273438 1122.544921875 25826.798703313234 33930
2200 23.8 26426.15744198069 9102.74410274858 127650.99780273438 1122.544921875 25826.739301773676 34171
2210 25.2 25522.284889826693 9015.414086470313 127650.99780273438 1122.544921875 25830.88535418349 34409
2220 24.3 26086.400806568286 9222.191919098175 127650.99780273438 1122.544921875 25828.641699441334 34661
2230 24.1 26533.871917344717 9271.798392180075 127650.99780273438 1122.544921875 25830.436206175 34904
2240 23.3 26943.802789909132 9977.724842352789 127650.99780273438 1122.544921875 25835.25987971012 35145
2250 25.6 25808.212293624878 8841.973267261867 127650.99780273438 1122.544921875 25842.560758733136 35378
2260 25.3 26335.707003265503 10692.862305463332 127650.99780273438 1122.544921875 25842.31399420859 35634
2270 25.4 26034.096680648687 9283.337894748545 127650.99780273438 1122.544921875 25845.79236886491 35887
2280 28.7 26249.304169445495 10600.34945279149 127650.99780273438 1122.544921875 25847.115777049326 36141
2290 22.9 25988.246975428152 8104.105426611254 127650.99780273438 1122.544921875 25850.284440402178 36428
2300 23.1 26890.161851494868 10000.194048141175 127650.99780273438 1122.544921875 25851.14630636287 36657
2310 24.6 25582.665793318087 8986.10690630701 127650.99780273438 1122.544921875 25857.65282856319 36888
2320 24.1 26889.0998271768 10374.005853892888 127650.99780273438 1122.544921875 25855.831133871794 37134
2330 25.3 26151.027290675953 10349.237016650044 127650.99780273438 1122.544921875 25862.493816282135 37375
2340 26 26792.978403883713 9639.159414191328 127650.99780273438 1122.544921875 25864.433833530504 37628
2350 26.2 26392.33524980618 9955.361521338295 127650.99780273438 1122.544921875 25870.805813795807 37888
2360 27.3 26501.079596103766 9174.636949428474 127650.99780273438 1122.544921875 25874.387483841278 38150
2370 28.8 26960.150481330023 9382.846829583303 127650.99780273438 1122.544921875 25878.8402060818 38423
2380 22.6 26142.320392439844 8488.643063238733 127650.99780273438 1122.544921875 25886.884879669968 38711
2390 27 25439.82313458478 9220.800807071151 127650.99780273438 1122.544921875 25888.367490705383 38937
2400 30.1 27423.495122865195 10909.411980760453 127650.99780273438 1122.544921875 25885.278578619465 39207
2410 28.9 26963.224895754483 8537.52317229668 127650.99780273438 1122.544921875 25896.997804594404 39508
2420 32.8 26047.26966522961 8193.858300360998 127650.99780273438 1122.544921875 25904.740589963785 39797
2430 27.8 26033.17667613956 8128.49863292368 127650.99780273438 1122.544921875 25905.905687451315 40125
2440 28.6 25645.798630080855 8752.133904507915 127650.99780273438 1122.544921875 25906.781398038533 40403
2450 28.3 27250.269401846832 9386.774975531607 127650.99780273438 1122.544921875 25904.946969282948 40689
2460 26.8 27033.02382284135 9988.566228770467 127650.99780273438 1122.544921875 25914.239321338388 40972
2470 28.9 26114.14429809147 8531.34806683405 127650.99780273438 1122.544921875 25921.509792880646 41240
2480 32 27241.080349731445 9188.786347918814 127650.99780273438 1122.544921875 25922.850334959814 41529
2490 28.9 27530.245079172528 9637.496443977238 127650.99780273438 1122.544921875 25932.930231844493 41849
2500 34.3 26587.988365240053 8633.002369211003 127650.99780273438 1122.544921875 25943.88528407473 42138
2510 29 25752.51314065867 8390.418224645286 127650.99780273438 1122.544921875 25949.085899805053 42481
2520 27.9 27034.56099140345 10193.420232975026 127650.99780273438 1122.544921875 25947.753078497335 42771
2530 26.2 26496.668491509125 9546.485030209224 127650.99780273438 1122.544921875 25954.796502601883 43050
2540 31.7 25711.37086578274 8893.67572465525 127650.99780273438 1122.544921875 25958.07435772503 43312
2550 27.8 26765.65746894672 9423.562942750443 127650.99780273438 1122.544921875 25956.28185716472 43629
2560 30.1 26811.1032155186 8533.802031307809 127650.99780273438 1122.544921875 25961.40647100933 43907
2570 30.5 26535.61301149462 10005.319969434793 127650.99780273438 1122.544921875 25967.191820269585 44208
2580 30.6 26936.3978670407 8705.194753784888 127650.99780273438 1122.544921875 25971.086602992018 44513
2590 31.1 26268.649063944435 8991.612731652005 127650.99780273438 1122.544921875 25977.677228548117 44819
2600 27.8 26662.40878186123 9050.475679925963 127650.99780273438 1122.544921875 25979.68237458863 45130
2610 33.2 26678.7423720762 8031.0060869655035 127650.99780273438 1122.544921875 25983.862209446404 45408
2620 31.7 26431.260898529927 8189.1835151705445 127650.99780273438 1122.544921875 25988.90593952933 45740
2630 27.4 28720.631831482384 11969.65696978562 127650.99780273438 1122.544921875 25991.95056948793 46057
2640 33 27471.560788056344 9761.704930151831 127650.99780273438 1122.544921875 26008.08790012587 46331
2650 31 27352.379952116942 9730.080891933872 127650.99780273438 1122.544921875 26018.438000917045 46661
2660 29.9 27846.35024463055 10576.880434099687 127650.99780273438 1122.544921875 26027.241773561273 46971
2670 31.2 26779.646523500076 10477.174025315739 127650.99780273438 1122.544921875 26038.74829847876 47270
2680 29.5 26541.154757018012 9066.87469350444 127650.99780273438 1122.544921875 26043.60644328576 47582
2690 28.3 26534.79342683718 8977.609297610015 127650.99780273438 1122.544921875 26046.672148165995 47877
2700 29.1 27600.00077185351 10858.01484498763 127650.99780273438 1122.544921875 26049.54046880271 48160
2710 33.2 27940.723831360592 9536.158849795536 127650.99780273438 1122.544921875 26058.852638792752 48451
2720 29.5 27017.65845885196 8894.310201591597 127650.99780273438 1122.544921875 26071.659994550548 48783
2730 30.7 26698.74736455365 9122.464428039239 127650.99780273438 1122.544921875 26077.346239853312 49078
2740 29.6 26329.449584960945 9389.823749238702 127650.99780273438 1122.544921875 26081.20915663539 49385
2750 29.1 26341.30889242376 9023.629098387146 127650.99780273438 1122.544921875 26082.68817611536 49681
2760 29.8 25603.848763075446 8394.324868723235 127650.99780273438 1122.544921875 26084.1941920532 49972
2770 29.8 26184.010269472263 8501.487286178752 127650.99780273438 1122.544921875 26081.346709701193 50270
2780 30.1 27859.362011880978 10833.14054095994 127650.99780273438 1122.544921875 26081.951711694783 50568
2790 27.5 26391.632466264196 9212.026396282998 127650.99780273438 1122.544921875 26092.468932405944 50869
2800 33.2 26543.027398166887 9886.567754619533 127650.99780273438 1122.544921875 26094.077527193425 51144
2810 28.7 26912.21303353659 9760.826830904558 127650.99780273438 1122.544921875 26096.973077686143 51476
2820 29.1 26056.379494368823 9632.256641249454 127650.99780273438 1122.544921875 26101.493176353706 51763
2830 27.2 26789.25823884852 9961.553658856888 127650.99780273438 1122.544921875 26101.24097515 52054
2840 30.4 26247.97336859453 8205.138702861657 127650.99780273438 1122.544921875 26104.81741316793 52326
2850 30.2 26698.579800839445 8997.71588482998 127650.99780273438 1122.544921875 26105.64430677328 52630
2860 27.5 26872.639222301124 8942.16937298666 127650.99780273438 1122.544921875 26109.02726073701 52932
2870 29.1 26293.82437563761 9127.475558310654 127650.99780273438 1122.544921875 26112.973983713873 53207
2880 30.9 26379.309898993724 8261.321123740792 127650.99780273438 1122.544921875 26113.95771140556 53498
2890 27.2 26712.847795374255 9063.063755808787 127650.99780273438 1122.544921875 26115.481561944798 53807
2900 28.8 26574.68762546114 9351.688372646762 127650.99780273438 1122.544921875 26118.486122226845 54079
2910 27.7 26189.06344483303 9518.988405886656 127650.99780273438 1122.544921875 26120.902772638517 54367
2920 27.6 26130.122732853542 9620.593906143638 127650.99780273438 1122.544921875 26121.24829101561 54644
2930 27.4 27107.915200337877 9386.425480157981 127650.99780273438 1122.544921875 26121.292889448738 54920
2940 31.5 27478.08952132935 10567.899575237589 127650.99780273438 1122.544921875 26126.190786198087 55194
2950 30.4 26246.374484413547 9470.876860427763 127650.99780273438 1122.544921875 26133.862480906446 55509
2960 25.7 27153.07043789518 10902.081733498895 127650.99780273438 1122.544921875 26134.47530675466 55813
2970 28.3 26676.057939832706 9339.2264425409 127650.99780273438 1122.544921875 26139.14409485352 56070
2980 31.1 26501.433222436448 10252.892078521672 127650.99780273438 1122.544921875 26141.84043077404 56353
2990 28.1 26035.083470028912 8937.647569199045 127650.99780273438 1122.544921875 26143.814053501115 56664
3000 34 27923.862665872002 11021.146146721769 127650.99780273438 1122.544921875 26143.2775130857 56945
3010 33.2 26935.21173463385 8075.171356406281 127650.99780273438 1122.544921875 26153.845706364 57285
3020 30.7 27506.82985068455 9989.924581570933 127650.99780273438 1122.544921875 26158.34808450562 57617
3030 32.9 27502.61999251995 8714.066877432846 127650.99780273438 1122.544921875 26165.4951030509 57924
3040 32.2 26950.028571276926 8342.001092267581 127650.99780273438 1122.544921875 26173.046887313263 58253
3050 35.3 26945.860621292937 9492.61734258521 127650.99780273438 1122.544921875 26177.318131056094 58575
3060 31.9 27329.3627600595 8645.508646079908 127650.99780273438 1122.544921875 26181.92197810764 58928
3070 34 27977.827001235066 9663.376043463259 127650.99780273438 1122.544921875 26188.10007336044 59247
3080 34.4 28431.273431822305 11335.165466263084 127650.99780273438 1122.544921875 26198.31215242932 59587
3090 32.4 27779.264625078365 9727.293963383663 127650.99780273438 1122.544921875 26211.129203373093 59931
3100 33.1 26904.952917738625 9259.243711052142 127650.99780273438 1122.544921875 26219.561298247085 60255
3110 37.1 28089.48795945817 8644.368184564742 127650.99780273438 1122.544921875 26223.305804008345 60586
3120 31.9 27544.764271894586 9003.211673038602 127650.99780273438 1122.544921875 26234.66386919646 60957
3130 37 27780.747738070102 9925.010255915027 127650.99780273438 1122.544921875 26241.484190830717 61276
3140 32.8 27451.226544636047 9446.762939192724 127650.99780273438 1122.544921875 26250.722868319583 61646
3150 33.8 26733.716538288183 9608.672054187973 127650.99780273438 1122.544921875 26257.076584488164 61974
3160 30.2 26535.57859468775 9409.454584571387 127650.99780273438 1122.544921875 26259.662030379557 62312
3170 35.4 28082.812287583864 9557.582902800506 127650.99780273438 1122.544921875 26260.992831836436 62614
3180 33.1 27738.923082426594 8949.749082968056 127650.99780273438 1122.544921875 26271.234924444343 62968
3190 33.9 27271.00595731931 8704.167343496943 127650.99780273438 1122.544921875 26278.909686767478 63299
3200 33.5 27980.30208503382 9525.58268706134 127650.99780273438 1122.544921875 26284.19458943125 63638
3210 33.7 27756.99005471068 9650.709533891119 127650.99780273438 1122.544921875 26293.076399117006 63973
3220 36.5 27834.06890384203 9544.013696861526 127650.99780273438 1122.544921875 26300.74766178121 64310
3230 39 27743.304219250786 9491.677652201659 127650.99780273438 1122.544921875 26309.40111757328 64675
3240 34.1 27378.14095362331 9286.43739543563 127650.99780273438 1122.544921875 26317.99594135956 65065
3250 32.9 27912.582938058036 9766.567636450143 127650.99780273438 1122.544921875 26323.523101699313 65406
3260 32.2 28019.389402022272 9747.977437229805 127650.99780273438 1122.544921875 26331.47625734185 65735
3270 35.9 27722.604119516032 8835.973702670808 127650.99780273438 1122.544921875 26339.704121649753 66057
3280 29.9 28938.909155191777 10010.510961519829 127650.99780273438 1122.544921875 26347.179144223137 66416
3290 39.9 27469.274228662478 8919.087641567468 127650.99780273438 1122.544921875 26358.794632093624 66715
3300 32.3 27170.09169256724 9186.85020786178 127650.99780273438 1122.544921875 26365.396553585877 67114
3310 36 27111.736869303386 8357.941093081121 127650.99780273438 1122.544921875 26369.250766108544 67437
3320 35.3 27548.62984684843 8661.517640338812 127650.99780273438 1122.544921875 26373.19334464668 67797
3330 32.6 27671.66155444186 10393.052831632509 127650.99780273438 1122.544921875 26379.281812515754 68150
3340 33.1 28358.102718295642 10233.6561364408 127650.99780273438 1122.544921875 26385.43456378434 68476
3350 37.3 28086.188546597477 9024.2130670529 127650.99780273438 1122.544921875 26394.924196512744 68807
3360 34.2 26476.27350388912 8040.172882234113 127650.99780273438 1122.544921875 26404.043040146476 69180
3370 37.9 27628.84468855644 9111.823423197264 127650.99780273438 1122.544921875 26404.39836390874 69522
3380 32.4 27048.97738383729 9221.643829327919 127650.99780273438 1122.544921875 26411.037255441643 69901
3390 34.1 27670.861434086328 10282.103455360844 127650.99780273438 1122.544921875 26413.980546315266 70225
3400 32.2 27701.67457116168 8951.106989487185 127650.99780273438 1122.544921875 26420.05424161796 70566
3410 36.5 27076.950422731163 8626.429675459754 127650.99780273438 1122.544921875 26425.87584394999 70888
3420 34.7 27974.973097391707 10089.024128526968 127650.99780273438 1122.544921875 26429.211032942105 71253
3430 33.3 27685.927887604397 9917.708340198013 127650.99780273438 1122.544921875 26436.70236585222 71600
3440 34.8 26985.00355407012 9081.565721552344 127650.99780273438 1122.544921875 26442.48541533915 71933
3450 34.1 28305.815846373247 9489.167179501228 127650.99780273438 1122.544921875 26445.097392377076 72281
3460 34.2 27445.980103966784 10199.850040495594 127650.99780273438 1122.544921875 26453.83448296688 72622
3470 31.9 26721.247106283063 9366.50798969927 127650.99780273438 1122.544921875 26458.48491060766 72964
3480 37.9 28297.280522731493 8776.591749836256 127650.99780273438 1122.544921875 26459.628711221998 73283
3490 37.7 28507.11607170611 9313.464163925717 127650.99780273438 1122.544921875 26469.083654565406 73662
3500 35.5 27066.09117861466 8887.043829784187 127650.99780273438 1122.544921875 26479.461134289093 74039
3510 35.4 27204.6653707903 8972.932816409528 127650.99780273438 1122.544921875 26482.260468452274 74394
3520 32.3 27617.02190009433 10111.794498000168 127650.99780273438 1122.544921875 26485.681714979644 74748
3530 31.7 27268.807865178922 8955.967217946216 127650.99780273438 1122.544921875 26490.549411957065 75071
3540 31.4 27045.815411027063 8750.0933941998 127650.99780273438 1122.544921875 26493.821921238003 75388
3550 34.6 28026.300524408416 9148.55992410548 127650.99780273438 1122.544921875 26496.111503492022 75702
3560 36.2 27869.90814849685 9038.22683678075 127650.99780273438 1122.544921875 26503.073493304208 76048
3570 37.9 28812.453680919152 9750.56305557298 127650.99780273438 1122.544921875 26509.549008880436 76410
3580 34.1 27478.36719179573 10877.327404917532 127650.99780273438 1122.544921875 26520.915231525643 76789
3590 35.6 27126.830997081295 9871.120402868168 127650.99780273438 1122.544921875 26525.148229301503 77130
3600 37.5 26586.755255208333 8984.455337187761 127650.99780273438 1122.544921875 26527.912587576928 77486
3610 36.9 26686.595688569192 8607.547714131419 127650.99780273438 1122.544921875 26528.195990055214 77861
3620 39.2 27988.99241793885 8586.50238083621 127650.99780273438 1122.544921875 26528.94313934259 78230
3630 43.6 28017.594998140947 8916.05893288766 127650.99780273438 1122.544921875 26536.222772488654 78622
3640 40.3 27200.91474100495 8378.735268444863 127650.99780273438 1122.544921875 26544.392449060088 79058
3650 39.7 27112.03497483568 9042.852478609298 127650.99780273438 1122.544921875 26547.72211372142 79461
3660 39 27647.121184520223 9082.23449128018 127650.99780273438 1122.544921875 26550.527495847975 79858
3670 38.2 28139.519772834177 10021.12913794439 127650.99780273438 1122.544921875 26555.856869023406 80248
3680 38.3 27590.560161222056 10234.938463087074 127650.99780273438 1122.544921875 26563.359774012315 80630
3690 39.2 28325.66294891979 9030.168395674162 127650.99780273438 1122.544921875 26568.216003855694 81013
3700 39.6 26897.625134400656 9672.379014178858 127650.99780273438 1122.544921875 26576.6788648896 81405
3710 40.8 27212.939884559775 9507.724600632446 127650.99780273438 1122.544921875 26578.23257111234 81801
3720 44.9 27329.923333862578 8754.551014870252 127650.99780273438 1122.544921875 26581.3825982856 82209
3730 39.8 27123.489566362085 9368.12952857175 127650.99780273438 1122.544921875 26585.448687354707 82658
3740 40.1 26579.74031474049 8624.754207026948 127650.99780273438 1122.544921875 26588.02695105444 83056
3750 40.3 28413.60244152741 10143.823895955722 127650.99780273438 1122.544921875 26587.987134847746 83457
3760 36.2 27755.4883561108 8730.093994941179 127650.99780273438 1122.544921875 26596.760363664725 83860
3770 38.1 27957.22757943221 9377.60263758399 127650.99780273438 1122.544921875 26601.74076704229 84222
3780 36.6 27834.392726210306 9009.719773263541 127650.99780273438 1122.544921875 26607.84504792501 84603
3790 41.1 27966.011851215593 10199.77509021887 127650.99780273438 1122.544921875 26613.12834477742 84969
3800 41.1 27931.714924536183 9429.133774861535 127650.99780273438 1122.544921875 26619.64081984355 85380
3810 38.9 28139.322278177217 9982.646545567468 127650.99780273438 1122.544921875 26625.926589411785 85791
3820 35.5 26326.73603584398 8728.149774081023 127650.99780273438 1122.544921875 26632.757767445317 86180
3830 40.1 27336.158471009974 8129.506330439104 127650.99780273438 1122.544921875 26631.502348080685 86535
3840 34.2 28344.914181714877 10292.545307904846 127650.99780273438 1122.544921875 26634.752636859725 86936
3850 36.8 28539.592474232544 10626.448173999486 127650.99780273438 1122.544921875 26641.453927543982 87278
3860 38.9 27165.84613429366 8463.282340075859 127650.99780273438 1122.544921875 26649.423657881718 87646
3870 40.9 28290.2656536522 10526.176972593692 127650.99780273438 1122.544921875 26651.705572385315 88035
3880 37 27494.234775522604 9958.40093914338 127650.99780273438 1122.544921875 26659.282921592025 88444
3890 43.5 27429.64855367726 9288.593011797793 127650.99780273438 1122.544921875 26662.76133925089 88814
3900 41.6 27732.579763559195 10474.89899071477 127650.99780273438 1122.544921875 26666.499150747662 89249
3910 40.6 27504.543894199316 9036.581087406052 127650.99780273438 1122.544921875 26671.445222625538 89665
3920 37.1 28241.296415673438 9026.010279742159 127650.99780273438 1122.544921875 26675.20046083383 90071
3930 41.1 26822.344774677815 9736.894127466961 127650.99780273438 1122.544921875 26681.62470619821 90442
3940 42.7 26957.439385657566 7850.6274467489375 127650.99780273438 1122.544921875 26682.261294402728 90853
3950 42.4 27248.270149087 8977.929401234118 127650.99780273438 1122.544921875 26683.54855387869 91280
3960 38.7 28155.84614156876 10594.073320245598 127650.99780273438 1122.544921875 26686.15958454658 91704
3970 41.3 26806.883107478632 9367.63826852343 127650.99780273438 1122.544921875 26692.335743971147 92091
3980 43 27429.751158816314 9502.750752011749 127650.99780273438 1122.544921875 26692.84716035453 92504
3990 39.3 28457.225723849 9285.221351191707 127650.99780273438 1122.544921875 26696.25677060846 92934
4000 42.1 27982.74501744359 9210.247701154403 127650.99780273438 1122.544921875 26703.67221092716 93327
4010 41.7 26852.85172818777 8562.886106436887 127650.99780273438 1122.544921875 26709.41622308255 93748
4020 42 27055.100970749627 9908.099423416448 127650.99780273438 1122.544921875 26710.05141243771 94165
4030 39 27126.97107809996 8319.099890902917 127650.99780273438 1122.544921875 26711.583587882986 94585
4040 40.8 27491.064590753293 9507.373517452956 127650.99780273438 1122.544921875 26713.289311717515 94975
4050 38.8 26823.190993476164 9614.01297714003 127650.99780273438 1122.544921875 26716.616239092902 95383
4060 31.7 28439.20074597669 10679.897922510454 127650.99780273438 1122.544921875 26717.04800867556 95771
4070 39.8 28788.94958128043 10505.296592816014 127650.99780273438 1122.544921875 26722.729492500017 96088
4080 44 27223.196570933953 8784.700093187166 127650.99780273438 1122.544921875 26731.252548646346 96486
4090 39.1 27960.903269736045 9054.727881100514 127650.99780273438 1122.544921875 26733.48575098428 96926
4100 42.2 27062.27809526343 9093.87497905124 127650.99780273438 1122.544921875 26738.417266031312 97317
4110 42.3 28199.317349336954 9752.300468383255 127650.99780273438 1122.544921875 26739.815574484805 97739
4120 39.1 27682.366316461186 9750.347950948626 127650.99780273438 1122.544921875 26746.10486413622 98162
4130 31.9 28270.17959030295 10884.536326421074 129979.73486328125 1122.544921875 26749.819395686343 98553
4140 40.6 27809.055413908558 9473.858645129194 129979.73486328125 1122.544921875 26754.724676272177 98872
4150 46.9 27643.553643785817 10995.02709195712 129979.73486328125 1122.544921875 26759.03638963748 99278
4160 39.7 27684.00523887654 8873.484075353315 129979.73486328125 1122.544921875 26763.195297596572 99747
4170 40.9 27859.751715550505 9859.03179984338 129979.73486328125 1122.544921875 26766.845656546564 100144
4180 39.6 28383.881827306264 9542.553074109308 129979.73486328125 1122.544921875 26771.291059250936 100553
4190 44.4 26296.75733136701 8812.926610409771 129979.73486328125 1122.544921875 26777.61688659098 100949
4200 38.5 26313.200117948458 8544.248063517347 129979.73486328125 1122.544921875 26775.511202347298 101393
4210 37.3 26836.613812730404 9077.999540491543 129979.73486328125 1122.544921875 26773.76239840643 101778
4220 49.5 28306.624032808555 9225.947861681088 129979.73486328125 1122.544921875 26773.991897653064 102151
4230 41.8 27044.353568191153 8376.43719444419 129979.73486328125 1122.544921875 26781.382861810478 102646
4240 47.1 28065.851709191713 9492.769076219709 129979.73486328125 1122.544921875 26782.449400614205 103064
4250 42.3 26850.348964104985 8887.956859377162 129979.73486328125 1122.544921875 26788.287836769516 103535
4260 43.9 27297.780110491713 9058.115959146118 129979.73486328125 1122.544921875 26788.540360450836 103958
4270 39.6 27205.47755694149 8952.901384388155 129979.73486328125 1122.544921875 26790.68176537883 104397
4280 43.1 26890.04589050718 8936.448545599478 129979.73486328125 1122.544921875 26792.24922821947 104793
4290 48.1 28914.023232949745 10079.369387499726 129979.73486328125 1122.544921875 26792.649805668018 105224
4300 48 27625.394364420572 9892.184171660012 129979.73486328125 1122.544921875 26802.30290266932 105705
4310 43.4 27784.272773144978 9361.54525131449 129979.73486328125 1122.544921875 26806.023615591486 106185
4320 42.6 27353.572872537963 9490.926798571809 129979.73486328125 1122.544921875 26810.005646321264 106619
4330 42.3 27279.174135753736 9390.428543328258 129979.73486328125 1122.544921875 26812.16884533447 107045
4340 41.8 26959.26102604478 8616.72354977988 129979.73486328125 1122.544921875 26814.007004022147 107468
4350 45.1 27290.582797234438 9582.847883390548 129979.73486328125 1122.544921875 26814.569784931675 107886
4360 35 27995.26884486606 9456.273086313064 129979.73486328125 1122.544921875 26816.55139664834 108337
4370 49 28405.800237663425 9497.061651584796 129979.73486328125 1122.544921875 26820.34716897508 108687
4380 44.4 27186.496384629256 9665.732137362209 129979.73486328125 1122.544921875 26827.46288019317 109177
4390 42.9 27124.228898624166 10067.333154263837 129979.73486328125 1122.544921875 26828.91708035527 109621
4400 43.6 28154.819053719897 9995.103739036409 129979.73486328125 1122.544921875 26830.068273177054 110050
4410 43.6 27796.695069479283 9806.941718949536 129979.73486328125 1122.544921875 26835.296006467397 110486
4420 45.2 27614.79069316493 10364.040891413553 129979.73486328125 1122.544921875 26839.074968183493 110922
4430 44.5 27062.093697880093 10013.328768681677 129979.73486328125 1122.544921875 26842.223131199025 111374
4440 38.6 27519.06031475166 9477.050866144271 129979.73486328125 1122.544921875 26843.0981381493 111819
4450 46 27384.65147439708 8384.437577783277 129979.73486328125 1122.544921875 26845.42353719719 112205
4460 45.2 27652.614695861277 10022.933000941244 129979.73486328125 1122.544921875 26847.62515128419 112665
4470 45.9 27852.355554917278 10223.67125123229 129979.73486328125 1122.544921875 26850.841778971888 113117
4480 46.8 27510.09512876853 11007.731644235793 158932.31396484375 1122.544921875 26854.889243428806 113576
4490 45.2 27267.86824508263 9826.718047532462 158932.31396484375 1122.544921875 26857.57799824571 114044
4500 41.5 27119.256359422063 8956.52149208913 158932.31396484375 1122.544921875 26859.19771589148 114496
4510 40.7 28464.46609264626 9930.379783942903 158932.31396484375 1122.544921875 26860.13691524633 114911
4520 49.4 26635.513537943603 9152.881895024477 158932.31396484375 1122.544921875 26865.799188050245 115318
4530 46.5 26982.975855279736 9353.792820070074 158932.31396484375 1122.544921875 26864.816896826946 115812
4540 43.5 27081.442132498214 8648.24233758619 158932.31396484375 1122.544921875 26865.289422912763 116277
4550 44 27178.273749889027 10041.16932728654 158932.31396484375 1122.544921875 26866.095050685995 116712
4560 49.3 26575.717420349723 8905.64272275622 158932.31396484375 1122.544921875 26867.26753282586 117152
4570 46.5 28579.035798891127 10167.931709707842 158932.31396484375 1122.544921875 26866.045770698693 117645
4580 38.2 27168.485180919706 8987.413845550293 158932.31396484375 1122.544921875 26872.789825927797 118110
4590 46.2 27837.76658042478 8720.666118127303 158932.31396484375 1122.544921875 26873.743102314445 118492
4600 48.7 27019.179385206782 9266.185471748864 158932.31396484375 1122.544921875 26877.48722900953 118954
4610 42.8 27380.50074896411 9450.20769289784 158932.31396484375 1122.544921875 26878.064954246827 119441
4620 44.3 27224.016294595618 9187.844878086402 158932.31396484375 1122.544921875 26879.85893367553 119869
4630 42.7 28042.80931302144 9636.826731622123 158932.31396484375 1122.544921875 26881.12615316226 120312
4640 44.6 28490.82654574954 10310.736843545497 158932.31396484375 1122.544921875 26885.234508451435 120739
4650 43.7 27650.30883677328 9163.462249975277 158932.31396484375 1122.544921875 26891.143606513368 121185
4660 47 27298.197030314997 9315.961826748113 158932.31396484375 1122.544921875 26893.87136305103 121622
4670 44 27031.073291015633 8539.436105795341 158932.31396484375 1122.544921875 26895.4278373787 122092
4680 47.1 27235.184793719312 9279.30786477306 158932.31396484375 1122.544921875 26895.91492646237 122532
4690 45.1 28968.775793917164 10571.7992446705 158932.31396484375 1122.544921875 26897.214050121776 123003
4700 42.6 27599.506640510383 9352.047459865315 158932.31396484375 1122.544921875 26904.781843360164 123454
4710 46.6 27690.742363532725 9567.221048299054 158932.31396484375 1122.544921875 26907.17087115792 123880
4720 39.9 27214.115410596798 8267.263791464551 158932.31396484375 1122.544921875 26910.107389545698 124346
4730 43.5 27913.714288119612 8842.167150277644 158932.31396484375 1122.544921875 26911.079766798488 124745
4740 46.1 27097.30429560398 9818.84932636911 158932.31396484375 1122.544921875 26914.563917755306 125180
4750 44.4 26789.103737221107 8537.106962455848 158932.31396484375 1122.544921875 26915.234425903032 125641
4760 42.5 27190.390687040435 9152.956478091412 158932.31396484375 1122.544921875 26914.790265013355 126085
4770 42.8 26480.43497131918 8619.209544326584 158932.31396484375 1122.544921875 26915.716122094705 126510
4780 46.2 27906.34320728913 9186.384907303232 158932.31396484375 1122.544921875 26914.248473852793 126938
4790 37.2 29854.949185279107 9675.346237026617 158932.31396484375 1122.544921875 26917.84618002899 127400
4800 16.1 35084.69487729281 8008.177625251577 158932.31396484375 1122.544921875 26926.397367440575 127772
4810 5.2 44733.72790057842 8009.380994772187 158932.31396484375 1122.544921875 26936.66435015095 127933
4820 1.4 54824.707798549105 6790.054904910962 158932.31396484375 1122.544921875 26943.895254589923 127985
4830 0.5 64875.73271484375 10033.742422049347 158932.31396484375 1122.544921875 26946.944742286043 127999
4839 0 0 0 158932.31396484375 1122.544921875 26948.426289267878 128004
