10 1.4015625 1.4015625
20 5.12578125 6.52734375
30 10.1546875 16.68203125
40 18.8703125 35.55234375
50 16.61875 52.17109375
60 14.228125 66.39921875
70 23.0078125 89.40703125
80 17.478125 106.88515625
90 19.73671875 126.621875
100 19.26328125 145.88515625
110 13.4875 159.37265625
120 19.02734375 178.4
130 27.93984375 206.33984375
140 27.5734375 233.91328125
150 38.88828125 272.8015625
160 36.37578125 309.17734375
170 29.7875 338.96484375
180 29.6046875 368.56953125
190 29.86484375 398.434375
200 31.796875 430.23125
210 35.959375 466.190625
220 38.28984375 504.48046875
230 36.1203125 540.60078125
240 36.46875 577.06953125
250 47.55546875 624.625
260 41.35546875 665.98046875
270 42.52109375 708.5015625
280 43.078125 751.5796875
290 28.440625 780.0203125
300 49.5125 829.5328125
310 50.378125 879.9109375
320 42.31796875 922.22890625
330 44.77890625 967.0078125
340 48.30546875 1015.31328125
350 52.39765625 1067.7109375
360 65.09921875 1132.81015625
370 61.73515625 1194.5453125
380 63.14453125 1257.68984375
390 71.57890625 1329.26875
400 64.0671875 1393.3359375
410 60.009375 1453.3453125
420 49.39296875 1502.73828125
430 50.81328125 1553.5515625
440 51.5515625 1605.103125
450 59.4421875 1664.5453125
460 55.58671875 1720.13203125
470 60.07265625 1780.2046875
480 68.253125 1848.4578125
490 72.01171875 1920.46953125
500 83.35390625 2003.8234375
510 76.18046875 2080.00390625
520 72.68515625 2152.6890625
530 76.9203125 2229.609375
540 72.9734375 2302.5828125
550 77.528125 2380.1109375
560 76.8375 2456.9484375
570 86.56640625 2543.51484375
580 75.91640625 2619.43125
590 82.31796875 2701.74921875
600 96.940625 2798.68984375
610 99.20625 2897.89609375
620 111.78984375 3009.6859375
630 107.421875 3117.1078125
640 105.5875 3222.6953125
650 101.71328125 3324.40859375
660 110.56171875 3434.9703125
670 107.2671875 3542.2375
680 122.3921875 3664.6296875
690 125.95390625 3790.58359375
700 123.39453125 3913.978125
710 109.65625 4023.634375
720 115.95859375 4139.59296875
730 105.06953125 4244.6625
740 114.09921875 4358.76171875
750 114.8390625 4473.60078125
760 109.996875 4583.59765625
770 113.15625 4696.75390625
780 126.83203125 4823.5859375
790 127.43671875 4951.02265625
800 126.03671875 5077.059375
810 104.2015625 5181.2609375
820 117.33671875 5298.59765625
830 113.63984375 5412.2375
840 117.7359375 5529.9734375
850 109.31484375 5639.28828125
860 111.21953125 5750.5078125
870 112.2015625 5862.709375
880 115.34375 5978.053125
890 117.99609375 6096.04921875
900 110.74140625 6206.790625
910 107.6296875 6314.4203125
920 109.1421875 6423.5625
930 115.96640625 6539.52890625
940 109.425 6648.95390625
950 116.77109375 6765.725
960 110.8109375 6876.5359375
970 110.584375 6987.1203125
980 107.88671875 7095.00703125
990 112.26484375 7207.271875
1000 113.734375 7321.00625
1010 114.346875 7435.353125
1020 117.8515625 7553.2046875
1030 121.3640625 7674.56875
1040 107.96875 7782.5375
1050 119.1859375 7901.7234375
1060 107.09609375 8008.81953125
1070 119.08828125 8127.9078125
1080 115.31640625 8243.22421875
1090 104.9703125 8348.19453125
1100 114.53359375 8462.728125
1110 111.61875 8574.346875
1120 121.5984375 8695.9453125
1130 121.3890625 8817.334375
1140 121.078125 8938.4125
1150 106.5515625 9044.9640625
1160 102.29140625 9147.25546875
1170 114.31171875 9261.5671875
1180 130.91640625 9392.48359375
1190 123.9890625 9516.47265625
1200 144.403125 9660.87578125
1210 140.4125 9801.28828125
1220 148.71953125 9950.0078125
1230 152.7328125 10102.740625
1240 158.63984375 10261.38046875
1250 156.503125 10417.88359375
1260 160.44453125 10578.328125
1270 151.88046875 10730.20859375
1280 147.30390625 10877.5125
1290 144.15390625 11021.66640625
1300 160.5328125 11182.19921875
1310 161.77109375 11343.9703125
1320 160.3609375 11504.33125
1330 155.79453125 11660.12578125
1340 153.5640625 11813.68984375
1350 145.82109375 11959.5109375
1360 146.27265625 12105.78359375
1370 149.51171875 12255.2953125
1380 163.8953125 12419.190625
1390 158.2640625 12577.4546875
1400 162.53671875 12739.99140625
1410 164.1375 12904.12890625
1420 157.4375 13061.56640625
1430 150.0171875 13211.58359375
1440 153.02265625 13364.60625
1450 151.5328125 13516.1390625
1460 135.9203125 13652.059375
1470 144.98515625 13797.04453125
1480 162.13671875 13959.18125
1490 162.284375 14121.465625
1500 160.059375 14281.525
1510 158.76015625 14440.28515625
1520 171.08515625 14611.3703125
1530 152.01640625 14763.38671875
1540 157.2796875 14920.66640625
1550 166.36328125 15087.0296875
1560 158.72890625 15245.75859375
1570 168.8625 15414.62109375
1580 154.2140625 15568.83515625
1590 153.271875 15722.10703125
1600 146.64765625 15868.7546875
1610 133.021875 16001.7765625
1620 149.11953125 16150.89609375
1630 150.22421875 16301.1203125
1640 142.41015625 16443.53046875
1650 143.446875 16586.97734375
1660 134.55703125 16721.534375
1670 162.06953125 16883.60390625
1680 148.85703125 17032.4609375
1690 151.16875 17183.6296875
1700 150.7140625 17334.34375
1710 149.86640625 17484.21015625
1720 152.87734375 17637.0875
1730 156.4078125 17793.4953125
1740 154.52578125 17948.02109375
1750 150.346875 18098.36796875
1760 140.52734375 18238.8953125
1770 142.0515625 18380.946875
1780 165.96015625 18546.90703125
1790 165.765625 18712.67265625
1800 164.03203125 18876.7046875
1810 190.4375 19067.1421875
1820 208.55390625 19275.69609375
1830 184.4984375 19460.19453125
1840 184.91875 19645.11328125
1850 197.09765625 19842.2109375
1860 185.69453125 20027.90546875
1870 184.178125 20212.08359375
1880 177.578125 20389.66171875
1890 185.25234375 20574.9140625
1900 194.76875 20769.6828125
1910 193.609375 20963.2921875
1920 175.2875 21138.5796875
1930 194.31953125 21332.89921875
1940 182.9859375 21515.88515625
1950 197.91953125 21713.8046875
1960 185.46796875 21899.27265625
1970 190 22089.27265625
1980 188.77265625 22278.0453125
1990 182.421875 22460.4671875
2000 187.87578125 22648.34296875
2010 202.68984375 22851.0328125
2020 192.93984375 23043.97265625
2030 175.86875 23219.84140625
2040 182.42265625 23402.2640625
2050 185.1890625 23587.453125
2060 189.28828125 23776.74140625
2070 201.64375 23978.38515625
2080 199.7125 24178.09765625
2090 193.4953125 24371.59296875
2100 177.02265625 24548.615625
2110 185.32734375 24733.94296875
2120 199.91953125 24933.8625
2130 188.30703125 25122.16953125
2140 202.06015625 25324.2296875
2150 170.8796875 25495.109375
2160 176.7390625 25671.8484375
2170 191.9828125 25863.83125
2180 190.5875 26054.41875
2190 185.69375 26240.1125
2200 184.11640625 26424.22890625
2210 191.59765625 26615.8265625
2220 190.740625 26806.5671875
2230 183.39296875 26989.96015625
2240 183.128125 27173.08828125
2250 189.928125 27363.01640625
2260 193.94921875 27556.965625
2270 199.7109375 27756.6765625
2280 204.271875 27960.9484375
2290 179.1015625 28140.05
2300 169.5375 28309.5875
2310 185.73046875 28495.31796875
2320 196.29765625 28691.615625
2330 201.51328125 28893.12890625
2340 194.26015625 29087.3890625
2350 204.3578125 29291.746875
2360 193.10703125 29484.85390625
2370 205.19765625 29690.0515625
2380 180.18515625 29870.23671875
2390 222.2921875 30092.52890625
2400 230.1390625 30322.66796875
2410 203.88125 30526.54921875
2420 231.32109375 30757.8703125
2430 214.40078125 30972.27109375
2440 215.57890625 31187.85
2450 200.4046875 31388.2546875
2460 216.41796875 31604.67265625
2470 221.20703125 31825.8796875
2480 234.73515625 32060.61484375
2490 213.29296875 32273.9078125
2500 222.9875 32496.8953125
2510 219.484375 32716.3796875
2520 212.91015625 32929.28984375
2530 211.4046875 33140.69453125
2540 231.23515625 33371.9296875
2550 216.17265625 33588.10234375
2560 219.078125 33807.18046875
2570 234.08984375 34041.2703125
2580 220.92421875 34262.19453125
2590 230.8109375 34493.00546875
2600 217.90390625 34710.909375
2610 232.7328125 34943.6421875
2620 231.38125 35175.0234375
2630 231.2390625 35406.2625
2640 217.8453125 35624.1078125
2650 224.72890625 35848.83671875
2660 216.53984375 36065.3765625
2670 230.45390625 36295.83046875
2680 219.45703125 36515.2875
2690 214.36953125 36729.65703125
2700 225.41875 36955.07578125
2710 229.3390625 37184.41484375
2720 207.553125 37391.96796875
2730 222.38203125 37614.35
2740 219.34765625 37833.69765625
2750 224.82421875 38058.521875
2760 222.0953125 38280.6171875
2770 220.1484375 38500.765625
2780 216.78515625 38717.55078125
2790 221.01484375 38938.565625
2800 224.64140625 39163.20703125
2810 217.07578125 39380.2828125
2820 221.784375 39602.0671875
2830 211.134375 39813.2015625
2840 220.85390625 40034.05546875
2850 215.75546875 40249.8109375
2860 221.2109375 40471.021875
2870 213.03828125 40684.06015625
2880 233.79296875 40917.853125
2890 207.64296875 41125.49609375
2900 216.68125 41342.17734375
2910 209.27421875 41551.4515625
2920 214.2765625 41765.728125
2930 212.2875 41978.015625
2940 223.9671875 42201.9828125
2950 217.25859375 42419.24140625
2960 202.91328125 42622.1546875
2970 224.61953125 42846.77421875
2980 234.32421875 43081.0984375
2990 229.4234375 43310.521875
3000 230.6296875 43541.1515625
3010 229.55703125 43770.70859375
3020 228.97734375 43999.6859375
3030 240.4359375 44240.121875
3040 238.13984375 44478.26171875
3050 250.340625 44728.60234375
3060 226.0109375 44954.61328125
3070 243.70546875 45198.31875
3080 240.1796875 45438.4984375
3090 240.31796875 45678.81640625
3100 247.403125 45926.21953125
3110 234.18984375 46160.409375
3120 232.02890625 46392.43828125
3130 252.37109375 46644.809375
3140 229.55234375 46874.36171875
3150 248.4421875 47122.80390625
3160 223.2515625 47346.05546875
3170 249.88828125 47595.94375
3180 245.77734375 47841.72109375
3190 240.15703125 48081.878125
3200 240.93671875 48322.81484375
3210 232.37734375 48555.1921875
3220 255.60859375 48810.80078125
3230 251.60078125 49062.4015625
3240 234.21171875 49296.61328125
3250 236.2828125 49532.89609375
3260 241.6015625 49774.49765625
3270 238.46015625 50012.9578125
3280 234.3859375 50247.34375
3290 255.6 50502.94375
3300 244.42421875 50747.36796875
3310 241.95859375 50989.3265625
3320 237.4390625 51226.765625
3330 243.5234375 51470.2890625
3340 230.81328125 51701.10234375
3350 247.59453125 51948.696875
3360 252.53515625 52201.23203125
3370 241.4203125 52442.65234375
3380 238.33671875 52680.9890625
3390 240.07734375 52921.06640625
3400 229.496875 53150.56328125
3410 247.33515625 53397.8984375
3420 243.834375 53641.7328125
3430 230.06953125 53871.80234375
3440 248.853125 54120.65546875
3450 234.36484375 54355.0203125
3460 247.40390625 54602.42421875
3470 252.4703125 54854.89453125
3480 238.69140625 55093.5859375
3490 247.053125 55340.6390625
3500 237.8765625 55578.515625
3510 235.9984375 55814.5140625
3520 239.0734375 56053.5875
3530 235.40234375 56288.98984375
3540 247.65078125 56536.640625
3550 226.384375 56763.025
3560 249.87265625 57012.89765625
3570 238.95390625 57251.8515625
3580 237.5734375 57489.425
3590 260.075 57749.5
3600 264.2609375 58013.7609375
3610 269.81875 58283.5796875
3620 246.2828125 58529.8625
3630 273.2609375 58803.1234375
3640 248.67734375 59051.80078125
3650 270.259375 59322.06015625
3660 263.16875 59585.22890625
3670 260.37734375 59845.60625
3680 263.6515625 60109.2578125
3690 247.9578125 60357.215625
3700 267.42578125 60624.64140625
3710 273.83046875 60898.471875
3720 277.76484375 61176.23671875
3730 265.45 61441.68671875
3740 271.51875 61713.20546875
3750 258.77109375 61971.9765625
3760 248.55859375 62220.53515625
3770 252.2578125 62472.79296875
3780 257.7859375 62730.57890625
3790 274.98125 63005.56015625
3800 250.4609375 63256.02109375
3810 259.0734375 63515.09453125
3820 262.196875 63777.29140625
3830 258.825 64036.11640625
3840 242.48046875 64278.596875
3850 249.93203125 64528.52890625
3860 262.73203125 64791.2609375
3870 272.1609375 65063.421875
3880 266.18125 65329.603125
3890 271.40078125 65601.00390625
3900 262.0265625 65863.03046875
3910 259.9609375 66122.99140625
3920 245.71484375 66368.70625
3930 268.5875 66637.29375
3940 274.52265625 66911.81640625
3950 277.5390625 67189.35546875
3960 263.4 67452.75546875
3970 278.63671875 67731.3921875
3980 280.71328125 68012.10546875
3990 252.55703125 68264.6625
4000 269.20859375 68533.87109375
4010 260.43125 68794.30234375
4020 281.35703125 69075.659375
4030 259.1203125 69334.7796875
4040 260.62734375 69595.40703125
4050 255.421875 69850.82890625
4060 228.24453125 70079.0734375
4070 279.04375 70358.1171875
4080 278.384375 70636.5015625
4090 262.13515625 70898.63671875
4100 271.4859375 71170.12265625
4110 269.4546875 71439.57734375
4120 264.30625 71703.88359375
4130 247.14765625 71951.03125
4140 260.3 72211.33125
4150 288.6125 72499.94375
4160 259.5921875 72759.5359375
4170 250.68125 73010.2171875
4180 263.35859375 73273.57578125
4190 287.2953125 73560.87109375
4200 266.0671875 73826.93828125
4210 253.4640625 74080.40234375
4220 300.32265625 74380.725
4230 277.3125 74658.0375
4240 280.35625 74938.39375
4250 274.690625 75213.084375
4260 273.78984375 75486.87421875
4270 264.73984375 75751.6140625
4280 292.04609375 76043.66015625
4290 278.67578125 76322.3359375
4300 291.2640625 76613.6
4310 273.434375 76887.034375
4320 275.30703125 77162.34140625
4330 274.7765625 77437.11796875
4340 283.02265625 77720.140625
4350 279.26796875 77999.40859375
4360 256.95 78256.35859375
4370 292.01875 78548.37734375
4380 281.13984375 78829.5171875
4390 275.78984375 79105.30703125
4400 265.5671875 79370.87421875
4410 274.0390625 79644.91328125
4420 277.934375 79922.84765625
4430 279.4890625 80202.33671875
4440 255.70859375 80458.0453125
4450 284.865625 80742.9109375
4460 286.1671875 81029.078125
4470 285.33203125 81314.41015625
4480 289.24453125 81603.6546875
4490 281.75078125 81885.40546875
4500 268.2609375 82153.66640625
4510 269.5609375 82423.22734375
4520 299.18828125 82722.415625
4530 277.384375 82999.8
4540 286.72890625 83286.52890625
4550 282.8484375 83569.37734375
4560 292.58984375 83861.9671875
4570 285.475 84147.4421875
4580 240.37890625 84387.82109375
4590 294.4984375 84682.31953125
4600 300.5015625 84982.82109375
4610 277.934375 85260.75546875
4620 281.978125 85542.73359375
4630 262.80546875 85805.5390625
4640 293.61953125 86099.15859375
4650 277.05703125 86376.215625
4660 293.803125 86670.01875
4670 283.778125 86953.796875
4680 286.80625 87240.603125
4690 285.62265625 87526.22578125
4700 275.2375 87801.46328125
4710 281.9375 88083.40078125
4720 232.23828125 88315.6390625
4730 292.40859375 88608.04765625
4740 292.4796875 88900.52734375
4750 278.171875 89178.69921875
4760 270.53984375 89449.2390625
4770 285.85703125 89735.09609375
4780 272.01171875 90007.1078125
4790 183.98671875 90191.09453125
4800 76.2265625 90267.32109375
4810 23.54921875 90290.8703125
4820 6.6546875 90297.525
4830 2.8359375 90300.3609375
4839 0 90300.3609375
