10 16.49453125 16.49453125
20 229.26328125 245.7578125
30 437.70234375 683.46015625
40 659.58671875 1343.046875
50 642.41640625 1985.46328125
60 526.4234375 2511.88671875
70 946.0328125 3457.91953125
80 663.33203125 4121.2515625
90 822.84296875 4944.09453125
100 801.68515625 5745.7796875
110 582.7015625 6328.48125
120 888.19296875 7216.67421875
130 1226.5578125 8443.23203125
140 1228.85859375 9672.090625
150 1538.1140625 11210.2046875
160 1775.27734375 12985.48203125
170 1151.76640625 14137.2484375
180 1293.44375 15430.6921875
190 1388.3765625 16819.06875
200 1480.390625 18299.459375
210 1739.75234375 20039.21171875
220 1630.73125 21669.94296875
230 1602.70390625 23272.646875
240 1853.3171875 25125.9640625
250 2332.371875 27458.3359375
260 2019.9921875 29478.328125
270 1974.753125 31453.08125
280 2013.1625 33466.24375
290 1409.734375 34875.978125
300 2570.09453125 37446.07265625
310 2338.3609375 39784.43359375
320 2070.775 41855.20859375
330 2446.03984375 44301.2484375
340 2378.2671875 46679.515625
350 2817.10625 49496.621875
360 3549.4328125 53046.0546875
370 3380.04609375 56426.10078125
380 3170.52734375 59596.628125
390 3940.66875 63537.296875
400 3506.44375 67043.740625
410 3061.85703125 70105.59765625
420 2608.58671875 72714.184375
430 2688.27421875 75402.45859375
440 2757.871875 78160.33046875
450 3581.05703125 81741.3875
460 2811.775 84553.1625
470 3176.32578125 87729.48828125
480 3747.53671875 91477.025
490 3927.34609375 95404.37109375
500 4387.071875 99791.44296875
510 3950.00703125 103741.45
520 4250.6125 107992.0625
530 3795.75859375 111787.82109375
540 3903.12734375 115690.9484375
550 4389.515625 120080.4640625
560 3877.353125 123957.8171875
570 4814.3546875 128772.171875
580 4270.62265625 133042.79453125
590 4619.13203125 137661.9265625
600 4954.49765625 142616.42421875
610 5655.41640625 148271.840625
620 5946.1609375 154218.0015625
630 6186.21640625 160404.21796875
640 5553.45859375 165957.6765625
650 5463.34453125 171421.02109375
660 5965.14921875 177386.1703125
670 5746.55390625 183132.72421875
680 6831.51875 189964.24296875
690 6586.1765625 196550.41953125
700 6909.3015625 203459.72109375
710 5972.553125 209432.27421875
720 5958.4953125 215390.76953125
730 6230.3234375 221621.09296875
740 5941.915625 227563.00859375
750 6128.5078125 233691.51640625
760 6032.49140625 239724.0078125
770 6280.32890625 246004.33671875
780 6708.29453125 252712.63125
790 7203.98203125 259916.61328125
800 6548.30703125 266464.9203125
810 5861.49453125 272326.41484375
820 6262.1734375 278588.58828125
830 6025.1140625 284613.70234375
840 6579.95078125 291193.653125
850 5751.96015625 296945.61328125
860 5843.178125 302788.79140625
870 6159.378125 308948.16953125
880 6223.39921875 315171.56875
890 6244.22265625 321415.79140625
900 6050.871875 327466.66328125
910 5745.90625 333212.56953125
920 5825.68984375 339038.259375
930 6645.23671875 345683.49609375
940 5782.228125 351465.72421875
950 6589.40859375 358055.1328125
960 5886.17265625 363941.30546875
970 5817.62421875 369758.9296875
980 5947.184375 375706.1140625
990 6356.54609375 382062.66015625
1000 6029.509375 388092.16953125
1010 6204.2578125 394296.42734375
1020 6344.2703125 400640.69765625
1030 6528.47890625 407169.1765625
1040 5760.1015625 412929.278125
1050 6478.15078125 419407.42890625
1060 6096.95078125 425504.3796875
1070 6440.5140625 431944.89375
1080 6313.26015625 438258.15390625
1090 5738.28125 443996.43515625
1100 6028.62421875 450025.059375
1110 6017.2109375 456042.2703125
1120 6547.16953125 462589.43984375
1130 6382.040625 468971.48046875
1140 6704.0859375 475675.56640625
1150 5732.009375 481407.57578125
1160 5597.46875 487005.04453125
1170 6395.8515625 493400.89609375
1180 7291.05703125 500691.953125
1190 6697.8328125 507389.7859375
1200 7865.0640625 515254.85
1210 7678.7265625 522933.5765625
1220 7833.865625 530767.4421875
1230 8490.409375 539257.8515625
1240 8529.634375 547787.4859375
1250 8353.63515625 556141.12109375
1260 8801.93984375 564943.0609375
1270 8452.93515625 573395.99609375
1280 7755.84296875 581151.8390625
1290 7854.99765625 589006.83671875
1300 8495.43359375 597502.2703125
1310 9042.7046875 606544.975
1320 9061.41953125 615606.39453125
1330 8181.78671875 623788.18125
1340 8442.48671875 632230.66796875
1350 7541.315625 639771.98359375
1360 8390.23046875 648162.2140625
1370 8143.72421875 656305.93828125
1380 8938.6 665244.53828125
1390 8522.02734375 673766.565625
1400 9172.05078125 682938.61640625
1410 8983.97734375 691922.59375
1420 8442.321875 700364.915625
1430 8487.071875 708851.9875
1440 8378.153125 717230.140625
1450 8046.53046875 725276.67109375
1460 7533.61875 732810.28984375
1470 7887.5390625 740697.82890625
1480 8782.97578125 749480.8046875
1490 8964.14765625 758444.95234375
1500 8487.65625 766932.60859375
1510 8918.79140625 775851.4
1520 8977.7921875 784829.1921875
1530 8406.3328125 793235.525
1540 8797.078125 802032.603125
1550 9270.40078125 811303.00390625
1560 8932.8171875 820235.82109375
1570 8753.653125 828989.47421875
1580 8194.16015625 837183.634375
1590 8643.9953125 845827.6296875
1600 7895.6953125 853723.325
1610 7204.45234375 860927.77734375
1620 8318.15546875 869245.9328125
1630 8327.74140625 877573.67421875
1640 7853.26953125 885426.94375
1650 7438.11875 892865.0625
1660 7756.8640625 900621.9265625
1670 8948.60546875 909570.53203125
1680 7949.80859375 917520.340625
1690 8187.2859375 925707.6265625
1700 8611.3125 934318.9390625
1710 8218.509375 942537.4484375
1720 7947.69765625 950485.14609375
1730 8445.60078125 958930.746875
1740 8643.1703125 967573.9171875
1750 8472.4 976046.3171875
1760 7145.57890625 983191.89609375
1770 8074.2265625 991266.12265625
1780 9135.28203125 1000401.4046875
1790 8944.62109375 1009346.02578125
1800 9133.596875 1018479.62265625
1810 10759.65078125 1029239.2734375
1820 10956.17578125 1040195.44921875
1830 10170.21171875 1050365.6609375
1840 9953.33046875 1060318.99140625
1850 10775.0984375 1071094.08984375
1860 10163.721875 1081257.81171875
1870 9793.68515625 1091051.496875
1880 9798.2125 1100849.709375
1890 9776.46484375 1110626.17421875
1900 11130.89765625 1121757.071875
1910 9864.08125 1131621.153125
1920 9424.75703125 1141045.91015625
1930 10265.48046875 1151311.390625
1940 10463.70390625 1161775.09453125
1950 10815.6765625 1172590.77109375
1960 9728.5875 1182319.35859375
1970 10507.95546875 1192827.3140625
1980 10604.54765625 1203431.86171875
1990 9498.23359375 1212930.0953125
2000 10539.7109375 1223469.80625
2010 11089.2140625 1234559.0203125
2020 10883.38671875 1245442.40703125
2030 9497.87890625 1254940.2859375
2040 9581.33828125 1264521.62421875
2050 10260.01015625 1274781.634375
2060 10170.19296875 1284951.82734375
2070 10746.246875 1295698.07421875
2080 10916.1734375 1306614.24765625
2090 10407.796875 1317022.04453125
2100 9480.7375 1326502.78203125
2110 9519.053125 1336021.83515625
2120 10702.8734375 1346724.70859375
2130 10603.996875 1357328.70546875
2140 10878.0890625 1368206.79453125
2150 8824.79453125 1377031.5890625
2160 9526.06796875 1386557.65703125
2170 9817.5734375 1396375.23046875
2180 10075.40859375 1406450.6390625
2190 10620.62109375 1417071.26015625
2200 9621.50546875 1426692.765625
2210 10292.6515625 1436985.4171875
2220 10244.84140625 1447230.25859375
2230 9945.4765625 1457175.73515625
2240 10198.128125 1467373.86328125
2250 10425.33984375 1477799.203125
2260 10298.025 1488097.228125
2270 11257.66953125 1499354.89765625
2280 10719.2 1510074.09765625
2290 9876.9875 1519951.08515625
2300 8923.4 1528874.48515625
2310 9564.675 1538439.16015625
2320 10413.884375 1548853.04453125
2330 11131.33984375 1559984.384375
2340 10317.2875 1570301.671875
2350 11125.78984375 1581427.46171875
2360 10451.04921875 1591878.5109375
2370 11077.271875 1602955.7828125
2380 9178.37109375 1612134.15390625
2390 11551.25234375 1623685.40625
2400 12308.93515625 1635994.34140625
2410 10779.75234375 1646774.09375
2420 11953.684375 1658727.778125
2430 11974.87265625 1670702.65078125
2440 10316.05 1681018.70078125
2450 11772.1890625 1692790.88984375
2460 11753.53203125 1704544.421875
2470 11653.7640625 1716198.1859375
2480 11869.87109375 1728068.05703125
2490 11116.4375 1739184.49453125
2500 10921.24375 1750105.73828125
2510 12193.2453125 1762298.98359375
2520 11136.40859375 1773435.3921875
2530 11249.434375 1784684.8265625
2540 11923.1640625 1796607.990625
2550 11920.62421875 1808528.61484375
2560 10654.06328125 1819182.678125
2570 12100.50703125 1831283.18515625
2580 12058.01796875 1843341.203125
2590 11848.0453125 1855189.2484375
2600 10597.37421875 1865786.62265625
2610 12058.72734375 1877845.35
2620 11879.215625 1889724.565625
2630 11059.96328125 1900784.52890625
2640 11691.0328125 1912475.56171875
2650 11032.6984375 1923508.26015625
2660 12269.6453125 1935777.90546875
2670 12092.2859375 1947870.19140625
2680 11609.45234375 1959479.64375
2690 10830.6078125 1970310.2515625
2700 12049.09296875 1982359.34453125
2710 12151.071875 1994510.41640625
2720 10508.4125 2005018.82890625
2730 12482.91171875 2017501.740625
2740 11470.95 2028972.690625
2750 12174.68203125 2041147.37265625
2760 12011.8578125 2053159.23046875
2770 11219.2015625 2064378.43203125
2780 10663.8171875 2075042.24921875
2790 11797.62734375 2086839.8765625
2800 12146.909375 2098986.7859375
2810 11625.4109375 2110612.196875
2820 11828.30625 2122440.503125
2830 11566.56484375 2134007.06796875
2840 10341.775 2144348.84296875
2850 12227.02734375 2156575.8703125
2860 11517.8703125 2168093.740625
2870 12272.00625 2180365.746875
2880 11482.39140625 2191848.13828125
2890 11591.02578125 2203439.1640625
2900 11816.2765625 2215255.440625
2910 10475.82890625 2225731.26953125
2920 11985.85234375 2237717.121875
2930 10778.67734375 2248495.79921875
2940 12117.32421875 2260613.1234375
2950 11916.275 2272529.3984375
2960 10023.28046875 2282552.67890625
2970 11738.49921875 2294291.178125
2980 11990.359375 2306281.5375
2990 11413.5515625 2317695.0890625
3000 10735.1859375 2328430.275
3010 11732.059375 2340162.334375
3020 11581.7578125 2351744.0921875
3030 11960.9796875 2363705.071875
3040 11886.00703125 2375591.07890625
3050 12095.09921875 2387686.178125
3060 10584.7953125 2398270.9734375
3070 11452.2296875 2409723.203125
3080 12222.721875 2421945.925
3090 11454.2734375 2433400.1984375
3100 11909.55078125 2445309.74921875
3110 10831.68125 2456141.43046875
3120 12033.3953125 2468174.82578125
3130 11737.61875 2479912.44453125
3140 11762.76015625 2491675.2046875
3150 11847.71328125 2503522.91796875
3160 10296.975 2513819.89296875
3170 11865.37421875 2525685.2671875
3180 12121.25703125 2537806.52421875
3190 11464.765625 2549271.28984375
3200 11274.88828125 2560546.178125
3210 10524.5953125 2571070.7734375
3220 11861.28203125 2582932.05546875
3230 11854.853125 2594786.90859375
3240 12417.059375 2607203.96796875
3250 11644.40703125 2618848.375
3260 11577.81875 2630426.19375
3270 11812.67578125 2642238.86953125
3280 10117.96875 2652356.83828125
3290 11992.5265625 2664349.36484375
3300 12253.18203125 2676602.546875
3310 11371.3734375 2687973.9203125
3320 11299.0578125 2699272.978125
3330 11734.67265625 2711007.65078125
3340 10586.915625 2721594.56640625
3350 11765.4109375 2733359.97734375
3360 11835.64921875 2745195.6265625
3370 12012.46875 2757208.0953125
3380 11585.7921875 2768793.8875
3390 11638.6703125 2780432.5578125
3400 10426.03203125 2790858.58984375
3410 12033.25234375 2802891.8421875
3420 11744.978125 2814636.8203125
3430 10868.05625 2825504.8765625
3440 11611.2984375 2837116.175
3450 11979.44921875 2849095.62421875
3460 12194.9984375 2861290.62265625
3470 11390.79921875 2872681.421875
3480 11059.2828125 2883740.7046875
3490 11704.0375 2895444.7421875
3500 11097.2609375 2906542.003125
3510 12253.24609375 2918795.24921875
3520 11736.9734375 2930532.22265625
3530 12261.51328125 2942793.7359375
3540 11917.9859375 2954711.721875
3550 9310.309375 2964022.03125
3560 12142.64453125 2976164.67578125
3570 11957.96015625 2988122.6359375
3580 11736.13828125 2999858.77421875
3590 11581.0890625 3011439.86328125
3600 12081.4 3023521.26328125
3610 11409.421875 3034930.68515625
3620 10892.140625 3045822.82578125
3630 11468.828125 3057291.65390625
3640 11992.77734375 3069284.43125
3650 12117.75703125 3081402.18828125
3660 12050.03828125 3093452.2265625
3670 11669.05078125 3105121.27734375
3680 11932.9125 3117054.18984375
3690 10029.03125 3127083.22109375
3700 11810.51875 3138893.73984375
3710 12070.1828125 3150963.92265625
3720 12411.08125 3163375.00390625
3730 11785.778125 3175160.78203125
3740 12436.18359375 3187596.965625
3750 11948.7171875 3199545.6828125
3760 10057.7953125 3209603.478125
3770 11981.21875 3221584.696875
3780 12229.8703125 3233814.5671875
3790 11621.540625 3245436.1078125
3800 10967.8109375 3256403.91875
3810 12230.5515625 3268634.4703125
3820 11957.159375 3280591.6296875
3830 11837.97734375 3292429.60703125
3840 9677.75546875 3302107.3625
3850 11945.95703125 3314053.31953125
3860 12249.91640625 3326303.2359375
3870 12101.8 3338405.0359375
3880 11706.5140625 3350111.55
3890 11119.8703125 3361231.4203125
3900 11860.50859375 3373091.92890625
3910 11813.8046875 3384905.73359375
3920 9979.2921875 3394885.02578125
3930 11545.27265625 3406430.2984375
3940 11905.56171875 3418335.86015625
3950 12270.8 3430606.66015625
3960 12037.4640625 3442644.12421875
3970 11340.0203125 3453984.14453125
3980 12005.51875 3465989.66328125
3990 9597.578125 3475587.24140625
4000 11755.3296875 3487342.57109375
4010 12531.35390625 3499873.925
4020 12375.71953125 3512249.64453125
4030 11314.48125 3523564.12578125
4040 12080.0390625 3535644.16484375
4050 11635.69140625 3547279.85625
4060 9774.2375 3557054.09375
4070 11780.5125 3568834.60625
4080 12197.62734375 3581032.23359375
4090 11333.234375 3592365.46796875
4100 11720.95703125 3604086.425
4110 11704.14921875 3615790.57421875
4120 12233.5953125 3628024.16953125
4130 10493.128125 3638517.29765625
4140 11405.3921875 3649922.68984375
4150 11669.71015625 3661592.4
4160 11441.865625 3673034.265625
4170 11404.69453125 3684438.96015625
4180 11970.96875 3696409.92890625
4190 11956.15234375 3708366.08125
4200 11825.98203125 3720192.06328125
4210 10212.65703125 3730404.7203125
4220 11813.03828125 3742217.75859375
4230 11845.4390625 3754063.19765625
4240 12352.5015625 3766415.69921875
4250 11604.996875 3778020.69609375
4260 11885.175 3789905.87109375
4270 11639.18515625 3801545.05625
4280 11530.62890625 3813075.68515625
4290 10614.465625 3823690.15078125
4300 11765.27265625 3835455.4234375
4310 11953.553125 3847408.9765625
4320 12113.78203125 3859522.75859375
4330 11566.71171875 3871089.4703125
4340 12060.28125 3883149.7515625
4350 12139.1109375 3895288.8625
4360 10419.60625 3905708.46875
4370 11558.55390625 3917267.02265625
4380 12243.3375 3929510.36015625
4390 11969.084375 3941479.44453125
4400 10890.1484375 3952369.59296875
4410 11874.58359375 3964244.1765625
4420 12162.69296875 3976406.86953125
4430 11750.85078125 3988157.7203125
4440 10167.13203125 3998324.85234375
4450 11748.3796875 4010073.23203125
4460 11671.5796875 4021744.81171875
4470 11918.50859375 4033663.3203125
4480 12089.46015625 4045752.78046875
4490 11993.0078125 4057745.78828125
4500 11667.60546875 4069413.39375
4510 9810.7390625 4079224.1328125
4520 11739.95625 4090964.0890625
4530 12134.58671875 4103098.67578125
4540 11803.759375 4114902.43515625
4550 10755.92421875 4125658.359375
4560 12079.89375 4137738.253125
4570 11260.25859375 4148998.51171875
4580 9849.15859375 4158847.6703125
4590 11183.1578125 4170030.828125
4600 12454.0078125 4182484.8359375
4610 11399.12109375 4193883.95703125
4620 11959.6515625 4205843.60859375
4630 11684.8546875 4217528.46328125
4640 12095.3890625 4229623.85234375
4650 10137.21015625 4239761.0625
4660 11580.69140625 4251341.75390625
4670 11630.0953125 4262971.84921875
4680 12130.34921875 4275102.1984375
4690 11461.43203125 4286563.63046875
4700 11515.26953125 4298078.9
4710 11408.45546875 4309487.35546875
4720 10567.75625 4320055.11171875
4730 11814.64296875 4331869.7546875
4740 12199.6109375 4344069.365625
4750 11110.78046875 4355180.14609375
4760 11707.85078125 4366887.996875
4770 11697.21796875 4378585.21484375
4780 11943.55703125 4390528.771875
4790 11202.0625 4401730.834375
4800 2923.590625 4404654.425
4810 752.3859375 4405406.8109375
4820 208.26640625 4405615.07734375
4830 15.19609375 4405630.2734375
4839 0 4405630.2734375
