0 0 0
10 22 22
20 45 45
30 56 58
40 54 58
50 52 59
60 69 71
70 59 71
80 66 71
90 55 71
100 54 71
110 72 72
120 89 91
130 102 106
140 128 128
150 118 129
160 107 129
170 98 129
180 98 129
190 110 129
200 121 129
210 124 131
220 119 131
230 131 136
240 155 156
250 146 156
260 147 156
270 142 156
280 135 156
290 170 186
300 166 186
310 154 186
320 158 186
330 176 186
340 197 200
350 214 214
360 213 221
370 221 225
380 244 245
390 218 249
400 208 249
410 174 249
420 175 249
430 189 249
440 201 249
450 187 249
460 209 249
470 234 249
480 246 252
490 276 277
500 255 277
510 245 277
520 257 277
530 264 278
540 265 278
550 258 278
560 280 291
570 256 291
580 295 299
590 333 334
600 356 362
610 382 382
620 360 383
630 365 383
640 362 383
650 372 383
660 373 383
670 414 416
680 423 440
690 401 440
700 374 440
710 372 440
720 366 440
730 383 440
740 370 440
750 376 440
760 380 440
770 422 440
780 416 440
790 390 440
800 357 440
810 391 440
820 398 440
830 377 440
840 370 440
850 359 440
860 381 440
870 385 440
880 376 440
890 367 440
900 363 440
910 382 440
920 380 440
930 377 440
940 390 440
950 386 440
960 387 440
970 380 440
980 396 440
990 391 440
1000 400 440
1010 394 440
1020 390 440
1030 388 440
1040 392 440
1050 378 440
1060 404 440
1070 385 440
1080 372 440
1090 386 440
1100 387 440
1110 401 440
1120 387 440
1130 394 440
1140 352 440
1150 369 440
1160 403 440
1170 408 440
1180 438 441
1190 477 480
1200 486 491
1210 520 534
1220 550 553
1230 528 559
1240 543 559
1250 539 559
1260 523 559
1270 498 559
1280 505 559
1290 543 559
1300 538 560
1310 521 560
1320 524 560
1330 509 560
1340 515 560
1350 511 560
1360 524 560
1370 521 560
1380 544 560
1390 542 560
1400 539 560
1410 537 560
1420 492 560
1430 511 560
1440 486 560
1450 479 560
1460 502 560
1470 537 560
1480 548 560
1490 547 560
1500 543 560
1510 548 560
1520 504 560
1530 530 560
1540 545 560
1550 547 570
1560 557 570
1570 516 570
1580 482 570
1590 497 570
1600 496 570
1610 506 570
1620 506 570
1630 493 570
1640 473 570
1650 488 570
1660 529 570
1670 509 570
1680 524 570
1690 513 570
1700 506 570
1710 501 570
1720 508 570
1730 518 570
1740 471 570
1750 479 570
1760 505 570
1770 536 570
1780 572 577
1790 600 614
1800 660 665
1810 690 692
1820 647 692
1830 659 692
1840 630 692
1850 626 692
1860 619 692
1870 608 692
1880 641 692
1890 638 692
1900 624 692
1910 612 692
1920 644 692
1930 635 692
1940 632 692
1950 613 692
1960 626 692
1970 624 692
1980 644 692
1990 657 692
2000 667 698
2010 645 698
2020 623 698
2030 637 698
2040 644 698
2050 648 698
2060 657 698
2070 657 698
2080 651 698
2090 641 698
2100 652 698
2110 671 698
2120 655 698
2130 656 698
2140 600 698
2150 611 698
2160 645 698
2170 636 698
2180 633 698
2190 627 698
2200 644 698
2210 637 698
2220 648 698
2230 661 698
2240 657 698
2250 681 698
2260 681 698
2270 682 698
2280 620 698
2290 619 698
2300 652 698
2310 670 698
2320 681 701
2330 706 706
2340 732 748
2350 701 748
2360 678 748
2370 688 748
2380 767 775
2390 788 796
2400 794 820
2410 791 820
2420 764 820
2430 758 820
2440 753 820
2450 788 820
2460 816 820
2470 829 843
2480 808 843
2490 826 850
2500 750 850
2510 718 850
2520 762 850
2530 792 850
2540 784 850
2550 805 850
2560 822 850
2570 814 850
2580 830 850
2590 839 850
2600 864 886
2610 844 886
2620 845 886
2630 863 886
2640 825 886
2650 796 886
2660 798 886
2670 813 886
2680 823 886
2690 837 886
2700 818 886
2710 780 886
2720 785 886
2730 784 886
2740 796 886
2750 795 886
2760 800 886
2770 783 886
2780 801 886
2790 798 886
2800 755 886
2810 770 886
2820 767 886
2830 785 886
2840 763 886
2850 773 886
2860 770 886
2870 789 886
2880 733 886
2890 740 886
2900 765 886
2910 778 886
2920 792 886
2930 786 886
2940 751 886
2950 739 886
2960 793 886
2970 840 886
2980 859 886
2990 906 921
3000 875 921
3010 877 921
3020 910 925
3030 901 925
3040 950 959
3050 931 959
3060 925 961
3070 939 961
3080 958 961
3090 959 972
3100 955 972
3110 922 992
3120 929 992
3130 891 992
3140 908 992
3150 914 992
3160 952 992
3170 940 992
3180 939 992
3190 971 992
3200 995 996
3210 1022 1046
3220 1003 1046
3230 915 1046
3240 928 1046
3250 933 1046
3260 921 1046
3270 935 1046
3280 982 1046
3290 946 1046
3300 971 1046
3310 948 1046
3320 940 1046
3330 957 1046
3340 993 1046
3350 970 1046
3360 941 1046
3370 935 1046
3380 934 1046
3390 955 1046
3400 947 1046
3410 949 1046
3420 946 1046
3430 954 1046
3440 926 1046
3450 977 1046
3460 995 1046
3470 1013 1046
3480 979 1046
3490 936 1046
3500 919 1046
3510 892 1046
3520 898 1046
3530 955 1046
3540 1022 1046
3550 988 1072
3560 960 1072
3570 927 1072
3580 1011 1072
3590 1067 1082
3600 1093 1099
3610 1139 1139
3620 1121 1182
3630 1089 1182
3640 1078 1182
3650 1066 1182
3660 1061 1182
3670 1040 1182
3680 1099 1182
3690 1120 1182
3700 1134 1182
3710 1132 1182
3720 1117 1182
3730 1100 1182
3740 1074 1182
3750 1050 1182
3760 1069 1182
3770 1077 1182
3780 1106 1182
3790 1060 1182
3800 1056 1182
3810 1030 1182
3820 1054 1182
3830 1033 1182
3840 1082 1182
3850 1078 1182
3860 1092 1182
3870 1122 1182
3880 1150 1182
3890 1100 1182
3900 1070 1182
3910 1104 1182
3920 1161 1182
3930 1138 1182
3940 1112 1182
3950 1113 1182
3960 1150 1182
3970 1164 1186
3980 1127 1186
3990 1123 1186
4000 1113 1186
4010 1101 1186
4020 1080 1186
4030 1071 1186
4040 1039 1186
4050 1049 1186
4060 1135 1186
4070 1151 1186
4080 1139 1186
4090 1147 1186
4100 1103 1186
4110 1039 1186
4120 1066 1186
4130 1191 1191
4140 1190 1204
4150 1120 1204
4160 1066 1204
4170 1079 1204
4180 1121 1204
4190 1136 1204
4200 1200 1221
4210 1274 1301
4220 1194 1301
4230 1229 1301
4240 1145 1301
4250 1168 1301
4260 1194 1301
4270 1263 1301
4280 1272 1301
4290 1223 1344
4300 1177 1344
4310 1169 1344
4320 1171 1344
4330 1193 1344
4340 1184 1344
4350 1166 1344
4360 1266 1344
4370 1210 1344
4380 1198 1344
4390 1211 1344
4400 1155 1344
4410 1181 1344
4420 1207 1344
4430 1205 1344
4440 1255 1344
4450 1252 1344
4460 1259 1344
4470 1228 1344
4480 1164 1344
4490 1180 1344
4500 1231 1344
4510 1305 1344
4520 1219 1344
4530 1221 1344
4540 1270 1344
4550 1261 1344
4560 1212 1344
4570 1190 1344
4580 1246 1344
4590 1260 1344
4600 1220 1344
4610 1219 1344
4620 1197 1344
4630 1245 1344
4640 1254 1344
4650 1274 1344
4660 1271 1344
4670 1270 1344
4680 1223 1344
4690 1223 1344
4700 1194 1344
4710 1140 1344
4720 1207 1344
4730 1202 1344
4740 1201 1344
4750 1173 1344
4760 1244 1344
4770 1067 1344
4780 605 1344
4790 233 1344
4800 72 1344
4810 20 1344
4820 6 1344
4830 1 1344
4839 1 1344
