10 0.1 0.4176157934700076 0 0.4176157934700076 0.4176157934700076 0 0
20 0.1 10.149439601494397 0.0 10.149439601494397 0.4176157934700076 0.4176157934700076 1
30 0.1 10.798837048317873 0.0 10.798837048317873 0.4176157934700076 5.283527697482202 2
40 0.1 3.857702349869452 0.0 10.798837048317873 0.4176157934700076 7.121964147760759 3
50 0.1 5.142781597038604 0.0 10.798837048317873 0.4176157934700076 6.305898698287932 4
60 0.1 4.170771756978653 0.0 10.798837048317873 0.4176157934700076 6.073275278038066 5
70 0.1 2.5822654388563335 0.0 10.798837048317873 0.4176157934700076 5.756191357861497 6
80 0.1 3.2937820138753806 0.0 10.798837048317873 0.4176157934700076 5.302773369432188 7
90 0.1 2.6927547462223944 0.0 10.798837048317873 0.4176157934700076 5.051649449987587 8
100 0.1 3.062030817858554 0.0 10.798837048317873 0.4176157934700076 4.78955003845812 9
110 0.1 1.8543046357615895 0.0 10.798837048317873 0.4176157934700076 4.616798116398163 10
120 0.1 1.4134045463427343 0.0 10.798837048317873 0.4176157934700076 4.365662345431202 11
130 0.1 2.0826739254288786 0.0 10.798837048317873 0.4176157934700076 4.11964086217383 12
140 0.1 5.121967256229864 0.0 10.798837048317873 0.4176157934700076 3.9629510978088334 13
150 0.1 4.682274247491638 0.0 10.798837048317873 0.4176157934700076 4.045737966267478 14
160 0.1 3.842041961780035 0.0 10.798837048317873 0.4176157934700076 4.088173718349089 15
170 0.1 4.564502611050222 0.0 10.798837048317873 0.4176157934700076 4.072790483563523 16
180 0.1 4.564944917210898 0.0 10.798837048317873 0.4176157934700076 4.101714726356858 17
190 0.1 4.824590271835714 0.0 10.798837048317873 0.4176157934700076 4.12744973695986 18
200 0.1 4.745538664904164 0.0 10.798837048317873 0.4176157934700076 4.1641413440585895 19
210 0.1 3.528092851490372 0.0 10.798837048317873 0.4176157934700076 4.193211210100868 20
220 0.1 3.729903536977492 0.0 10.798837048317873 0.4176157934700076 4.161538907309892 21
230 0.1 4.693756974988512 0.0 10.798837048317873 0.4176157934700076 4.141919117749328 22
240 0.1 4.4308888590963935 0.0 10.798837048317873 0.4176157934700076 4.165912068064076 23
250 0.1 4.072164948453608 0.0 10.798837048317873 0.4176157934700076 4.176952767690422 24
260 0.1 4.31593424585762 0.0 10.798837048317873 0.4176157934700076 4.17276125492095 25
270 0.1 5.744610281923715 0.0 10.798837048317873 0.4176157934700076 4.178267908418514 26
280 0.1 5.760797342192691 0.0 10.798837048317873 0.4176157934700076 4.2362805889187065 27
290 0.1 7.231501978936071 0.0 10.798837048317873 0.4176157934700076 4.290727615821349 28
300 0.1 8.022805945835879 0.0 10.798837048317873 0.4176157934700076 4.392133628342546 29
310 0.1 7.249308786836604 0.0 10.798837048317873 0.4176157934700076 4.513156038925658 30
320 0.1 6.718519511868043 0.0 10.798837048317873 0.4176157934700076 4.601419030793752 31
330 0.1 7.0018796992481205 0.0 10.798837048317873 0.4176157934700076 4.667578420827324 32
340 0.1 6.534014520032266 0.0 10.798837048317873 0.4176157934700076 4.738314823203711 33
350 0.1 6.145251396648044 0.0 10.798837048317873 0.4176157934700076 4.791129520169257 34
360 0.1 5.400384794002521 0.0 10.798837048317873 0.4176157934700076 4.829818716640078 35
370 0.1 7.566545061478179 0.0 10.798837048317873 0.4176157934700076 4.845667774344591 36
380 0.1 8.866288990512592 0.0 10.798837048317873 0.4176157934700076 4.919204998321174 37
390 0.1 11.907964601769912 0.0 11.907964601769912 0.4176157934700076 5.023075629694633 38
400 0.1 10.078686281217927 0.0 11.907964601769912 0.4176157934700076 5.19961124436323 39
410 0.1 7.14911984892426 0.0 11.907964601769912 0.4176157934700076 5.321588120284598 40
420 0.1 8.491787637156682 0.0 11.907964601769912 0.4176157934700076 5.3661620648855655 41
430 0.1 10.199556541019955 0.0 11.907964601769912 0.4176157934700076 5.440581721368211 42
440 0.1 8.120900669416459 0.0 11.907964601769912 0.4176157934700076 5.551255554383368 43
450 0.1 8.165906149969352 0.0 11.907964601769912 0.4176157934700076 5.60965657972503 44
460 0.1 8.774563318777293 0.0 11.907964601769912 0.4176157934700076 5.66646212573046 45
470 0.1 9.849266983274829 0.0 11.907964601769912 0.4176157934700076 5.7340295429706085 46
480 0.1 10.666481725501074 0.0 11.907964601769912 0.4176157934700076 5.821587786381337 47
490 0.1 11.845054637153265 0.0 11.907964601769912 0.4176157934700076 5.922523076779664 48
500 0.1 11.177004116374798 0.0 11.907964601769912 0.4176157934700076 6.043391067807697 49
510 0.1 12.832403449025435 0.0 12.832403449025435 0.4176157934700076 6.146063328779039 50
520 0.1 11.30618937013253 0.0 12.832403449025435 0.4176157934700076 6.277168037019164 51
530 0.1 14.764667956157318 0.0 14.764667956157318 0.4176157934700076 6.373879985732883 52
540 0.1 11.419990221415102 0.0 14.764667956157318 0.4176157934700076 6.532196739891835 53
550 0.1 11.627906976744185 0.0 14.764667956157318 0.4176157934700076 6.622711433994118 54
560 0.1 13.010024001129464 0.0 14.764667956157318 0.4176157934700076 6.713714989316846 55
570 0.1 11.075949367088606 0.0 14.764667956157318 0.4176157934700076 6.8261490788135 56
580 0.1 12.369618480924046 0.0 14.764667956157318 0.4176157934700076 6.9007069786078 57
590 0.1 9.918207436937248 0.0 14.764667956157318 0.4176157934700076 6.994998556233941 58
600 0.1 12.504420397482141 0.0 14.764667956157318 0.4176157934700076 7.0445444694662 59
610 0.1 16.392961876832846 0.0 16.392961876832846 0.4176157934700076 7.135542401599799 60
620 0.1 19.868538990140426 0.0 19.868538990140426 0.4176157934700076 7.287303376603619 61
630 0.1 18.045112781954884 0.0 19.868538990140426 0.4176157934700076 7.490226531660665 62
640 0.1 18.63520979543079 0.0 19.868538990140426 0.4176157934700076 7.657764408649462 63
650 0.1 20.337078651685395 0.0 20.337078651685395 0.4176157934700076 7.82928699281792 64
660 0.1 19.05972045743329 0.0 20.337078651685395 0.4176157934700076 8.021714556800497 65
670 0.1 21.41283706798329 0.0 21.41283706798329 0.4176157934700076 8.188957070446447 66
680 0.1 22.299359169972536 0.0 22.299359169972536 0.4176157934700076 8.386328413693267 67
690 0.1 17.795484727755646 0.0 22.299359169972536 0.4176157934700076 8.590931807167962 68
700 0.1 23.782612061624217 0.0 23.782612061624217 0.4176157934700076 8.724331124857638 69
710 0.1 23.41972920696325 0.0 23.782612061624217 0.4176157934700076 8.939449423954304 70
720 0.1 22.301993431604675 0.0 23.782612061624217 0.4176157934700076 9.143397026531895 71
730 0.1 19.25799001713477 0.0 23.782612061624217 0.4176157934700076 9.326155309935684 72
740 0.1 18.14022140221402 0.0 23.782612061624217 0.4176157934700076 9.462207840171288 73
750 0.1 20.520581113801452 0.0 23.782612061624217 0.4176157934700076 9.579478293712405 74
760 0.1 22.628239431236143 0.0 23.782612061624217 0.4176157934700076 9.725359664646925 75
770 0.1 19.9685181020913 0.0 23.782612061624217 0.4176157934700076 9.895134398417834 76
780 0.1 22.8476821192053 0.0 23.782612061624217 0.4176157934700076 10.025957563400606 77
790 0.1 25.35189361536667 0.0 25.35189361536667 0.4176157934700076 10.190338647449384 78
800 0.1 20.99689887300507 0.0 25.35189361536667 0.4176157934700076 10.382257064764792 79
810 0.1 18.569514736528728 0.0 25.35189361536667 0.4176157934700076 10.514940087367794 80
820 0.1 22.417481662591687 0.0 25.35189361536667 0.4176157934700076 10.614379280567311 81
830 0.1 21.653005464480874 0.0 25.35189361536667 0.4176157934700076 10.75831955351883 82
840 0.1 20.382933815769636 0.0 25.35189361536667 0.4176157934700076 10.889580829554516 83
850 0.1 22.364192807957153 0.0 25.35189361536667 0.4176157934700076 11.002596936533267 84
860 0.1 22.16178948981155 0.0 25.35189361536667 0.4176157934700076 11.136262770314724 85
870 0.1 22.98592856038349 0.0 25.35189361536667 0.4176157934700076 11.26446656937864 86
880 0.1 19.680811395331492 0.0 25.35189361536667 0.4176157934700076 11.39919601755111 87
890 0.1 20.732347865235987 0.0 25.35189361536667 0.4176157934700076 11.493305283207706 88
900 0.1 21.714811125584248 0.0 25.35189361536667 0.4176157934700076 11.597114750421508 89
910 0.1 22.713321055862494 0.0 25.35189361536667 0.4176157934700076 11.709533599034426 90
920 0.1 24.291592267681082 0.0 25.35189361536667 0.4176157934700076 11.830454340318251 91
930 0.1 19.84578529720018 0.0 25.35189361536667 0.4176157934700076 11.96590149170263 92
940 0.1 21.0599291326452 0.0 25.35189361536667 0.4176157934700076 12.050631425095077 93
950 0.1 17.531028368794328 0.0 25.35189361536667 0.4176157934700076 12.146475017728589 94
960 0.1 20.177004313550498 0.0 25.35189361536667 0.4176157934700076 12.203154526687175 95
970 0.1 24.062306261624304 0.0 25.35189361536667 0.4176157934700076 12.286215461967002 96
980 0.1 22.210333231427697 0.0 25.35189361536667 0.4176157934700076 12.407618459901613 97
990 0.1 20.094687006838505 0.0 25.35189361536667 0.4176157934700076 12.50764616165188 98
1000 0.1 19.652746594821135 0.0 25.35189361536667 0.4176157934700076 12.584282937865886 99
1010 0.1 19.451315493591185 0.0 25.35189361536667 0.4176157934700076 12.654967574435439 100
1020 0.1 19.63989754407112 0.0 25.35189361536667 0.4176157934700076 12.722258147892427 101
1030 0.1 21.02502622508617 0.0 25.35189361536667 0.4176157934700076 12.790078141972609 102
1040 0.1 18.940407192747806 0.0 25.35189361536667 0.4176157934700076 12.870029094235848 103
1050 0.1 19.35942527875477 0.0 25.35189361536667 0.4176157934700076 12.928398114413849 104
1060 0.1 18.26189947442446 0.0 25.35189361536667 0.4176157934700076 12.989645992169475 105
1070 0.1 19.555122828040744 0.0 25.35189361536667 0.4176157934700076 13.039384232568107 106
1080 0.1 22.292411903493417 0.0 25.35189361536667 0.4176157934700076 13.100278985796823 107
1090 0.1 20.10633518047027 0.0 25.35189361536667 0.4176157934700076 13.185391327627347 108
1100 0.1 20.550222961227423 0.0 25.35189361536667 0.4176157934700076 13.24888622535985 109
1110 0.1 19.258373205741627 0.0 25.35189361536667 0.4176157934700076 13.315262013867738 110
1120 0.1 24.532273152478954 0.0 25.35189361536667 0.4176157934700076 13.368803556136873 111
1130 0.1 19.821909607901826 0.0 25.35189361536667 0.4176157934700076 13.468477391818498 112
1140 0.1 18.779203441370615 0.0 25.35189361536667 0.4176157934700076 13.524702455677641 113
1150 0.1 21.308737569270477 0.0 25.35189361536667 0.4176157934700076 13.570794569587228 114
1160 0.1 19.823289533303125 0.0 25.35189361536667 0.4176157934700076 13.638081030454039 115
1170 0.1 19.575577066269545 0.0 25.35189361536667 0.4176157934700076 13.691401793409636 116
1180 0.1 23.36033650101262 0.0 25.35189361536667 0.4176157934700076 13.741693889758864 117
1190 0.1 20.23039762170197 0.0 25.35189361536667 0.4176157934700076 13.823207810193217 118
1200 0.1 17.722735674676528 0.0 25.35189361536667 0.4176157934700076 13.877049741382367 119
1210 0.1 22.520148791072536 0.0 25.35189361536667 0.4176157934700076 13.909097124159818 120
1220 0.1 26.865792455884733 0.0 26.865792455884733 0.4176157934700076 13.980262840415296 121
1230 0.1 29.218984442865043 0.0 29.218984442865043 0.4176157934700076 14.085881935624062 122
1240 0.1 26.3893429225237 0.0 29.218984442865043 0.4176157934700076 14.20891528934147 123
1250 0.1 33.230569527827356 0.0 33.230569527827356 0.4176157934700076 14.307144544447777 124
1260 0.1 33.41698034295274 0.0 33.41698034295274 0.4176157934700076 14.458531944314812 125
1270 0.1 37.24626414442429 0.0 37.24626414442429 0.4176157934700076 14.608995820494478 126
1280 0.1 33.649762677991504 0.0 37.24626414442429 0.4176157934700076 14.787242027769516 127
1290 0.1 34.77927390489177 0.0 37.24626414442429 0.4176157934700076 14.934605470349375 128
1300 0.1 35.59192672998643 0.0 37.24626414442429 0.4176157934700076 15.088440109376837 129
1310 0.1 30.774289002137103 0.0 37.24626414442429 0.4176157934700076 15.24615923722768 130
1320 0.1 36.29616992237482 0.0 37.24626414442429 0.4176157934700076 15.364694578944544 131
1330 0.1 32.946731836633255 0.0 37.24626414442429 0.4176157934700076 15.52326636184932 132
1340 0.1 34.35101186322401 0.0 37.24626414442429 0.4176157934700076 15.654269861659726 133
1350 0.1 27.80276011784773 0.0 37.24626414442429 0.4176157934700076 15.793797787044532 134
1360 0.1 30.906706017379896 0.0 37.24626414442429 0.4176157934700076 15.882753063569002 135
1370 0.1 30.943798132066195 0.0 37.24626414442429 0.4176157934700076 15.993223305876434 136
1380 0.1 32.52803430079156 0.0 37.24626414442429 0.4176157934700076 16.102351589279277 137
1390 0.1 29.15860735009671 0.0 37.24626414442429 0.4176157934700076 16.221378275594585 138
1400 0.1 29.55769544638485 0.0 37.24626414442429 0.4176157934700076 16.31445186605863 139
1410 0.1 32.74048096192384 0.0 37.24626414442429 0.4176157934700076 16.40904646306096 140
1420 0.1 26.961834483853053 0.0 37.24626414442429 0.4176157934700076 16.52487223964864 141
1430 0.1 29.285952063914785 0.0 37.24626414442429 0.4176157934700076 16.598371973762756 142
1440 0.1 30.272573771809924 0.0 37.24626414442429 0.4176157934700076 16.687096310057527 143
1450 0.1 30.125284738041003 0.0 37.24626414442429 0.4176157934700076 16.78143990354192 144
1460 0.1 33.890896864755824 0.0 37.24626414442429 0.4176157934700076 16.873466419641915 145
1470 0.1 30.84188911704312 0.0 37.24626414442429 0.4176157934700076 16.990024162416667 146
1480 0.1 31.009517611648906 0.0 37.24626414442429 0.4176157934700076 17.084254536257664 147
1490 0.1 29.25170068027211 0.0 37.24626414442429 0.4176157934700076 17.17834415163193 148
1500 0.1 31.0494433529797 0.0 37.24626414442429 0.4176157934700076 17.25937339007918 149
1510 0.1 28.352213384751344 0.0 37.24626414442429 0.4176157934700076 17.35130718983185 150
1520 0.1 32.77122945883163 0.0 37.24626414442429 0.4176157934700076 17.424160873241913 151
1530 0.1 33.98762013357224 0.0 37.24626414442429 0.4176157934700076 17.525128429726056 152
1540 0.1 28.756123022564843 0.0 37.24626414442429 0.4176157934700076 17.632726414718515 153
1550 0.1 32.65715001252191 0.0 37.24626414442429 0.4176157934700076 17.704956262821412 154
1560 0.1 30.6901240863505 0.0 37.24626414442429 0.4176157934700076 17.80142202894851 155
1570 0.1 31.160846040334484 0.0 37.24626414442429 0.4176157934700076 17.884041913931856 156
1580 0.1 32.91621778403911 0.0 37.24626414442429 0.4176157934700076 17.968607545310217 157
1590 0.1 34.127050203979685 0.0 37.24626414442429 0.4176157934700076 18.063212673403438 158
1600 0.1 33.51461590754589 0.0 37.24626414442429 0.4176157934700076 18.164243098124043 159
1610 0.1 34.87517742339484 0.0 37.24626414442429 0.4176157934700076 18.260182928182928 160
1620 0.1 32.43487550332813 0.0 37.24626414442429 0.4176157934700076 18.363381651755674 161
1630 0.1 28.86299718762555 0.0 37.24626414442429 0.4176157934700076 18.45024272491353 162
1640 0.1 32.655255106259816 0.0 37.24626414442429 0.4176157934700076 18.514124654132623 163
1650 0.1 35.593651871340064 0.0 37.24626414442429 0.4176157934700076 18.60035105932852 164
1660 0.1 32.98472775564409 0.0 37.24626414442429 0.4176157934700076 18.7033407612195 165
1670 0.1 32.94763513513514 0.0 37.24626414442429 0.4176157934700076 18.789373212993144 166
1680 0.1 35.66562946766462 0.0 37.24626414442429 0.4176157934700076 18.874153224502976 167
1690 0.1 28.460291734197728 0.0 37.24626414442429 0.4176157934700076 18.974102487855127 168
1700 0.1 36.81509827796138 0.0 37.24626414442429 0.4176157934700076 19.03023378517076 169
1710 0.1 35.54514480408859 0.0 37.24626414442429 0.4176157934700076 19.134850635128352 170
1720 0.1 31.39744429882045 0.0 37.24626414442429 0.4176157934700076 19.23081726769537 171
1730 0.1 32.20254010695187 0.0 37.24626414442429 0.4176157934700076 19.301553471364706 172
1740 0.1 35.11024752893469 0.0 37.24626414442429 0.4176157934700076 19.376125648449026 173
1750 0.1 33.580906283902195 0.0 37.24626414442429 0.4176157934700076 19.46655163626791 174
1760 0.1 30.391917216654445 0.0 37.24626414442429 0.4176157934700076 19.54720509139725 175
1770 0.1 29.341075893217194 0.0 37.24626414442429 0.4176157934700076 19.608822773927116 176
1780 0.1 30.604636083644028 0.0 37.24626414442429 0.4176157934700076 19.663807254827063 177
1790 0.1 31.149641270925866 0.0 37.24626414442429 0.4176157934700076 19.725272585326035 178
1800 0.1 34.149184149184144 0.0 37.24626414442429 0.4176157934700076 19.7890958740724 179
1810 0.1 39.96994076562638 0.0 39.96994076562638 0.4176157934700076 19.86887414226747 180
1820 0.1 42.9603209986625 0.0 42.9603209986625 0.4176157934700076 19.97992975897111 181
1830 0.1 45.620271625193695 0.0 45.620271625193695 0.4176157934700076 20.106195644903483 182
1840 0.1 42.64361606338916 0.0 45.620271625193695 0.4176157934700076 20.245616825123648 183
1850 0.1 47.51899446580996 0.0 47.51899446580996 0.4176157934700076 20.36734508185335 184
1860 0.1 37.21133659902029 0.0 47.51899446580996 0.4176157934700076 20.514110754199063 185
1870 0.1 43.4631184140025 0.0 47.51899446580996 0.4176157934700076 20.603880785622835 186
1880 0.1 46.18466581679112 0.0 47.51899446580996 0.4176157934700076 20.72612269807406 187
1890 0.1 44.993191103041305 0.0 47.51899446580996 0.4176157934700076 20.861540480620427 188
1900 0.1 43.935431508702315 0.0 47.51899446580996 0.4176157934700076 20.989221171744347 189
1910 0.1 50.69824495187771 0.0 50.69824495187771 0.4176157934700076 21.1099906998336 190
1920 0.1 43.17333333333334 0.0 50.69824495187771 0.4176157934700076 21.264903025760532 191
1930 0.1 51.02915951972555 0.0 51.02915951972555 0.4176157934700076 21.37900943361247 192
1940 0.1 43.85379061371842 0.0 51.02915951972555 0.4176157934700076 21.53263715426591 193
1950 0.1 40.2399509589281 0.0 51.02915951972555 0.4176157934700076 21.64769464632494 194
1960 0.1 50.797672672672675 0.0 51.02915951972555 0.4176157934700076 21.743039550492135 195
1970 0.1 46.418950301904324 0.0 51.02915951972555 0.4176157934700076 21.891277474584893 196
1980 0.1 45.23874241188729 0.0 51.02915951972555 0.4176157934700076 22.015783428023063 197
1990 0.1 45.11543684925306 0.0 51.02915951972555 0.4176157934700076 22.13307109965874 198
2000 0.1 46.10312299661141 0.0 51.02915951972555 0.4176157934700076 22.24856037478233 199
2010 0.1 54.83124397299903 0.0 54.83124397299903 0.4176157934700076 22.367833187891474 200
2020 0.1 43.630829827231224 0.0 54.83124397299903 0.4176157934700076 22.52934269428504 201
2030 0.1 39.851156197395234 0.0 54.83124397299903 0.4176157934700076 22.633805501873887 202
2040 0.1 43.309045672649724 0.0 54.83124397299903 0.4176157934700076 22.718620037319806 203
2050 0.1 50.66628319432461 0.0 54.83124397299903 0.4176157934700076 22.81955349631652 204
2060 0.1 48.5117103667071 0.0 54.83124397299903 0.4176157934700076 22.955391202160463 205
2070 0.1 48.12528788576692 0.0 54.83124397299903 0.4176157934700076 23.07945100393011 206
2080 0.1 42.79996442230721 0.0 54.83124397299903 0.4176157934700076 23.20044538500178 207
2090 0.1 48.34792431516521 0.0 54.83124397299903 0.4176157934700076 23.294673841911905 208
2100 0.1 44.57517513921322 0.0 54.83124397299903 0.4176157934700076 23.414545853745654 209
2110 0.1 48.41335923767231 0.0 54.83124397299903 0.4176157934700076 23.515310755105023 210
2120 0.1 44.800646551724135 0.0 54.83124397299903 0.4176157934700076 23.63331098488022 211
2130 0.1 50.50841014919699 0.0 54.83124397299903 0.4176157934700076 23.733156907365334 212
2140 0.1 44.85134155184917 0.0 54.83124397299903 0.4176157934700076 23.85886232164623 213
2150 0.1 41.275764036958066 0.0 54.83124397299903 0.4176157934700076 23.956958018983627 214
2160 0.1 44.39572485612497 0.0 54.83124397299903 0.4176157934700076 24.03751060511374 215
2170 0.1 45.28318903318903 0.0 54.83124397299903 0.4176157934700076 24.13176159701657 216
2180 0.1 41.76276034683114 0.0 54.83124397299903 0.4176157934700076 24.229233612851466 217
2190 0.1 52.798598267302644 0.0 54.83124397299903 0.4176157934700076 24.30966263456697 218
2200 0.1 45.60414989714695 0.0 54.83124397299903 0.4176157934700076 24.43974909864339 219
2210 0.1 41.71872211315367 0.0 54.83124397299903 0.4176157934700076 24.53595092045477 220
2220 0.1 50.50418569254186 0.0 54.83124397299903 0.4176157934700076 24.61370101634933 221
2230 0.1 47.04905938767982 0.0 54.83124397299903 0.4176157934700076 24.730324821197048 222
2240 0.1 55.00677900445478 0.0 55.00677900445478 0.4176157934700076 24.830408832705942 223
2250 0.1 50.662753266426805 0.0 55.00677900445478 0.4176157934700076 24.965124770972675 224
2260 0.1 51.75621796088855 0.0 55.00677900445478 0.4176157934700076 25.079336453174697 225
2270 0.1 47.424478927554865 0.0 55.00677900445478 0.4176157934700076 25.197375751881395 226
2280 0.1 37.11225364181662 0.0 55.00677900445478 0.4176157934700076 25.29529250595925 227
2290 0.1 52.93889803427907 0.0 55.00677900445478 0.4176157934700076 25.347121282870905 228
2300 0.1 43.38083714260106 0.0 55.00677900445478 0.4176157934700076 25.46760939095566 229
2310 0.1 51.60256410256411 0.0 55.00677900445478 0.4176157934700076 25.545492989875857 230
2320 0.1 47.016640617817416 0.0 55.00677900445478 0.4176157934700076 25.65829416352386 231
2330 0.1 48.18745304282495 0.0 55.00677900445478 0.4176157934700076 25.750356001688917 232
2340 0.1 48.929037064630286 0.0 55.00677900445478 0.4176157934700076 25.846652555513536 233
2350 0.1 48.96188982190643 0.0 55.00677900445478 0.4176157934700076 25.945295224355917 234
2360 0.1 44.86486486486487 0.0 55.00677900445478 0.4176157934700076 26.043238180090174 235
2370 0.1 49.072713918472274 0.0 55.00677900445478 0.4176157934700076 26.122990835534136 236
2380 0.1 42.043640234167114 0.0 55.00677900445478 0.4176157934700076 26.21982511014569 237
2390 0.1 51.52601492103478 0.0 55.00677900445478 0.4176157934700076 26.286311728313848 238
2400 0.1 48.45541990381058 0.0 55.00677900445478 0.4176157934700076 26.391917181003056 239
2410 0.1 64.30864836872087 0.0 64.30864836872087 0.4176157934700076 26.483848442348084 240
2420 0.1 65.69863579991733 0.0 65.69863579991733 0.4176157934700076 26.64079781963594 241
2440 0.1 65.72106457602641 0.0 65.72106457602641 0.4176157934700076 26.802193844347848 242
2450 0.1 57.605936340558486 0.0 65.72106457602641 0.4176157934700076 26.962353806206607 243
2460 0.1 61.30018341145303 0.0 65.72106457602641 0.4176157934700076 27.087942259216245 244
2470 0.1 59.95042141794744 0.0 65.72106457602641 0.4176157934700076 27.227584059837618 245
2480 0.1 61.31290584415584 0.0 65.72106457602641 0.4176157934700076 27.36060372389498 246
2490 0.1 66.65593129361245 0.0 66.65593129361245 0.4176157934700076 27.498062436932468 247
2500 0.1 66.53961059029567 0.0 66.65593129361245 0.4176157934700076 27.65595706941908 248
2510 0.1 72.31477422183254 0.0 72.31477422183254 0.4176157934700076 27.812116320506938 249
2520 0.1 63.54664450446707 0.0 72.31477422183254 0.4176157934700076 27.99012695211224 250
2530 0.1 60.47123066032965 0.0 72.31477422183254 0.4176157934700076 28.13178638459174 251
2540 0.1 71.26198779424587 0.0 72.31477422183254 0.4176157934700076 28.260117512670067 252
2550 0.1 56.8 0.0 72.31477422183254 0.4176157934700076 28.430085379395663 253
2560 0.1 64.61522654885441 0.0 72.31477422183254 0.4176157934700076 28.54177795664214 254
2570 0.1 65.21015397419892 0.0 72.31477422183254 0.4176157934700076 28.683242460925324 255
2580 0.1 75.27768235428833 0.0 75.27768235428833 0.4176157934700076 28.825925709024048 256
2590 0.1 71.88248775914158 0.0 75.27768235428833 0.4176157934700076 29.006671843830524 257
2600 0.1 55.14950166112956 0.0 75.27768235428833 0.4176157934700076 29.172857176835603 258
2610 0.1 62.1714865550482 0.0 75.27768235428833 0.4176157934700076 29.273153101485388 259
2620 0.1 62.16216216216216 0.0 75.27768235428833 0.4176157934700076 29.39968515322986 260
2630 0.1 65.9157894736842 0.0 75.27768235428833 0.4176157934700076 29.525211885064852 261
2640 0.1 65.69124185709853 0.0 75.27768235428833 0.4176157934700076 29.66410721937256 262
2650 0.1 63.45319280843149 0.0 75.27768235428833 0.4176157934700076 29.8010925221776 263
2660 0.1 72.99325647161193 0.0 75.27768235428833 0.4176157934700076 29.92856259901947 264
2670 0.1 70.51740969736414 0.0 75.27768235428833 0.4176157934700076 30.09107087778397 265
2680 0.1 64.07216494845362 0.0 75.27768235428833 0.4176157934700076 30.24304959515081 266
2690 0.1 68.97099301291551 0.0 75.27768235428833 0.4176157934700076 30.36975040171749 267
2700 0.1 76.86865228802921 0.0 76.86865228802921 0.4176157934700076 30.513784889072706 268
2710 0.1 61.90860486230203 0.0 76.86865228802921 0.4176157934700076 30.686107816206373 269
2720 0.1 52.64815344975665 0.0 76.86865228802921 0.4176157934700076 30.801746694154872 270
2730 0.1 62.21245271444638 0.0 76.86865228802921 0.4176157934700076 30.88236074122351 271
2740 0.1 60.4296326038948 0.0 76.86865228802921 0.4176157934700076 30.99754490288977 272
2750 0.1 59.87197439487898 0.0 76.86865228802921 0.4176157934700076 31.1053547479484 273
2760 0.1 64.74605206999573 0.0 76.86865228802921 0.4176157934700076 31.2103424108934 274
2770 0.1 66.02288233441797 0.0 76.86865228802921 0.4176157934700076 31.332290446017407 275
2780 0.1 65.84753738366621 0.0 76.86865228802921 0.4176157934700076 31.4579809963377 276
2790 0.1 56.85559388861508 0.0 76.86865228802921 0.4176157934700076 31.58213101939665 277
2800 0.1 62.70774219700041 0.0 76.86865228802921 0.4176157934700076 31.673042756336283 278
2810 0.1 64.99432228760193 0.0 76.86865228802921 0.4176157934700076 31.78427823820246 279
2820 0.1 74.74290880325461 0.0 76.86865228802921 0.4176157934700076 31.902885538378893 280
2830 0.1 74.6312025033527 0.0 76.86865228802921 0.4176157934700076 32.05534113718628 281
2840 0.1 63.228836924333706 0.0 76.86865228802921 0.4176157934700076 32.2063193689812 282
2850 0.1 63.87584235246069 0.0 76.86865228802921 0.4176157934700076 32.315939572357 283
2860 0.1 59.52404561229548 0.0 76.86865228802921 0.4176157934700076 32.42706599059681 284
2870 0.1 65.01992867631634 0.0 76.86865228802921 0.4176157934700076 32.52214311207645 285
2880 0.1 87.69193567887801 0.0 87.69193567887801 0.4176157934700076 32.63577173293043 286
2890 0.1 77.22761235641798 0.0 87.69193567887801 0.4176157934700076 32.82760505678391 287
2900 0.1 72.56031297544013 0.0 87.69193567887801 0.4176157934700076 32.98177174879653 288
2910 0.1 62.55982079218002 0.0 87.69193567887801 0.4176157934700076 33.1187217184389 289
2920 0.1 67.5454073689673 0.0 87.69193567887801 0.4176157934700076 33.22024274972765 290
2930 0.1 75.58726673984633 0.0 87.69193567887801 0.4176157934700076 33.33819864188999 291
2940 0.1 72.56179775280899 0.0 87.69193567887801 0.4176157934700076 33.48288723126656 292
2950 0.1 65.14472075010191 0.0 87.69193567887801 0.4176157934700076 33.6162623525005 293
2960 0.1 62.60931462273744 0.0 87.69193567887801 0.4176157934700076 33.72350200691411 294
2970 0.1 59.107621981516445 0.0 87.69193567887801 0.4176157934700076 33.82142001578131 295
2980 0.1 66.72251308900523 0.0 87.69193567887801 0.4176157934700076 33.906846373773654 296
2990 0.1 64.63490099009901 0.0 87.69193567887801 0.4176157934700076 34.0173368340943 297
3000 0.1 64.38696326952923 0.0 87.69193567887801 0.4176157934700076 34.12008033797351 298
3010 0.1 85.82591969223371 0.0 87.69193567887801 0.4176157934700076 34.22130737118942 299
3020 0.1 84.39882697947215 0.0 87.69193567887801 0.4176157934700076 34.3933227455929 300
3030 0.1 78.13656239488732 0.0 87.69193567887801 0.4176157934700076 34.55945398889482 301
3040 0.1 86.54071814128139 0.0 87.69193567887801 0.4176157934700076 34.70374904984182 302
3050 0.1 87.99851833559698 0.0 87.99851833559698 0.4176157934700076 34.87482815575416 303
3060 0.1 88.98635477582846 0.0 88.98635477582846 0.4176157934700076 35.0495771366089 304
3070 0.1 88.66396761133603 0.0 88.98635477582846 0.4176157934700076 35.226419030507984 305
3080 0.1 85.01547250654606 0.0 88.98635477582846 0.4176157934700076 35.401051542210034 306
3090 0.1 89.9927571221632 0.0 89.9927571221632 0.4176157934700076 35.562662033950545 307
3100 0.1 89.23039690222653 0.0 89.9927571221632 0.4176157934700076 35.73938312189929 308
3110 0.1 87.34055354993984 0.0 89.9927571221632 0.4176157934700076 35.91249319885827 309
3120 0.1 88.6396526772793 0.0 89.9927571221632 0.4176157934700076 36.07839016773273 310
3130 0.1 90.17438364401684 0.0 90.17438364401684 0.4176157934700076 36.24739744268304 311
3140 0.1 88.86499402628435 0.0 90.17438364401684 0.4176157934700076 36.42024034717449 312
3150 0.1 90.32335907335907 0.0 90.32335907335907 0.4176157934700076 36.58779547074992 313
3160 0.1 88.72116894094916 0.0 90.32335907335907 0.4176157934700076 36.7589278389111 314
3170 0.1 86.60275614140204 0.0 90.32335907335907 0.4176157934700076 36.92388733447312 315
3180 0.1 79.20958083832336 0.0 90.32335907335907 0.4176157934700076 37.08109894462163 316
3190 0.1 85.67674113009198 0.0 90.32335907335907 0.4176157934700076 37.213996363844664 317
3200 0.1 89.06985161056822 0.0 90.32335907335907 0.4176157934700076 37.36639493229198 318
3210 0.1 89.75316074653823 0.0 90.32335907335907 0.4176157934700076 37.52847473379128 319
3220 0.1 89.64482841372691 0.0 90.32335907335907 0.4176157934700076 37.691676877581116 320
3230 0.1 88.15536315536315 0.0 90.32335907335907 0.4176157934700076 37.853524701681266 321
3240 0.1 89.6256038647343 0.0 90.32335907335907 0.4176157934700076 38.00974159128897 322
3250 0.1 89.07623750451644 0.0 90.32335907335907 0.4176157934700076 38.169543022476105 323
3260 0.1 88.95698149483297 0.0 90.32335907335907 0.4176157934700076 38.32666244988981 324
3270 0.1 89.72265578100613 0.0 90.32335907335907 0.4176157934700076 38.48244804695118 325
3280 0.1 90.12569494802997 0.0 90.32335907335907 0.4176157934700076 38.63962659828263 326
3290 0.1 87.81527963933227 0.0 90.32335907335907 0.4176157934700076 38.79707634858767 327
3310 0.1 89.57180659129179 0.0 90.32335907335907 0.4176157934700076 38.94652209032775 328
3320 0.1 89.12042645989823 0.0 90.32335907335907 0.4176157934700076 39.100398335011526 329
3330 0.1 89.59856201318155 0.0 90.32335907335907 0.4176157934700076 39.25197417781421 330
3340 0.1 90.28833393654241 0.0 90.32335907335907 0.4176157934700076 39.40407867278511 331
3350 0.1 89.80132450331125 0.0 90.32335907335907 0.4176157934700076 39.557344501892814 332
3360 0.1 87.86570743405275 0.0 90.32335907335907 0.4176157934700076 39.7082273247199 333
3370 0.1 88.25780222408227 0.0 90.32335907335907 0.4176157934700076 39.852411396903534 334
3380 0.1 89.39796905222437 0.0 90.32335907335907 0.4176157934700076 39.99690510086526 335
3390 0.1 89.18212077983833 0.0 90.32335907335907 0.4176157934700076 40.14393207691097 336
3400 0.1 89.81136609395651 0.0 90.32335907335907 0.4176157934700076 40.28944598997604 337
3410 0.1 90.51015473887814 0.0 90.51015473887814 0.4176157934700076 40.43596054649669 338
3420 0.1 87.89763214541976 0.0 90.51015473887814 0.4176157934700076 40.583672033789846 339
3430 0.1 89.88859287963187 0.0 90.51015473887814 0.4176157934700076 40.72283074000052 340
3440 0.1 88.8982439259081 0.0 90.51015473887814 0.4176157934700076 40.867011860644595 341
3450 0.1 89.55332284227092 0.0 90.51015473887814 0.4176157934700076 41.00745405966584 342
3460 0.1 89.78708047636232 0.0 90.51015473887814 0.4176157934700076 41.14898720480463 343
3470 0.1 89.59116826398156 0.0 90.51015473887814 0.4176157934700076 41.290377010826596 344
3480 0.1 87.24075197089145 0.0 90.51015473887814 0.4176157934700076 41.430379304314 345
3490 0.1 90.4670428622884 0.0 90.51015473887814 0.4176157934700076 41.56277922531567 346
3500 0.1 90.18081666866243 0.0 90.51015473887814 0.4176157934700076 41.703713702655655 347
3510 0.1 89.73160795590702 0.0 90.51015473887814 0.4176157934700076 41.84301572267292 348
3520 0.1 88.95370032810791 0.0 90.51015473887814 0.4176157934700076 41.98023231932975 349
3530 0.1 88.8090103043374 0.0 90.51015473887814 0.4176157934700076 42.11444222792626 350
3540 0.1 87.26437892701789 0.0 90.51015473887814 0.4176157934700076 42.247475185408916 351
3550 0.1 87.73596395079771 0.0 90.51015473887814 0.4176157934700076 42.37536411649303 352
3560 0.1 87.9335087299689 0.0 90.51015473887814 0.4176157934700076 42.50386439930976 353
3570 0.1 89.4717756557476 0.0 90.51015473887814 0.4176157934700076 42.63219672792744 354
3580 0.1 87.43043793854342 0.0 90.51015473887814 0.4176157934700076 42.76413920378046 355
3590 0.1 88.74594204641096 0.0 90.51015473887814 0.4176157934700076 42.88960633505788 356
3600 0.1 87.55634638196915 0.0 90.51015473887814 0.4176157934700076 43.01805545469752 357
3610 0.1 88.01854273148699 0.0 90.51015473887814 0.4176157934700076 43.14246408857258 358
3620 0.1 88.28786999419617 0.0 90.51015473887814 0.4176157934700076 43.267467093148944 359
3630 0.1 89.74142097631706 0.0 90.51015473887814 0.4176157934700076 43.392523767874074 360
3640 0.1 88.67992766726944 0.0 90.51015473887814 0.4176157934700076 43.52091406485037 361
3650 0.1 87.01454851508957 0.0 90.51015473887814 0.4176157934700076 43.64566272121065 362
3660 0.1 88.5589725462472 0.0 90.51015473887814 0.4176157934700076 43.76513623579434 363
3670 0.1 86.75848737465265 0.0 90.51015473887814 0.4176157934700076 43.88819622565822 364
3680 0.1 87.7661494045471 0.0 90.51015473887814 0.4176157934700076 44.005649078121216 365
3690 0.1 89.55169920462762 0.0 90.51015473887814 0.4176157934700076 44.12521328666337 366
3700 0.1 88.53564547206165 0.0 90.51015473887814 0.4176157934700076 44.248991177448005 367
3710 0.1 87.284276126558 0.0 90.51015473887814 0.4176157934700076 44.36933534672685 368
3720 0.1 88.90882986360373 0.0 90.51015473887814 0.4176157934700076 44.48563599924672 369
3730 0.1 87.83718689788054 0.0 90.51015473887814 0.4176157934700076 44.605698685366605 370
3740 0.1 88.5528376912881 0.0 90.51015473887814 0.4176157934700076 44.7222256077723 371
3750 0.1 89.61538461538461 0.0 90.51015473887814 0.4176157934700076 44.840049833803256 372
3760 0.1 89.03429056100812 0.0 90.51015473887814 0.4176157934700076 44.960090945818216 373
3770 0.1 87.71171171171171 0.0 90.51015473887814 0.4176157934700076 45.07793639933477 374
3780 0.1 88.94031668696711 0.0 90.51015473887814 0.4176157934700076 45.19162646683444 375
3790 0.1 88.45179196331604 0.0 90.51015473887814 0.4176157934700076 45.30797936635607 376
3800 0.1 88.52302553089955 0.0 90.51015473887814 0.4176157934700076 45.42241918756816 377
3810 0.1 88.81226964689097 0.0 90.51015473887814 0.4176157934700076 45.53644195567222 378
3820 0.1 87.98407528049222 0.0 90.51015473887814 0.4176157934700076 45.650626197601554 379
3840 0.1 87.06677937447168 0.0 90.51015473887814 0.4176157934700076 45.76203001097758 380
3850 0.1 89.0516206482593 0.0 90.51015473887814 0.4176157934700076 45.8704414266298 381
3860 0.1 89.14860118687174 0.0 90.51015473887814 0.4176157934700076 45.98348116281208 382
3870 0.1 88.33635813672112 0.0 90.51015473887814 0.4176157934700076 46.09618382606028 383
3880 0.1 88.96518491747982 0.0 90.51015473887814 0.4176157934700076 46.20618427999429 384
3890 0.1 88.88888888888889 0.0 90.51015473887814 0.4176157934700076 46.317246619312435 385
3900 0.1 86.94232861806312 0.0 90.51015473887814 0.4176157934700076 46.4275358479901 386
3910 0.1 89.85752233759962 0.0 90.51015473887814 0.4176157934700076 46.53222523499288 387
3920 0.1 88.41722255912674 0.0 90.51015473887814 0.4176157934700076 46.64388837185526 388
3930 0.1 89.05683192261185 0.0 90.51015473887814 0.4176157934700076 46.75127483506162 389
3940 0.1 88.72783900335409 0.0 90.51015473887814 0.4176157934700076 46.8597506224656 390
3950 0.1 89.75132786093674 0.0 90.51015473887814 0.4176157934700076 46.96683013239114 391
3960 0.1 86.56418681060784 0.0 90.51015473887814 0.4176157934700076 47.075974259249676 392
3970 0.1 89.47495183044316 0.0 90.51015473887814 0.4176157934700076 47.17645317159409 393
3980 0.1 89.20543334535401 0.0 90.51015473887814 0.4176157934700076 47.28380976717492 394
3990 0.1 89.00132514154922 0.0 90.51015473887814 0.4176157934700076 47.389940459777904 395
4000 0.1 88.62844091837961 0.0 90.51015473887814 0.4176157934700076 47.4950197140248 396
4010 0.1 89.49732880038854 0.0 90.51015473887814 0.4176157934700076 47.598630346781356 397
4020 0.1 86.97478991596638 0.0 90.51015473887814 0.4176157934700076 47.70390345847384 398
4030 0.1 89.45228414254963 0.0 90.51015473887814 0.4176157934700076 47.802326732803394 399
4040 0.1 87.81136638452237 0.0 90.51015473887814 0.4176157934700076 47.906451626327765 400
4050 0.1 89.10879213146215 0.0 90.51015473887814 0.4176157934700076 48.0059651294654 401
4060 0.1 89.56595333091525 0.0 90.51015473887814 0.4176157934700076 48.108210967778824 402
4070 0.1 90.01320369703517 0.0 90.51015473887814 0.4176157934700076 48.21108377761291 403
4080 0.1 88.26876513317191 0.0 90.51015473887814 0.4176157934700076 48.314554371472866 404
4090 0.1 89.18690346743989 0.0 90.51015473887814 0.4176157934700076 48.413206743723975 405
4100 0.1 87.78033701054675 0.0 90.51015473887814 0.4176157934700076 48.51363456816662 406
4110 0.1 89.46544666506139 0.0 90.51015473887814 0.4176157934700076 48.61011295254593 407
4120 0.1 88.80258126195028 0.0 90.51015473887814 0.4176157934700076 48.710248574390334 408
4130 0.1 86.82862927235918 0.0 90.51015473887814 0.4176157934700076 48.8082738376851 409
4140 0.1 89.57317073170732 0.0 90.51015473887814 0.4176157934700076 48.901006411916015 410
4150 0.1 89.30526828081275 0.0 90.51015473887814 0.4176157934700076 48.99996544919044 411
4160 0.1 87.4582338902148 0.0 90.51015473887814 0.4176157934700076 49.09779385412156 412
4170 0.1 89.14010823812387 0.0 90.51015473887814 0.4176157934700076 49.19067627551646 413
4180 0.1 88.5645933014354 0.0 90.51015473887814 0.4176157934700076 49.287172487986524 414
4190 0.1 85.84714439012758 0.0 90.51015473887814 0.4176157934700076 49.38181687548881 415
4200 0.1 89.87493987493987 0.0 90.51015473887814 0.4176157934700076 49.46947391278362 416
4210 0.1 87.56188866078975 0.0 90.51015473887814 0.4176157934700076 49.56636951461133 417
4220 0.1 89.29656177864173 0.0 90.51015473887814 0.4176157934700076 49.65726788577443 418
4230 0.1 89.23499224251104 0.0 90.51015473887814 0.4176157934700076 49.751872405805145 419
4240 0.1 89.40453230472517 0.0 90.51015473887814 0.4176157934700076 49.84587983398778 420
4250 0.1 87.95151806072244 0.0 90.51015473887814 0.4176157934700076 49.93984337904892 421
4260 0.1 89.06268800385033 0.0 90.51015473887814 0.4176157934700076 50.029918437536296 422
4270 0.1 89.69158766350654 0.0 90.51015473887814 0.4176157934700076 50.12219448852049 423
4280 0.1 87.76640577965081 0.0 90.51015473887814 0.4176157934700076 50.215518529027534 424
4290 0.1 88.77526174823473 0.0 90.51015473887814 0.4176157934700076 50.303873557852526 425
4300 0.1 89.45122673936233 0.0 90.51015473887814 0.4176157934700076 50.39418198083465 426
4310 0.1 87.70699867037351 0.0 90.51015473887814 0.4176157934700076 50.4856504697305 427
4320 0.1 87.69009699437194 0.0 90.51015473887814 0.4176157934700076 50.572616236554424 428
4330 0.1 89.9164677804296 0.0 90.51015473887814 0.4176157934700076 50.659137170721834 429
4340 0.1 88.69033341328856 0.0 90.51015473887814 0.4176157934700076 50.750433288418826 430
4350 0.1 88.62239363625407 0.0 90.51015473887814 0.4176157934700076 50.83846089891736 431
4360 0.1 88.9498152342353 0.0 90.51015473887814 0.4176157934700076 50.92592370617972 432
4380 0.1 87.14165767062492 0.0 90.51015473887814 0.4176157934700076 51.01373869816137 433
4390 0.1 89.1862698031685 0.0 90.51015473887814 0.4176157934700076 51.096982751093314 434
4400 0.1 89.40493468795356 0.0 90.51015473887814 0.4176157934700076 51.18454433052337 435
4410 0.1 89.10963052695337 0.0 90.51015473887814 0.4176157934700076 51.2722057762973 436
4420 0.1 89.3760539629005 0.0 90.51015473887814 0.4176157934700076 51.35879027229422 437
4430 0.1 89.68746199683814 0.0 90.51015473887814 0.4176157934700076 51.445587677980534 438
4440 0.1 86.97318007662835 0.0 90.51015473887814 0.4176157934700076 51.53269900900299 439
4450 0.1 89.55726660250241 0.0 90.51015473887814 0.4176157934700076 51.61324555688395 440
4460 0.1 88.08397039194273 0.0 90.51015473887814 0.4176157934700076 51.69928642093298 441
4470 0.1 88.77133926424622 0.0 90.51015473887814 0.4176157934700076 51.781604710460144 442
4480 0.1 89.46169524037884 0.0 90.51015473887814 0.4176157934700076 51.865102982590585 443
4490 0.1 89.42667471333736 0.0 90.51015473887814 0.4176157934700076 51.9497799921802 444
4500 0.1 87.46554823247453 0.0 90.51015473887814 0.4176157934700076 52.03399773312662 445
4510 0.1 89.26946107784431 0.0 90.51015473887814 0.4176157934700076 52.11344067146596 446
4520 0.1 89.65852472961477 0.0 90.51015473887814 0.4176157934700076 52.19656375962341 447
4530 0.1 88.94616952403788 0.0 90.51015473887814 0.4176157934700076 52.280184208217136 448
4540 0.1 88.5420404257864 0.0 90.51015473887814 0.4176157934700076 52.36184564544614 449
4550 0.1 89.50309804398007 0.0 90.51015473887814 0.4176157934700076 52.44224607829134 450
4560 0.1 85.88473929125404 0.0 90.51015473887814 0.4176157934700076 52.52442091635273 451
4570 0.1 88.9986745391011 0.0 90.51015473887814 0.4176157934700076 52.5982269304565 452
4580 0.1 87.7801368247228 0.0 90.51015473887814 0.4176157934700076 52.67858111943805 453
4590 0.1 88.40562297248589 0.0 90.51015473887814 0.4176157934700076 52.75589732143207 454
4600 0.1 90.35335689045937 0.0 90.51015473887814 0.4176157934700076 52.834248366819 455
4610 0.1 87.90944123314065 0.0 90.51015473887814 0.4176157934700076 52.916527113581374 456
4620 0.1 87.09754069145777 0.0 90.51015473887814 0.4176157934700076 52.99309804163292 457
4630 0.1 89.04043452021726 0.0 90.51015473887814 0.4176157934700076 53.06756189021333 458
4640 0.1 87.14424714181465 0.0 90.51015473887814 0.4176157934700076 53.145934161738396 459
4650 0.1 89.53055588906231 0.0 90.51015473887814 0.4176157934700076 53.21984353778204 460
4660 0.1 88.9510829885617 0.0 90.51015473887814 0.4176157934700076 53.29860864049631 461
4670 0.1 86.54519126342464 0.0 90.51015473887814 0.4176157934700076 53.375778498392556 462
4680 0.1 88.84601471120222 0.0 90.51015473887814 0.4176157934700076 53.447418698749 463
4690 0.1 89.46924004825091 0.0 90.51015473887814 0.4176157934700076 53.52370877636204 464
4700 0.1 88.402338623076 0.0 90.51015473887814 0.4176157934700076 53.60101099415105 465
4710 0.1 88.74323511725797 0.0 90.51015473887814 0.4176157934700076 53.675691954728144 466
4720 0.1 90.42772325215074 0.0 90.51015473887814 0.4176157934700076 53.750783053577244 467
4730 0.1 86.93731343283582 0.0 90.51015473887814 0.4176157934700076 53.82915258391608 468
4740 0.1 88.09810050492906 0.0 90.51015473887814 0.4176157934700076 53.89974567741057 469
4750 0.1 89.07723528709562 0.0 90.51015473887814 0.4176157934700076 53.9725081344904 470
4760 0.1 88.86057517291592 0.0 90.51015473887814 0.4176157934700076 54.047040463901446 471
4770 0.1 88.31631441462835 0.0 90.51015473887814 0.4176157934700076 54.12079795269173 472
4780 0.1 89.295538811147 0.0 90.51015473887814 0.4176157934700076 54.19309291349921 473
4790 0.1 86.99305809280233 0.0 90.51015473887814 0.4176157934700076 54.26714870653222 474
4800 0.1 89.08715707696044 0.0 90.51015473887814 0.4176157934700076 54.33604535787173 475
4810 0.1 88.55081178592904 0.0 90.51015473887814 0.4176157934700076 54.40905189509671 476
4820 0.1 89.54991620780464 0.0 90.51015473887814 0.4176157934700076 54.48062791163933 477
4830 0.1 89.21982394790787 0.0 90.51015473887814 0.4176157934700076 54.553994623555994 478
4840 0.1 89.0688744900408 0.0 90.51015473887814 0.4176157934700076 54.62636587475506 479
4850 0.1 86.91745537318796 0.0 90.51015473887814 0.4176157934700076 54.698121101036904 480
