3190 0.2 2
3200 1.1 13
3210 1.7 30
3220 1.8 48
3230 1.4 62
3240 0.2 64
3250 2.5 89
3260 1.1 100
3270 1.6 116
3280 1 126
3290 0 126
3300 0.7 133
3310 1.7 150
3320 1.2 162
3330 1.7 179
3340 1.3 192
3350 1.1 203
3360 0.3 206
3370 0.9 215
3380 1.3 228
3390 0.5 233
3400 0.4 237
3410 0.3 240
3420 0.6 246
3430 1.4 260
3440 1.3 273
3450 2.3 296
3460 2.5 321
3470 2.2 343
3480 4 383
3490 1.6 399
3500 2.8 427
3510 2.5 452
3520 3.5 487
3530 1.5 502
3540 1.8 520
3550 3 550
3560 3.1 581
3570 3.8 619
3580 4.3 662
3590 3.8 700
3600 7.4 774
3610 5.6 830
3620 5.7 887
3630 7.4 961
3640 9.6 1057
3650 10.2 1159
3660 13.3 1292
3670 11.7 1409
3680 15.5 1564
3690 14.8 1712
3700 12.9 1841
3710 18.3 2024
3720 17.5 2199
3730 16.3 2362
3740 17.3 2535
3750 17.6 2711
3760 20.4 2915
3770 24.3 3158
3780 21.2 3370
3790 22 3590
3800 25.1 3841
3810 23.3 4074
3820 21.8 4292
3830 26.9 4561
3840 27.8 4839
3850 27 5109
3860 31 5419
3870 36.1 5780
3880 31.1 6091
3890 32.9 6420
3900 33.2 6752
3910 36.4 7116
3920 37.7 7493
3930 31.3 7806
3940 34.1 8147
3950 31.1 8458
3960 38.6 8844
3970 31.5 9159
3980 34.1 9500
3990 37.8 9878
4000 34.6 10224
4010 36 10584
4020 37.1 10955
4030 37.7 11332
4040 41.5 11747
4050 37.2 12119
4060 37.2 12491
4070 41.8 12909
4080 37.6 13285
4090 39.6 13681
4100 34.9 14030
4110 45.9 14489
4120 38.9 14878
4130 40.2 15280
4140 45.5 15735
4150 37.9 16114
4160 39 16504
4170 39.5 16899
4180 46.4 17363
4190 38.6 17749
4200 42.3 18172
4210 44.9 18621
4220 49.5 19116
4230 43.2 19548
4240 41.4 19962
4250 47.3 20435
4260 48.9 20924
4270 44.4 21368
4280 43.1 21799
4290 48.4 22283
4300 48.7 22770
4310 52.3 23293
4320 46.3 23756
4330 58.7 24343
4340 54.4 24887
4350 50.1 25388
4360 52.7 25915
4370 50.4 26419
4380 59.1 27010
4390 53 27540
4400 50.6 28046
4410 58.5 28631
4420 59.2 29223
4430 62.2 29845
4440 52.8 30373
4450 58.3 30956
4460 62.1 31577
4470 56.4 32141
4480 58.7 32728
4490 60.6 33334
4500 58.4 33918
4510 58.3 34501
4520 57.5 35076
4530 57.3 35649
4540 66.2 36311
4550 63.6 36947
4560 59.8 37545
4570 58.5 38130
4580 61.4 38744
4590 61.6 39360
4600 56.2 39922
4610 67.5 40597
4620 65.7 41254
4630 67.4 41928
4640 64.2 42570
4650 72.4 43294
4660 61.3 43907
4670 71.4 44621
4680 69 45311
4690 60.7 45918
4700 68.5 46603
4710 65.6 47259
4720 74.9 48008
4730 69.2 48700
4740 71.1 49411
4750 73.2 50143
4760 67.6 50819
4770 70.1 51520
4780 74.1 52261
4790 71.9 52980
4800 63.1 53611
4810 59.5 54206
4820 67.6 54882
4830 66.8 55550
4840 67.2 56222
4850 58.7 56809
4854 19.2 57001
