10 3.7 353.0446513407939 283.25985339769744 776.7919921875 43.19287109375 0 0
20 6.2 265.2106854838711 251.46641646849918 776.7919921875 41.572998046875 353.0446513407939 37
30 5.7 169.22595429002192 181.9819833930763 776.7919921875 38.205078125 298.0375212081756 99
40 7.5 117.54668294270833 135.811560419541 776.7919921875 38.205078125 250.97175637269635 156
50 5.5 118.96339222301137 152.5688340091657 776.7919921875 38.205078125 207.65192733698595 231
60 6.7 86.9629197761194 84.82046848751673 776.7919921875 38.205078125 190.59643981506778 286
70 5.2 91.52017916165866 95.29100023435987 776.7919921875 38.205078125 170.92662156404924 353
80 6.4 91.18350982666016 81.99401163144819 776.7919921875 38.205078125 160.73122649016204 405
90 7.3 80.24450516374144 77.53811401282124 776.7919921875 37.85302734375 151.24070651902318 469
100 5.6 64.78965541294643 33.1203651760987 776.7919921875 37.85302734375 141.67848751729704 542
110 4.6 60.18723462975544 23.336663216523235 776.7919921875 37.85302734375 134.47819554765886 598
120 5 63.64955078125 32.94544439476773 776.7919921875 37.85302734375 129.1716983392372 644
130 11.2 69.84271676199772 35.437251189185424 776.7919921875 37.85302734375 124.4510825209384 694
140 12.2 72.3795886430584 36.66175911249529 776.7919921875 37.85302734375 116.86282325915012 806
150 11.2 69.52792140415734 37.12454433086113 776.7919921875 37.85302734375 111.014811811776 928
160 13.1 64.91873099057727 27.350152667483208 776.7919921875 37.85302734375 106.54699284480168 1040
170 12.1 69.65669187435434 33.027446318176956 776.7919921875 37.842041015625 101.8900310148244 1171
180 13.1 71.01794899510973 35.7414234158644 776.7919921875 37.842041015625 98.87127402101876 1292
190 12.7 70.0009419598917 34.15383220167993 776.7919921875 37.842041015625 96.30712393079102 1423
200 11.1 70.31545608108108 32.760003655359306 776.7919921875 37.842041015625 94.15171418220766 1550
210 9.1 64.6593996823489 32.162331938630544 776.7919921875 37.842041015625 92.55880349634069 1661
220 13 72.97570988581725 42.27556741231183 776.7919921875 37.842041015625 91.10969062700663 1752
230 11.6 67.87406553071116 33.43994497271409 776.7919921875 37.842041015625 89.85707771714765 1882
240 11.8 69.90359962592692 35.42242983559403 776.7919921875 37.842041015625 88.58078671933653 1998
250 12.5 68.90046875 33.4109756411508 776.7919921875 37.842041015625 87.5392422594961 2116
260 13.6 68.01611328124994 33.69460642235837 776.7919921875 37.824951171875 86.49959625829707 2241
270 15.2 67.6881697805304 31.93146514003755 776.7919921875 37.824951171875 85.44206420744374 2377
280 19.3 71.81052157545336 34.11673397232352 776.7919921875 37.824951171875 84.3750053095035 2529
290 18.2 72.35879013564562 33.15407751415348 776.7919921875 37.824951171875 83.48413633056461 2722
300 21.6 73.4857426396123 34.198515296854275 776.7919921875 37.824951171875 82.7868866723431 2904
310 17.3 72.526463150289 32.44430626117981 776.7919921875 37.824951171875 82.14296131623097 3120
320 18.5 71.40063740498313 34.29468239794173 776.7919921875 37.824951171875 81.63775202904361 3293
330 17.9 70.9706949415154 33.66337706897044 776.7919921875 37.824951171875 81.09322465542337 3478
340 17 70.58243049172793 33.77900183675058 776.7919921875 37.824951171875 80.59775492099911 3657
350 14.5 75.04576205549566 38.8461760346813 776.7919921875 37.824951171875 80.15286201455122 3827
360 18.6 71.79408050865247 34.294459856044284 776.7919921875 37.824951171875 79.9664245789865 3972
370 20.8 70.62791677621692 31.818420749873813 776.7919921875 37.824951171875 79.60085074611442 4158
380 26.5 77.60906176297165 36.77987310043183 776.7919921875 37.824951171875 79.17337244429612 4366
390 26.5 77.26694428066038 36.878416466218724 776.7919921875 37.81689453125 79.08385779723264 4631
400 22.2 77.00956657340932 36.52984360946354 776.7919921875 37.81689453125 78.9855158687417 4896
410 19.8 71.45854664812184 34.35166301016087 776.7919921875 37.81689453125 78.8998064620274 5118
420 24.4 73.61601582511527 35.462414038737926 776.7919921875 37.81689453125 78.6226489294553 5316
430 21.5 73.2489121547965 34.0957322871639 776.7919921875 37.81689453125 78.40293337595548 5560
440 21.6 75.16000366210942 36.3375508352853 776.7919921875 37.81689453125 78.21105206642316 5775
450 22.7 73.96478782351322 34.215669292159696 776.7919921875 37.81689453125 78.10104931974784 5991
460 24.2 75.04303533380684 36.46247910459652 776.7919921875 37.81689453125 77.95004717120406 6218
470 24.9 77.07793478601913 40.83854320925025 776.7919921875 37.81689453125 77.84114672775978 6460
480 28.9 73.92390584450688 34.92911671455072 776.7919921875 37.589111328125 77.81282063244105 6709
490 27.8 74.95964654058007 35.370662574544454 776.7919921875 37.589111328125 77.65221812119313 6998
500 28.9 75.87664900519027 34.705473658943724 776.7919921875 37.589111328125 77.54934086728845 7276
510 29.3 76.41007292555457 34.34132121514205 776.7919921875 37.589111328125 77.48544027929817 7565
520 33.6 76.71818251836868 34.66897658493741 776.7919921875 37.589111328125 77.44534322729426 7858
530 29.3 80.60280403423631 37.195965910232395 776.7919921875 37.589111328125 77.41552555604713 8194
540 29 76.1176185344827 35.774501750033124 776.7919921875 37.589111328125 77.5255612098835 8487
550 31.4 76.32288608429533 35.15843806684964 776.7919921875 37.589111328125 77.47904151341932 8777
560 29.1 75.69530159337418 36.795667954408266 776.7919921875 37.589111328125 77.43910830422946 9091
570 28 73.74288853236605 34.111365939034684 776.7919921875 37.589111328125 77.38502092916455 9382
580 26.9 78.34390428961439 36.52412413327971 776.7919921875 37.589111328125 77.27947372660778 9662
590 25.5 74.43682119332111 34.59030736884005 776.7919921875 37.589111328125 77.30830585040687 9931
600 36.2 79.96464614446647 36.24572054371425 776.7919921875 37.589111328125 77.23642006721849 10186
610 39.8 79.96837642803865 36.094712771944344 776.7919921875 37.589111328125 77.33005088253549 10548
620 43 80.82704112917878 37.50431336866904 776.7919921875 37.589111328125 77.42598122851669 10946
630 42.1 81.24062929130791 36.93803983408885 776.7919921875 37.589111328125 77.55453746597139 11376
640 41.5 78.73245834902104 35.03743828125701 776.7919921875 37.589111328125 77.68608316898627 11797
650 43.7 85.49499260315353 39.69522541968913 776.7919921875 37.589111328125 77.72164210279846 12212
660 42.1 80.56352527464374 35.758235497295004 776.7919921875 37.589111328125 77.99019725883096 12649
670 49.9 81.4499404081601 35.59863947432188 776.7919921875 37.589111328125 78.07308716660886 13070
680 41.2 79.67840872459027 35.60375813832546 776.7919921875 37.589111328125 78.19727095078855 13569
690 43.6 83.30888828662567 39.925742618525035 776.7919921875 37.589111328125 78.24091795478013 13981
700 53.4 85.90019083201662 42.22557017048544 776.7919921875 37.589111328125 78.39418389531454 14417
710 46 83.93388618800954 38.91697452840673 776.7919921875 37.589111328125 78.6622735016418 14951
720 44.2 83.30797677018523 39.066973119089056 776.7919921875 37.589111328125 78.81962486337882 15411
730 39.9 80.25321604793238 37.17406426363667 776.7919921875 37.589111328125 78.94476531268232 15853
740 43.8 78.76177170287522 34.556652117688394 776.7919921875 37.589111328125 78.97688885706854 16252
750 46.6 84.56458567345088 39.91261575173629 776.7919921875 37.589111328125 78.97124348178174 16690
760 45.4 81.2344712580879 37.97816254345374 776.7919921875 37.589111328125 79.12317268796721 17156
770 46.5 96.194718686996 69.87906750340608 776.7919921875 37.589111328125 79.17760366757167 17610
780 47.9 80.28727808177841 36.673890134482164 776.7919921875 37.589111328125 79.61538836931621 18075
790 48.2 89.51641009952023 51.41302604107658 776.7919921875 37.589111328125 79.63273423394213 18554
800 41.1 82.9349926579608 38.59344469372213 776.7919921875 37.589111328125 79.88299330975683 19036
810 44.4 80.55175506316859 37.06284689142356 776.7919921875 37.589111328125 79.94749537856497 19447
820 46.4 80.62687840955014 37.640832091155026 776.7919921875 37.589111328125 79.96098345357196 19891
830 45.6 82.66556000291253 42.02568902278341 776.7919921875 37.589111328125 79.97616278344539 20355
840 43.8 80.2251294279751 36.048107520183585 776.7919921875 37.589111328125 80.03509148134924 20811
850 50.6 80.53810378967998 36.168408711721504 776.7919921875 37.589111328125 80.0390086831292 21249
860 46.1 82.78774805958517 40.28196374090873 776.7919921875 37.589111328125 80.05061714665091 21755
870 44.8 85.31406511579245 39.556226784338484 776.7919921875 37.589111328125 80.10741483079128 22216
880 43.7 77.45358423019174 34.63025615010179 776.7919921875 37.589111328125 80.21033485054421 22664
890 46.7 85.21778650712663 42.5811922990731 776.7919921875 37.589111328125 80.1581855920232 23101
900 46.5 83.71229366179435 37.54536713228946 776.7919921875 37.589111328125 80.25844160133045 23568
910 48.1 82.0954874082316 38.56440434037035 776.7919921875 37.589111328125 80.32526809856823 24033
920 47.2 83.37630139367049 38.285728443444036 776.7919921875 37.589111328125 80.36000235197233 24514
930 43 79.03019962754357 34.710292679050085 776.7919921875 37.589111328125 80.41698198647491 24986
940 41.7 80.087744843188 38.28566869137394 776.7919921875 37.589111328125 80.3935197416551 25416
950 42.2 86.2761618085382 48.736733730961745 776.7919921875 37.589111328125 80.3885838792829 25833
960 45.9 82.14327544168712 37.99268000924186 776.7919921875 37.589111328125 80.48321567841245 26255
970 48.6 85.16601210857112 38.48270422345631 776.7919921875 37.589111328125 80.5117388284964 26714
980 44.4 80.83429065051385 36.24632219975749 776.7919921875 37.589111328125 80.59489974078011 27200
990 45.3 82.26285861185845 37.67197168360525 776.7919921875 37.589111328125 80.59874468231973 27644
1000 43.4 79.89196608582948 36.74987516905203 776.7919921875 37.589111328125 80.62557472147272 28097
1010 41.5 79.93755176957835 37.494658696085054 776.7919921875 37.589111328125 80.61441541587988 28531
1020 44 79.39521151455962 36.605460618363026 776.7919921875 37.589111328125 80.60471119376922 28946
1030 45.3 80.25877774472262 39.273624005772525 776.7919921875 37.589111328125 80.58660121422616 29386
1040 41 79.46344262099849 36.7989056136436 776.7919921875 37.589111328125 80.58162437077681 29839
1050 43.2 78.16530467845769 34.746183794958654 776.7919921875 37.589111328125 80.56646834851462 30249
1060 40.7 77.62449372312655 34.65490877792201 776.7919921875 37.589111328125 80.53265906245926 30681
1070 43.6 90.78898970577688 52.935524719876256 776.7919921875 37.589111328125 80.49458574500208 31088
1080 46.7 80.99975063152431 37.77494866663858 776.7919921875 37.589111328125 80.63696488873062 31524
1090 44.7 79.09876717177013 35.43017601458081 776.7919921875 37.589111328125 80.64226078263466 31991
1100 43.4 79.05359843029949 37.034529487912764 776.7919921875 37.589111328125 80.62099123321558 32438
1110 48.5 79.65700356394983 35.356497278919115 776.7919921875 37.589111328125 80.60029737593688 32872
1120 44.9 81.58286752679562 37.63667099623408 776.7919921875 37.589111328125 80.58658218875536 33357
1130 41.4 81.47735743131042 37.922095983424306 776.7919921875 37.589111328125 80.59981451783244 33806
1140 46.2 81.44235057748239 36.07346254888525 776.7919921875 37.589111328125 80.61043119714805 34220
1150 43.9 79.17391432499285 36.77404463184025 776.7919921875 37.589111328125 80.62151322107154 34682
1160 41.6 79.45354931171126 35.65758660281538 776.7919921875 37.589111328125 80.60341875008898 35121
1170 47.4 85.64143777195417 41.64428282207549 776.7919921875 37.589111328125 80.58995825296302 35537
1180 43.8 76.53705474992861 32.401350104642944 776.7919921875 37.589111328125 80.65644908332047 36011
1190 42.3 93.10125429410454 58.29449056844699 776.7919921875 37.589111328125 80.60694718428275 36449
1200 41 93.47941656345276 60.2193826401102 776.7919921875 37.589111328125 80.75028337183576 36872
1210 49.9 78.44273263323517 34.11291228684465 776.7919921875 37.589111328125 80.89026901124788 37282
1220 56.2 87.45255027037928 41.39918708562462 776.7919921875 37.589111328125 80.85794269239373 37781
1230 53.4 84.54835035917021 42.125009398877516 776.7919921875 37.589111328125 80.95460099922491 38343
1240 57 86.90990311472038 40.824027479799994 776.7919921875 37.589111328125 81.00396340265652 38877
1250 63.1 100.40511789941554 66.78780279689285 776.7919921875 37.589111328125 81.08930286157295 39447
1260 61.8 88.63230170092538 42.37412320194375 776.7919921875 37.589111328125 81.39341682157291 40078
1270 61.2 113.29835300819546 105.77094966358656 802.64306640625 37.589111328125 81.50334484534527 40696
1280 61.9 88.10529718106322 42.09594066037559 802.64306640625 37.589111328125 81.9744048094119 41308
1290 65.7 92.52591086377474 48.95696040934468 802.64306640625 37.589111328125 82.06491980876916 41927
1300 62.9 87.48855644189679 39.518196410806766 802.64306640625 37.589111328125 82.22631542973335 42584
1310 63.6 117.09082223184451 78.96000398739453 802.64306640625 37.589111328125 82.302911583591 43213
1320 57.4 91.91161598976483 52.96564936344479 802.64306640625 37.589111328125 82.80748662914026 43849
1330 58.6 92.56211045821776 50.18984617765403 802.64306640625 37.589111328125 82.92512321948756 44423
1340 57.9 90.81978458279359 45.92162849074419 802.64306640625 37.589111328125 83.05059311488395 45009
1350 58.6 86.0201328524957 40.31968842490949 802.64306640625 37.589111328125 83.14926736819447 45588
1360 59.2 91.26313822978244 129.41189819679823 3073.68896484375 37.589111328125 83.18570188055642 46174
1370 60.7 92.81060318420502 49.30709934440006 3073.68896484375 37.589111328125 83.28795228295863 46766
1380 58.8 84.1086375956633 37.44432545132135 3073.68896484375 37.589111328125 83.40996796904683 47373
1390 59.3 93.16098459896712 48.58615400802513 3073.68896484375 37.589111328125 83.4185336315737 47961
1400 54.2 86.83194341342825 39.98245825988905 3073.68896484375 37.589111328125 83.53752019135588 48554
1410 61.4 89.04630997747856 46.9550505874647 3073.68896484375 37.589111328125 83.57388929243058 49096
1420 52.7 93.00912678264352 189.72970954003975 3167.98388671875 37.589111328125 83.64148265997473 49710
1430 57 108.68917857387613 83.16290734247652 3167.98388671875 37.589111328125 83.73975183314683 50237
1440 59.2 86.75789126834357 42.05122847688439 3167.98388671875 37.589111328125 84.0196576186137 50807
1450 58.2 84.69183790069268 40.95337180113782 3167.98388671875 37.589111328125 84.05119586489553 51399
1460 63 95.24666922433038 51.65821834212692 3167.98388671875 37.589111328125 84.05836874854214 51981
1470 57.1 83.92480383236645 39.79036316571047 3167.98388671875 37.589111328125 84.19234508998683 52611
1480 57.1 87.92236199854968 44.292101025834164 3167.98388671875 37.589111328125 84.18947257563796 53182
1490 54.3 96.07885427457413 57.442651363143455 3167.98388671875 37.589111328125 84.22912580169944 53753
1500 57.1 86.72133335841717 40.13138926579218 3167.98388671875 37.589111328125 84.34763181615301 54296
1510 57.9 89.59691792489744 44.2333259029059 3167.98388671875 37.589111328125 84.37233489050796 54867
1520 59.7 91.95521185026696 46.259288428486556 3167.98388671875 37.589111328125 84.42689308364923 55446
1530 63.1 91.1667813211915 47.2315719134717 3167.98388671875 37.589111328125 84.50708876024882 56043
1540 57.6 92.76315646701387 49.029018474633816 3167.98388671875 37.589111328125 84.58123680001935 56674
1550 57.4 93.6548540600501 45.934332026724014 3167.98388671875 37.589111328125 84.66355620138509 57250
1560 57.9 121.87147914642698 120.14935636827703 3167.98388671875 37.589111328125 84.75280988447298 57824
1570 55.9 83.05060043744416 37.26549287604418 3167.98388671875 37.589111328125 85.12079970524711 58403
1580 63.2 92.61150736748418 46.53627907363624 3167.98388671875 37.589111328125 85.10117280333229 58962
1590 63.9 92.10691831108176 46.98198567162956 3167.98388671875 37.589111328125 85.18082061090593 59594
1600 61.8 94.91558146553902 55.44764966557481 3167.98388671875 37.589111328125 85.25429821338983 60233
1610 60.2 112.29018424911753 90.49267181620927 3167.98388671875 37.589111328125 85.35241776852989 60851
1620 60 88.01214396158845 40.75661587533003 3167.98388671875 37.589111328125 85.61630293965764 61453
1630 58.7 90.02407384609242 46.31487022794633 3167.98388671875 37.589111328125 85.63946869495004 62053
1640 56.8 83.85570988184978 38.160448255006216 3167.98388671875 37.589111328125 85.68055686901964 62640
1650 65.1 90.28323537706413 45.6655103780848 3167.98388671875 37.589111328125 85.66415842121695 63208
1660 60.9 87.19308797400959 41.44473967996611 3167.98388671875 37.589111328125 85.71124683629168 63859
1670 60 99.97947143554688 62.829209201224046 3167.98388671875 37.589111328125 85.72524511842964 64468
1680 62.5 90.43438281250006 44.03187440151675 3167.98388671875 37.589111328125 85.85668508569881 65068
1690 58.1 84.58790197060557 40.16165499297621 3167.98388671875 37.589111328125 85.90023707874602 65693
1700 67.6 114.35166615141924 84.580243423988 3167.98388671875 37.589111328125 85.88873231522142 66274
1710 62.6 92.81609385920022 45.45504668046953 3167.98388671875 37.589111328125 86.17612504521799 66950
1720 58 87.74680428340525 42.33087633358614 3167.98388671875 37.589111328125 86.2376353517995 67576
1730 56.4 97.73554981853945 67.96073410147706 3167.98388671875 37.589111328125 86.25047821200742 68156
1740 66.2 95.6106440149405 52.40799344499282 3167.98388671875 37.589111328125 86.34473869492483 68720
1750 61.2 86.69804033266948 40.575953621957865 3167.98388671875 37.589111328125 86.43314821499993 69382
1760 54.7 85.12679914233885 40.55294524128948 3167.98388671875 37.589111328125 86.4354643274669 69994
1770 59.4 85.75034812644675 42.45322133562796 3167.98388671875 37.589111328125 86.42531647223002 70541
1780 56.6 85.24039483491607 41.69060104704615 3167.98388671875 37.589111328125 86.41968027067811 71135
1790 59 129.0777116161282 123.93593858178886 3167.98388671875 37.589111328125 86.41037111799348 71701
1800 64.1 98.14353602464402 48.94495570603355 3167.98388671875 37.589111328125 86.75859884888528 72291
1810 61.9 95.35586631663972 49.87727082122407 3167.98388671875 37.589111328125 86.85866116350249 72932
1820 72.7 104.3278580236632 65.25969687729553 3167.98388671875 37.589111328125 86.93017303947687 73551
1830 72 127.02475416395413 103.59939160026642 3167.98388671875 37.589111328125 87.1004538357221 74278
1840 73.3 105.7350204904928 55.632899720259815 3167.98388671875 37.589111328125 87.48373733976658 74998
1850 71.7 108.75948402904899 63.18576101335449 3167.98388671875 37.589111328125 87.66039142527293 75731
1860 65.8 109.08301412008454 85.60006279376282 3167.98388671875 37.589111328125 87.85827821625384 76448
1870 70.9 107.01349970248587 65.55002709832966 3167.98388671875 37.589111328125 88.03940389032228 77106
1880 73.5 101.71113314466416 50.73587235603544 3167.98388671875 37.589111328125 88.21228359129026 77815
1890 72.8 101.29256699111431 53.627721832490806 3167.98388671875 37.589111328125 88.3385936412168 78550
1900 76.7 106.90391458961457 67.30166361149678 3167.98388671875 37.589111328125 88.45754836508377 79278
1910 77.9 126.70640099737248 85.82890051037721 3167.98388671875 37.589111328125 88.63430347651128 80045
1920 71.8 101.38431066656511 53.763521782755305 3167.98388671875 37.589111328125 89.00125096696895 80824
1930 76.4 120.75159138784373 77.01018918482804 3167.98388671875 37.589111328125 89.11028725335278 81542
1940 71.6 114.12389181978875 68.17809731353559 3167.98388671875 37.589111328125 89.40399556573281 82306
1950 72.4 92.51364321208122 44.58143543844228 3167.98388671875 37.589111328125 89.61718539153686 83022
1960 72.3 97.89838313396875 48.24344565569761 3167.98388671875 37.589111328125 89.64222581689538 83746
1970 72.3 118.62423955091629 81.92726976705686 3167.98388671875 37.589111328125 89.7128931829142 84469
1980 75.2 133.23779037150905 123.648016886844 3167.98388671875 37.589111328125 89.95825546369251 85192
1990 73.6 102.11914560069216 54.97575896092127 3167.98388671875 37.589111328125 90.33694635835273 85944
2000 73 109.37360003745725 68.81714529587853 3167.98388671875 37.589111328125 90.43698902843074 86680
2010 83.3 113.84738778323826 61.98423823112967 3167.98388671875 37.589111328125 90.5951371354733 87410
2020 69.4 111.77288589697402 68.11988896102761 3167.98388671875 37.589111328125 90.81463471363347 88243
2030 67.1 115.30048871786515 74.55724883235764 3167.98388671875 37.589111328125 90.97817774208325 88937
2040 71.2 98.24144170525369 52.138704812150905 3167.98388671875 37.589111328125 91.16030735846516 89608
2050 78.7 173.4159641290104 156.07091309821962 3167.98388671875 37.589111328125 91.21612852382071 90320
2060 74.2 112.78952083947526 63.84111209414366 3167.98388671875 37.589111328125 91.9261867039966 91107
2070 74.2 103.21680411367082 55.66206109364757 3167.98388671875 37.589111328125 92.09473066123648 91849
2080 72 97.02801547580292 51.193981549074586 3167.98388671875 37.589111328125 92.18386004208027 92591
2090 76.4 125.72134671036476 78.50194175388818 3167.98388671875 37.589111328125 92.22123818519609 93311
2100 74.1 103.47528347988353 55.852551916500445 3167.98388671875 37.589111328125 92.49329859352166 94075
2110 75.8 110.7350868084185 69.60815230332108 3167.98388671875 37.589111328125 92.57912430648987 94816
2120 70.5 109.1587395417775 62.00015672173869 3167.98388671875 37.589111328125 92.72311974014822 95574
2130 75.3 109.6760954229956 57.68836158736883 3167.98388671875 37.589111328125 92.84346905786182 96279
2140 71.2 102.16494579529494 56.146828169648025 3167.98388671875 37.589111328125 92.97409573414332 97032
2150 68.4 112.17043407060946 65.52849752885894 3167.98388671875 37.589111328125 93.04104496113976 97744
2160 71 112.11326199383802 75.34361167282299 3167.98388671875 37.589111328125 93.17397971701082 98428
2170 75 97.79102408854163 48.95586562396085 3167.98388671875 37.589111328125 93.30961782163818 99138
2180 71.5 111.5598069411058 68.81147036239122 3167.98388671875 37.589111328125 93.34326605466094 99888
2190 78 119.25121788611779 68.437605730876 3167.98388671875 37.589111328125 93.47273363250463 100603
2200 74 108.75318966427369 69.64939967069822 3167.98388671875 37.589111328125 93.67106291569627 101383
2210 69.2 103.47741170012189 58.06148510328724 3167.98388671875 37.589111328125 93.78035047867372 102123
2220 78 109.6098714192708 56.96804515721324 3167.98388671875 37.589111328125 93.84561689276936 102815
2230 75.3 118.61345276446292 84.00037981498093 3167.98388671875 37.589111328125 93.9643110240563 103595
2240 81.3 114.3763843644295 67.70599950846393 3167.98388671875 37.589111328125 94.14218509668373 104348
2250 76.7 120.61546069049456 75.05481489891042 3167.98388671875 37.589111328125 94.29861575067787 105161
2260 78.4 114.10587326361207 64.37187143909972 3167.98388671875 37.589111328125 94.4891699013164 105928
2270 72.9 116.13968427158349 72.60501420708508 3167.98388671875 37.589111328125 94.63329141938411 106712
2280 66.9 93.67305337081932 124.28510003357246 3167.98388671875 37.589111328125 94.77921486005623 107441
2290 78 131.0649755233374 89.58089678682312 3167.98388671875 37.589111328125 94.77236977600943 108110
2300 71.9 113.6433927193803 80.86636882014504 3167.98388671875 37.589111328125 95.03234068686363 108890
2310 78.3 114.92576004749361 67.47167791524247 3167.98388671875 37.589111328125 95.15442323858275 109609
2320 75.4 120.22259278638933 73.26393296276794 3167.98388671875 37.589111328125 95.29465945788648 110392
2330 72.9 189.1060678824802 199.23352669289255 3167.98388671875 37.589111328125 95.463767313587 111146
2340 74.9 109.74791258135848 70.5659529504411 3167.98388671875 37.589111328125 96.07395937718229 111875
2350 75.1 144.60049491303246 118.29990424747983 3167.98388671875 37.589111328125 96.1648972851764 112624
2360 73.3 101.38241947689282 53.22582438947847 3167.98388671875 37.589111328125 96.48573639272674 113375
2370 77.4 105.21400849886949 61.677124196621946 3167.98388671875 37.589111328125 96.51719140640408 114108
2380 70.7 101.6802372480552 52.179574672283564 3167.98388671875 37.589111328125 96.57578488866909 114882
2390 76.4 144.34145590897015 106.09749637233305 3167.98388671875 37.589111328125 96.60700626629227 115589
2400 78.4 108.46554036043128 63.30179458870212 3167.98388671875 37.589111328125 96.92044141215878 116353
2410 84.2 188.9622182234449 132.0041867830361 3167.98388671875 37.589111328125 96.99771296235595 117137
2420 88.2 173.08148068797837 145.37604058478223 3167.98388671875 37.589111328125 97.65405106854296 117979
2430 88.2 166.49396319400162 187.93829266505952 3321.093017578125 37.589111328125 98.21375520130594 118861
2440 83.6 130.80373838871867 101.07194265665224 3321.093017578125 37.589111328125 98.71669185271402 119743
2450 84.7 164.7848083424032 129.1642620256067 3321.093017578125 37.589111328125 98.93915821007393 120579
2460 83.8 132.2850143687536 72.95817920761147 3321.093017578125 37.589111328125 99.39846071252055 121426
2470 85.9 133.9845389920147 75.50164793148566 3321.093017578125 37.589111328125 99.62386583556513 122264
2480 84 162.85132184709812 111.75338057307732 3321.093017578125 37.589111328125 99.86359211125196 123123
2490 87.5 173.54581501116076 120.60799506301814 3321.093017578125 37.589111328125 100.29041054076812 123963
2500 90.7 217.1187503230086 163.6934421426761 3321.093017578125 37.589111328125 100.80386380749454 124838
2510 85.8 232.28212497951262 217.71309844154328 3321.093017578125 37.589111328125 101.64284430031391 125745
2520 85.4 157.95300235792953 126.89336394425898 3321.093017578125 37.589111328125 102.52819854012459 126603
2530 89.1 210.91283028856265 178.77576534830462 3321.093017578125 37.589111328125 102.89956129352696 127457
2540 81.8 138.9516180733302 104.66645463020801 3321.093017578125 37.589111328125 103.64939629426384 128348
2550 87.6 136.7250059641658 75.4408915143008 3321.093017578125 37.589111328125 103.87296300233932 129166
2560 86.4 148.11306875723415 86.36387235980064 3321.093017578125 37.589111328125 104.09426373313829 130042
2570 88.5 230.03955988479854 196.32083951256558 3321.093017578125 37.589111328125 104.3847947060564 130906
2580 94.6 304.308044046479 229.09361743790538 3321.093017578125 37.589111328125 105.2285887980899 131791
2590 80.9 148.81337938909908 166.2540108388063 3321.093017578125 37.589111328125 106.64740318040211 132737
2600 85.9 127.61007644244759 78.6261597835441 3321.093017578125 37.589111328125 106.90283782279377 133546
2610 86.8 145.17776193926417 99.18659351291657 3321.093017578125 37.589111328125 107.03518050330626 134405
2620 89.5 141.25257234200424 79.31639743385422 3321.093017578125 37.589111328125 107.27992824074397 135273
2630 89.2 160.3880817772561 104.00892487912947 3321.093017578125 37.589111328125 107.50322238085492 136168
2640 81.9 141.96452478727898 104.73559849047932 3321.093017578125 37.589111328125 107.8474022625242 137060
2650 91.9 226.23452669129176 187.198358255768 3321.093017578125 37.589111328125 108.05005765854371 137879
2660 92.2 206.31716700489758 138.63070512787542 3321.093017578125 37.589111328125 108.83257273110307 138798
2670 86.3 144.59897766466926 87.63376218850622 3321.093017578125 37.589111328125 109.47586500078843 139720
2680 91.3 175.3445546211836 136.27361826311935 3321.093017578125 37.589111328125 109.69147603646792 140583
2690 88.8 230.29588496577625 188.48038386491285 3321.093017578125 37.589111328125 110.11510116189794 141496
2700 88.4 201.62412065186658 171.0190363687258 3321.093017578125 37.589111328125 110.86462734474041 142384
2710 81.4 114.35306783390281 60.32337113038599 3321.093017578125 37.589111328125 111.42463650298579 143268
2720 85.8 141.47530793587902 98.66673408674298 3321.093017578125 37.589111328125 111.44118085344849 144082
2730 87.3 141.513152831472 91.02058467689305 3321.093017578125 37.589111328125 111.61897360242548 144940
2740 81.4 141.8358244274992 103.06694573196516 3321.093017578125 37.589111328125 111.79795365541773 145813
2750 86.8 210.63999917869742 174.75033778047128 3321.093017578125 37.589111328125 111.96470893792691 146627
2760 83.5 158.68446329996243 115.35988903948223 3321.093017578125 37.589111328125 112.5454076187567 147495
2770 85.7 157.147762623523 94.81464557635846 3321.093017578125 37.589111328125 112.80514004978082 148330
2780 84 123.76524367559536 69.68137241582956 3321.093017578125 37.589111328125 113.0598648417915 149187
2790 84.6 121.36061099798681 65.97349062892286 3321.093017578125 37.589111328125 113.11980417418097 150027
2800 89.3 174.424123937045 122.77800743521502 3321.093017578125 37.589111328125 113.16601338704834 150873
2810 87.1 259.85944171121554 207.29672300313138 3321.093017578125 37.589111328125 113.52645968411848 151766
2820 95 229.3660999177632 164.98299776658234 3321.093017578125 37.589111328125 114.36148675714534 152637
2830 85.8 141.28187799342575 81.71761356557707 3321.093017578125 37.589111328125 115.07283851544902 153587
2840 88.1 138.59641587152387 83.74181251045603 3321.093017578125 37.589111328125 115.21843957648761 154445
2850 83.4 121.85526003025709 68.17522162244593 3321.093017578125 37.589111328125 115.35103809261452 155326
2860 84.7 131.83917445303257 93.81833368859742 3321.093017578125 37.589111328125 115.38577503610833 156160
2870 94.4 402.11237813658636 295.835825598972 3321.093017578125 37.589111328125 115.47453559650458 157007
2880 96.5 386.4923696567358 283.3791390051216 3321.093017578125 37.589111328125 117.18763727587246 157951
2890 92.6 253.52211001830779 201.8129710122157 3321.093017578125 37.589111328125 118.82296075964712 158916
2900 86.9 144.71783187392137 94.72921859244349 3321.093017578125 37.589111328125 119.60330267362167 159842
2910 87.7 187.10122983404008 132.44677846688145 3321.093017578125 37.589111328125 119.73910249986294 160711
2920 86.7 157.65731132181722 99.90420157117303 3321.093017578125 37.589111328125 120.10470257952277 161588
2930 92 396.5011588718579 329.5962015922924 3321.093017578125 37.589111328125 120.30511568948903 162455
2940 88.3 182.48116467520165 128.2318634388373 3321.093017578125 37.589111328125 121.86043541238287 163375
2950 87.5 132.88830831473206 80.4626281732082 3321.093017578125 37.589111328125 122.18631362798922 164258
2960 84.6 136.1210057323989 175.05682769679356 3321.093017578125 37.589111328125 122.24302092060124 165133
2970 87 132.99082816989917 81.07917350689421 3321.093017578125 37.589111328125 122.31375743034512 165979
2980 87.8 165.682885519736 114.51705092387344 3321.093017578125 37.589111328125 122.3694308329032 166849
2990 83.7 155.83449861624456 95.13855333997626 3321.093017578125 37.589111328125 122.59616363808686 167727
3000 95.1 204.37776975100223 143.93107595608436 3321.093017578125 37.589111328125 122.76120769480548 168564
3010 93.7 391.4161135939168 281.2425657418912 3321.093017578125 37.589111328125 123.21908664661177 169515
3020 96.3 226.40178575050297 158.2778555699598 3321.093017578125 37.589111328125 124.69340560003927 170452
3030 95.9 352.8694647032225 240.4299113090818 3321.093017578125 37.589111328125 125.2647976607393 171415
3040 99.6 421.39559728170485 278.30066416229823 3321.093017578125 37.589111328125 126.53107259601808 172374
3050 97.4 651.1350047524705 352.1655309673507 3321.093017578125 37.589111328125 128.22505117701215 173370
3060 97.7 604.4003496433597 347.58456742209734 3321.093017578125 37.589111328125 131.14636934558976 174344
3070 97.2 297.6108486348223 211.1077081040929 3321.093017578125 37.589111328125 133.7836411997939 175321
3080 98.1 643.6076762192604 314.6202567858818 3321.093017578125 37.589111328125 134.68691044829978 176293
3090 101.2 717.2459707147055 306.4684079253805 3321.093017578125 37.589111328125 137.50317945120665 177274
3100 101.3 474.89493831171325 300.5069268419143 3321.093017578125 37.589111328125 140.79395777793258 178286
3110 98.2 883.5507036819 400.04628941645683 3321.093017578125 37.589111328125 142.68155499420664 179299
3120 100.3 1136.7884973010673 313.29799716889755 3321.093017578125 37.589111328125 146.71710784787015 180281
3130 101.5 974.4013775304034 304.94734968497505 3321.093017578125 37.589111328125 152.19493051077234 181284
3140 101.3 1101.401300910429 309.48421987242335 4034.162841796875 37.589111328125 156.7727918469559 182299
3150 100.5 1367.7276853039475 334.5755004706178 4034.162841796875 37.589111328125 161.99290116702932 183312
3160 102.1 1552.9164819072903 338.1446592780345 4441.885009765625 37.589111328125 168.5672456824978 184317
3170 96 1952.8300455729172 694.906001515488 6196.14306640625 37.589111328125 176.1934236394495 185338
3180 89.4 2485.144396071467 1394.9340452208944 11255.550048828125 37.589111328125 185.3484932432892 186298
3190 96.7 3007.865084658981 2341.6272699145065 13986.43603515625 37.589111328125 196.3319622864555 187192
3200 101.1 2850.0433674405763 2295.2086476288905 15051.339111328125 37.589111328125 210.7811915517802 188159
3210 102 2876.3099365234384 2421.249656945868 16502.302001953125 37.589111328125 224.88646225973375 189170
3220 97.8 3104.1466491324763 2571.250323898609 16502.302001953125 37.589111328125 239.10620012055176 190190
3230 100.8 2896.101980057977 2342.121984740138 16502.302001953125 37.589111328125 253.76351493858442 191168
3240 100.6 2794.1492966031915 2073.6324117691665 16502.302001953125 37.589111328125 267.6230872724885 192176
3250 97.8 3149.763295429128 2792.373366981024 16502.302001953125 37.589111328125 280.7800344341634 193182
3260 101.3 2630.4083940029604 2127.92220967619 16502.302001953125 37.589111328125 295.23134072409476 194160
3270 100.9 2621.3116465966477 2252.7391359859225 16502.302001953125 37.589111328125 307.35153334792847 195173
3280 102.7 2625.493056374378 2122.482010299607 16502.302001953125 37.589111328125 319.2526545224906 196182
3290 97.5 2780.2899446614583 2111.0577946478375 16502.302001953125 37.589111328125 331.26280057415096 197209
3300 100.9 2818.4986423458404 2288.3066595071873 16502.302001953125 37.589111328125 343.3112074358811 198184
3310 100.6 2614.081554860291 1852.8724790760616 16502.302001953125 37.589111328125 355.849118516211 199193
3320 102.3 2787.2681358538766 2085.6255825689227 16502.302001953125 37.589111328125 367.19673679083843 200199
3330 101.7 2802.793997405432 2293.4580418958712 16502.302001953125 37.589111328125 379.5002276677877 201222
3340 101.3 2731.792815228206 2083.9084939928243 16502.302001953125 37.589111328125 391.6862539229768 202239
3350 100.5 2950.961960947216 2279.257374787415 16502.302001953125 37.589111328125 403.3492532863395 203252
3360 96.8 2817.451104534559 2391.825072679476 16502.302001953125 37.589111328125 415.88420078483006 204257
3370 100.5 2464.611475824005 1683.1793202839635 16502.302001953125 37.589111328125 427.2118497692605 205225
3380 102.1 2625.948344291369 1969.1137985588775 16502.302001953125 37.589111328125 437.1405052712971 206230
3390 100.6 2514.3645735450605 1938.4576299019823 16502.302001953125 37.589111328125 447.92343420114304 207251
3400 102.3 2526.4887774067515 1885.4034609714258 16502.302001953125 37.589111328125 457.90552261200065 208257
3410 98.5 2446.2424653493817 1854.637083153413 16502.302001953125 37.589111328125 468.0171466069119 209280
3420 99 2687.14509943182 2054.395799726479 16502.302001953125 37.589111328125 477.28427113529915 210265
3430 101.8 2623.2849603139553 2014.9170960169663 16502.302001953125 37.589111328125 487.6402968862331 211255
3440 101.8 2974.965445228082 2422.277165365631 16502.302001953125 37.589111328125 497.8822318820612 212273
3450 101.9 2942.09186348059 2460.149180507033 16502.302001953125 37.589111328125 509.7049094033174 213291
3460 101.4 2985.8149098653976 2494.316121472783 16502.302001953125 37.589111328125 521.2704094089389 214310
3470 98 3022.057511559311 2271.0325147226513 16502.302001953125 37.589111328125 532.8763990964 215324
3480 101.1 3102.3841510474626 2650.9787998386214 16502.302001953125 37.589111328125 544.154033768961 216304
3490 103.1 3100.4602697244773 2473.230543031641 19649.66796875 37.589111328125 556.0555161727001 217315
3500 101.1 3484.6237114397873 3283.9639836449705 40640.23388671875 37.589111328125 568.0698480171666 218346
3510 99.9 3289.12094638584 2518.245196638339 40640.23388671875 37.589111328125 581.5120265476911 219357
3520 101.5 3117.136086630235 2547.2293740974023 40640.23388671875 37.589111328125 593.7871690939268 220356
3530 95.3 3119.784714337536 2518.641249378717 40640.23388671875 37.589111328125 605.3568830641367 221371
3540 100.1 3379.7787644484415 2751.5595479331096 40640.23388671875 37.589111328125 616.1350704087489 222324
3550 99.7 3303.2276492563637 2766.944447364672 40640.23388671875 37.589111328125 628.5224311508679 223325
3560 102.5 3505.0240586890245 2926.144111917968 40640.23388671875 37.589111328125 640.4101688781135 224322
3570 100.1 3574.9631325705545 3331.4553578773653 40640.23388671875 37.589111328125 653.4399817314294 225347
3580 98.7 3487.6677357404074 2758.3761018959594 40640.23388671875 37.589111328125 666.3601077055488 226348
3590 98.8 3693.4409199455968 3110.3431473924743 42010.612060546875 37.589111328125 678.6091262414997 227335
3600 98.3 3611.9233033344194 3017.697540731934 42010.612060546875 37.589111328125 691.6549158123254 228323
3610 101.3 4005.2553250613123 3740.2354984381495 42010.612060546875 37.589111328125 704.173662922886 229306
3620 100.3 4279.052904518858 3821.024299808584 42010.612060546875 37.589111328125 718.6926375786732 230319
3630 101.1 4286.566699170444 4083.8388372357426 42010.612060546875 37.589111328125 734.13017204466 231322
3640 101 4426.496057491487 4584.531861830027 64784.550048828125 37.589111328125 749.5886447064178 232333
3650 99 5163.745252574578 4976.3562279746175 67272.47998046875 37.589111328125 765.5037417391676 233343
3660 98.2 5062.430692404696 5067.375604932182 67272.47998046875 37.589111328125 784.0852436860852 234333
3670 100.7 5493.4825598253665 5536.588851824476 67272.47998046875 37.589111328125 801.9393338658089 235315
3680 100.9 4874.646467679557 4229.870952399917 67272.47998046875 37.589111328125 821.9306339925058 236322
3690 98.3 5332.663625133125 5833.589438703631 67272.47998046875 37.589111328125 839.1605376974168 237331
3700 100.2 4964.336022778662 5173.385187090561 72486.34594726563 37.589111328125 857.6953847267533 238314
3710 99.1 5973.752312561095 8708.487793766451 131085.73999023438 37.589111328125 874.8896129410307 239316
3720 100.8 5756.668082827618 7371.6435404585545 131085.73999023438 37.589111328125 895.9167696003185 240307
3730 97.6 5469.059288900407 8442.187808433911 131085.73999023438 37.589111328125 916.2206766252988 241315
3740 100.4 5418.197762903466 6942.973271993846 131085.73999023438 37.589111328125 934.5604848954389 242291
3750 102 5988.743459903494 7926.272351332378 131085.73999023438 37.589111328125 953.0630099252178 243295
3760 99.3 5768.1355828691485 5969.237366893795 131085.73999023438 37.589111328125 974.0866640560646 244315
3770 97.5 6611.559023187099 9637.780659271066 131696.7041015625 37.589111328125 993.4928414998552 245308
3780 100.5 7228.897705806903 12870.233255380215 131696.7041015625 37.589111328125 1015.7339808685695 246283
3790 99 6520.7602923768945 11555.539643404054 131696.7041015625 37.589111328125 1040.9848201473176 247288
3800 101.6 7425.156065452756 11858.341041979897 131696.7041015625 37.589111328125 1062.8352366864683 248278
3810 99.9 6703.552964830064 8788.659575325988 131696.7041015625 37.589111328125 1088.7649339997872 249294
3820 99.5 7522.7068413355855 14100.31100636297 271545.06201171875 37.589111328125 1111.1753619494282 250293
3830 95.1 8650.083414200115 15288.78650734984 271545.06201171875 37.589111328125 1136.562462893322 251288
3840 102.6 7513.962493242111 11310.123479011949 271545.06201171875 37.589111328125 1164.8901934373407 252239
3850 101.9 7443.4531695634505 11392.276356736325 271545.06201171875 37.589111328125 1190.6108740667198 253265
3860 99.7 8143.748658083609 14788.932651599605 271545.06201171875 37.589111328125 1215.6680789994375 254284
3870 105.4 10405.91105591053 27164.69245899425 271545.06201171875 37.589111328125 1242.7256991801282 255281
3880 100.1 9299.83257977375 20768.39756332235 271545.06201171875 37.589111328125 1280.4029471797921 256335
3890 97.7 8430.601048980056 14803.825730537927 271545.06201171875 37.589111328125 1311.5973741632945 257336
3900 103.2 11388.890519962757 31294.8359123051 271545.06201171875 37.589111328125 1338.5231060865658 258313
3910 98.5 11015.564892082408 25980.147559515506 271545.06201171875 37.589111328125 1378.5160852113618 259345
3920 101.4 9325.229899810844 21447.648425157047 271545.06201171875 37.589111328125 1414.979393607505 260330
3930 101.4 9371.998681062776 22106.948910846288 271545.06201171875 37.589111328125 1445.6707200327921 261344
3940 102.2 13148.991764195507 32548.24506931526 271545.06201171875 37.589111328125 1476.305564605797 262358
3950 96.5 10769.100631729676 29556.13992987871 271545.06201171875 37.589111328125 1521.599380749698 263380
3960 101.2 10389.784544692231 27031.745522630466 271545.06201171875 37.589111328125 1555.357684130491 264345
3970 100.3 9499.624993671345 20247.333699632352 271545.06201171875 37.589111328125 1589.0498044924502 265357
3980 104.8 13253.104481238443 35750.33649129525 271545.06201171875 37.589111328125 1618.8377115158262 266360
3990 104 15052.010220806418 36952.27493538218 271545.06201171875 37.589111328125 1664.4336232861147 267408
4000 101.2 12181.752371203751 28858.235958419285 271545.06201171875 37.589111328125 1716.298713215714 268448
4010 100.4 11726.493167953184 27273.16050381915 271545.06201171875 37.589111328125 1755.603393323648 269460
4020 103.2 13419.764953849855 36754.221267906076 271545.06201171875 37.589111328125 1792.6167235033693 270464
4030 101.4 11753.927955642486 29025.478930281646 271545.06201171875 37.589111328125 1836.8133856041645 271496
4040 102.4 13510.446887969963 34954.310231568925 353061.3859863281 37.589111328125 1873.714615555428 272510
4050 103.9 11364.411763019572 29966.35366087693 353061.3859863281 37.589111328125 1917.2778064090421 273534
4060 104 15670.683724506089 45267.867926975865 353061.3859863281 37.589111328125 1953.0263038247324 274573
4070 103.7 15568.615263803715 42755.857169989715 353061.3859863281 37.589111328125 2004.7886071903522 275613
4080 103.4 22742.78397710274 55982.13004442207 353061.3859863281 37.589111328125 2055.6315070382034 276650
4090 105.7 25200.21532694981 63036.82981792146 353061.3859863281 37.589111328125 2132.663369349488 277684
4100 105.8 19346.112349685074 52464.49859925602 358082.4719238281 37.589111328125 2220.136695552607 278741
4110 105.5 22855.7171551022 56255.16857535757 358082.4719238281 37.589111328125 2284.8949049889243 279799
4120 106.3 21620.187281812225 56395.28028098465 358082.4719238281 37.589111328125 2362.1671442088373 280854
4130 98.1 11330.253821883362 29077.649588296368 358082.4719238281 37.589111328125 2434.7816917752216 281917
4140 103.2 10339.501042565627 24006.283234518112 358082.4719238281 37.589111328125 2465.6283508524725 282898
4150 102.8 17552.499634501528 48468.24694452083 358082.4719238281 37.589111328125 2494.247505636567 283930
4160 101.3 12483.254787373518 33078.1616623346 358082.4719238281 37.589111328125 2548.5708907967423 284958
4170 105.5 19966.760080346594 54044.37690692758 358082.4719238281 37.589111328125 2583.762692718029 285971
4180 107.2 22049.739158061006 56477.231727884675 358082.4719238281 37.589111328125 2647.656076048975 287026
4190 106.7 29931.75933889373 70077.81918380213 358082.4719238281 37.589111328125 2719.850374738716 288098
4200 106.4 27743.105386604933 68463.8601554052 358082.4719238281 37.589111328125 2820.2605449348093 289165
4210 107 27618.822043844913 68575.24745569933 358082.4719238281 37.589111328125 2911.6294533193504 290229
4220 104.4 22793.777144508807 61354.46261731219 365200.2429199219 37.589111328125 3002.3839566711035 291299
4230 104.6 14693.251314064733 39445.50953911585 365200.2429199219 37.589111328125 3073.0619427631345 292343
4240 102.5 10528.241531059468 22211.571722254146 365200.2429199219 37.589111328125 3114.4906196473444 293389
4250 99.3 15272.484389505838 39211.2730942274 365200.2429199219 37.589111328125 3140.3015344958144 294414
4260 106.1 22553.441077430998 57837.267570504926 365200.2429199219 37.589111328125 3181.0834305748676 295407
4270 105.6 23727.268707044193 60183.184622838744 365200.2429199219 37.589111328125 3250.4132451360156 296468
4280 105.2 22215.11092617483 58111.466444846206 365200.2429199219 37.589111328125 3323.0916151759957 297524
4290 108.4 25930.544147336615 61479.57398967116 365200.2429199219 37.589111328125 3389.655586543992 298576
4300 105.3 21861.33092392274 52822.26998080927 365200.2429199219 37.589111328125 3471.1957427206557 299660
4310 105.6 23294.963444102916 59479.05310042319 365200.2429199219 37.589111328125 3535.5920686054887 300713
4320 105.1 24822.049510836026 60674.06163793243 365200.2429199219 37.589111328125 3604.737329293384 301769
4330 107.9 23530.53642265879 56718.41198680017 365200.2429199219 37.589111328125 3678.376438674539 302820
4340 106.6 20622.270055946185 54319.13355822475 365200.2429199219 37.589111328125 3748.861963874421 303899
4350 106.3 26135.90737837524 59461.46747145932 365200.2429199219 37.589111328125 3807.842676500947 304965
4360 109.6 24716.73590889814 60418.22804758776 365200.2429199219 37.589111328125 3885.4000659492735 306028
4370 102 13807.746179917287 37178.7299330881 365200.2429199219 37.589111328125 3959.738587471108 307124
4380 102.4 12289.106009721758 28986.671971717453 365200.2429199219 37.589111328125 3992.336878349058 308144
4390 105 21655.742263997403 54817.974217939525 365200.2429199219 37.589111328125 4019.8167326371013 309168
4400 106.1 20820.744535023732 51240.31323603837 365200.2429199219 37.589111328125 4079.50934173112 310218
4410 113 36606.318057115874 75703.68959927106 365200.2429199219 37.589111328125 4136.572139221742 311279
4420 109.2 33430.105842115285 74853.7071751006 365200.2429199219 37.589111328125 4254.016940386947 312409
4430 107.6 25533.85186495303 61214.62776914072 365200.2429199219 37.589111328125 4355.644332582466 313501
4440 108.3 24979.51160919104 60395.89900595406 365200.2429199219 37.589111328125 4428.083675906455 314577
4450 104.6 23053.85735488805 57971.98640216083 365200.2429199219 37.589111328125 4498.593707116451 315660
4460 105.4 22911.129158729393 59010.38139901762 366172.0361328125 37.589111328125 4559.87706068591 316706
4470 107.4 23057.866198207645 55659.62636682437 366172.0361328125 37.589111328125 4620.747590996011 317760
4480 101.7 13795.737098236226 32318.526091799096 366172.0361328125 37.589111328125 4682.853468613032 318834
4490 100.7 19030.62720478135 46993.153445059404 366172.0361328125 37.589111328125 4711.828843557387 319851
4500 104.7 16136.89574822222 40896.72288192676 366172.0361328125 37.589111328125 4756.767819521061 320858
4510 105.8 28698.898785250407 66382.9579505607 366172.0361328125 37.589111328125 4793.781826577026 321905
4520 114.1 39008.0304075971 82347.47364931433 366172.0361328125 37.589111328125 4872.093006936003 322963
4530 113.2 38885.81122300651 83456.93824342238 366172.0361328125 37.589111328125 4992.2677180600695 324104
4540 107.1 20417.85395147641 55919.956807112816 366172.0361328125 37.589111328125 5110.23587425311 325236
4550 104.8 29372.403633175927 72207.29726429436 366172.0361328125 37.589111328125 5160.478311469309 326307
4560 103.4 19985.452564468207 53490.42321994302 366172.0361328125 37.589111328125 5237.990791001159 327355
4570 106.1 26817.165378926493 67221.93285793561 366172.0361328125 37.589111328125 5284.426193751448 328389
4580 117.1 46581.502463923025 90931.94287433135 366172.0361328125 37.589111328125 5353.772790429156 329450
4590 122.9 54959.691759648034 98385.68435877337 366172.0361328125 37.589111328125 5499.793979185047 330621
4600 115.3 42895.85765627541 88062.49455456085 366172.0361328125 37.589111328125 5682.967745561991 331850
4610 112.6 43082.576114200565 86642.54633477317 366172.0361328125 37.589111328125 5811.8148192131375 333003
4620 113.8 42312.79284603609 87451.73508431278 366172.0361328125 37.589111328125 5937.415641704319 334129
4630 112.5 36460.31126497394 79943.28694676116 366172.0361328125 37.589111328125 6060.884934114635 335267
4640 108.4 36624.24474759819 79047.72956100952 366172.0361328125 37.589111328125 6162.550118251644 336392
4650 111.1 30872.134412708856 68267.89682984506 366172.0361328125 37.589111328125 6260.3955264531505 337476
4660 109.3 29921.66781060586 68320.21495978357 366172.0361328125 37.589111328125 6341.153623788931 338587
4670 104.9 21608.302815134586 53616.77862857948 366172.0361328125 37.589111328125 6417.029454000281 339680
4680 114.6 40454.80256735382 81311.21640967742 366172.0361328125 37.589111328125 6463.798721529109 340729
4690 111.5 34708.30000218955 72740.07624716195 366172.0361328125 37.589111328125 6577.740046303705 341875
4700 116.3 41758.16776302533 83583.47431943216 366172.0361328125 37.589111328125 6669.187535591476 342990
4710 110.4 32286.858779464936 69332.8187195022 366172.0361328125 37.589111328125 6787.76411055815 344153
4720 109.7 31454.214858661024 69106.27766986076 366172.0361328125 37.589111328125 6869.300474815712 345257
4730 106.1 26874.469684913627 61402.155010823975 366172.0361328125 37.589111328125 6947.167775551601 346354
4740 108.9 31887.446633190862 68384.19788104466 366172.0361328125 37.589111328125 7008.025445271772 347415
4750 109.8 28498.525185173323 65799.35987230745 366172.0361328125 37.589111328125 7085.768282294142 348504
4760 110.8 35443.117763918686 76344.63933188011 368053.5520019531 37.589111328125 7153.019634058038 349602
4770 116.8 40165.872881118565 80412.66543729934 368053.5520019531 37.589111328125 7242.396694101622 350710
4780 109.8 27372.25207630708 62441.71356740876 368053.5520019531 37.589111328125 7351.680651002695 351878
4790 98.9 21841.904066064595 52888.734224607375 368053.5520019531 37.589111328125 7413.958503958659 352976
4800 104.2 18219.407149712086 48453.830192161244 368053.5520019531 37.589111328125 7454.27107204003 353965
4810 109.1 26974.64480895715 62921.584891290346 368053.5520019531 37.589111328125 7485.868397706663 355007
4820 124.3 55829.44098965928 96379.59913821454 368053.5520019531 37.589111328125 7545.5773965347225 356098
4830 122.4 50624.07739138135 91515.83310777017 368053.5520019531 37.589111328125 7713.531374517249 357341
4840 113.6 37712.665013273 78032.17454312074 368053.5520019531 37.589111328125 7860.011115497661 358565
4850 114.7 47047.44757660099 85993.49703117089 368053.5520019531 37.589111328125 7954.2911281411425 359701
4854 41.9 35029.20864001436 73760.94891646023 368053.5520019531 37.589111328125 8078.553561205434 360848
