10 4.85859375 4.85859375
20 11.425 16.28359375
30 10.159375 26.44296875
40 14.1953125 40.63828125
50 9.82578125 50.4640625
60 11.86640625 62.33046875
70 9.5796875 71.91015625
80 11.44140625 83.3515625
90 13.89765625 97.24921875
100 10.203125 107.45234375
110 8.45234375 115.9046875
120 8.8265625 124.73125
130 17.84375 142.575
140 22.67109375 165.24609375
150 19.89921875 185.1453125
160 24.47265625 209.61796875
170 22.14921875 231.7671875
180 24.290625 256.0578125
190 22.77578125 278.83359375
200 20.68828125 299.521875
210 17.31796875 316.83984375
220 22.1765625 339.01640625
230 21.878125 360.89453125
240 22.096875 382.99140625
250 21.8671875 404.85859375
260 23.28359375 428.1421875
270 26.86328125 455.00546875
280 36.0375 491.04296875
290 33.0546875 524.09765625
300 38.359375 562.45703125
310 33.3390625 595.79609375
320 32.7640625 628.56015625
330 33.68046875 662.240625
340 30.6453125 692.8859375
350 27.81484375 720.70078125
360 32.696875 753.39765625
370 37.11015625 790.5078125
380 46.97578125 837.48359375
390 48.3203125 885.80390625
400 42.121875 927.92578125
410 34.2015625 962.12734375
420 45.49375 1007.62109375
430 37.70234375 1045.3234375
440 41.271875 1086.5953125
450 41.66953125 1128.26484375
460 42.15859375 1170.4234375
470 46.3015625 1216.725
480 52.64921875 1269.37421875
490 49.63046875 1319.0046875
500 51.9234375 1370.928125
510 54.21875 1425.146875
520 59.87734375 1485.02421875
530 53.88125 1538.90546875
540 51.92421875 1590.8296875
550 57.26953125 1648.09921875
560 54.515625 1702.61484375
570 52.26484375 1754.8796875
580 49.2140625 1804.09375
590 46.221875 1850.315625
600 63.9 1914.215625
610 69.8125 1984.028125
620 77.78671875 2061.81484375
630 77.98203125 2139.796875
640 75.2390625 2215.0359375
650 79.2109375 2294.246875
660 78.29765625 2372.54453125
670 90.19296875 2462.7375
680 75.10859375 2537.84609375
690 78.30390625 2616.15
700 97.4265625 2713.5765625
710 85.29921875 2798.87578125
720 82.33125 2881.20703125
730 71.3671875 2952.57421875
740 81.68515625 3034.259375
750 82.6515625 3116.9109375
760 83.7453125 3200.65625
770 82.8546875 3283.5109375
780 85.0890625 3368.6
790 90.72890625 3459.32890625
800 76.48671875 3535.815625
810 80.3671875 3616.1828125
820 85.27421875 3701.45703125
830 83.87109375 3785.328125
840 76.8671875 3862.1953125
850 93.29609375 3955.49140625
860 84.040625 4039.53203125
870 84.171875 4123.70390625
880 79.06953125 4202.7734375
890 84.08828125 4286.86171875
900 84.77265625 4371.634375
910 88.62109375 4460.25546875
920 86.09375 4546.34921875
930 78.21875 4624.56796875
940 78.23515625 4702.803125
950 76.5125 4779.315625
960 79.4078125 4858.7234375
970 91.55625 4950.2796875
980 82.93984375 5033.21953125
990 81.2546875 5114.47421875
1000 80.1046875 5194.57890625
1010 74.4015625 5268.98046875
1020 79.24453125 5348.225
1030 86.103125 5434.328125
1040 73.3046875 5507.6328125
1050 79.496875 5587.1296875
1060 74.090625 5661.2203125
1070 79.284375 5740.5046875
1080 84.0296875 5824.534375
1090 82.58046875 5907.11484375
1100 77.4953125 5984.61015625
1110 88.0140625 6072.62421875
1120 84.1953125 6156.81953125
1130 76.221875 6233.04140625
1140 85.05390625 6318.0953125
1150 79.28828125 6397.38359375
1160 75.18359375 6472.5671875
1170 87.603125 6560.1703125
1180 80.28359375 6640.45390625
1190 78.04140625 6718.4953125
1200 73.91953125 6792.41484375
1210 87.92578125 6880.340625
1220 100.6078125 6980.9484375
1230 98.59375 7079.5421875
1240 104.91171875 7184.45390625
1250 112.034375 7296.48828125
1260 114.51484375 7411.003125
1270 108.759375 7519.7625
1280 112.659375 7632.421875
1290 123.08828125 7755.51015625
1300 115.29296875 7870.803125
1310 115.72421875 7986.52734375
1320 103.82578125 8090.353125
1330 107.434375 8197.7875
1340 106.0828125 8303.8703125
1350 108.8734375 8412.74375
1360 105.80703125 8518.55078125
1370 111.70703125 8630.2578125
1380 106.6578125 8736.915625
1390 106.3640625 8843.2796875
1400 99.5359375 8942.815625
1410 115.2703125 9058.0859375
1420 96.37265625 9154.45859375
1430 103.571875 9258.03046875
1440 107.078125 9365.10859375
1450 104.11796875 9469.2265625
1460 115.29921875 9584.52578125
1470 103.6703125 9688.19609375
1480 107.6234375 9795.81953125
1490 97.04296875 9892.8625
1500 105.80859375 9998.67109375
1510 104.2953125 10102.96640625
1520 107.75625 10210.72265625
1530 119.87109375 10330.59375
1540 102.5234375 10433.1171875
1550 104.24609375 10537.36328125
1560 106.58984375 10643.953125
1570 100.546875 10744.5
1580 115.33828125 10859.83828125
1590 117.1703125 10977.00859375
1600 110.8203125 11087.82890625
1610 115.0953125 11202.92421875
1620 104.94609375 11307.8703125
1630 108.10078125 11415.97109375
1640 102.16015625 11518.13125
1650 120.2359375 11638.3671875
1660 113.609375 11751.9765625
1670 106.6625 11858.6390625
1680 115.50078125 11974.13984375
1690 103.41875 12077.55859375
1700 123.65703125 12201.215625
1710 115.69921875 12316.91484375
1720 106.65234375 12423.5671875
1730 100.87265625 12524.43984375
1740 120.94765625 12645.3875
1750 111.9328125 12757.3203125
1760 101.884375 12859.2046875
1770 110.5765625 12969.78125
1780 102.22265625 13072.00390625
1790 104.69765625 13176.7015625
1800 114.696875 13291.3984375
1810 112.0078125 13403.40625
1820 132.3359375 13535.7421875
1830 134.3140625 13670.05625
1840 129.85625 13799.9125
1850 131.48046875 13931.39296875
1860 121.34453125 14052.7375
1870 131.00625 14183.74375
1880 132.1875 14315.93125
1890 132.54921875 14448.48046875
1900 140.91015625 14589.390625
1910 141.303125 14730.69375
1920 131.71171875 14862.40546875
1930 136.6609375 14999.06640625
1940 133.99140625 15133.0578125
1950 133.33515625 15266.39296875
1960 129.40625 15395.79921875
1970 131.82265625 15527.621875
1980 137.659375 15665.28125
1990 133.9765625 15799.2578125
2000 132.6921875 15931.95
2010 154.49765625 16086.44765625
2020 125.66796875 16212.115625
2030 125.51953125 16337.63515625
2040 124.5390625 16462.17421875
2050 146.4859375 16608.66015625
2060 134.4203125 16743.08046875
2070 134.021875 16877.10234375
2080 133.23984375 17010.3421875
2090 136.63671875 17146.97890625
2100 137.04765625 17284.0265625
2110 138.9171875 17422.94375
2120 131.32109375 17554.26484375
2130 136.55390625 17690.81875
2140 130.0359375 17820.8546875
2150 126.0296875 17946.884375
2160 130.82890625 18077.71328125
2170 131.3296875 18209.04296875
2180 132.66171875 18341.7046875
2190 141.846875 18483.5515625
2200 133.44921875 18617.00078125
2210 125.6609375 18742.66171875
2220 145.4484375 18888.11015625
2230 135.22578125 19023.3359375
2240 148.87421875 19172.21015625
2250 141.3546875 19313.56484375
2260 141.91875 19455.48359375
2270 132.98046875 19588.4640625
2280 124.08671875 19712.55078125
2290 141.1296875 19853.68046875
2300 129.3515625 19983.03203125
2310 145.16796875 20128.2
2320 137.76875 20265.96875
2330 137.3125 20403.28125
2340 130.5265625 20533.8078125
2350 138.6703125 20672.478125
2360 134.446875 20806.925
2370 141.55625 20948.48125
2380 127.41015625 21075.89140625
2390 141.21875 21217.11015625
2400 140.02265625 21357.1328125
2410 151.8484375 21508.98125
2420 161.76171875 21670.74296875
2430 160.7046875 21831.44765625
2440 154.3578125 21985.80546875
2450 149.959375 22135.76484375
2460 155.6984375 22291.46328125
2470 157.009375 22448.47265625
2480 152.62109375 22601.09375
2490 158.8109375 22759.9046875
2500 165.80390625 22925.70859375
2510 158.56484375 23084.2734375
2520 154.3515625 23238.625
2530 164.2578125 23402.8828125
2540 148.3078125 23551.190625
2550 161.5390625 23712.7296875
2560 156.15703125 23868.88671875
2570 162.85703125 24031.74375
2580 170.13984375 24201.88359375
2590 150.80859375 24352.6921875
2600 152.42578125 24505.11796875
2610 161.86171875 24666.9796875
2620 165.6828125 24832.6625
2630 161.16796875 24993.83046875
2640 145.07109375 25138.9015625
2650 169.509375 25308.4109375
2660 168.27109375 25476.68203125
2670 160.01328125 25636.6953125
2680 165.24296875 25801.93828125
2690 163.4828125 25965.42109375
2700 161.19765625 26126.61875
2710 151.40703125 26278.02578125
2720 149.48125 26427.50703125
2730 161.61328125 26589.1203125
2740 145.85625 26734.9765625
2750 160.11640625 26895.09296875
2760 152.75546875 27047.8484375
2770 156.9 27204.7484375
2780 154.15 27358.8984375
2790 155.815625 27514.7140625
2800 163.36875 27678.0828125
2810 160.04609375 27838.12890625
2820 172.721875 28010.85078125
2830 156.42734375 28167.278125
2840 160.72734375 28328.00546875
2850 154.25 28482.25546875
2860 151.27265625 28633.528125
2870 174.8859375 28808.4140625
2880 171.9578125 28980.371875
2890 173.70078125 29154.07265625
2900 156.5640625 29310.63671875
2910 158.69921875 29469.3359375
2920 159.7125 29629.0484375
2930 166.80078125 29795.84921875
2940 165.2640625 29961.11328125
2950 154.1015625 30115.21484375
2960 154.85859375 30270.0734375
2970 160.8515625 30430.925
2980 164.93359375 30595.85859375
2990 146.43671875 30742.2953125
3000 177.15546875 30919.45078125
3010 171.41875 31090.86953125
3020 168.30546875 31259.175
3030 181.93828125 31441.11328125
3040 180.115625 31621.22890625
3050 178.9921875 31800.22109375
3060 175.26015625 31975.48125
3070 178.98359375 32154.46484375
3080 181.91484375 32336.3796875
3090 184.72734375 32521.10703125
3100 179.75 32700.85703125
3110 191.10703125 32891.9640625
3120 178.884375 33070.8484375
3130 186.23125 33257.0796875
3140 184.76796875 33441.84765625
3150 189.9390625 33631.78671875
3160 189.15625 33820.94296875
3170 174.35546875 33995.2984375
3180 160.95390625 34156.25234375
3190 173.15546875 34329.4078125
3200 182.1375 34511.5453125
3210 186.4609375 34698.00625
3220 179.7890625 34877.7953125
3230 181.4859375 35059.28125
3240 184.22421875 35243.50546875
3250 180.86171875 35424.3671875
3260 177.5546875 35601.921875
3270 187.4859375 35789.4078125
3280 195.78828125 35985.19609375
3290 173.6375 36158.83359375
3300 182.63046875 36341.4640625
3310 182.125 36523.5890625
3320 187.9859375 36711.575
3330 186.115625 36897.690625
3340 186.878125 37084.56875
3350 182.17578125 37266.74453125
3360 179.70390625 37446.4484375
3370 181.375 37627.8234375
3380 184.871875 37812.6953125
3390 187.29140625 37999.98671875
3400 183.8109375 38183.79765625
3410 181.89921875 38365.696875
3420 178.80078125 38544.49765625
3430 181.51015625 38726.0078125
3440 189.57734375 38915.58515625
3450 184.93359375 39100.51875
3460 184.09453125 39284.61328125
3470 174.790625 39459.40390625
3480 185.16953125 39644.5734375
3490 189.496875 39834.0703125
3500 189.90703125 40023.97734375
3510 180.24140625 40204.21875
3520 186.34453125 40390.56328125
3530 172.13359375 40562.696875
3540 179.42734375 40742.12421875
3550 182.47109375 40924.5953125
3560 183.028125 41107.6234375
3570 182.33984375 41289.96328125
3580 176.8875 41466.85078125
3590 176.8515625 41643.70234375
3600 189.1734375 41832.87578125
3610 177.825 42010.70078125
3620 182.96640625 42193.6671875
3630 181.9140625 42375.58125
3640 178.8625 42554.44375
3650 177.7421875 42732.1859375
3660 182.0203125 42914.20625
3670 180.115625 43094.321875
3680 190.16328125 43284.48515625
3690 179.259375 43463.74453125
3700 182.82578125 43646.5703125
3710 179.3625 43825.9328125
3720 179.86796875 44005.80078125
3730 186.52578125 44192.3265625
3740 177.61875 44369.9453125
3750 181.40625 44551.3515625
3760 175.6125 44726.9640625
3770 188.13359375 44915.09765625
3780 185.4890625 45100.58671875
3790 192.4890625 45293.07578125
3800 184.4015625 45477.47734375
3810 191.953125 45669.43046875
3820 179.55390625 45848.984375
3830 175.56796875 46024.55234375
3840 185.41328125 46209.965625
3850 186.93671875 46396.90234375
3860 180.37734375 46577.2796875
3870 201.31484375 46778.59453125
3880 179.9671875 46958.56171875
3890 181.8 47140.36171875
3900 191.88984375 47332.2515625
3910 184.10703125 47516.35859375
3920 179.70390625 47696.0625
3930 193.29765625 47889.36015625
3940 184.73046875 48074.090625
3950 183.21171875 48257.30234375
3960 186.49609375 48443.7984375
3970 188.475 48632.2734375
3980 191.31015625 48823.58359375
3990 193.4390625 49017.02265625
4000 176.575 49193.59765625
4010 186.059375 49379.65703125
4020 189.784375 49569.44140625
4030 183.5546875 49752.99609375
4040 183.3265625 49936.32265625
4050 207.33125 50143.65390625
4060 172.5984375 50316.25234375
4070 190.30078125 50506.553125
4080 180.22421875 50686.77734375
4090 195.06015625 50881.8375
4100 179.803125 51061.640625
4110 183.95390625 51245.59453125
4120 195.65234375 51441.246875
4130 178.1796875 51619.4265625
4140 191.71953125 51811.14609375
4150 188.903125 52000.04921875
4160 191.63359375 52191.6828125
4170 190.68046875 52382.36328125
4180 190.38828125 52572.7515625
4190 190.70078125 52763.45234375
4200 181.10546875 52944.5578125
4210 189.67421875 53134.23203125
4220 175.89375 53310.12578125
4230 189.52734375 53499.653125
4240 198.01953125 53697.67265625
4250 181.15546875 53878.828125
4260 197.86015625 54076.68828125
4270 193.32109375 54270.009375
4280 184.6953125 54454.7046875
4290 188.05078125 54642.75546875
4300 194.353125 54837.10859375
4310 197.75390625 55034.8625
4320 184.34140625 55219.20390625
4330 190.47421875 55409.678125
4340 200.5703125 55610.2484375
4350 187.2640625 55797.5125
4360 188.8015625 55986.3140625
4370 205.42890625 56191.74296875
4380 188.02734375 56379.7703125
4390 183.109375 56562.8796875
4400 190.98359375 56753.86328125
4410 192.165625 56946.02890625
4420 190.8515625 57136.88046875
4430 192.2546875 57329.13515625
4440 183.64296875 57512.778125
4450 179.24296875 57692.02109375
4460 193.7453125 57885.76640625
4470 191.51953125 58077.2859375
4480 183.14921875 58260.43515625
4490 190.04453125 58450.4796875
4500 191.24921875 58641.72890625
4510 186.78671875 58828.515625
4520 192.225 59020.740625
4530 186.7671875 59207.5078125
4540 198.24375 59405.7515625
4550 191.7578125 59597.509375
4560 199.99765625 59797.50703125
4570 183.2671875 59980.77421875
4580 198.68515625 60179.459375
4590 194.3109375 60373.7703125
4600 192.5171875 60566.2875
4610 193.46484375 60759.75234375
4620 182.4296875 60942.18203125
4630 193.4765625 61135.65859375
4640 189.79921875 61325.4578125
4650 194.88828125 61520.34609375
4660 193.84609375 61714.1921875
4670 188.3875 61902.5796875
4680 196.83203125 62099.41171875
4690 189.775 62289.18671875
4700 199.27109375 62488.4578125
4710 193.4921875 62681.95
4720 183.23125 62865.18125
4730 194.2890625 63059.4703125
4740 190.22734375 63249.69765625
4750 195.115625 63444.81328125
4760 188.96640625 63633.7796875
4770 184.81953125 63818.59921875
4780 187.26328125 64005.8625
4790 190.6828125 64196.5453125
4800 193.0203125 64389.565625
4810 194.77734375 64584.34296875
4820 194.14609375 64778.4890625
4830 194.528125 64973.0171875
4840 207.70859375 65180.72578125
4850 190.23203125 65370.9578125
4854 76.0609375 65447.01875
