10 0.1 1
20 0 1
30 0.2 3
40 0.3 6
50 0.1 7
60 0.5 12
70 0.3 15
80 0.1 16
90 0.5 21
100 0.2 23
110 0.4 27
120 0.4 31
130 0.3 34
140 0.3 37
150 0.7 44
160 0.3 47
170 0.7 54
180 0.6 60
190 0.8 68
200 0.2 70
210 0.4 74
220 0.7 81
230 0.7 88
240 0.4 92
250 0.3 95
260 0.4 99
270 0.6 105
280 0.9 114
290 0.4 118
300 0 118
310 0.6 124
320 0.7 131
330 0.7 138
340 0.5 143
350 0.8 151
360 0.2 153
370 0.8 161
380 0.9 170
390 0.7 177
400 0.7 184
410 0.4 188
420 0.5 193
430 0.8 201
440 0.4 205
450 0.7 212
460 0.7 219
470 0.3 222
480 0.6 228
490 0.5 233
500 0.7 240
510 1 250
520 0.9 259
530 1 269
540 0.7 276
550 0.9 285
560 0.6 291
570 0.7 298
580 1 308
590 0.7 315
600 0.6 321
610 0.6 327
620 0.5 332
630 0.6 338
640 1.1 349
650 0.9 358
660 0.9 367
670 0.5 372
680 0.6 378
690 1.4 392
700 1.3 405
710 0.9 414
720 1.2 426
730 0.7 433
740 0.6 439
750 1.1 450
760 1.1 461
770 1.3 474
780 0.7 481
790 1.3 494
800 0.9 503
810 1 513
820 0.6 519
830 1.3 532
840 0.7 539
850 1 549
860 0.8 557
870 0.8 565
880 1.1 576
890 1.2 588
900 0.9 597
910 0.7 604
920 1.3 617
933 0.8 625
940 1.1 636
950 1.3 649
960 1 659
970 0.9 668
980 1.5 683
990 1.2 695
1000 1.4 709
1010 0.6 715
1020 1.7 732
1030 1 742
1040 0.6 748
1050 1.5 763
1060 1.7 780
1070 1.8 798
1080 0.4 802
1090 0.6 808
1100 1.5 823
1110 0.9 832
1120 1.3 845
1130 1.7 862
1140 1.8 880
1150 1.6 896
1160 1.4 910
1170 1.6 926
1180 2.2 948
1190 1.9 967
1200 1.9 986
1210 2.1 1007
1220 1.9 1026
1230 1.6 1042
1240 1.5 1057
1250 1.9 1076
1260 1.8 1094
1270 2.2 1116
1280 2.6 1142
1290 4.7 1189
1300 0.8 1197
1310 0.7 1204
1320 0.1 1205
1330 0.1 1206
1340 0.1 1207
1350 0.1 1208
1360 0.1 1209
1370 0 1209
1380 0 1209
1382 0 1209
