10 0.1 46 0 46 46 0 0
20 0.1 21.0 0.0 46 21 46.0 1
30 0.1 78.0 0.0 78 21 33.5 2
40 0.1 104.0 0.0 104 21 48.333333333333336 3
50 0.1 143.0 0.0 143 21 62.25 4
60 0.1 172.0 0.0 172 21 78.4 5
70 0.1 156.0 0.0 172 21 94.0 6
80 0.1 189.0 0.0 189 21 102.85714285714286 7
90 0.1 145.0 0.0 189 21 113.625 8
100 0.1 90.0 0.0 189 21 117.11111111111111 9
110 0.1 129.0 0.0 189 21 114.4 10
120 0.1 210.0 0.0 210 21 115.72727272727273 11
130 0.1 159.0 0.0 210 21 123.58333333333333 12
140 0.1 154.0 0.0 210 21 126.3076923076923 13
150 0.1 257.0 0.0 257 21 128.28571428571428 14
160 0.1 307.0 0.0 307 21 136.86666666666667 15
170 0.1 409.0 0.0 409 21 147.5 16
180 0.1 283.0 0.0 409 21 162.88235294117646 17
190 0.1 262.0 0.0 409 21 169.55555555555554 18
200 0.1 236.0 0.0 409 21 174.42105263157896 19
210 0.1 198.0 0.0 409 21 177.5 20
220 0.1 261.0 0.0 409 21 178.47619047619048 21
230 0.1 286.0 0.0 409 21 182.22727272727272 22
240 0.1 259.0 0.0 409 21 186.7391304347826 23
250 0.1 196.0 0.0 409 21 189.75 24
260 0.1 220.0 0.0 409 21 190.0 25
270 0.1 260.0 0.0 409 21 191.15384615384616 26
280 0.1 417.0 0.0 417 21 193.7037037037037 27
290 0.1 249.0 0.0 417 21 201.67857142857142 28
300 0.1 198.0 0.0 417 21 203.31034482758622 29
310 0.1 213.0 0.0 417 21 203.13333333333333 30
320 0.1 361.0 0.0 417 21 203.4516129032258 31
330 0.1 327.0 0.0 417 21 208.375 32
340 0.1 286.0 0.0 417 21 211.96969696969697 33
350 0.1 489.0 0.0 489 21 214.14705882352942 34
360 0.1 249.0 0.0 489 21 222.0 35
370 0.1 469.0 0.0 489 21 222.75 36
380 0.1 398.0 0.0 489 21 229.40540540540542 37
390 0.1 357.0 0.0 489 21 233.8421052631579 38
400 0.1 323.0 0.0 489 21 237.0 39
410 0.1 284.0 0.0 489 21 239.15 40
420 0.1 346.0 0.0 489 21 240.2439024390244 41
430 0.1 257.0 0.0 489 21 242.76190476190476 42
440 0.1 459.0 0.0 489 21 243.09302325581396 43
450 0.1 288.0 0.0 489 21 248.0 44
460 0.1 344.0 0.0 489 21 248.88888888888889 45
470 0.1 218.0 0.0 489 21 250.95652173913044 46
480 0.1 297.0 0.0 489 21 250.25531914893617 47
490 0.1 354.0 0.0 489 21 251.22916666666666 48
500 0.1 284.0 0.0 489 21 253.3265306122449 49
510 0.1 521.0 0.0 521 21 253.94 50
520 0.1 697.0 0.0 697 21 259.1764705882353 51
530 0.1 383.0 0.0 697 21 267.59615384615387 52
540 0.1 443.0 0.0 697 21 269.7735849056604 53
550 0.1 361.0 0.0 697 21 272.9814814814815 54
560 0.1 535.0 0.0 697 21 274.5818181818182 55
570 0.1 504.0 0.0 697 21 279.2321428571429 56
580 0.1 509.0 0.0 697 21 283.17543859649123 57
590 0.1 438.0 0.0 697 21 287.0689655172414 58
600 0.1 368.0 0.0 697 21 289.6271186440678 59
610 0.1 380.0 0.0 697 21 290.93333333333334 60
620 0.1 341.0 0.0 697 21 292.39344262295083 61
630 0.1 445.0 0.0 697 21 293.1774193548387 62
640 0.1 435.0 0.0 697 21 295.58730158730157 63
650 0.1 590.0 0.0 697 21 297.765625 64
660 0.1 630.0 0.0 697 21 302.26153846153846 65
670 0.1 520.0 0.0 697 21 307.22727272727275 66
680 0.1 533.0 0.0 697 21 310.4029850746269 67
690 0.1 658.0 0.0 697 21 313.6764705882353 68
700 0.1 886.0 0.0 886 21 318.6666666666667 69
710 0.1 711.0 0.0 886 21 326.77142857142854 70
720 0.1 611.0 0.0 886 21 332.18309859154925 71
730 0.1 561.0 0.0 886 21 336.0555555555555 72
740 0.1 644.0 0.0 886 21 339.1369863013698 73
750 0.1 481.0 0.0 886 21 343.2567567567567 74
760 0.1 651.0 0.0 886 21 345.0933333333333 75
770 0.1 848.0 0.0 886 21 349.1184210526315 76
780 0.1 751.0 0.0 886 21 355.5974025974025 77
790 0.1 652.0 0.0 886 21 360.6666666666666 78
800 0.1 563.0 0.0 886 21 364.35443037974676 79
810 0.1 613.0 0.0 886 21 366.8374999999999 80
820 0.1 524.0 0.0 886 21 369.87654320987644 81
830 0.1 533.0 0.0 886 21 371.75609756097555 82
840 0.1 749.0 0.0 886 21 373.69879518072287 83
850 0.1 739.0 0.0 886 21 378.16666666666663 84
860 0.1 543.0 0.0 886 21 382.4117647058823 85
870 0.1 589.0 0.0 886 21 384.27906976744185 86
880 0.1 752.0 0.0 886 21 386.632183908046 87
890 0.1 909.0 0.0 909 21 390.78409090909093 88
900 0.1 689.0 0.0 909 21 396.60674157303373 89
910 0.1 559.0 0.0 909 21 399.85555555555555 90
920 0.1 786.0 0.0 909 21 401.6043956043956 91
933 0.1 655.0 0.0 909 21 405.7826086956522 92
940 0.1 705.0 0.0 909 21 408.4623655913978 93
950 0.1 1033.0 0.0 1033 21 411.6170212765957 94
960 0.1 1096.0 0.0 1096 21 418.1578947368421 95
970 0.1 1141.0 0.0 1141 21 425.21875 96
980 0.1 1094.0 0.0 1141 21 432.5979381443299 97
990 0.1 1085.0 0.0 1141 21 439.3469387755102 98
1000 0.1 1245.0 0.0 1245 21 445.8686868686869 99
1010 0.1 1145.0 0.0 1245 21 453.86 100
1020 0.1 1104.0 0.0 1245 21 460.7029702970297 101
1030 0.1 1022.0 0.0 1245 21 467.0098039215686 102
1040 0.1 1257.0 0.0 1257 21 472.3980582524272 103
1050 0.1 1207.0 0.0 1257 21 479.9423076923077 104
1060 0.1 1114.0 0.0 1257 21 486.8666666666667 105
1070 0.1 1157.0 0.0 1257 21 492.7830188679245 106
1080 0.1 1110.0 0.0 1257 21 498.9906542056075 107
1090 0.1 1124.0 0.0 1257 21 504.64814814814815 108
1100 0.1 1165.0 0.0 1257 21 510.3302752293578 109
1110 0.1 1213.0 0.0 1257 21 516.2818181818182 110
1120 0.1 1147.0 0.0 1257 21 522.5585585585585 111
1130 0.1 1215.0 0.0 1257 21 528.1339285714286 112
1140 0.1 1156.0 0.0 1257 21 534.212389380531 113
1150 0.1 1073.0 0.0 1257 21 539.6666666666667 114
1160 0.1 1222.0 0.0 1257 21 544.304347826087 115
1170 0.1 1207.0 0.0 1257 21 550.146551724138 116
1180 0.1 1189.0 0.0 1257 21 555.7606837606838 117
1190 0.1 1149.0 0.0 1257 21 561.1271186440678 118
1200 0.1 1306.0 0.0 1306 21 566.0672268907563 119
1210 0.1 1225.0 0.0 1306 21 572.2333333333333 120
1220 0.1 1062.0 0.0 1306 21 577.6280991735537 121
1230 0.1 1155.0 0.0 1306 21 581.5983606557377 122
1240 0.1 1173.0 0.0 1306 21 586.260162601626 123
1250 0.1 1055.0 0.0 1306 21 590.991935483871 124
1260 0.1 1048.0 0.0 1306 21 594.704 125
1280 0.1 1183.0 0.0 1306 21 598.3015873015873 126
1290 0.1 1257.0 0.0 1306 21 602.9055118110236 127
1300 0.1 797.0 0.0 1306 21 608.015625 128
1310 0.1 213.0 0.0 1306 21 609.4806201550388 129
1320 0.1 150.0 0.0 1306 21 606.4307692307692 130
1330 0.1 24.0 0.0 1306 21 602.9465648854962 131
1340 0.1 25.0 0.0 1306 21 598.560606060606 132
1350 0.1 28.0 0.0 1306 21 594.2481203007519 133
1360 0.1 25.0 0.0 1306 21 590.0223880597015 134
1370 0.1 25.0 0.0 1306 21 585.837037037037 135
1380 0.1 21.0 0.0 1306 21 581.7132352941177 136
1382 0.1 21.0 0.0 1306 21 577.6204379562043 137
