10 1.39765625 1.39765625
20 0.47421875 1.871875
30 2.7890625 4.6609375
40 2.88203125 7.54296875
50 3.6328125 11.17578125
60 4.465625 15.64140625
70 4.3484375 19.98984375
80 3.3953125 23.38515625
90 3.10859375 26.49375
100 1.98359375 28.47734375
110 4.140625 32.61796875
120 3.246875 35.86484375
130 4.278125 40.14296875
140 4.84296875 44.9859375
150 6.07265625 51.05859375
160 7.09140625 58.15
170 7.76015625 65.91015625
180 5.80859375 71.71875
190 6.16484375 77.88359375
200 3.56796875 81.4515625
210 5.646875 87.0984375
220 5.821875 92.9203125
230 6.840625 99.7609375
240 4.2625 104.0234375
250 2.85390625 106.87734375
260 4.31953125 111.196875
270 7.86015625 119.05703125
280 6.71484375 125.771875
290 4.1625 129.934375
300 2.14609375 132.08046875
310 7.0234375 139.10390625
320 7.37421875 146.478125
330 5.94765625 152.42578125
340 7.2375 159.66328125
350 7.17890625 166.8421875
360 6.6046875 173.446875
370 9.94375 183.390625
380 8.01015625 191.40078125
390 7.47421875 198.875
400 5.23828125 204.11328125
410 6.7609375 210.87421875
420 5.0125 215.88671875
430 8.39296875 224.2796875
440 5.3546875 229.634375
450 7.084375 236.71875
460 6.73828125 243.45703125
470 4.659375 248.11640625
480 9.06875 257.18515625
490 7.47578125 264.6609375
500 7.34296875 272.00390625
510 9.9734375 281.97734375
520 10.1 292.07734375
530 8.56640625 300.64375
540 7.3828125 308.0265625
550 8.93125 316.9578125
560 7.54375 324.5015625
570 9.46484375 333.96640625
580 7.8078125 341.77421875
590 8.1515625 349.92578125
600 6.75234375 356.678125
610 6.28828125 362.96640625
620 7.52421875 370.490625
630 8.98046875 379.47109375
640 9.57578125 389.046875
650 8.6796875 397.7265625
660 9.67421875 407.40078125
670 7.83515625 415.2359375
680 7.53828125 422.77421875
690 15.02421875 437.7984375
700 12.13515625 449.93359375
710 10.70703125 460.640625
720 11.45625 472.096875
730 10.54375 482.640625
740 7.53984375 490.18046875
750 12.22578125 502.40625
760 11.028125 513.434375
770 15.5671875 529.0015625
780 10.596875 539.5984375
790 11.06640625 550.66484375
800 8.6359375 559.30078125
810 9.840625 569.14140625
820 8.07109375 577.2125
830 10.78046875 587.99296875
840 9.63515625 597.628125
850 10.73671875 608.36484375
860 8.14140625 616.50625
870 10.896875 627.403125
880 12.540625 639.94375
890 13.38828125 653.33203125
900 10.90625 664.23828125
910 9.16953125 673.4078125
920 13.34375 686.7515625
933 10.49296875 697.24453125
940 14.684375 711.92890625
950 14.6 726.52890625
960 16.425 742.95390625
970 17.03203125 759.9859375
980 13.71875 773.7046875
990 16.59140625 790.29609375
1000 14.69921875 804.9953125
1010 15.88828125 820.88359375
1020 16.21484375 837.0984375
1030 16.740625 853.8390625
1040 14.1578125 867.996875
1050 19.00234375 886.99921875
1060 19.2 906.19921875
1070 15.86796875 922.0671875
1080 13.94609375 936.01328125
1090 18.31640625 954.3296875
1100 18.92421875 973.25390625
1110 11.57421875 984.828125
1120 19.15078125 1003.97890625
1130 17.6796875 1021.65859375
1140 16.215625 1037.87421875
1150 20.01328125 1057.8875
1160 21.5203125 1079.4078125
1170 19.0515625 1098.459375
1180 14.9078125 1113.3671875
1190 18.27578125 1131.64296875
1200 19.21875 1150.86171875
1210 20.74296875 1171.6046875
1220 21.246875 1192.8515625
1230 15.54921875 1208.40078125
1240 15.8796875 1224.28046875
1250 14.0015625 1238.28203125
1260 13.19453125 1251.4765625
1270 13.046875 1264.5234375
1280 12.20546875 1276.72890625
1290 16.70625 1293.43515625
1300 4.4859375 1297.92109375
1310 3.8515625 1301.77265625
1320 0.571875 1302.34453125
1330 0.5703125 1302.91484375
1340 0.575 1303.48984375
1350 0.571875 1304.06171875
1360 0.5703125 1304.63203125
1370 0 1304.63203125
1380 0 1304.63203125
1382 0 1304.63203125
