2210 0.2 2
2220 0.1 3
2230 0.2 5
2240 0.1 6
2250 0.8 14
2260 0.3 17
2270 0.7 24
2280 0.4 28
2290 0.7 35
2300 1.1 46
2310 1.1 57
2320 1 67
2330 1.3 80
2340 0.9 89
2350 1.2 101
2360 2.6 127
2370 1 137
2380 1.9 156
2390 1.5 171
2400 1.4 185
2410 1.3 198
2420 1.4 212
2430 0.7 219
2440 2 239
2450 2.7 266
2460 1.7 283
2470 1.7 300
2480 2.1 321
2490 2.1 342
2500 1.6 358
2510 2.2 380
2520 2.7 407
2530 2.7 434
2540 3.3 467
2550 3.4 501
2560 2.9 530
2570 3 560
2580 3.3 593
2590 3 623
2600 3.6 659
2610 3.7 696
2620 3.2 728
2630 2 748
2640 2.6 774
2650 1.9 793
2660 2.3 816
2670 3.4 850
2680 4.4 894
2690 3.2 926
2700 5 976
2710 3.2 1008
2720 2.9 1037
2730 5.2 1089
2740 4.2 1131
2750 3.1 1162
2760 5.4 1216
2770 4.5 1261
2780 4.4 1305
2790 4.1 1346
2800 2.8 1374
2810 5.4 1428
2820 2.5 1453
2830 6.1 1514
2840 3.6 1550
2850 5.4 1604
2860 4.4 1648
2870 4.1 1689
2880 4.9 1738
2890 5.3 1791
2900 5.6 1847
2910 5.3 1900
2920 4.9 1949
2930 4.7 1996
2940 5.3 2049
2950 5.4 2103
2960 6.3 2166
2970 5.7 2223
2980 3.8 2261
2990 6.2 2323
3000 5 2373
3010 5.1 2424
3020 5.7 2481
3030 6 2541
3040 6.4 2605
3050 5.7 2662
3060 6 2722
3070 5.3 2775
3080 4.5 2820
3090 6.5 2885
3100 4.5 2930
3110 6.6 2996
3120 6.5 3061
3130 5.4 3115
3140 7.3 3188
3150 6.5 3253
3160 6.2 3315
3170 6.7 3382
3180 5.7 3439
3190 3.4 3473
3200 4.3 3516
3210 5 3566
3220 4.3 3609
3230 4.2 3651
3240 4.3 3694
3250 5.6 3750
3260 4.5 3795
3270 4.9 3844
3280 5.2 3896
3290 6.3 3959
3300 6.8 4027
3310 3.6 4063
3320 4.7 4110
3330 5.9 4169
3340 6.8 4237
3350 3.9 4276
3360 5 4326
3370 5.8 4384
3380 3.6 4420
3390 5.6 4476
3400 4.9 4525
3410 6.4 4589
3420 3.7 4626
3430 6.7 4693
3440 6.4 4757
3450 6.5 4822
3460 3.8 4860
3470 7 4930
3480 5.8 4988
3490 5.9 5047
3500 6.2 5109
3510 6.6 5175
3520 6.5 5240
3530 5.5 5295
3540 6.2 5357
3550 7.1 5428
3560 6.5 5493
3570 5.2 5545
3580 4.9 5594
3590 8 5674
3600 8 5754
3610 6.8 5822
3620 7.1 5893
3630 4.8 5941
3640 7.3 6014
3650 7.1 6085
3660 5.5 6140
3670 6.3 6203
3680 7.8 6281
3690 6.7 6348
3700 5.7 6405
3710 6.6 6471
3720 6.4 6535
3730 8.6 6621
3740 6.7 6688
3750 5.2 6740
3760 7.9 6819
3770 5.5 6874
3780 7.5 6949
3790 9.3 7042
3800 6.7 7109
3810 7.9 7188
3820 7.5 7263
3830 7 7333
3840 4.3 7376
3850 6.6 7442
3860 5.8 7500
3870 6.7 7567
3880 6.6 7633
3890 6.5 7698
3900 5.3 7751
3910 7 7821
3920 7.2 7893
3930 6.6 7959
3940 5.4 8013
3950 4.9 8062
3960 6 8122
3970 7.1 8193
3980 10 8293
3990 5.6 8349
4000 5.7 8406
4010 4.7 8453
4020 6.7 8520
4030 5.8 8578
4040 6 8638
4050 7.6 8714
4060 5.9 8773
4070 6 8833
4080 6.7 8900
4090 5.1 8951
4100 6.3 9014
4110 8.9 9103
4120 6.1 9164
4130 5.7 9221
4140 7 9291
4150 7.3 9364
4160 7.5 9439
4170 7.1 9510
4180 5.4 9564
4190 8.2 9646
4200 8.2 9728
4210 8.8 9816
4220 8.1 9897
4230 6.9 9966
4240 8 10046
4250 7.3 10119
4260 8.2 10201
4270 6.6 10267
4280 7.2 10339
4290 9.4 10433
4300 7.3 10506
4310 8.2 10588
4320 7.7 10665
4330 8.4 10749
4340 7.8 10827
4350 7.4 10901
4360 7.1 10972
4370 8.3 11055
4380 8.3 11138
4390 8.8 11226
4400 7.1 11297
4410 6.1 11358
4420 10.3 11461
4430 11.4 11575
4440 6.4 11639
4450 9.1 11730
4460 7.1 11801
4470 14.1 11942
4480 13.4 12076
4490 12 12196
4500 14.9 12345
4510 10.9 12454
4520 10 12554
4530 2.6 12580
4540 9.2 12672
4550 8.9 12761
4560 8 12841
4570 8.1 12922
4580 5.8 12980
4590 9.2 13072
4600 9.9 13171
4610 7.9 13250
4620 7.4 13324
4630 8.7 13411
4640 7.4 13485
4650 6.4 13549
4660 4.6 13595
4670 7.7 13672
4680 6.4 13736
4690 6.4 13800
4700 6.7 13867
4710 3.2 13899
4720 8.7 13986
4730 6 14046
4740 4.4 14090
4750 5.3 14143
4760 6.2 14205
4770 6.1 14266
4780 4.2 14308
4790 3.9 14347
4800 5.2 14399
4810 6.7 14466
4820 6.3 14529
4830 7.1 14600
4840 6.2 14662
4850 7.9 14741
4860 5 14791
4870 6 14851
4880 7.5 14926
4890 7.6 15002
4900 6.5 15067
4910 7.1 15138
4920 5.6 15194
4930 5.6 15250
4940 4.5 15295
4950 5.4 15349
4960 3.7 15386
4970 3.1 15417
4980 1.2 15429
4990 1.3 15442
5000 1.9 15461
5010 0 15461
5020 0 15461
5030 0 15461
5040 0.1 15462
5050 0 15462
5060 0 15462
5070 0 15462
5080 0 15462
5090 0 15462
5100 0 15462
5110 0 15462
5120 0 15462
5129 0 15462
