10 0.6 122.53299967447917 31.10531568600675 160.1728515625 81.19189453125 0 0
20 1.9 106.99027292351974 71.0654327603943 271.680908203125 20.712890625 122.53299967447917 6
30 2.3 117.28328804347827 101.47298611543506 302.677978515625 18.556884765625 110.72052734375 25
40 3.7 64.91635214315879 55.00811063683589 302.677978515625 16.863037109375 113.8651835123698 48
50 4.6 91.60440726902173 92.9902556462419 405.197021484375 16.863037109375 92.55804515165441 85
60 4.5 84.34127604166667 70.55459574784429 405.197021484375 16.863037109375 92.22317994095897 131
70 4.5 91.30009765625 99.54575801964566 482.14990234375 12.27099609375 90.20792042125355 176
80 3.6 71.97928195529514 70.19487327717425 482.14990234375 12.27099609375 90.43030945100396 221
90 3.8 53.199552837171055 52.78115669137815 482.14990234375 12.27099609375 87.8457297239786 257
100 6.2 68.48584771925404 63.68758817929412 482.14990234375 12.27099609375 83.38283236228814 295
110 5.3 97.45427200029481 87.19928168717773 482.14990234375 12.27099609375 80.79568096769958 357
120 5 63.632333984375 47.08134907329996 482.14990234375 12.27099609375 82.94910858898628 410
130 6.1 72.1130691278176 65.22311307106884 482.14990234375 12.27099609375 80.84945917544158 460
140 8.4 82.53312755766372 84.08572648997932 482.14990234375 12.27099609375 79.82658049424184 521
150 12 67.11524251302085 67.91879621992464 482.14990234375 12.27099609375 80.20236554106405 605
160 7.8 89.57883238181088 89.95870324380417 482.14990234375 12.27099609375 78.0362210398707 725
170 8 86.86830139160155 72.58202992649491 482.14990234375 12.27099609375 79.15742114531446 803
180 8.4 81.15247163318452 80.31986489049899 482.14990234375 12.27099609375 79.8560286421468 883
190 8.4 72.66953822544643 81.30292149632983 482.14990234375 12.095947265625 79.96864623392257 967
200 7.6 84.95901971114309 81.95431463422776 482.14990234375 12.095947265625 79.38527318662285 1051
210 10.4 87.37769258939309 81.7142476926109 482.14990234375 12.048095703125 79.76114251746894 1127
220 11.7 106.67302058293261 155.50513882144023 855.471923828125 12.048095703125 80.4046203464536 1231
230 11.2 87.66256277901786 85.08597023066652 855.471923828125 12.048095703125 82.68459277053968 1348
240 11.9 83.42627568605569 85.04494398537675 855.471923828125 12.048095703125 83.06646444242294 1460
250 11.2 92.08188956124442 86.43145945134773 855.471923828125 12.048095703125 83.09358131258907 1579
260 10.4 72.3360173152044 71.19183908697393 855.471923828125 12.048095703125 83.68890391687611 1691
270 13.3 204.67159965343052 334.3092692780013 1832.684814453125 12.048095703125 83.03113221404945 1795
280 13.2 97.64861135771778 92.17986201642512 1832.684814453125 11.9970703125 91.42230553844658 1928
290 12.8 92.58756446838377 84.35139728235585 1832.684814453125 11.9970703125 91.82127270744843 2060
300 16.8 89.90881928943448 87.08350884520786 1832.684814453125 11.9970703125 91.86610147591264 2188
310 15.5 94.9949722782258 84.37499109096181 1832.684814453125 11.9970703125 91.72653296685988 2356
320 12.6 262.7746097625247 483.2632943253932 2184.760009765625 11.9970703125 91.92828847990715 2511
330 13.8 86.66457378000453 82.37558368673494 2184.760009765625 11.9970703125 100.0915939336841 2637
340 11.6 108.49706820783946 97.7133580138788 2184.760009765625 11.9970703125 99.42387185036597 2775
350 14.5 91.71585567079741 92.91428509165495 2184.760009765625 11.9970703125 99.78792953887061 2891
360 15.7 83.70643100617038 76.96485422136122 2184.760009765625 11.9970703125 99.40240558930849 3036
370 17.3 112.07137373554913 124.26365943267885 2184.760009765625 11.9970703125 98.63063358506399 3193
380 19.8 100.6122467349274 91.60056655703183 2184.760009765625 11.9970703125 99.32143811448583 3366
390 20.7 101.75955804649757 86.95013928509006 2184.760009765625 11.9970703125 99.39314970451036 3564
400 16.7 84.82391028489894 80.85485241513108 2184.760009765625 11.9970703125 99.52304801445239 3771
410 17.4 100.056570469648 93.65509553842924 2184.760009765625 11.9970703125 98.89969707467701 3938
420 18 96.75859239366319 100.41275058554409 2184.760009765625 11.9970703125 98.94865037495059 4112
430 19.1 109.64710175678992 99.77694571963187 2184.760009765625 11.9970703125 98.8568026497335 4292
440 17.7 112.6995497881356 91.43079940891897 2184.760009765625 11.9970703125 99.3165276395724 4483
450 12.7 95.17212875246064 82.2538252581223 2184.760009765625 11.9970703125 99.8248527297646 4660
460 14.2 91.14007654324386 79.8932177952318 2184.760009765625 11.9970703125 99.70141509761136 4787
470 17.5 659.4323758370533 955.9405593807078 3363.446044921875 11.9970703125 99.45477073268538 4929
480 25.1 103.66607009462152 94.0734960615907 3363.446044921875 11.9970703125 118.65462984186726 5104
490 24.4 106.58419249487704 91.5823589674721 3363.446044921875 11.9970703125 117.95208483784137 5355
500 22.6 102.60354047116978 94.96513960758548 3363.446044921875 11.9970703125 117.45668106365252 5599
510 20.5 110.57272532393293 104.21877454376403 3363.446044921875 11.9970703125 116.88040470761801 5825
520 22.8 93.05361670778508 83.41835434666922 3363.446044921875 11.9970703125 116.6659645295657 6030
530 22.3 97.76104216297645 91.15696674279393 3363.446044921875 11.9970703125 115.80568723596295 6258
540 23.8 112.31392688911502 102.15004699753558 3363.446044921875 11.9970703125 115.18480221030703 6481
550 24.6 120.89118473704265 112.33467676175631 3363.446044921875 11.9970703125 115.08311024328162 6719
560 26.3 107.82464576402091 92.43782017494608 3363.446044921875 11.9970703125 115.28824826560255 6965
570 26.4 113.68102842388728 102.46762831406203 3363.446044921875 11.9970703125 115.01667556804915 7228
580 23.7 112.43510700982331 109.96538312904379 3363.446044921875 11.9970703125 114.96961058592706 7492
590 24.2 116.51189328028151 111.34703397905065 3363.446044921875 11.9970703125 114.89189324247556 7729
600 29.2 112.99261140170162 109.42308243704433 3363.446044921875 11.9970703125 114.94107653304752 7971
610 33 136.9549908262311 125.34046300576065 3363.446044921875 11.9970703125 114.87222117562854 8263
620 29 112.64580246497846 93.74892918008676 3363.446044921875 11.9970703125 115.72027354205457 8593
630 30 113.51621988932291 97.19554607461492 3363.446044921875 11.9970703125 115.61990242730144 8883
640 30.6 117.48734537760417 103.15065896638261 3363.446044921875 11.9970703125 115.55117709120283 9183
650 30.4 119.8144715961657 103.41995768698136 3363.446044921875 11.9970703125 115.61361438655943 9489
660 30.9 129.36657280289245 126.15039661047336 3363.446044921875 11.9970703125 115.74401983858847 9793
670 27 112.40699508101851 104.15325381086801 3363.446044921875 11.9970703125 116.16070652102461 10102
680 29.2 117.3770994421554 96.52523416826563 3363.446044921875 11.9970703125 116.06299131770783 10372
690 30 114.74688232421875 100.31224767997547 3363.446044921875 11.9970703125 116.09897402329098 10664
700 29.1 119.24324879859319 100.28066448453858 3363.446044921875 11.9970703125 116.06197771631162 10964
710 26.8 107.71311472423041 94.8917356708388 3363.446044921875 11.9970703125 116.14423003838571 11255
720 29.7 124.1495028409091 110.03403555498907 3363.446044921875 11.9970703125 115.94814057347261 11523
730 31.3 125.48116217177515 106.25023386756031 3363.446044921875 11.9970703125 116.15421541217216 11820
740 27.2 123.73174959070542 117.08269300607581 3363.446044921875 11.9970703125 116.39482650058854 12133
750 30.8 126.71482948204137 113.27870090753164 3363.446044921875 11.9970703125 116.55570059010984 12405
760 31 132.67580172631043 119.09036642227942 3363.446044921875 11.916015625 116.80182752306939 12713
770 31.7 128.99814853608044 111.66253708847745 3363.446044921875 11.901123046875 117.1796922242139 13023
780 30.4 128.53897737201896 113.00771064697241 3363.446044921875 11.901123046875 117.46053560133996 13340
790 28.9 103.20367241565741 91.41384117729687 3363.446044921875 11.901123046875 117.70737276773444 13644
800 30.7 115.90376246946254 104.59404110711311 3363.446044921875 11.901123046875 117.40653523082565 13933
810 33.6 124.85814121791294 105.11769701889037 3363.446044921875 11.901123046875 117.3741369697485 14240
820 34.6 128.72838508738252 110.15804344297108 3363.446044921875 11.901123046875 117.54665517964034 14576
830 29.8 127.00664013344169 113.60039503310385 3363.446044921875 11.901123046875 117.80592863816324 14922
840 25.9 109.50144693381999 101.39745838173428 3363.446044921875 11.901123046875 117.98607397493019 15220
850 32.8 132.5740356445314 110.26099944070435 3363.446044921875 11.901123046875 117.84410625068136 15479
860 31.1 115.73413164439306 99.7513658127178 3363.446044921875 11.901123046875 118.14975671194428 15807
870 32.6 130.89954961296965 119.39918086469942 3363.446044921875 11.901123046875 118.10314674817653 16118
880 36.5 128.88413219713172 110.92385885141364 3363.446044921875 11.901123046875 118.35683364515553 16444
890 41.7 143.42359393735023 125.38599382336403 3363.446044921875 11.901123046875 118.58542927674999 16809
900 39.9 144.6351621240601 130.33979902726662 3363.446044921875 11.901123046875 119.18670146202052 17226
910 42.3 130.05989641049786 104.02269075157636 3363.446044921875 11.901123046875 119.76281129488032 17625
920 37.9 150.966506354098 133.8143210519309 3363.446044921875 11.901123046875 120.00414922727761 18048
930 41 131.97436106612037 116.91498935850616 3363.446044921875 11.901123046875 120.64097200640958 18427
940 42.1 127.26411028429342 110.93344579580427 3363.446044921875 11.901123046875 120.88765085731373 18837
950 40.7 125.40016028101965 105.12357189347617 3363.446044921875 11.901123046875 121.0270469222612 19258
960 40 126.43102050781246 110.95187128462479 3363.446044921875 11.901123046875 121.117555802862 19665
970 38.9 148.53178158639946 135.16333168316453 3363.446044921875 11.901123046875 121.2234808405884 20065
980 43.3 127.41857656430426 110.32445573333186 3363.446044921875 11.901123046875 121.74283788518214 20454
990 41.3 137.5075872758399 112.21406754212398 3363.446044921875 11.901123046875 121.86049934197632 20887
1000 44 150.61069446910517 119.7223730078832 3363.446044921875 11.901123046875 122.16389123477846 21300
1010 45 144.71312228732646 116.7228119888639 3363.446044921875 11.901123046875 122.73963150263052 21740
1020 40.5 134.829207658179 111.49081495047734 3363.446044921875 11.901123046875 123.18524082453737 22190
1030 40.4 132.54061557278774 118.22659208634643 3363.446044921875 11.901123046875 123.39395100677348 22595
1040 43.3 139.11922238109844 119.63000472103715 3363.446044921875 11.901123046875 123.554621143939 22999
1050 45.5 137.64081870278162 124.06386920608568 3363.446044921875 11.901123046875 123.84223945802616 23432
1060 47.4 152.49725470563027 137.74730128464418 3363.446044921875 11.901123046875 124.10507504040835 23887
1070 45.7 143.7878433995487 114.5369472366334 3363.446044921875 11.901123046875 124.65751103077473 24361
1080 45.2 150.84731110429328 132.69896818478512 3363.446044921875 11.901123046875 125.0097780100853 24818
1090 43.5 124.73156429597701 108.74386110789166 3363.446044921875 11.901123046875 125.47192937370153 25270
1100 45.1 148.72969518691093 123.71180160979328 3363.446044921875 11.901123046875 125.45940034009678 25705
1110 43.4 145.37634108582955 126.25608202790762 3363.446044921875 11.901123046875 125.86064299860394 26156
1120 45.5 156.97650615985583 135.70391529563673 3363.446044921875 11.901123046875 126.17917676956503 26590
1130 48.1 140.55218315521043 117.52176209485431 3363.446044921875 11.901123046875 126.69730525440816 27045
1140 49.9 153.35027770384525 128.7500055323243 3363.446044921875 11.901123046875 126.93941076448176 27526
1150 48.8 154.84137763351686 134.94112367605513 3363.446044921875 11.901123046875 127.40967026859389 28025
1160 42.7 151.16169599403543 122.56510211322015 3363.446044921875 11.901123046875 127.87916394495494 28513
1170 46.2 141.01390703209555 119.14963770021478 3363.446044921875 11.901123046875 128.22268990158787 28940
1180 54 167.46797462745948 140.1150372695434 3363.446044921875 11.901123046875 128.4236810693416 29402
1190 59.6 244.87050347040199 197.96143777056713 3363.446044921875 11.901123046875 129.12783972679213 29942
1200 64 167.88321380615233 132.9521625050577 3363.446044921875 11.901123046875 131.38675084052554 30538
1210 57.5 155.53732336956523 127.96020305912172 3363.446044921875 11.901123046875 132.13592449816878 31178
1220 65.4 173.59294963684997 137.23455691450067 3363.446044921875 11.901123046875 132.5596893188488 31753
1230 69.1 191.57797166131505 154.54621027399236 3363.446044921875 11.901123046875 133.38777436985546 32407
1240 67.6 175.94248538045494 149.03241799210508 3363.446044921875 11.901123046875 134.6026340691847 33098
1250 69.4 223.80899513970192 160.33045225519302 3363.446044921875 11.901123046875 135.4300675827282 33774
1260 61.1 165.58081374347898 134.37061368438057 3363.446044921875 11.901123046875 137.20954349443008 34468
1270 64.5 175.26651374757742 133.7765891616982 3363.446044921875 11.901123046875 137.70370940914168 35079
1280 60.6 166.00008379744233 144.78730541079597 3363.446044921875 11.901123046875 138.38190918515477 35724
1290 56.2 179.64875549099193 147.29083064186244 3363.446044921875 11.901123046875 138.84259219685435 36330
1300 67.8 215.84027729765847 181.44756660516634 3363.446044921875 11.901123046875 139.46421921006333 36892
1310 69.6 180.00106425669003 152.0974347694042 3363.446044921875 11.901123046875 140.84252550187566 37570
1320 70.1 222.43306541714958 176.64121194875275 3363.446044921875 11.901123046875 141.55475941640424 38266
1330 65.3 189.8707209962433 149.62622064339578 3363.446044921875 11.901123046875 143.00972624747985 38967
1340 59 195.65075228416308 165.7746546563123 3363.446044921875 11.901123046875 143.78206924523204 39620
1350 71.6 445.40043392927345 317.068276221486 3363.446044921875 11.901123046875 144.5431367158356 40210
1360 64.9 196.2255366579593 163.07171017871357 3363.446044921875 11.901123046875 149.8066324106218 40926
1370 60.6 176.58614014477612 142.71920328614684 3363.446044921875 11.901123046875 150.53124741619058 41575
1380 67.1 232.99406276196908 177.7474040992859 3363.446044921875 11.901123046875 150.90556914857063 42181
1390 64.3 259.14306147028134 197.53356525566159 3363.446044921875 11.901123046875 152.19095557661578 42852
1400 69.3 205.12842571924594 151.08357003661746 3363.446044921875 11.901123046875 153.77206154487942 43495
1410 72.9 217.33870945055298 158.2837202230322 3363.446044921875 11.901123046875 154.57748293468742 44188
1420 67.1 175.05934400032615 143.05645478297365 3363.446044921875 11.901123046875 155.59609357498098 44917
1430 67.1 188.82662522703993 142.679807106205 3363.446044921875 11.901123046875 155.88256898595333 45588
1440 69.1 211.97878767750544 153.1507002955022 3363.446044921875 11.901123046875 156.36043192587354 46259
1450 56.9 188.48320449802284 148.30564856018933 3363.446044921875 11.901123046875 157.17901092106797 46950
1460 66.4 202.37143753235603 166.46824256512394 3363.446044921875 11.901123046875 157.5538522717969 47519
1470 74.5 316.0769033137585 188.9927654705041 3363.446044921875 11.901123046875 158.17147418435965 48183
1480 64.9 229.6566562740755 172.45785012264872 3363.446044921875 11.901123046875 160.5758141267526 48928
1490 69.4 283.40785344808165 180.928493554093 3363.446044921875 11.901123046875 161.48013400398625 49577
1500 63.7 192.13293514521203 162.91696197731943 3363.446044921875 11.901123046875 163.1633676236517 50271
1510 70.2 189.3408064013532 150.0696140219222 3363.446044921875 11.901123046875 163.52585710489697 50908
1520 67.3 269.81124809911324 191.21224943068827 3363.446044921875 11.901123046875 163.8769924353777 51610
1530 68.4 228.43039422286176 170.9709436497284 3363.446044921875 11.901123046875 165.24060496835583 52283
1540 63.1 244.02588238844578 186.555223938931 3363.446044921875 11.901123046875 166.0566190120072 52967
1550 69.3 956.9512673470193 497.4225775196757 3363.446044921875 11.901123046875 166.97453768790055 53598
1560 69.9 297.5320190953595 189.09898414842326 3363.446044921875 11.901123046875 177.05823247439866 54291
1570 66.3 236.8086246818439 165.12232027238133 3363.446044921875 11.901123046875 178.58962321540707 54990
1580 59.3 217.9595393523398 172.7949247708752 3363.446044921875 11.901123046875 179.2831922588054 55653
1590 60.8 199.13082684968643 150.65671088113203 3363.446044921875 11.901123046875 179.6909559011349 56246
1600 59.9 203.68904595223796 163.42081888010912 3363.446044921875 11.901123046875 179.89884701762134 56854
1610 64.2 279.92785948756335 197.63371584243356 3363.446044921875 11.901123046875 180.14688157041815 57453
1620 72 357.48670756022153 240.4971263000093 3363.446044921875 11.901123046875 181.24954768321285 58095
1630 67.1 525.8557008837089 313.967037905496 3363.446044921875 11.901123046875 183.40700335117927 58815
1640 75 410.29884733072896 253.791174088709 3363.446044921875 11.901123046875 187.26981268521297 59486
1650 68.9 425.3673118735259 210.74315319801218 3363.446044921875 11.901123046875 190.04675298643045 60236
1660 69.3 476.10666479245566 332.56561110519493 3363.446044921875 11.901123046875 192.70799000035262 60925
1670 72.6 593.6732725873795 262.9858164731542 3363.446044921875 11.901123046875 195.89529373677587 61618
1680 67.8 429.42610461029625 232.55611748428558 3363.446044921875 11.901123046875 200.52744458762822 62344
1690 67.3 361.25047268236904 213.58786047442223 3363.446044921875 11.901123046875 202.98997023732784 63022
1700 63.6 349.67851055793034 222.13952463385206 3363.446044921875 11.901123046875 204.66214730217615 63695
1710 64 249.68330879211408 182.23439543635993 3363.446044921875 11.901123046875 206.09583257103034 64331
1720 63.7 214.83805696256863 161.92579450213145 3363.446044921875 11.901123046875 206.52519312853283 64971
1730 68.2 267.82204833268435 173.4182100042807 3363.446044921875 11.901123046875 206.60590423483512 65608
1740 59.4 383.5630458228114 242.02217900860705 3363.446044921875 11.901123046875 207.23570375625212 66290
1750 70.4 375.00492061268216 247.18162206594357 3363.446044921875 11.901123046875 208.80167530681035 66884
1760 60.7 286.46541649505764 225.1918671120737 3363.446044921875 11.901123046875 210.5328566510628 67588
1770 61.7 289.1966574497317 200.4731864730376 3363.446044921875 11.901123046875 211.20872825199106 68195
1780 66 355.1956091678504 239.78223128445939 3363.446044921875 11.901123046875 211.90800384803546 68812
1790 67 592.7230180882694 352.0321237127999 3363.446044921875 11.901123046875 213.26926909894343 69472
1800 62.9 388.8390569883991 229.25229665556063 3363.446044921875 11.901123046875 216.89383087110343 70142
1810 64.6 522.5932979997092 308.7838196523143 3363.446044921875 11.901123046875 218.42204931125235 70771
1820 64.4 300.17203346394575 213.11601852052192 3363.446044921875 11.901123046875 221.17341980641098 71417
1830 63.7 580.640239817381 247.66080693927464 3363.446044921875 11.901123046875 221.8794203780857 72061
1840 67.2 633.207904634022 327.827552269154 3363.446044921875 11.901123046875 225.02298198889798 72698
1850 61.3 259.72365511572184 179.92667253833815 3363.446044921875 11.901123046875 228.76157089468404 73370
1860 63.1 387.58504412329154 232.67107326009335 3363.446044921875 11.901123046875 229.0181130412244 73983
1870 53.8 382.914740012924 273.614940087209 3363.446044921875 11.901123046875 230.3590910549053 74614
1880 63.1 1263.0021736640754 467.0576359810126 3363.446044921875 11.901123046875 231.4512102152658 75152
1890 64.3 378.003750956819 224.6621111170968 3363.446044921875 11.901123046875 240.04032199411066 75783
1900 66.3 576.033239212151 211.6834530086347 3363.446044921875 11.901123046875 241.20105897920763 76426
1910 59.6 894.4991442789169 405.29853133132667 3363.446044921875 11.901123046875 244.08076601256442 77089
1920 69 849.8323482789841 514.5162261356586 3363.446044921875 11.901123046875 249.07078150393014 77685
1930 60.6 518.3144051831939 356.24715737564827 3363.446044921875 11.901123046875 254.35978285735646 78375
1940 56.6 1418.046305194761 414.50145825236996 3363.446044921875 11.901123046875 256.3850357805843 78981
1950 66.4 1856.2475769778325 476.47670858983344 4936.923828125 11.901123046875 264.6505929793275 79547
1960 60.4 2014.2283587929421 730.8660658888145 5175.06494140625 11.901123046875 277.82609755320146 80211
1970 58.1 1600.1415755096282 406.33075548025744 5175.06494140625 11.901123046875 290.8037250454839 80815
1980 62.5 2635.645044531246 1099.050437624386 11450.26806640625 11.901123046875 300.1497038542664 81396
1990 59.5 2730.161003151262 1486.9124759914928 11864.885009765625 11.901123046875 317.94617778073786 82021
2000 64.2 2613.377790124246 1852.3694639074906 11864.885009765625 11.901123046875 335.3189363395577 82616
2010 47 3505.298402696975 1552.7627092990451 13436.198974609375 11.901123046875 352.8849814538983 83258
2020 66.6 4045.9161241319443 2892.6496339805008 13436.198974609375 11.901123046875 370.58078582023035 83728
2030 55 4039.2826229580965 2664.0710136412617 14770.111083984375 11.901123046875 399.58490146015265 84394
2040 59.4 4258.12346076323 2970.145940662301 14770.111083984375 11.901123046875 423.15141288913964 84944
2050 67.2 3574.377366928827 2564.660570807931 16026.5849609375 11.901123046875 449.78254053342886 85538
2060 66.5 3711.6742998854556 2610.6130580239337 16026.5849609375 11.901123046875 474.1385053094143 86210
2070 59.3 4236.495315217254 2815.7415777591523 16026.5849609375 11.901123046875 498.92079369379496 86875
2080 61.3 4463.504213715842 3205.579320171408 24109.907958984375 11.901123046875 524.2601371252603 87468
2090 56.7 4680.4517544539485 3275.840902172292 24109.907958984375 11.901123046875 551.6753188210861 88081
2100 50.1 5267.977304668008 3379.0974703980223 24109.907958984375 11.901123046875 578.0833171854466 88648
2110 59 4653.34981875662 3476.1701830580937 30358.64697265625 11.901123046875 604.4396070790939 89149
2120 63 4321.492355685768 3110.744987463148 30358.64697265625 11.901123046875 631.0596610677693 89739
2130 56.8 5413.717581305704 3503.8942129062157 30358.64697265625 11.901123046875 656.7872069918067 90369
2140 57.5 5613.555671280574 4008.6024899324107 30358.64697265625 11.901123046875 686.4993863314627 90937
2150 55.1 5087.88401991053 3837.3257324246865 30358.64697265625 11.901123046875 717.4577017856734 91512
2160 57.2 6058.307601822006 3994.75112184336 34595.25 11.901123046875 743.6148431050613 92063
2170 55.8 5514.706697416134 3932.9208396280906 34595.25 11.901123046875 776.4318588980778 92635
2180 49.3 5937.905393774558 3894.4529005444447 34595.25 11.901123046875 804.8026309506255 93193
2190 63.8 6658.253860330134 6733.874709888586 64366.179931640625 11.901123046875 831.8143473444538 93686
2200 58.2 5720.721415411567 5048.990154414562 64366.179931640625 11.901123046875 871.2239187078911 94324
2210 39.5 7414.858225993871 6630.24262580507 64366.179931640625 11.901123046875 900.9628977300978 94906
2220 67.7 6565.053111945512 6047.793995327671 64366.179931640625 11.901123046875 927.961446062898 95301
2230 58.5 6530.893002554085 7491.335430474013 66711.56811523438 11.901123046875 967.7237984540973 95978
2240 47.2 7304.398312843452 8820.81928448298 117711.38403320313 11.901123046875 1001.4267072742301 96563
2250 61 7032.730959432634 7032.10002223547 122515.45092773438 11.901123046875 1032.085774598687 97035
2260 57.1 6975.063975960486 7211.055169779733 122515.45092773438 11.901123046875 1069.5725231546674 97645
2270 58.8 7125.445061716098 7645.5534109035125 122515.45092773438 11.901123046875 1103.9053774711956 98216
2280 50.3 7769.000249965054 10052.265386353409 122515.45092773438 11.901123046875 1139.7406203190155 98804
2290 55.3 7057.2950591765075 7567.346257228664 122515.45092773438 11.901123046875 1173.3184908992562 99307
2300 52.2 7946.183451568487 11468.542386562642 122515.45092773438 11.901123046875 1205.9024989330767 99860
2310 51.4 7966.947109830982 9591.996260121872 122515.45092773438 11.901123046875 1240.952873076605 100382
2320 57.8 7427.872870316552 9110.962787823642 122515.45092773438 11.901123046875 1275.2174726414219 100896
2330 53.8 7818.978683074611 8767.000115286213 122515.45092773438 11.901123046875 1310.2632461386352 101474
2340 56.6 7394.482161343308 8714.117533999965 122515.45092773438 11.901123046875 1344.5894911399248 102012
2350 51.2 8085.378451824187 9482.019346580897 122515.45092773438 11.901123046875 1377.9713006052598 102578
2360 61.6 7536.37309958718 13132.09056341666 236943.296875 11.901123046875 1411.2838669203638 103090
2370 54.6 7757.882285764365 8893.585873803871 236943.296875 11.901123046875 1447.6660913560065 103706
2380 49.9 8373.43187400191 14028.870324379845 237772.35791015625 11.901123046875 1480.7146471836834 104252
2390 57.3 9621.89272085993 17579.876458870232 237772.35791015625 11.901123046875 1513.549330348353 104751
2400 54.7 9963.606584120062 18959.289904303278 237772.35791015625 11.901123046875 1557.661600702338 105324
2410 54.1 11248.04894139542 28386.70445350275 237772.35791015625 11.901123046875 1601.0923032169974 105871
2420 49.7 10417.927395427248 23168.632630703403 237772.35791015625 11.901123046875 1650.1375569595689 106412
2430 42.4 9531.811408852627 13280.492035663277 237772.35791015625 11.901123046875 1690.8973765231083 106909
2440 37.6 11013.677786319813 12433.96986459802 237772.35791015625 11.901123046875 1721.8715182102662 107333
2450 63.5 10838.61303480253 24350.489870721056 237772.35791015625 11.901123046875 1754.3081684141414 107709
2460 51.2 12278.22054958343 30331.410045629855 237772.35791015625 11.901123046875 1807.5509284207558 108344
2470 56.4 9494.863670836106 19550.937421934796 237772.35791015625 11.901123046875 1856.7993193779405 108856
2480 52.7 10186.577539433109 20877.07947760651 237772.35791015625 11.901123046875 1896.16934582852 109420
2490 52.5 9128.497911086302 15352.895019966752 237772.35791015625 11.901123046875 1935.9070841754472 109947
2500 51.8 9903.270139244996 18794.319605814377 237772.35791015625 11.901123046875 1970.0886884202168 110472
2510 55.4 11600.16114559243 26543.72646993376 237772.35791015625 11.901123046875 2007.113537429382 110990
2520 53 17586.098131172577 41183.40716440234 237772.35791015625 11.901123046875 2054.758846678847 111544
2530 53.7 13420.063718884581 32046.59655492902 237772.35791015625 11.901123046875 2128.206834800817 112074
2540 48.3 11188.636534254505 19150.355188007856 237772.35791015625 11.901123046875 2182.053502948271 112611
2550 52.9 10213.905850329325 16093.289349442399 242715.55297851563 11.901123046875 2220.518670013906 113094
2560 54.1 20711.985599313353 58464.53848365826 351583.5009765625 11.901123046875 2257.7338625223497 113623
2570 58.3 19738.510709523765 50968.743176567245 351583.5009765625 11.901123046875 2345.1848119425163 114164
2580 57.7 25049.226865454406 58427.77135339589 351583.5009765625 11.901123046875 2433.5558281633316 114747
2590 48.1 20552.333283422395 50415.44973318225 351583.5009765625 11.901123046875 2546.708703440958 115324
2600 59.1 17870.766120717006 47058.559588189375 351583.5009765625 11.901123046875 2621.4956765679476 115805
2610 56.4 23599.43399242644 56919.070825150666 351583.5009765625 11.901123046875 2698.923756849848 116396
2620 47.3 14695.26254046646 43210.04959936012 351583.5009765625 11.901123046875 2799.7093910227723 116960
2630 46.5 25774.03100848455 60246.36798186586 351583.5009765625 11.901123046875 2847.6226406177484 117433
2640 62.4 20875.912846100626 50044.97308095172 351583.5009765625 11.901123046875 2938.0463958218916 117898
2650 48.2 13778.227943768643 32011.58594836209 351583.5009765625 11.901123046875 3032.4864885048864 118522
2660 51.8 17579.171878299196 42378.739529493636 351583.5009765625 11.901123046875 3076.0097934478895 119004
2670 50.9 10494.57486195742 22504.33409426613 351583.5009765625 11.901123046875 3138.865484951989 119522
2680 50.7 10974.284523025308 30216.443866905403 360753.98095703125 11.901123046875 3170.057894187068 120031
2690 44.5 19747.253011982084 48582.76795183079 360753.98095703125 11.901123046875 3202.883583188221 120538
2700 56.5 27077.0907066683 59777.146488508144 360753.98095703125 11.901123046875 3263.7371278665087 120983
2710 54.2 17289.851311152248 41140.12026769768 360753.98095703125 11.901123046875 3374.430391202993 121548
2720 42.8 17402.82390558829 41056.023981457976 360753.98095703125 11.901123046875 3436.205787538586 122090
2730 54.8 14062.943022567855 35328.983819357294 360753.98095703125 11.901123046875 3484.996271830896 122518
2740 56.1 17896.102826286748 49437.997626306445 360753.98095703125 11.901123046875 3532.098760084385 123066
2750 48.4 21581.882540616116 51914.84954526005 360753.98095703125 11.901123046875 3597.280365082804 123627
2760 50.4 19353.474094935817 46087.31446967087 360753.98095703125 11.901123046875 3667.4155461139626 124111
2770 50.4 20029.941619388625 45830.86196704578 360753.98095703125 11.901123046875 3730.857134274346 124615
2780 51.3 15275.000447829092 36898.700907816004 360753.98095703125 11.901123046875 3796.512538973054 125119
2790 43.4 19193.399766210023 51568.249922220704 360753.98095703125 11.901123046875 3843.3832749101016 125632
2800 56.7 20862.66111601975 58337.38248993101 360753.98095703125 11.901123046875 3896.2278734317024 126066
2810 46.8 21641.514521672176 59822.256563917996 360753.98095703125 11.901123046875 3972.1951777563845 126633
2820 57.4 25490.323566290564 57420.40789933095 360753.98095703125 11.901123046875 4037.255574235976 127101
2830 54.6 27625.09904239641 61329.73028696806 360753.98095703125 11.901123046875 4133.704064758313 127675
2840 42.8 16066.643799398556 39288.66193394122 360753.98095703125 11.901123046875 4233.736833632292 128221
2850 48.4 19618.804666314238 49247.70769734514 360753.98095703125 11.901123046875 4273.103514922841 128649
2860 47.3 27460.618522789227 71498.93693336523 360753.98095703125 11.901123046875 4330.620333685461 129133
2870 55.6 20034.20781724229 52760.11424222891 360753.98095703125 11.901123046875 4415.033780157431 129606
2880 50.4 34670.99676852756 69165.0412399621 360753.98095703125 11.901123046875 4481.752644070241 130162
2890 45.9 25212.29233845231 56724.32245524472 360753.98095703125 11.901123046875 4598.1974655136655 130666
2900 52.2 23580.250336745696 51747.221254643795 360753.98095703125 11.901123046875 4670.356623162313 131125
2910 47.5 25809.55255550987 57600.83235844545 360753.98095703125 11.901123046875 4745.337173562173 131647
2920 51.6 26475.26615870275 69462.54812372194 360753.98095703125 11.901123046875 4821.066441257373 132122
2930 55.6 14538.525037587102 40014.957377407125 360753.98095703125 11.901123046875 4905.30751134439 132638
2940 45.5 40761.7250670716 79306.03149581938 360753.98095703125 11.901123046875 4945.520050532274 133194
2950 50.2 40965.63529573117 77607.649158122 360753.98095703125 11.901123046875 5067.454171120721 133649
2960 53.4 20702.45308522427 46390.872890866674 360753.98095703125 11.901123046875 5201.78702681732 134151
2970 46.4 24975.382160055226 56062.82760598614 360753.98095703125 11.901123046875 5263.24417256621 134685
2980 44.8 48559.899645124206 102091.99131713038 360753.98095703125 11.901123046875 5330.920825935416 135149
2990 46.5 33631.35003990249 81468.99677621956 360753.98095703125 11.901123046875 5473.745390719273 135597
3000 45.9 22220.318350864647 50744.03473009918 360753.98095703125 11.901123046875 5569.975683981684 136062
3010 46.2 30590.172816685266 63668.924791076126 360753.98095703125 11.901123046875 5625.956135956832 136521
3020 52.8 23254.739185680042 52588.09379876487 360753.98095703125 11.901123046875 5710.152482266203 136983
3030 44.8 29717.20417077201 68645.16217948568 360753.98095703125 11.901123046875 5777.5183059414185 137511
3040 49.7 21570.592429086235 55907.44879279369 360753.98095703125 11.901123046875 5855.258643776892 137959
3050 47.1 16754.36870884339 38324.717813060364 360753.98095703125 11.901123046875 5911.670217788122 138456
3060 51.1 15495.434659177776 37573.159124019985 360753.98095703125 11.901123046875 5948.429890056917 138927
3070 50.4 41425.68622601222 78142.92744450372 360753.98095703125 11.901123046875 5983.416905339845 139438
3080 47 23119.657796397114 53089.576926105474 360753.98095703125 11.901123046875 6111.061956415425 139942
3090 53.3 28179.6802715137 61246.401037786745 360753.98095703125 11.901123046875 6167.99469752581 140412
3100 51.3 35550.16356708013 79153.05644111 360753.98095703125 11.901123046875 6251.234460631529 140945
3110 53.9 36573.71757096838 85265.48228455387 360919.4748535156 11.901123046875 6357.487557887309 141458
3120 44.2 29287.55364134085 62285.755804167886 360919.4748535156 11.901123046875 6472.18398088956 141997
3130 53.6 42441.85003616561 77405.19697852944 360919.4748535156 11.901123046875 6542.9819603047445 142439
3140 47.2 26007.949340820316 56689.090466725516 360919.4748535156 11.901123046875 6677.563483568682 142975
3150 51.4 39145.95826715255 77822.37097744022 360919.4748535156 11.901123046875 6741.168453520113 143447
3160 44.8 29203.942739214217 75859.2756646196 360919.4748535156 11.901123046875 6856.866885485763 143961
3170 54.9 24891.18052309241 63287.49967823249 361903.9328613281 11.901123046875 6926.194212608521 144409
3180 49.5 20113.035310132556 45212.31859564866 361903.9328613281 11.901123046875 6994.23307548229 144958
3190 45.7 31854.882507991988 66288.41469939082 361903.9328613281 11.901123046875 7038.87847369444 145453
3200 55 23091.310314719463 50166.912914477776 361903.9328613281 11.901123046875 7116.6038786952895 145910
3210 46.9 24103.252605381294 54451.197559759494 361903.9328613281 11.901123046875 7176.593558743175 146460
3220 51.4 44922.2775285179 101533.37159726875 361903.9328613281 11.901123046875 7230.623757634295 146929
3230 46.3 20198.243820552954 50965.591535135594 361903.9328613281 11.901123046875 7362.02036539617 147443
3240 57.4 35139.11619392422 70196.10988136294 361903.9328613281 11.901123046875 7402.202450367284 147906
3250 49 32818.25182657048 65348.88240825765 361903.9328613281 11.901123046875 7509.428935340356 148480
3260 39.5 33617.825006798834 66282.22757512896 361903.9328613281 11.901123046875 7592.676053664197 148970
3270 45.5 28648.70713319884 65916.08726490384 361903.9328613281 11.901123046875 7661.500301891615 149365
3280 47 50435.016312749365 105038.30976677571 361903.9328613281 11.901123046875 7725.237981161704 149820
3290 47.1 40374.06159704254 84001.65924590752 361903.9328613281 11.901123046875 7858.803726160348 150290
3300 52.1 23123.536461301137 53170.59916800038 361903.9328613281 11.901123046875 7960.386273750146 150761
3310 56 33741.13905726836 68962.95833889325 361903.9328613281 11.901123046875 8012.606638682617 151282
3320 40.9 47510.817563679535 81915.55247772599 361903.9328613281 11.901123046875 8107.494602186838 151842
3330 53.6 31000.664449663305 69032.52034967448 361903.9328613281 11.901123046875 8213.345854994704 152251
3340 48.8 49246.09830062116 104202.51019404728 361903.9328613281 11.901123046875 8293.28722937042 152787
3350 53.8 25234.890048682922 67485.32841052054 361903.9328613281 11.901123046875 8423.673605509844 153275
3360 36.5 41972.60283537562 73184.91194341792 361903.9328613281 11.901123046875 8482.475101133929 153813
3370 48.9 33364.512605944066 65688.38192815952 361903.9328613281 11.901123046875 8561.759412922887 154178
3380 48.6 34415.089593078876 67883.80544972162 361903.9328613281 11.901123046875 8640.176569209538 154667
3390 52 30915.01514892578 64496.49163983367 361903.9328613281 11.901123046875 8720.913697912178 155153
3400 51.3 29262.90919015748 73875.89253352083 361903.9328613281 11.901123046875 8795.049435994742 155673
3410 46.7 33349.858555272986 73256.2005703916 361903.9328613281 11.901123046875 8862.27704957013 156186
3420 50.4 34381.269611176955 67750.55366218924 361903.9328613281 11.901123046875 8935.277251054706 156653
3430 51.2 47429.500824451454 82661.64728925134 361903.9328613281 11.901123046875 9016.882143929359 157157
3440 40.1 19032.678540465244 39247.48948354489 361903.9328613281 11.901123046875 9141.619795366403 157669
3450 50.7 50269.810518464146 94861.81750970698 361903.9328613281 11.901123046875 9166.711935284064 158070
3460 53.7 42491.43838154316 90446.13760756262 361903.9328613281 11.901123046875 9298.126144038628 158577
3470 44.8 41059.16002273558 85669.16801243027 365968.041015625 11.901123046875 9410.151538859574 159114
3480 49.4 45663.94076822258 82130.83819081874 365968.041015625 11.901123046875 9499.012018176558 159562
3490 49.2 36075.691361590114 72834.0400740081 365968.041015625 11.901123046875 9610.632168639662 160056
3500 51.6 36603.17668447569 73943.47112264995 365968.041015625 11.901123046875 9691.73445034315 160548
3510 48.7 21126.290232068954 51666.517169766084 365968.041015625 11.901123046875 9777.950514720122 161064
3520 51.8 64577.5967701798 108265.12479959652 365968.041015625 11.901123046875 9812.16040164344 161551
3530 50 32592.334379394524 69348.90148662278 365968.041015625 11.901123046875 9987.200020811213 162069
3540 47.1 32572.689757393655 66201.28500583667 365968.041015625 11.901123046875 10056.724759102595 162569
3550 49.3 30057.252984161067 63392.84117641224 365968.041015625 11.901123046875 10121.770266427147 163040
3560 46.9 28443.51710441932 57596.1881252069 365968.041015625 11.901123046875 10181.869408373072 163533
3570 50.3 55528.39476859543 87813.6711535301 365968.041015625 11.901123046875 10234.092629854797 164002
3580 35.9 17945.163976132706 38612.05867483937 365968.041015625 11.901123046875 10372.587107079115 164505
3590 42.9 32080.378165860828 68186.43944356995 365968.041015625 11.901123046875 10389.076790066245 164864
3600 49.3 26844.256997872562 57440.970327448216 365968.041015625 11.901123046875 10445.374203085647 165293
3610 52.1 29116.47858216621 62428.30738101763 365968.041015625 11.901123046875 10494.139775678204 165786
3620 46.7 35303.183319287855 72034.6226984183 365968.041015625 11.901123046875 10552.479103055768 166307
3630 44.4 56715.66167443077 90324.71090240164 365968.041015625 11.901123046875 10621.785942664943 166774
3640 55.1 35753.83149688773 79150.83560417703 365968.041015625 11.901123046875 10744.175164069959 167218
3650 55 47692.48795498937 99161.9621467237 365968.041015625 11.901123046875 10826.3138228173 167769
3660 50.2 32851.5309154009 67410.75097302144 365968.041015625 11.901123046875 10946.777916429397 168319
3670 49.3 28101.159047960504 61730.33774448288 365968.041015625 11.901123046875 11011.913095142258 168821
3680 49.9 44382.49401048188 79214.49007064603 365968.041015625 11.901123046875 11061.672703058552 169314
3690 48.8 28686.562279873204 62656.35839344395 365968.041015625 11.901123046875 11159.586819365339 169813
3700 46 38970.93359428072 90076.09147418225 365968.041015625 11.901123046875 11209.810623246278 170301
3710 54.9 40642.45161524148 90090.89902700418 365968.041015625 11.901123046875 11284.59418955636 170761
3720 33.5 41988.268192484844 73932.26873537972 365968.041015625 11.901123046875 11378.677802461041 171310
3730 49.9 26314.45879992407 57483.7839031224 365968.041015625 11.901123046875 11438.41862089827 171645
3740 41.5 24737.84593549982 53346.2845047271 365968.041015625 11.901123046875 11481.540333239878 172144
3750 48.4 32884.6369987046 68384.92020417453 365968.041015625 11.901123046875 11513.42141058118 172559
3760 43.2 39566.90824890137 91366.26312748679 365968.041015625 11.901123046875 11573.196543609687 173043
3770 37.3 68843.29265391984 117403.37185604409 368160.72998046875 11.901123046875 11642.908510502242 173475
3780 49.6 24169.191789688608 53707.441718622904 368160.72998046875 11.901123046875 11765.634934076254 173848
3790 46.8 32399.965778579055 64599.04437537934 368160.72998046875 11.901123046875 11800.92243579919 174344
3800 41.9 41668.01903889002 75790.65832424683 368160.72998046875 11.901123046875 11856.069406741808 174812
3810 40.4 44695.910980526794 82590.61766499655 368160.72998046875 11.901123046875 11927.35363667755 175231
3820 45.6 70043.04046630868 122782.23587660912 368160.72998046875 11.901123046875 12002.728688158833 175635
3830 60.2 42173.85399376748 88864.16630288321 368160.72998046875 11.901123046875 12153.028147931544 176091
3840 37.2 54124.01537364016 86353.13805711168 368160.72998046875 11.901123046875 12255.310282250353 176693
3850 48.8 40804.22430570008 72434.63182209751 368160.72998046875 11.901123046875 12343.27322407396 177065
3860 46 24691.252071480136 54902.28946468914 368160.72998046875 11.901123046875 12421.497439535447 177553
3870 37.7 29462.957865343178 60741.064872937386 368160.72998046875 11.901123046875 12453.203478592677 178013
3880 35 47288.395809849324 98911.35836671329 368160.72998046875 11.901123046875 12489.15099473038 178390
3890 49.2 56839.40346620136 109728.96619089469 368160.72998046875 11.901123046875 12557.29318833725 178740
3900 48.8 40342.27247394499 74696.39064795777 368160.72998046875 11.901123046875 12678.849597107497 179232
3910 45 32584.11481553821 67043.17369245378 368160.72998046875 11.901123046875 12753.965056510438 179720
3920 51.1 41142.951630056705 76767.02440002692 368160.72998046875 11.901123046875 12803.493653899364 180170
3930 43.8 28252.023096372002 59224.730515813564 368160.72998046875 11.901123046875 12883.642994592721 180681
3940 56.1 43296.6746523716 95872.94825374073 368160.72998046875 11.901123046875 12920.808341599823 181119
3950 52.6 46197.513170133585 93507.3611583345 368160.72998046875 11.901123046875 13014.60436207727 181680
3960 49.1 46600.64560576709 80598.63066966829 368160.72998046875 11.901123046875 13110.398189026097 182206
3970 30.3 43111.43598922877 75392.24672803373 368160.72998046875 11.901123046875 13200.40356120856 182697
3980 41.1 21356.63298060658 42982.445507408826 368160.72998046875 11.901123046875 13249.92838539266 183000
3990 46.7 53101.26477547429 92330.04519640184 368160.72998046875 11.901123046875 13268.094447344414 183411
4000 49.2 49017.15028840352 105297.29463646015 368160.72998046875 11.901123046875 13369.259842569707 183878
4010 47.2 54897.64282433459 89987.8621745527 368160.72998046875 11.901123046875 13464.387911666363 184370
4020 57.8 43222.12374635055 77073.86846422845 368160.72998046875 11.901123046875 13570.18906248046 184842
4030 50.2 26068.176159619343 54267.085399090975 368160.72998046875 11.901123046875 13662.621476714507 185420
4040 35.6 25080.683391442442 55964.49352371279 368160.72998046875 11.901123046875 13696.117181638174 185922
4050 48.5 43129.33098018682 84529.64142472767 368160.72998046875 11.901123046875 13717.874477565178 186278
4060 34.6 43301.198408711156 82153.85687040663 368160.72998046875 11.901123046875 13794.252327587781 186763
4070 46.1 46780.195287609306 96971.1816483269 368160.72998046875 11.901123046875 13848.816262748936 187109
4080 47 20017.30302630486 43847.213829014196 368160.72998046875 11.901123046875 13929.753330139569 187570
4090 42.8 79544.42300044258 100807.22520861185 368160.72998046875 11.901123046875 13944.968967010434 188040
4100 46 26928.962223484214 55876.76059061052 368160.72998046875 11.901123046875 14093.941558253027 188468
4110 47.4 35248.50359566606 69261.9635521201 368160.72998046875 11.901123046875 14125.192137870692 188928
4120 42.2 30362.53467028288 72008.43398231806 368160.72998046875 11.901123046875 14178.05562205246 189402
4130 43.1 50488.90258675774 97244.19580358746 368160.72998046875 11.901123046875 14214.035530590649 189824
4140 47.3 37167.08168026559 70681.63162019769 368160.72998046875 11.901123046875 14296.211913346466 190255
4150 41 35373.187734017716 67481.24173297646 368160.72998046875 11.901123046875 14352.931018038766 190728
4160 47.7 33806.15989010087 65740.76353288283 368160.72998046875 11.901123046875 14398.020457362978 191138
4170 50.2 30143.21816445158 64943.92175015408 368160.72998046875 11.901123046875 14446.334433353459 191615
4180 52.4 73824.63582931405 127099.71660313076 368160.72998046875 11.901123046875 14487.350249928833 192117
4190 50.3 69669.12688711476 122918.56280691014 368160.72998046875 11.901123046875 14648.752742874767 192641
4200 27.7 79130.11671596486 94656.87319263328 368160.72998046875 11.901123046875 14792.040901940298 193144
4210 50.1 32743.69721981817 63924.49496135726 368160.72998046875 11.901123046875 14884.180054361621 193421
4220 46.9 39824.737274495266 72955.47857096257 368160.72998046875 11.901123046875 14930.32034839682 193922
4230 47.8 33958.15176455445 66394.78327286748 368160.72998046875 11.901123046875 14990.38219044887 194391
4240 44.5 55766.74494217433 112531.60848325516 368160.72998046875 11.901123046875 15036.908799896359 194869
4250 50.2 64906.23707513694 115863.97703258267 368160.72998046875 11.901123046875 15129.706945873162 195314
4260 52.6 35072.325248225105 68480.11819398508 368160.72998046875 11.901123046875 15257.31560974583 195816
4270 42.5 29164.74668370864 62075.40913072754 368160.72998046875 11.901123046875 15310.399998566563 196342
4280 45.2 35823.776870052425 68863.13237473388 368160.72998046875 11.901123046875 15340.324210152781 196767
4290 51 45312.824061734056 86074.93155043932 368160.72998046875 11.901123046875 15387.269588652189 197219
4300 40.7 56153.48908445472 111229.8663445632 368160.72998046875 11.901123046875 15464.456206605406 197729
4310 47.7 93068.04228136875 135243.85475459413 368160.72998046875 11.901123046875 15548.037364907203 198136
4320 38.7 34970.227814114965 66205.07606579676 368160.72998046875 11.901123046875 15734.213709583291 198613
4330 50.8 46432.17748783142 81150.59767982145 368160.72998046875 11.901123046875 15771.622440530295 199000
4340 50.2 33734.2673398204 67771.60159861106 368160.72998046875 11.901123046875 15849.692302210173 199508
4350 46.3 36701.87562748888 82314.22728386764 368160.72998046875 11.901123046875 15894.580341152627 200010
4360 38.1 50590.75377104349 99257.63227806802 368160.72998046875 11.901123046875 15942.635579102744 200473
4370 35.5 75989.01704170335 121512.30508154562 368160.72998046875 11.901123046875 16008.359602677725 200854
4380 50 37364.995249023435 70814.90117287911 368160.72998046875 11.901123046875 16114.185551769735 201209
4390 56.3 55343.69421018127 89066.25494945301 368160.72998046875 11.901123046875 16166.862451901245 201709
4400 46.2 40668.299563717526 74117.52208254959 368160.72998046875 11.901123046875 16275.90649299399 202272
4410 26.8 55349.53399020522 90329.07087508928 368160.72998046875 11.901123046875 16331.493052715961 202734
4420 35.3 72368.65155046589 116436.5884343029 368160.72998046875 11.901123046875 16383.004047539891 203002
4430 29.1 93552.3528050164 136634.14586626808 368160.72998046875 11.901123046875 16480.188447080265 203355
4440 29.6 54224.103542843375 81442.08079373531 368160.72998046875 11.901123046875 16590.32073461923 203646
4450 20.4 107653.46684354902 106017.52082677216 368160.72998046875 11.901123046875 16644.94214517338 203942
4460 24.5 87292.15541992185 75304.31546180576 368160.72998046875 11.901123046875 16735.885582901614 204146
4470 11.6 125510.05556093414 102999.02228650477 368160.72998046875 11.901123046875 16820.460178211924 204391
4480 16.7 175822.0191686938 134244.14124756568 368160.72998046875 11.901123046875 16882.110845741132 204507
4490 17 157252.29776108687 117640.1579543904 368160.72998046875 11.901123046875 17011.794951636035 204674
4500 14.9 132208.9305395344 90034.84476561894 368160.72998046875 11.901123046875 17128.18052054509 204844
4510 58.5 44021.64335895768 66135.74641448198 368160.72998046875 11.901123046875 17211.827434112038 204993
4520 53.5 39159.92845082502 73256.58882879742 368160.72998046875 11.901123046875 17288.118390907195 205578
4530 56.1 60057.650553385414 102339.67338723477 464894.2380371094 11.901123046875 17344.890250916298 206113
4540 45.6 71985.34480098252 126606.74113941673 464894.2380371094 11.901123046875 17460.830613659968 206674
4550 46.9 32850.3934724397 76149.07874794159 464894.2380371094 11.901123046875 17580.867201645382 207130
4560 42.3 49241.82586020612 82460.0507216701 464894.2380371094 11.901123046875 17615.363551921648 207599
4570 46.1 48861.141830874614 82152.27328911562 464894.2380371094 11.901123046875 17679.6740265657 208022
4580 36 37268.19836425783 71291.74984485749 464894.2380371094 11.901123046875 17748.622845691414 208483
4590 41.1 40079.24436813319 70722.83672649483 464894.2380371094 11.901123046875 17782.270356916037 208843
4600 44.5 33624.740337517556 70565.35394084266 464894.2380371094 11.901123046875 17826.064293082658 209254
4610 43.4 38554.05937736262 77491.76907988508 464894.2380371094 11.901123046875 17859.590494160268 209699
4620 38.8 60305.841656557044 85885.19087996418 464894.2380371094 11.901123046875 17902.33199356926 210133
4630 36.1 48317.74338520931 80436.1324208116 464894.2380371094 11.901123046875 17980.4836352071 210521
4640 46.8 25622.31315834502 52713.12710433317 464894.2380371094 11.901123046875 18032.416710432823 210882
4650 38.2 30443.930070327835 68418.7835223389 464894.2380371094 11.901123046875 18049.223294476462 211350
4660 43.4 48668.13362311438 98832.34140220859 464894.2380371094 11.901123046875 18071.58542201682 211732
4670 47.1 60188.45742467394 108267.42470926383 464894.2380371094 11.901123046875 18134.172744770116 212166
4680 40.4 29840.47957195622 61835.149820868646 464894.2380371094 11.901123046875 18227.324774211065 212637
4690 43.3 46739.20521344546 82696.03629350272 464894.2380371094 11.901123046875 18249.347363939283 213041
4700 40 42338.550055542 84761.1658628058 464894.2380371094 11.901123046875 18307.134768723172 213474
4710 45.5 61831.807757233 100832.33541319288 464894.2380371094 11.901123046875 18352.079764911243 213874
4720 48.4 55963.567211308764 109547.20379313434 464894.2380371094 11.901123046875 18444.383075412887 214329
4730 46.6 40989.57283877917 88948.43114630062 464894.2380371094 11.901123046875 18528.91839274365 214813
4740 48.8 42199.83987776959 82070.14574014652 464894.2380371094 11.901123046875 18577.537463678822 215279
4750 36.8 32086.63538327422 62693.00968837766 464894.2380371094 11.901123046875 18630.964000536063 215767
4760 41.6 33073.42138495817 67843.03583579505 464894.2380371094 11.901123046875 18653.874158857703 216135
4770 55.1 61938.958226254115 102002.36029702133 464894.2380371094 11.901123046875 18681.574477240247 216551
4780 48.6 103648.0361996246 124483.00771832037 464894.2380371094 11.901123046875 18791.360745656504 217102
4790 47.9 72056.4387568909 106434.01117378374 464894.2380371094 11.901123046875 18980.89483885387 217588
4800 47.4 56738.97103173622 91236.17830714125 464894.2380371094 11.901123046875 19097.479125044538 218067
4810 47.4 90629.34753623989 121051.14425470184 464894.2380371094 11.901123046875 19179.120863499895 218541
4820 44.5 65189.61443940936 104772.11234366983 464894.2380371094 11.901123046875 19333.755968140576 219015
4830 39 72420.24243414467 107877.61816547363 464894.2380371094 11.901123046875 19426.73809253552 219460
4840 36 48841.57632446291 91070.29223228859 464894.2380371094 11.901123046875 19520.74521872714 219850
4850 43.8 73744.05532683631 115428.76320428954 464894.2380371094 11.901123046875 19568.679005558188 220210
4860 32.6 69585.47838831242 101071.73565447266 464894.2380371094 11.901123046875 19676.220496207185 220648
4870 38.3 54971.19647073371 92654.56457450257 464894.2380371094 11.901123046875 19749.85095984918 220974
4880 40.1 89142.43286254574 116537.02799461225 464894.2380371094 11.901123046875 19810.79222364779 221357
4890 41.5 72668.0763660108 109858.6561780571 464894.2380371094 11.901123046875 19936.163068876365 221758
4900 44.2 95296.44685522566 122936.97744706957 464894.2380371094 11.901123046875 20034.661734413177 222173
4910 37.9 96407.26421877573 123987.3997058663 464894.2380371094 11.901123046875 20184.09330471796 222615
4920 37.3 73209.5789431656 108368.07640481344 464894.2380371094 11.901123046875 20313.64200009285 222994
4930 32.9 54617.25325619776 90988.69292385441 464894.2380371094 11.901123046875 20401.97279416613 223367
4940 28.1 74561.27390927348 106784.87570847954 464894.2380371094 11.901123046875 20452.294781470366 223696
4950 33.3 58008.28240398599 94353.78399702226 464894.2380371094 11.901123046875 20520.17953363203 223977
4960 39.6 40084.79269255055 76100.65699426034 464894.2380371094 11.901123046875 20575.832595269174 224310
4970 39.5 67719.28705312988 97201.04354156609 464894.2380371094 11.901123046875 20610.213289147054 224706
4980 33.5 35964.69773568679 68213.96127011113 464894.2380371094 11.901123046875 20692.87877769119 225101
4990 48.5 54725.72369976239 87566.52974485858 464894.2380371094 11.901123046875 20715.572843195052 225436
5000 41.8 60853.11517480003 100407.67124284431 464894.2380371094 11.901123046875 20788.584750744307 225921
5010 52.5 85703.75923084078 125821.798435695 464894.2380371094 11.901123046875 20862.575418359058 226339
5020 44 78062.76461126155 122382.25525369037 464894.2380371094 11.901123046875 21012.62840826293 226864
5030 37.1 74706.21060912762 119142.71321895387 464894.2380371094 11.901123046875 21123.0622762517 227304
5040 48 44959.50268809001 93609.171745906 464894.2380371094 11.901123046875 21210.376860775683 227675
5050 37.9 70091.42028261047 120566.24861546715 464894.2380371094 11.901123046875 21260.34105352671 228155
5060 30.6 90988.3325434666 133653.59449845218 464894.2380371094 11.901123046875 21341.32234746032 228534
5070 21.4 88641.90183721525 131583.98413552166 464894.2380371094 11.343994140625 21434.452854015017 228840
5080 22.3 63916.949245025186 117697.81736306041 464894.2380371094 11.343994140625 21497.24326187694 229054
5090 11.6 45585.5896038187 100139.81440203787 464894.2380371094 11.333984375 21538.501628107493 229277
5100 11.1 76529.09822811095 120216.29161333473 464894.2380371094 11.333984375 21550.6618169763 229393
5110 4.2 116.37608119419643 149.3990392414621 464894.2380371094 11.333984375 21577.252231268147 229504
5120 2.8 107.48143659319196 127.1426216461307 464894.2380371094 11.333984375 21573.325537715205 229546
5129 0.5 45.36298828125 28.07152397601307 464894.2380371094 11.333984375 21570.70745537648 229574
