10 1.40234375 1.40234375
20 1.94296875 3.3453125
30 4.44296875 7.78828125
40 7.2265625 15.01484375
50 7.9921875 23.00703125
60 8.42421875 31.43125
70 9.615625 41.046875
80 8.21875 49.265625
90 6.2515625 55.5171875
100 11.31875 66.8359375
110 11.51171875 78.34765625
120 12.31328125 90.6609375
130 10.43359375 101.09453125
140 14.69921875 115.79375
150 23.22734375 139.02109375
160 17.0765625 156.09765625
170 16.8625 172.96015625
180 17.02890625 189.9890625
190 19.13828125 209.12734375
200 14.9796875 224.10703125
210 17.9765625 242.08359375
220 24.078125 266.16171875
230 21.25 287.41171875
240 23.82421875 311.2359375
250 23.14453125 334.38046875
260 21.81171875 356.1921875
270 26.9671875 383.159375
280 25.7484375 408.9078125
290 24.97734375 433.88515625
300 32.44375 466.32890625
310 31.0328125 497.36171875
320 25.33203125 522.69375
330 30.384375 553.078125
340 22.61875 575.696875
350 28.90546875 604.60234375
360 32.4515625 637.05390625
370 33.6265625 670.68046875
380 39.771875 710.45234375
390 45.26015625 755.7125
400 32.83828125 788.55078125
410 35.421875 823.97265625
420 36.4203125 860.39296875
430 40.5171875 900.91015625
440 36.67421875 937.584375
450 27.875 965.459375
460 26.090625 991.55
470 31.69609375 1023.24609375
480 49.47265625 1072.71875
490 48.62890625 1121.34765625
500 46.95703125 1168.3046875
510 42.76953125 1211.07421875
520 47.07421875 1258.1484375
530 45.08828125 1303.23671875
540 45.821875 1349.05859375
550 51.5875 1400.64609375
560 52.60078125 1453.246875
570 55.3546875 1508.6015625
580 49.34609375 1557.94765625
590 46.0046875 1603.95234375
600 60.26953125 1664.221875
610 65.26953125 1729.49140625
620 60.14140625 1789.6328125
630 58.66015625 1848.29296875
640 61.55546875 1909.8484375
650 61.23671875 1971.08515625
660 66.290625 2037.37578125
670 53.99765625 2091.3734375
680 59.0625 2150.4359375
690 62.828125 2213.2640625
700 58.890625 2272.1546875
710 55.04765625 2327.20234375
720 58.7578125 2385.96015625
730 64.58828125 2450.5484375
740 54.30546875 2504.85390625
750 62.1546875 2567.00859375
760 60.25 2627.25859375
770 64.31171875 2691.5703125
780 61.33828125 2752.90859375
790 62.16953125 2815.078125
800 62.18359375 2877.26171875
810 66.60234375 2943.8640625
820 73.2625 3017.1265625
830 65.00234375 3082.12890625
840 52.121875 3134.25078125
850 64.796875 3199.04765625
860 63.1796875 3262.22734375
870 61.915625 3324.14296875
880 69.94765625 3394.090625
890 87.65234375 3481.74296875
900 81.06171875 3562.8046875
910 84.4296875 3647.234375
920 78.015625 3725.25
930 79.15 3804.4
940 87.75 3892.15
950 83.646875 3975.796875
960 81.3125 4057.109375
970 77.34375 4134.453125
980 90.38203125 4224.83515625
990 82.47109375 4307.30625
1000 91.73125 4399.0375
1010 92.31484375 4491.35234375
1020 82.16796875 4573.5203125
1030 81.7625 4655.2828125
1040 85.55 4740.8328125
1050 92.72578125 4833.55859375
1060 101.534375 4935.09296875
1070 94.41640625 5029.509375
1080 97.765625 5127.275
1090 90.51953125 5217.79453125
1100 89.30078125 5307.0953125
1110 88.1734375 5395.26875
1120 95.046875 5490.315625
1130 93.45625 5583.771875
1140 106.978125 5690.75
1150 100.6640625 5791.4140625
1160 88.9609375 5880.375
1170 90.87109375 5971.24609375
1180 105.02734375 6076.2734375
1190 118.6609375 6194.934375
1200 126.5484375 6321.4828125
1210 113.796875 6435.2796875
1220 132.51328125 6567.79296875
1230 139.80703125 6707.6
1240 136.4078125 6844.0078125
1250 146.30390625 6990.31171875
1260 126.115625 7116.42734375
1270 129.20234375 7245.6296875
1280 125.43359375 7371.06328125
1290 114.7453125 7485.80859375
1300 135.32734375 7621.1359375
1310 134.08359375 7755.21953125
1320 148.27265625 7903.4921875
1330 135.44140625 8038.93359375
1340 129.47109375 8168.4046875
1350 140.8640625 8309.26875
1360 131.83046875 8441.09921875
1370 122.85234375 8563.9515625
1380 129.38046875 8693.33203125
1390 132.034375 8825.36640625
1400 142.02578125 8967.3921875
1410 150.246875 9117.6390625
1420 139.1828125 9256.821875
1430 144.4734375 9401.2953125
1440 137.459375 9538.7546875
1450 118.04453125 9656.79921875
1460 136.9375 9793.73671875
1470 146.13046875 9939.8671875
1480 135.021875 10074.8890625
1490 144.82421875 10219.71328125
1500 132.6265625 10352.33984375
1510 134.5234375 10486.86328125
1520 143.83046875 10630.69375
1530 139.52890625 10770.22265625
1540 134.76953125 10904.9921875
1550 131.17578125 11036.16796875
1560 145.88203125 11182.05
1570 137.62109375 11319.67109375
1580 128.053125 11447.72421875
1590 125.1609375 11572.88515625
1600 121.00078125 11693.8859375
1610 130.7765625 11824.6625
1620 142.98125 11967.64375
1630 136.925 12104.56875
1640 149.87578125 12254.44453125
1650 144.70625 12399.15078125
1660 147.0296875 12546.18046875
1670 144.7828125 12690.96328125
1680 141.3890625 12832.35234375
1690 132.48984375 12964.8421875
1700 134.12421875 13098.96640625
1710 131.75859375 13230.725
1720 127.65703125 13358.38203125
1730 133.353125 13491.73515625
1740 132.31171875 13624.046875
1750 136.47265625 13760.51953125
1760 127.7125 13888.23203125
1770 128.41015625 14016.6421875
1780 138.31796875 14154.96015625
1790 132.3875 14287.34765625
1800 132.60625 14419.95390625
1810 133.775 14553.72890625
1820 132.95703125 14686.6859375
1830 131.47421875 14818.16015625
1840 130.9296875 14949.08984375
1850 121.65078125 15070.740625
1860 130.2734375 15201.0140625
1870 121.43828125 15322.45234375
1880 113.12265625 15435.575
1890 135.9578125 15571.5328125
1900 136.42890625 15707.96171875
1910 133.88671875 15841.8484375
1920 125.48046875 15967.32890625
1930 124.66171875 16091.990625
1940 131.1734375 16223.1640625
1950 125.38203125 16348.54609375
1960 121.89921875 16470.4453125
1970 129.0796875 16599.525
1980 121.20625 16720.73125
1990 119.33125 16840.0625
2000 128.21953125 16968.28203125
2010 90.3953125 17058.67734375
2020 126.07734375 17184.7546875
2030 112.78046875 17297.53515625
2040 121.32890625 17418.8640625
2050 127.94140625 17546.80546875
2060 137.60625 17684.41171875
2070 115.63203125 17800.04375
2080 125.8484375 17925.8921875
2090 111.61796875 18037.51015625
2100 96.409375 18133.91953125
2110 113.2390625 18247.15859375
2120 126.28671875 18373.4453125
2130 111.67109375 18485.11640625
2140 112.78125 18597.89765625
2150 105.50234375 18703.4
2160 116.1265625 18819.5265625
2170 111.3375 18930.8640625
2180 99.09375 19029.9578125
2190 118.534375 19148.4921875
2200 116.67421875 19265.16640625
2210 79.11171875 19344.278125
2220 128.50546875 19472.78359375
2230 115.69453125 19588.478125
2240 94.7796875 19683.2578125
2250 118.6203125 19801.878125
2260 113.50078125 19915.37890625
2270 120.91171875 20036.290625
2280 100.60078125 20136.89140625
2290 111.3765625 20248.26796875
2300 99.734375 20348.00234375
2310 103.3484375 20451.35078125
2320 121.57265625 20572.9234375
2330 114.97109375 20687.89453125
2340 108.278125 20796.17265625
2350 106.28984375 20902.4625
2360 117.7296875 21020.1921875
2370 111.79296875 21131.98515625
2380 103.09609375 21235.08125
2390 113.0140625 21348.0953125
2400 100.44609375 21448.54140625
2410 107.0078125 21555.54921875
2420 98.15234375 21653.7015625
2430 81.06953125 21734.77109375
2440 70.63046875 21805.4015625
2450 111.6125 21917.0140625
2460 99.5609375 22016.575
2470 107.578125 22124.153125
2480 120.578125 22244.73125
2490 100.18203125 22344.91328125
2500 96.965625 22441.87890625
2510 106.365625 22548.24453125
2520 105.05625 22653.30078125
2530 102.8 22756.10078125
2540 88.60703125 22844.7078125
2550 106.6875 22951.3953125
2560 96.803125 23048.1984375
2570 104.1015625 23152.3
2580 104.54140625 23256.84140625
2590 96.06484375 23352.90625
2600 113.58203125 23466.48828125
2610 112.46328125 23578.9515625
2620 93.1171875 23672.06875
2630 84.275 23756.34375
2640 110.5078125 23866.8515625
2650 97.16875 23964.0203125
2660 108.5453125 24072.565625
2670 93.11796875 24165.68359375
2680 97.9109375 24263.59453125
2690 90.90703125 24354.5015625
2700 94.0390625 24448.540625
2710 99.68203125 24548.22265625
2720 89.8 24638.02265625
2730 101.95703125 24739.9796875
2740 103.6140625 24843.59375
2750 86.0625 24929.65625
2760 92.615625 25022.271875
2770 92.1734375 25114.4453125
2780 94.7890625 25209.234375
2790 81.43984375 25290.67421875
2800 105.13125 25395.80546875
2810 82.49609375 25478.3015625
2820 102.1078125 25580.409375
2830 96.34609375 25676.75546875
2840 89.725 25766.48046875
2850 94.64765625 25861.128125
2860 91.97421875 25953.10234375
2870 99.93828125 26053.040625
2880 89.56484375 26142.60546875
2890 84.60859375 26227.2140625
2900 96.37109375 26323.58515625
2910 88.39609375 26411.98125
2920 99.76640625 26511.74765625
2930 110.703125 26622.45078125
2940 79.41640625 26701.8671875
2950 74.52578125 26776.39296875
2960 89.59140625 26865.984375
2970 83.70859375 26949.69296875
2980 73.53828125 27023.23125
2990 90.2796875 27113.5109375
3000 81.1375 27194.6484375
3010 83.34765625 27277.99609375
3020 98.09140625 27376.0875
3030 78.96640625 27455.05390625
3040 89.6734375 27544.72734375
3050 83.125 27627.85234375
3060 97.86875 27725.72109375
3070 83.9625 27809.68359375
3080 97.53984375 27907.2234375
3090 89.2015625 27996.425
3100 96.228125 28092.653125
3110 93.28203125 28185.93515625
3120 82.2546875 28268.18984375
3130 79.46171875 28347.6515625
3140 88.7515625 28436.403125
3150 88.43828125 28524.84140625
3160 81.484375 28606.32578125
3170 101.1359375 28707.46171875
3180 92.1015625 28799.56328125
3190 72.1890625 28871.75234375
3200 111.9515625 28983.70390625
3210 85.58671875 29069.290625
3220 100.87890625 29170.16953125
3230 94.8890625 29265.05859375
3240 95.19140625 29360.25
3250 84.07890625 29444.32890625
3260 74.86875 29519.19765625
3270 80.93125 29600.12890625
3280 81.37734375 29681.50625
3290 77.4328125 29758.9390625
3300 98.8890625 29857.828125
3310 97.29609375 29955.12421875
3320 70.64609375 30025.7703125
3330 91.73671875 30117.50703125
3340 87.2109375 30204.71796875
3350 102.3828125 30307.10078125
3360 61.615625 30368.71640625
3370 84.31015625 30453.0265625
3380 81.44765625 30534.47421875
3390 89.4203125 30623.89453125
3400 89.790625 30713.68515625
3410 87.27265625 30800.9578125
3420 93.22265625 30894.18046875
3430 83.9640625 30978.14453125
3440 87.125 31065.26953125
3450 82.42890625 31147.6984375
3460 86.36171875 31234.06015625
3470 88.39140625 31322.4515625
3480 81.66171875 31404.11328125
3490 81.934375 31486.04765625
3500 92.56640625 31578.6140625
3510 85.909375 31664.5234375
3520 80.83125 31745.3546875
3530 90.165625 31835.5203125
3540 87.55546875 31923.07578125
3550 78.56328125 32001.6390625
3560 83.54375 32085.1828125
3570 80.51953125 32165.70234375
3580 68.48515625 32234.1875
3590 72.95390625 32307.14140625
3600 80.87734375 32388.01875
3610 89.0453125 32477.0640625
3620 96.28828125 32573.35234375
3630 76.7875 32650.13984375
3640 88.728125 32738.86796875
3650 92.88984375 32831.7578125
3660 88.53359375 32920.29140625
3670 76.9671875 32997.25859375
3680 83.17890625 33080.4375
3690 88.79375 33169.23125
3700 78.78125 33248.0125
3710 93.15078125 33341.16328125
3720 52.30078125 33393.4640625
3730 88.6578125 33482.121875
3740 83.64375 33565.765625
3750 88.6921875 33654.4578125
3760 75.73046875 33730.18828125
3770 72.503125 33802.69140625
3780 81.06328125 33883.7546875
3790 73.01328125 33956.76796875
3800 76.725 34033.49296875
3810 60.5 34093.99296875
3820 79.203125 34173.19609375
3830 94.5734375 34267.76953125
3840 82.9828125 34350.75234375
3850 80.47109375 34431.2234375
3860 87.41484375 34518.63828125
3870 65.95234375 34584.590625
3880 60.3359375 34644.9265625
3890 74.540625 34719.4671875
3900 79.15703125 34798.62421875
3910 85.05859375 34883.6828125
3920 82.05390625 34965.73671875
3930 83.1921875 35048.92890625
3940 90.6375 35139.56640625
3950 91.16953125 35230.7359375
3960 83.9703125 35314.70625
3970 64.30234375 35379.00859375
3980 75.1890625 35454.19765625
3990 75.21875 35529.41640625
4000 91.14765625 35620.5640625
4010 73.05 35693.6140625
4020 98.003125 35791.6171875
4030 81.1765625 35872.79375
4040 70.5734375 35943.3671875
4050 78.5078125 36021.875
4060 52.82421875 36074.69921875
4070 74.69140625 36149.390625
4080 88.7484375 36238.1390625
4090 63.859375 36301.9984375
4100 79.7171875 36381.715625
4110 76.82578125 36458.54140625
4120 80.35 36538.89140625
4130 68.8234375 36607.71484375
4140 77.93671875 36685.6515625
4150 67.31328125 36752.96484375
4160 84.221875 36837.18671875
4170 90.74609375 36927.9328125
4180 80.04296875 37007.97578125
4190 81.21328125 37089.1890625
4200 52.046875 37141.2359375
4210 72.7828125 37214.01875
4220 79.63125 37293.65
4230 85.084375 37378.734375
4240 79.49375 37458.228125
4250 80.15390625 37538.38203125
4260 83.91875 37622.30078125
4270 72.1796875 37694.48046875
4280 74.31015625 37768.790625
4290 75.5015625 37844.2921875
4300 72.0546875 37916.346875
4310 66.17109375 37982.51796875
4320 69.7921875 38052.31015625
4330 80.7125 38133.02265625
4340 79.78515625 38212.8078125
4350 80.7765625 38293.584375
4360 64.79765625 38358.38203125
4370 66.2484375 38424.63046875
4380 76.053125 38500.68359375
4390 82.59296875 38583.2765625
4400 72.2625 38655.5390625
4410 36.69765625 38692.23671875
4420 81.5265625 38773.76328125
4430 53.67578125 38827.4390625
4440 56.70234375 38884.14140625
4450 36.12109375 38920.2625
4460 7.33671875 38927.59921875
4470 9.8015625 38937.40078125
4480 8.41328125 38945.8140625
4490 6.95234375 38952.76640625
4500 6.86328125 38959.6296875
4510 79.2359375 39038.865625
4520 88.971875 39127.8375
4530 91.1 39218.9375
4540 80.8390625 39299.7765625
4550 78.2671875 39378.04375
4560 65.37578125 39443.41953125
4570 79.8796875 39523.29921875
4580 64.83671875 39588.1359375
4590 67.825 39655.9609375
4600 72.21484375 39728.17578125
4610 79.5265625 39807.70234375
4620 61.896875 39869.59921875
4630 74.92734375 39944.5265625
4640 89.86484375 40034.39140625
4650 66.64609375 40101.0375
4660 71.00703125 40172.04453125
4670 71.94296875 40243.9875
4680 68.8296875 40312.8171875
4690 77.5921875 40390.409375
4700 80.4140625 40470.8234375
4710 66.16484375 40536.98828125
4720 77.8421875 40614.83046875
4730 88.6734375 40703.50390625
4740 79.74609375 40783.25
4750 71.915625 40855.165625
4760 67.16171875 40922.32734375
4770 87.91484375 41010.2421875
4780 63.34765625 41073.58984375
4790 82.03125 41155.62109375
4800 82.56171875 41238.1828125
4810 66.88203125 41305.06484375
4820 76.26015625 41381.325
4830 69.3203125 41450.6453125
4840 70.85625 41521.5015625
4850 78.4 41599.9015625
4860 65.0734375 41664.975
4870 67.265625 41732.240625
4880 60.065625 41792.30625
4890 76.58671875 41868.89296875
4900 70.7921875 41939.68515625
4910 61.6296875 42001.31484375
4920 64.93203125 42066.246875
4930 65.36015625 42131.60703125
4940 49.0921875 42180.69921875
4950 63.8328125 42244.53203125
4960 84.446875 42328.97890625
4970 71.675 42400.65390625
4980 76.4609375 42477.11484375
4990 96.6859375 42573.80078125
5000 78.17890625 42651.9796875
5010 89.89453125 42741.87421875
5020 81.978125 42823.85234375
5030 77.9078125 42901.76015625
5040 82.15859375 42983.91875
5050 71.259375 43055.178125
5060 58.66796875 43113.84609375
5070 43.1234375 43156.96953125
5080 46.56328125 43203.5328125
5090 27.7671875 43231.3
5100 24.7875 43256.0875
5110 11.47265625 43267.56015625
5120 10.4109375 43277.97109375
5129 2.165625 43280.13671875
