1960 0.1 1
1970 0.1 2
1980 0 2
1990 0.1 3
2000 0.2 5
2010 0.2 7
2020 0.3 10
2030 0.2 12
2040 0.1 13
2050 0.2 15
2060 0 15
2070 0.2 17
2080 0.1 18
2090 0.5 23
2100 0 23
2110 0 23
2120 0.4 27
2130 0.4 31
2140 0.2 33
2150 0.4 37
2160 0.2 39
2170 0 39
2180 0 39
2190 0.7 46
2200 0.4 50
2210 0.1 51
2220 0.4 55
2230 0.3 58
2240 0.4 62
2250 0.2 64
2260 0.4 68
2270 0.8 76
2280 0.5 81
2290 0.3 84
2300 0.1 85
2310 0.4 89
2320 0 89
2330 0.4 93
2340 0.3 96
2350 0.6 102
2360 0.4 106
2370 0.4 110
2380 0.4 114
2390 0.6 120
2400 0 120
2410 0.3 123
2420 0.5 128
2430 0 128
2440 0.2 130
2450 0.5 135
2460 0.6 141
2470 0.1 142
2480 0.1 143
2490 0 143
2500 0 143
2510 0.1 144
2520 0 144
2530 0 144
2540 0 144
2550 0 144
2560 0 144
2570 0 144
2580 0 144
2590 0 144
2594 0 144
