1910 0.6 6
1920 2.8 34
1930 2.2 56
1940 6 116
1950 5.6 172
1960 7.2 244
1970 8 324
1980 7.5 399
1990 7.2 471
2000 6.2 533
2010 4.9 582
2020 2.4 606
2030 1.8 624
2040 2 644
2050 3.4 678
2060 4.9 727
2070 6.4 791
2080 6.2 853
2090 2.9 882
2100 6.1 943
2110 8 1023
2120 8.4 1107
2130 6.6 1173
2140 7.8 1251
2150 7.8 1329
2160 4.6 1375
2170 6.5 1440
2180 5.7 1497
2190 0.8 1505
2200 1.2 1517
2210 4.3 1560
2220 4.1 1601
2230 5 1651
2240 2.9 1680
2250 8.6 1766
2260 4.4 1810
2270 4.1 1851
2280 6.7 1918
2290 7.9 1997
2300 8 2077
2310 5.5 2132
2320 10.4 2236
2330 4.8 2284
2340 6.8 2352
2350 7.4 2426
2360 7.8 2504
2370 2.9 2533
2380 0.9 2542
2390 0 2542
2400 0 2542
2410 0 2542
2420 0 2542
2430 0 2542
2440 0 2542
2450 0 2542
2460 0 2542
2470 0 2542
2480 0 2542
2490 0 2542
2500 0 2542
2510 0 2542
2520 0 2542
2530 0 2542
2540 0 2542
2550 0 2542
2560 0 2542
2570 0 2542
2580 0 2542
2590 0 2542
2594 0 2542
