10 0.1 1.18798828125 0.0 1.18798828125 1.18798828125 0 0
20 0.3 1.1256510416666667 0.20741441245902065 1.368896484375 0.862060546875 1.18798828125 1
30 0.5 0.954541015625 0.13206454427195727 1.368896484375 0.73388671875 1.1412353515625 4
40 0.4 1.0985107421875 0.1822550646048123 1.368896484375 0.73388671875 1.0375162760416667 9
50 0.4 1.06439208984375 0.061587678582002446 1.368896484375 0.73388671875 1.0562838040865385 13
60 0.4 0.992431640625 0.17906637230858619 1.368896484375 0.73388671875 1.0581916360294117 17
70 0.1 1.149169921875 0.0 1.368896484375 0.73388671875 1.0456659226190477 21
80 0.5 0.978515625 0.025850330626625645 1.368896484375 0.73388671875 1.0503706498579546 22
90 0.6 15.966593424479166 21.363668942401336 49.704833984375 0.73388671875 1.0370641637731481 27
100 0.5 12.24521484375 22.420582347439357 57.086181640625 0.73388671875 3.7515240293560606 33
110 0.5 1.078759765625 0.20445051378879187 57.086181640625 0.73388671875 4.8691149259868425 38
120 0.5 1.003955078125 0.08035059281553626 57.086181640625 0.73388671875 4.428375953851744 43
130 0.6 1.0148518880208333 0.1356414799461104 57.086181640625 0.73388671875 4.071665445963542 48
140 0.9 3.614773220486111 5.924846408564369 57.086181640625 0.73388671875 3.7320194950810186 54
150 0.3 1.0379231770833333 0.058545014635241845 57.086181640625 0.73388671875 3.715270027281746 63
160 0.5 1.13876953125 0.10155482336522809 57.086181640625 0.73388671875 3.5935724431818183 66
170 0.6 1.1204833984375 0.41489977724673555 57.086181640625 0.73388671875 3.4206989986795775 71
180 0.6 3.8271484375 6.075562380634889 57.086181640625 0.73388671875 3.241461419439935 77
190 0.4 1.34197998046875 0.28072198337831794 57.086181640625 0.73388671875 3.2838002400225905 83
200 0.4 8.53125 12.494443601435497 57.086181640625 0.73388671875 3.1945211476293105 87
210 0.3 6.012369791666667 6.626169624286503 57.086181640625 0.73388671875 3.4291026356456045 91
220 0.5 2.30419921875 1.9862968089768056 57.086181640625 0.73388671875 3.5115473321143615 94
230 0.6 3.4934488932291665 5.306472675353827 57.086181640625 0.73388671875 3.450570154671717 99
240 0.5 1.04501953125 0.12448036906195016 57.086181640625 0.73388671875 3.4530203683035716 105
250 1 1.3091796875 0.6584801174252742 57.086181640625 0.73388671875 3.3435657848011364 110
260 0.3 1.5619303385416667 0.5845581547378162 57.086181640625 0.73388671875 3.174033610026042 120
270 0.4 1.34356689453125 0.088435939700917 57.086181640625 0.73388671875 3.134714018038618 123
280 0.8 1.41998291015625 0.3654073774662434 57.086181640625 0.73388671875 3.0782999354084644 127
290 0.4 1.4677734375 0.2316971708244365 57.086181640625 0.73388671875 2.980029296875 135
300 0.4 7.69677734375 11.082954442239165 57.086181640625 0.73388671875 2.9365111426483814 139
310 0.3 10.960042317708334 13.68461641848496 57.086181640625 0.73388671875 3.069665441979895 143
320 0.7 1.2927594866071428 0.13926936043110053 57.086181640625 0.73388671875 3.2317964736729454 146
330 0.8 6.458831787109375 9.101136020718876 57.086181640625 0.73388671875 3.1430823631535953 153
340 0.3 1.291259765625 0.26130811066291426 57.086181640625 0.73388671875 3.3078400985054355 161
350 0.4 1.2342529296875 0.07027868941456694 57.086181640625 0.73388671875 3.2709514338795738 164
360 0.3 1.0686848958333333 0.08286271721964297 57.086181640625 0.73388671875 3.222458612351191 168
370 0.2 1.5885009765625 0.5164794921875 57.086181640625 0.73388671875 3.1846731085526323 171
380 0.3 1.0970865885416667 0.06642340145641884 57.086181640625 0.73388671875 3.1662202515354054 173
390 0.3 1.397705078125 0.32706115469281366 57.086181640625 0.73388671875 3.1309509277343754 176
400 0.5 6.81103515625 11.173794388649283 57.086181640625 0.73388671875 3.1019021146124306 179
410 0.6 11.246297200520834 19.196705284621103 57.086181640625 0.73388671875 3.202693773352582 184
420 0.9 6.033772786458333 9.257918530450294 57.086181640625 0.73388671875 3.4567023026315797 190
430 0.5 11.2919921875 11.799243155752675 57.086181640625 0.73388671875 3.573253229035805 199
440 0.4 1.12298583984375 0.04804436126584131 57.086181640625 0.73388671875 3.7624380074295347 204
450 0.3 1.0760091145833333 0.11385600124322487 57.086181640625 0.73388671875 3.711679311899039 208
460 0.3 1.1775716145833333 0.24344042929553386 57.086181640625 0.73388671875 3.6742053280509483 211
470 0.5 1.021630859375 0.11704505910242657 57.086181640625 0.73388671875 3.6392057900116828 214
480 0.5 1.42197265625 0.38427053753303825 57.086181640625 0.73388671875 3.57944380529395 219
490 0.6 1.0849609375 0.17084326443842454 57.086181640625 0.73388671875 3.531285967145648 224
500 0.7 14.29736328125 21.494509710417592 57.086181640625 0.73388671875 3.46746879245924 230
510 0.9 1.0650227864583333 0.26540482814542754 57.086181640625 0.73388671875 3.7873390938159286 237
520 0.5 6.5912109375 11.174637944588387 57.086181640625 0.73388671875 3.6877421557418706 246
530 0.6 9.313273111979166 18.69814457063795 57.086181640625 0.73388671875 3.745580179282869 251
540 0.6 6.646443684895833 12.516990523166141 57.086181640625 0.73388671875 3.8755652282952338 257
550 0.2 2.302978515625 1.238037109375 57.086181640625 0.73388671875 3.938779185480038 263
560 0.2 1.199462890625 0.1044921875 57.086181640625 0.73388671875 3.9264335200471696 265
570 0.4 11.98468017578125 10.667619672774888 57.086181640625 0.73388671875 3.9060067737593633 267
580 1 1.3286865234375 1.000968869361157 57.086181640625 0.73388671875 4.025249185597325 271
590 0.6 6.9619140625 8.575593336215695 57.086181640625 0.73388671875 3.9292861015346974 281
600 1.1 1.2156427556818181 0.18826879306622976 57.086181640625 0.73388671875 3.992685989220383 287
610 0.4 1.614013671875 0.3926161562589447 57.086181640625 0.73388671875 3.890177681942114 298
620 0.3 2.78125 2.106204704605087 57.086181640625 0.73388671875 3.860029814259106 302
630 0.9 7.557101779513889 11.537793652368231 57.086181640625 0.73388671875 3.8494188652663937 305
640 0.4 8.52093505859375 12.518292807534388 57.086181640625 0.73388671875 3.955690031598328 314
650 0.5 3.9490234375 5.422272018276051 57.086181640625 0.73388671875 4.013114497346698 318
660 0.8 10.54522705078125 24.953729913526875 76.56396484375 0.73388671875 4.012122375677245 323
670 0.6 11.138142903645834 10.182024794444736 76.56396484375 0.73388671875 4.170022186555891 331
680 0.8 2.9227294921875 4.283162916545292 76.56396484375 0.73388671875 4.294083683002596 337
690 0.6 6.5948486328125 8.468739894037446 76.56396484375 0.73388671875 4.26228416553442 345
700 1 2.0134765625 2.748900056553494 76.56396484375 0.73388671875 4.302157062410969 351
710 0.5 14.431396484375 14.733280393651352 76.56396484375 0.73388671875 4.238758710612881 361
720 0.3 3.3318684895833335 2.6626699791359005 76.56396484375 0.73388671875 4.37800239604679 366
730 0.7 1.8522600446428572 1.7909797130172482 76.56396484375 0.73388671875 4.369497242335705 369
740 0.8 10.8541259765625 15.51570561120105 76.56396484375 0.73388671875 4.322633783868019 376
750 0.7 6.070207868303571 10.534358910602068 76.56396484375 0.73388671875 4.458706537882487 384
760 0.5 11.58642578125 12.983027660732366 76.56396484375 0.73388671875 4.48755694533248 391
770 0.1 1.409912109375 0.0 76.56396484375 0.73388671875 4.577189127604166 396
780 0.5 4.01240234375 5.749732028687784 76.56396484375 0.73388671875 4.56921109985044 397
790 0.6 1.3390299479166667 0.1800450439666057 76.56396484375 0.73388671875 4.56228561780939 402
800 0.3 11.795003255208334 7.705041551093544 76.56396484375 0.73388671875 4.514884799134497 408
810 0.2 0.982421875 0.0166015625 76.56396484375 0.73388671875 4.568024349908758 411
820 0.9 1.1082628038194444 0.1685818902744139 76.56396484375 0.73388671875 4.550660657536318 413
830 0.7 1.114013671875 0.1461563360968495 76.56396484375 0.73388671875 4.4772445895660535 422
840 0.6 1.0085042317708333 0.07974090490361037 76.56396484375 0.73388671875 4.422366695804195 429
850 0.7 1.1846051897321428 0.3775102617158236 76.56396484375 0.73388671875 4.375278937679597 435
860 0.4 1.12396240234375 0.06798283551594124 76.56396484375 0.73388671875 4.324747905472284 442
870 0.4 0.9757080078125 0.0435791015625 76.56396484375 0.73388671875 4.296041309031669 446
880 0.7 2.751255580357143 4.280906338126875 76.56396484375 0.73388671875 4.266527235243054 450
890 0.9 6.894775390625 16.185224160352284 76.56396484375 0.73388671875 4.243317384949397 457
900 0.4 1.01678466796875 0.010515597554549363 76.56396484375 0.73388671875 4.2945258013680245 466
910 1.3 10.204702524038462 17.63170830802257 76.56396484375 0.72900390625 4.266630132147605 470
920 0.6 1.1530354817708333 0.1345661855998971 76.56396484375 0.72900390625 4.426454026753363 483
930 0.8 1.230560302734375 0.18707724187797511 76.56396484375 0.72900390625 4.38628938202965 489
940 0.9 0.9470757378472222 0.12916742846447749 76.56396484375 0.72900390625 4.335492938097333 497
950 0.8 11.404388427734375 17.938419144013285 76.56396484375 0.72900390625 4.275224647974307 506
960 0.7 3.1580287388392856 4.997782301761722 76.56396484375 0.72900390625 4.38618439551921 514
970 0.7 2.2923060825892856 2.626445300089234 76.56396484375 0.72900390625 4.369683263855564 521
980 0.6 1.068603515625 0.1755572551968276 76.56396484375 0.72900390625 4.342142278497867 528
990 0.5 1.0166015625 0.07176621538945525 76.56396484375 0.72900390625 4.305360944083565 534
1000 0.7 14.855852399553571 22.596316774564116 76.56396484375 0.72900390625 4.2748529720837185 539
1010 0.4 1.0845947265625 0.12422914041692361 76.56396484375 0.72900390625 4.410506810897434 546
1020 0.5 1.905615234375 1.3632612656492131 76.56396484375 0.72900390625 4.386318359374998 550
1030 0.6 1.25146484375 0.1545669831148821 76.56396484375 0.72900390625 4.363969682573196 555
1040 0.7 5.356410435267857 9.00863010828097 76.56396484375 0.72900390625 4.330680860767601 561
1050 0.9 2.1722819010416665 2.8777102673793182 76.56396484375 0.72900390625 4.343321894256161 568
1060 0.4 13.13116455078125 20.834572087841643 76.56396484375 0.72900390625 4.309458185523179 577
1070 0.8 1.119354248046875 0.13585665905208164 76.56396484375 0.72900390625 4.370192824870911 581
1080 0.4 5.2659912109375 7.173595227356463 76.56396484375 0.72900390625 4.326038820431875 589
1090 0.4 1.1826171875 0.06432097788577415 76.56396484375 0.72900390625 4.332379140098018 593
1100 0.5 8.09580078125 13.870170332289725 76.56396484375 0.72900390625 4.311275207417294 597
1110 0.9 1.9705946180555556 1.9766481440827477 76.56396484375 0.72900390625 4.342708144077034 602
1120 0.2 1.240478515625 0.113525390625 76.56396484375 0.72900390625 4.307767028309124 611
1130 0.7 1.4931291852678572 0.5062477809543086 76.56396484375 0.72900390625 4.297759561709829 613
1140 0.3 1.0879720052083333 0.010849541496906112 76.56396484375 0.72900390625 4.266094380040323 620
1150 1 6.9751708984375 17.401352658136474 76.56396484375 0.72900390625 4.250790419968901 623
1160 0.8 1.8424072265625 1.3878287802181333 76.56396484375 0.72900390625 4.293829606042654 633
1170 0.9 6.589762369791667 10.796625355571509 76.56396484375 0.72900390625 4.263234630947738 641
1180 1.1 14.413796164772727 16.986370847212463 76.56396484375 0.72900390625 4.295448091947115 650
1190 0.3 1.2227376302083333 0.027742893779242106 76.56396484375 0.72900390625 4.463832099210476 661
1200 0.6 11.086018880208334 21.81265224654446 76.56396484375 0.72900390625 4.449188600103539 664
1210 0.6 1.1524658203125 0.27722243221152265 76.56396484375 0.72900390625 4.508622901119402 670
1220 1.1 5.913729580965909 13.218460311549045 76.56396484375 0.72900390625 4.4788345246625365 676
1230 0.8 6.196136474609375 9.286066186390892 76.56396484375 0.72900390625 4.501809554676128 687
1240 1.2 5.310546875 7.332908290679284 76.56396484375 0.72900390625 4.521312598358813 695
1250 1.3 12.4091796875 20.178337414855566 76.56396484375 0.72900390625 4.534708371088225 707
1260 1 16.2951416015625 24.253071922086388 76.56396484375 0.72900390625 4.676886325412327 720
1270 0.9 9.176133897569445 13.31187710382351 76.56396484375 0.72900390625 4.8360405072773975 730
1280 1 18.95849609375 12.990683294995486 76.56396484375 0.72900390625 4.888896854385149 739
1290 1.1 10.371293501420455 23.891411415468653 83.6259765625 0.72900390625 5.076741971065588 749
1300 1.2 5.103230794270833 9.728662326910474 83.6259765625 0.72900390625 5.153373637952304 760
1310 1.1 17.218461470170453 19.508100776826478 83.6259765625 0.72900390625 5.152594215511659 772
1320 1.3 4.814659705528846 8.96072242014937 83.6259765625 0.72900390625 5.32210192917864 783
1330 1.5 2.856298828125 4.904030380634867 83.6259765625 0.72900390625 5.313814556179334 796
1340 1.1 10.076748934659092 16.199179234137866 83.6259765625 0.72900390625 5.268361121011868 811
1350 1.3 4.301757812500001 7.456618668401721 83.6259765625 0.72900390625 5.332706943335614 822
1360 1.5 9.342692057291666 14.722601580240678 83.6259765625 0.72900390625 5.316656238304641 835
1370 1.7 12.830925436580882 21.067380792443387 83.6259765625 0.72900390625 5.387703929227941 850
1380 1 25.9968505859375 26.824683755388573 93.821044921875 0.72900390625 5.5336494489799595 867
1390 1.3 11.735708383413462 17.49931787864839 93.821044921875 0.72900390625 5.766981274942988 877
1400 1.1 17.33291903409091 24.08355657912268 93.821044921875 0.72900390625 5.854164929336377 890
1410 1.2 19.712687174479168 20.524764937796746 93.821044921875 0.72900390625 5.994305101536487 901
1420 1.4 6.120448521205357 10.452809867942111 93.821044921875 0.72900390625 6.174612423415252 913
1430 1 12.6932861328125 18.99140021052463 93.821044921875 0.72900390625 6.173794414104639 927
1440 1 12.9622802734375 14.158958600875064 93.821044921875 0.72900390625 6.243372767559365 937
1450 1.3 5.364032451923077 9.639811556971752 93.821044921875 0.72900390625 6.314322160440866 947
1460 1 15.9404541015625 16.418053356536248 93.821044921875 0.72900390625 6.301453653971354 960
1470 1.1 3.4084028764204546 5.057713606912324 93.821044921875 0.72900390625 6.400824792606315 970
1480 1.1 7.934614701704546 11.904728700488112 93.821044921875 0.72900390625 6.3672706222923035 981
1490 0.5 29.596337890625 27.660054591756666 93.821044921875 0.72900390625 6.384650445753528 992
1500 1 9.1021484375 14.541615849800547 93.821044921875 0.72900390625 6.5010581059585 997
1510 1.5 17.722786458333335 24.39700408738955 93.821044921875 0.72900390625 6.526888198625248 1007
1520 1.2 10.446329752604166 15.313123724954307 93.821044921875 0.72900390625 6.6912115586013945 1022
1530 1.2 19.053771972656254 23.202228641241604 93.821044921875 0.72900390625 6.734791266849009 1034
1540 0.9 10.46701388888889 15.762863571583479 93.821044921875 0.72900390625 6.876118005347753 1046
1550 0.9 9.232774522569445 12.920276027376392 93.821044921875 0.72900390625 6.9067512403732225 1055
1560 0.5 1.026123046875 0.12714200567569622 93.821044921875 0.72900390625 6.926426249339168 1064
1570 0.6 8.465657552083334 15.578965195130781 93.821044921875 0.72900390625 6.898828947176099 1069
1580 0.8 1.05255126953125 0.1773547950531701 93.821044921875 0.72900390625 6.907574037063953 1075
1590 0.5 1.249169921875 0.3338690164787529 93.821044921875 0.72900390625 6.864323638042475 1083
1600 1.2 1.6407267252604167 1.3368937821572617 93.821044921875 0.72900390625 6.838518703685088 1088
1610 0.9 8.911675347222221 13.036262547201147 93.821044921875 0.72900390625 6.781815518465909 1100
1620 0.7 2.1551339285714284 2.7823623124704318 93.821044921875 0.72900390625 6.799100224019387 1109
1630 0.9 8.43234592013889 13.764529388933871 93.821044921875 0.72900390625 6.769971403169803 1116
1640 1.4 4.803152901785714 11.752966394182193 93.821044921875 0.72900390625 6.7832703993055565 1125
1650 1 6.1578369140625 13.822259128316226 93.821044921875 0.72900390625 6.758931817246489 1139
1660 1.4 12.7423095703125 20.263517406879433 93.821044921875 0.72900390625 6.753700355948108 1149
1670 1 3.7434326171875 7.993852344220163 93.821044921875 0.72900390625 6.825790234710878 1163
1680 1.1 15.573308771306818 17.809165365963285 93.821044921875 0.72900390625 6.799512676164216 1173
1690 0.7 11.795200892857142 17.349105720624014 93.821044921875 0.72900390625 6.8810259844805755 1184
1700 0.9 4.078043619791667 7.34811563344117 93.821044921875 0.72900390625 6.909908624580185 1191
1710 0.8 1.172271728515625 0.18723504648340492 93.821044921875 0.72900390625 6.888669637044271 1200
1720 1.1 31.325617009943183 52.822045604604604 174.39599609375 0.72900390625 6.850812697252691 1208
1730 0.7 8.548828125 17.982733701912544 174.39599609375 0.72900390625 7.071668191460726 1219
1740 1 5.8737060546875 10.914127762011606 174.39599609375 0.72900390625 7.080102220445045 1226
1750 1.6 11.693740844726563 15.895299003259534 174.39599609375 0.72900390625 7.070341733667071 1236
1760 0.8 10.297271728515625 12.947111913446475 174.39599609375 0.72900390625 7.129426706332368 1252
1770 1.4 6.786080496651786 10.394746947902469 174.39599609375 0.72900390625 7.149540008060516 1260
1780 1.5 9.242350260416666 13.160426886130189 174.39599609375 0.72900390625 7.1455459474955845 1274
1790 2.4 14.020304361979166 20.26039564504244 174.39599609375 0.72900390625 7.169946308002812 1289
1800 1.7 6.634349149816177 14.744225730676758 174.39599609375 0.72900390625 7.295162296803599 1313
1810 2.1 8.195219494047619 13.949437428392313 174.39599609375 0.72900390625 7.286715812969925 1330
1820 2.3 11.543626868206522 21.607303662395424 174.39599609375 0.72900390625 7.30083763184678 1351
1830 2.1 5.547491164434524 12.788071030575 174.39599609375 0.72900390625 7.371859576851347 1374
1840 1.8 3.941799587673611 6.223145057044071 174.39599609375 0.72900390625 7.344395966341846 1395
1850 1.6 15.726608276367188 20.22413255620678 174.39599609375 0.72900390625 7.301050789543525 1413
1860 1.8 13.452107747395834 18.96236592610673 174.39599609375 0.716796875 7.395388732013209 1429
1870 1.6 17.065399169921875 25.682485800785287 174.39599609375 0.716796875 7.4707314702833445 1447
1880 1.4 23.383213588169642 22.749291294901322 174.39599609375 0.716796875 7.575662901038107 1463
1890 2 6.48660888671875 13.315944282321375 174.39599609375 0.716796875 7.7254975047076 1477
1900 1.3 14.35143103966346 19.240380678237702 174.39599609375 0.716796875 7.708945886564797 1497
1910 2.1 12.636869884672619 17.46062787850764 174.39599609375 0.716796875 7.766132844836506 1510
1920 2 16.44146728515625 22.49939241143592 174.39599609375 0.716796875 7.832942431927662 1531
1930 2.2 7.165205522017046 11.787715587040648 174.39599609375 0.716796875 7.943948555115651 1551
1940 2 12.16221923828125 16.53175028194951 174.39599609375 0.716796875 7.933057044163223 1573
1950 2.3 12.974715523097826 25.954905213596454 174.39599609375 0.716796875 7.986153870203625 1593
1960 2.3 10.965310801630435 17.259714296323455 174.39599609375 0.716796875 8.057154438283185 1616
1970 1.6 13.859649658203125 19.270897949425628 174.39599609375 0.716796875 8.09796444216176 1639
1980 2.3 6.69580078125 12.147821198878626 174.39599609375 0.716796875 8.153666534884819 1655
1990 2.1 5.792306082589286 10.042391049592702 174.39599609375 0.716796875 8.133683869608538 1678
2000 2 6.58529052734375 14.845016058942317 174.39599609375 0.716796875 8.10474394404797 1699
2010 2 7.8642822265625 13.975510598670594 174.39599609375 0.716796875 8.087065602957752 1719
2020 2 11.23343505859375 17.432517798361992 174.39599609375 0.716796875 8.084503401964131 1739
2030 1.3 19.47496619591346 21.373344194149798 174.39599609375 0.716796875 8.120307059231097 1759
2040 2.2 7.681096857244318 15.78238070579588 174.39599609375 0.676025390625 8.203608734613079 1772
2050 1.6 2.96136474609375 7.226478067111027 174.39599609375 0.676025390625 8.197201119617475 1794
2060 1.3 11.923377403846153 17.749944152322136 174.39599609375 0.676025390625 8.150917483166436 1810
2070 2.2 8.447420987215908 15.15541732301649 174.39599609375 0.676025390625 8.17781928183283 1823
2080 1.9 16.002685546875004 22.836279009460608 174.39599609375 0.676025390625 8.181034044715448 1845
2090 1.5 3.160774739583333 4.026211407279846 174.39599609375 0.676025390625 8.260761179125872 1864
2100 2.7 8.260434751157408 12.221267038513862 174.39599609375 0.676025390625 8.220048142088544 1879
2110 2.7 32.90922489872685 83.70801581757298 441.568115234375 0.676025390625 8.22062025040169 1906
2120 2.7 12.40036349826389 18.50750593952327 441.568115234375 0.676025390625 8.565468840937013 1933
2130 1.6 15.493637084960941 22.053163866753177 441.568115234375 0.676025390625 8.618296471420598 1960
2140 3 9.589363606770833 15.524167247231148 441.568115234375 0.676025390625 8.673967245619306 1976
2150 2.4 6.721455891927083 13.249693398766379 441.568115234375 0.676025390625 8.687657121409208 2006
2160 1.7 11.535716337316176 19.86210681237552 441.568115234375 0.676025390625 8.664411392587745 2030
2170 2.1 15.844354538690476 22.609853446957917 441.568115234375 0.676025390625 8.688257110252808 2047
2180 2.1 10.599539620535714 14.791361212850022 441.568115234375 0.676025390625 8.760925411025143 2068
2190 1.3 11.59478290264423 19.078719116967783 441.568115234375 0.676025390625 8.779408368612373 2089
2200 2 14.580566406250005 20.49158418271196 441.568115234375 0.676025390625 8.79682029484568 2102
2210 2.3 10.206680961277172 15.509259561740496 441.568115234375 0.676025390625 8.851332510787286 2122
2220 2.3 8.245042883831522 16.69058375904099 441.568115234375 0.676025390625 8.865865384615383 2145
2230 1.7 6.527386833639706 14.274717983152053 441.568115234375 0.676025390625 8.859279168048026 2168
2240 1.6 8.072357177734375 15.514068441372325 441.568115234375 0.676025390625 8.841136298627001 2185
2250 2.5 6.062666015625 11.678872123038104 441.568115234375 0.676025390625 8.835547718011698 2201
2260 2.2 8.625599254261363 16.170213234959814 441.568115234375 0.676025390625 8.804405740222089 2226
2270 1.9 8.14270662006579 12.434826558359001 441.568115234375 0.676025390625 8.802655854683328 2248
2280 2.8 8.657697405133927 16.68270265491645 441.568115234375 0.676025390625 8.797124740674624 2267
2290 2 11.3300537109375 16.686336829137247 441.568115234375 0.676025390625 8.795423666428375 2295
2300 2.7 10.000207971643519 15.044648172720636 441.568115234375 0.676025390625 8.81732111821679 2315
2310 3 9.669270833333336 15.948054003482344 441.568115234375 0.676025390625 8.830958157090626 2342
2320 2 13.30484619140625 19.61701107079119 441.568115234375 0.676025390625 8.84156076260803 2372
2330 1.9 8.075336657072368 17.248569015860756 441.568115234375 0.676025390625 8.878879202648148 2392
2340 2 6.439929199218748 11.175578390658357 441.568115234375 0.676025390625 8.872546847456967 2411
2350 1.8 10.162055121527779 17.472881609447562 441.568115234375 0.676025390625 8.852533538956447 2431
2360 2.1 10.52339099702381 17.28809427273208 441.568115234375 0.676025390625 8.862158442380817 2449
2370 1.1 20.403142755681817 30.384042143273998 441.568115234375 0.676025390625 8.87628228191422 2470
2380 0 0 0 441.568115234375 0.676025390625 8.927388878130037 2481
2390 0 0 0 441.568115234375 0.676025390625 8.927388878130037 2481
2400 0 0 0 441.568115234375 0.676025390625 8.927388878130037 2481
2410 0 0 0 441.568115234375 0.676025390625 8.927388878130037 2481
2420 0 0 0 441.568115234375 0.676025390625 8.927388878130037 2481
2430 0 0 0 441.568115234375 0.676025390625 8.927388878130037 2481
2440 0 0 0 441.568115234375 0.676025390625 8.927388878130037 2481
2450 0 0 0 441.568115234375 0.676025390625 8.927388878130037 2481
2460 0 0 0 441.568115234375 0.676025390625 8.927388878130037 2481
2470 0 0 0 441.568115234375 0.676025390625 8.927388878130037 2481
2480 0 0 0 441.568115234375 0.676025390625 8.927388878130037 2481
2490 0 0 0 441.568115234375 0.676025390625 8.927388878130037 2481
2500 0 0 0 441.568115234375 0.676025390625 8.927388878130037 2481
2510 0 0 0 441.568115234375 0.676025390625 8.927388878130037 2481
2520 0 0 0 441.568115234375 0.676025390625 8.927388878130037 2481
2530 0 0 0 441.568115234375 0.676025390625 8.927388878130037 2481
2540 0 0 0 441.568115234375 0.676025390625 8.927388878130037 2481
2550 0.1 1.37109375 0.0 441.568115234375 0.676025390625 8.927388878130037 2481
2560 0 0 0 441.568115234375 0.676025390625 8.92434444012515 2482
2570 0 0 0 441.568115234375 0.676025390625 8.92434444012515 2482
2580 0 0 0 441.568115234375 0.676025390625 8.92434444012515 2482
2590 0 0 0 441.568115234375 0.676025390625 8.92434444012515 2482
2594 0 0 0 441.568115234375 0.676025390625 8.92434444012515 2482
