10 0 0
20 3 3
30 7 4
40 8 1
50 8 0
60 9 1
70 8 -1
80 7 -1
90 9 2
100 11 2
110 12 1
120 11 -1
130 13 2
140 14 1
150 12 -2
160 13 1
170 13 0
180 14 1
190 9 -5
200 10 1
210 9 -1
220 11 2
230 13 2
240 15 2
250 18 3
260 12 -6
270 9 -3
280 14 5
290 14 0
300 8 -6
310 8 0
320 11 3
330 15 4
340 10 -5
350 10 0
360 7 -3
370 6 -1
380 5 -1
390 7 2
400 9 2
410 12 3
420 16 4
430 17 1
440 17 0
450 12 -5
460 11 -1
470 9 -2
480 10 1
490 12 2
500 13 1
510 15 2
520 16 1
530 16 0
540 17 1
550 14 -3
560 6 -8
570 8 2
580 14 6
590 17 3
600 17 0
610 15 -2
620 9 -6
630 13 4
640 9 -4
650 8 -1
660 13 5
670 12 -1
680 18 6
690 15 -3
700 22 7
710 21 -1
720 12 -9
730 15 3
740 16 1
750 17 1
760 15 -2
770 9 -6
780 8 -1
790 8 0
800 10 2
810 5 -5
820 12 7
830 17 5
840 14 -3
850 16 2
860 16 0
870 15 -1
880 12 -3
890 18 6
900 17 -1
910 21 4
920 20 -1
930 22 2
940 22 0
950 20 -2
960 22 2
970 17 -5
980 15 -2
990 15 0
1000 18 3
1010 15 -3
1020 13 -2
1030 12 -1
1040 10 -2
1050 17 7
1060 13 -4
1070 13 0
1080 14 1
1090 14 0
1100 12 -2
1110 18 6
1120 13 -5
1130 15 2
1140 14 -1
1150 16 2
1160 21 5
1170 20 -1
1180 22 2
1190 15 -7
1200 11 -4
1210 13 2
1220 18 5
1230 20 2
1240 24 4
1250 30 6
1260 27 -3
1270 27 0
1280 25 -2
1290 29 4
1300 32 3
1310 32 0
1320 31 -1
1330 35 4
1340 38 3
1350 37 -1
1360 40 3
1370 45 5
1380 46 1
1390 48 2
1400 39 -9
1410 43 4
1420 47 4
1430 40 -7
1440 40 0
1450 38 -2
1460 37 -1
1470 34 -3
1480 31 -3
1490 24 -7
1500 22 -2
1510 30 8
1520 33 3
1530 35 2
1540 32 -3
1550 28 -4
1560 18 -10
1570 14 -4
1580 17 3
1590 18 1
1600 23 5
1610 26 3
1620 26 0
1630 24 -2
1640 27 3
1650 28 1
1660 31 3
1670 30 -1
1680 31 1
1690 29 -2
1700 25 -4
1710 22 -3
1720 24 2
1730 24 0
1740 20 -4
1750 33 13
1760 36 3
1770 41 5
1780 50 9
1790 66 16
1800 72 6
1810 83 11
1820 99 16
1830 115 16
1840 126 11
1850 137 11
1860 148 11
1870 157 9
1880 160 3
1890 174 14
1900 179 5
1910 195 16
1920 207 12
1930 212 5
1940 211 -1
1950 223 12
1960 223 0
1970 219 -4
1980 220 1
1990 220 0
2000 212 -8
2010 203 -9
2020 201 -2
2030 200 -1
2040 210 10
2050 214 4
2060 211 -3
2070 219 8
2080 221 2
2090 212 -9
2100 224 12
2110 224 0
2120 224 0
2130 216 -8
2140 229 13
2150 221 -8
2160 215 -6
2170 215 0
2180 215 0
2190 203 -12
2200 203 0
2210 210 7
2220 214 4
2230 217 3
2240 217 0
2250 219 2
2260 219 0
2270 221 2
2280 223 2
2290 219 -4
2300 220 1
2310 235 15
2320 227 -8
2330 225 -2
2340 233 8
2350 218 -15
2360 213 -5
2370 198 -15
2380 184 -14
2390 172 -12
2400 153 -19
2410 140 -13
2420 124 -16
2430 110 -14
2440 94 -16
2450 59 -35
2460 29 -30
2470 17 -12
2480 7 -10
2490 4 -3
2500 2 -2
2510 1 -1
2520 1 0
2530 0 -1
2540 0 0
2550 0 0
2560 0 0
2570 0 0
2580 0 0
2590 0 0
2594 0 0
