10 0.3 189.27677408854166 133.32071220103813 377.7861328125 91.89404296875 0 0
20 0.4 57.2376708984375 36.45173593176781 377.7861328125 34.119873046875 189.27677408854166 3
30 1.6 218.00718688964844 203.07569791334424 823.7978515625 33.5810546875 113.82585797991071 7
40 2.1 170.84437779017858 170.98968269399103 823.7978515625 23.218994140625 186.29982591711956 23
50 2.2 139.27883078835228 83.43054744612526 823.7978515625 23.218994140625 178.92336203835228 44
60 1.7 107.47203871783088 72.71340806119939 823.7978515625 23.218994140625 165.70851828835228 66
70 1.6 121.47398376464845 85.79099386689192 823.7978515625 23.218994140625 153.78056464137802 83
80 2.1 150.39006696428572 80.08038861202743 823.7978515625 23.218994140625 148.55929904513889 99
90 2.2 195.41105513139203 155.08188853333337 823.7978515625 21.593994140625 148.8796834309896 120
100 2.1 169.74350120907738 95.41052995412444 823.7978515625 21.593994140625 156.08876918738997 142
110 2.6 157.21645883413464 123.32743445508844 823.7978515625 21.593994140625 157.84796779141104 163
120 3.5 164.05194614955357 123.52059888162627 823.7978515625 21.593994140625 157.7610935433201 189
130 2.7 194.00632052951389 130.93632626203146 823.7978515625 21.593994140625 158.74403926304407 224
140 3.8 164.89412006578948 118.7424437049521 823.7978515625 21.593994140625 162.5371930247759 251
150 2.9 187.29727067618535 123.54423799962443 823.7978515625 21.593994140625 162.84710038657008 289
160 1.3 131.19343449519232 119.25995179484835 823.7978515625 21.593994140625 165.07683289725824 318
170 2.8 137.4576241629464 98.70180882627817 823.7978515625 21.593994140625 163.74606498418615 331
180 3.9 216.18077048277243 134.18245486509466 823.7978515625 21.593994140625 161.69571305383877 359
190 2.5 186.23126953125 120.42149021203562 823.7978515625 21.593994140625 167.0347010933574 398
200 1.9 141.67166940789474 109.21532698145816 823.7978515625 21.593994140625 168.16925005540782 423
210 2.4 195.9678955078125 140.92819755689027 823.7978515625 21.593994140625 167.03021378322964 442
220 2 119.6787109375 105.50778182118609 823.7978515625 21.593994140625 168.5205664900751 466
230 2.6 140.09670785757214 113.22433742960766 823.7978515625 21.593994140625 166.51061358667695 486
240 3 219.75740559895834 165.7541330930921 823.7978515625 21.593994140625 165.16928243637085 512
250 4.2 179.04143996465774 138.02525154877588 823.7978515625 21.593994140625 168.19076526824838 542
260 3.3 545.6686345880681 609.4738018743022 2409.262939453125 21.593994140625 168.97112201011345 584
270 2.3 293.3142408288044 226.2469067826487 2409.262939453125 21.593994140625 189.11863889029578 617
280 2.1 147.63781156994048 142.79534305945012 2409.262939453125 21.593994140625 192.86316833496093 640
290 2.4 348.8963623046875 271.419117183622 2409.262939453125 21.593994140625 191.4263566979482 661
300 3.4 262.99195772058835 192.7851485061367 2409.262939453125 21.593994140625 196.94355397468067 685
310 1.7 215.97129193474265 187.7927056866504 2409.262939453125 21.593994140625 200.06684427699062 719
320 2.5 160.25369140625 146.6479913021109 2409.262939453125 21.593994140625 200.43420244299847 736
330 3.8 207.7872956928454 153.15737071438977 2409.262939453125 21.593994140625 199.11421193587796 761
340 2.9 246.17074690193965 168.10565953084767 2409.262939453125 21.593994140625 199.52669902319306 799
350 1.8 274.9436442057292 204.0134986122852 2409.262939453125 21.593994140625 201.16036736677233 828
360 2.3 234.64326808763587 188.72541218465642 2409.262939453125 21.593994140625 202.7302243207927 846
370 1.2 189.10591634114584 123.62133186717644 2409.262939453125 21.593994140625 203.57487335029487 869
380 1.4 262.50428989955356 261.4197713732115 2409.262939453125 21.593994140625 203.37779334562995 881
390 1.6 190.21444702148438 184.216939943703 2409.262939453125 21.593994140625 204.30267709060755 895
400 2 159.95616455078124 157.36525831368013 2409.262939453125 21.593994140625 204.05524385119375 911
410 2.2 271.58462801846593 183.36217492212523 2409.262939453125 21.593994140625 203.1078952088648 931
420 2.8 172.64787074497767 180.01912827775826 2409.262939453125 21.593994140625 204.6886802265051 953
430 3.2 212.6275863647461 163.76727835095517 2409.262939453125 21.593994140625 203.77416170919344 981
440 2.6 257.9850041316106 175.78088818485386 2409.262939453125 21.593994140625 204.05383553839152 1013
450 2.4 160.6729634602864 136.67154328800333 2409.262939453125 21.593994140625 205.40341242330365 1039
460 2.1 235.31728980654762 168.01962339374472 2409.262939453125 21.593994140625 204.39350576750647 1063
470 2.5 173.421337890625 183.60954016192335 2409.262939453125 20.00390625 204.99258276457277 1084
480 2.3 190.0591351052989 187.46469176972073 2409.262939453125 20.00390625 204.28087751493462 1109
490 3.1 314.87128276209677 321.4470660827845 2409.262939453125 20.00390625 203.9919198511346 1132
500 3.6 229.82433403862848 201.62898878121572 2409.262939453125 20.00390625 206.9474316742127 1163
510 4 165.08134765625 141.5219964097935 2409.262939453125 20.00390625 207.63431114470393 1199
520 3.2 281.72316741943365 198.71369919814418 2409.262939453125 20.00390625 206.26052701271186 1239
530 2.6 260.05870643028845 207.69222184417265 2409.262939453125 20.00390625 208.1604518695294 1271
540 2.8 258.33831787109386 184.5749800129422 2409.262939453125 20.00390625 209.20081780521156 1297
550 2.9 221.48790241109913 191.4431584874671 2409.262939453125 20.00390625 210.23919516509434 1325
560 1.8 258.0830485026042 126.38698778667651 2409.262939453125 20.00390625 210.48012020950657 1354
570 1.3 199.62347881610577 162.38635906558903 2409.262939453125 20.00390625 211.1046484232644 1372
580 3.8 242.39168508429276 238.99988926525037 2409.262939453125 20.00390625 210.99688293236687 1385
590 2.3 197.90477454144022 156.84204328314658 2409.262939453125 20.00390625 211.83525431801212 1423
600 4.9 272.5207370057399 202.8120643683522 2409.262939453125 20.00390625 211.61367683885504 1446
610 3.3 328.89814897017044 223.52694891029176 2409.262939453125 20.00390625 213.60996175402383 1495
620 2.8 404.51246861049106 258.437826681902 2409.262939453125 20.00390625 216.09982443604792 1528
630 2.7 190.62669089988427 161.54929064777858 2409.262939453125 20.00390625 219.49028332864717 1556
640 3.4 307.7847038717831 222.72847266685113 2409.262939453125 20.00390625 218.99797947799865 1583
650 2.7 250.0071976273149 181.97797895291973 2409.262939453125 20.00390625 220.86486174725573 1617
660 2.4 230.40088907877603 187.41275219370635 2409.262939453125 20.00390625 221.34347675258516 1644
670 3.1 289.5391491305443 201.9921207488341 2409.262939453125 20.00390625 221.47379923209868 1668
680 3.2 316.6007690429688 248.56627992304843 2409.262939453125 20.00390625 222.71572144919807 1699
690 3.1 233.40301316784277 193.62702390888646 2409.262939453125 20.00390625 224.451320249314 1731
700 3.6 222.77442762586804 186.91509868384617 2409.262939453125 20.00390625 224.60881314402135 1762
710 3.8 341.28722502055916 228.9140460798726 2409.262939453125 20.00390625 224.5720846241918 1798
720 4.1 304.7867342320884 222.64074270793404 2409.262939453125 20.00390625 226.98775746463951 1836
730 2.6 199.99261005108173 171.28084901532463 2409.262939453125 20.00390625 228.6871490722396 1877
740 3.8 204.70187859786185 177.70681347023668 2409.262939453125 20.00390625 228.2951059747356 1903
750 3.4 221.93296903722427 161.86699426667906 2409.262939453125 20.00390625 227.83320868451347 1941
760 3.1 238.32780210433467 185.52191580674028 2409.262939453125 20.00390625 227.7316349386867 1975
770 2.5 324.71185546875 218.87269674819373 2409.262939453125 20.00390625 227.89538428172514 2006
780 2.2 215.02672230113637 200.65882245028354 2409.262939453125 20.00390625 229.087118294367 2031
790 2.5 263.1781640625 224.0342661858421 2409.262939453125 20.00390625 228.93644673477075 2053
800 2.1 263.4917805989583 194.91015489425152 2409.262939453125 20.00390625 229.3484019480495 2078
810 1.9 260.77934827302624 187.23681737777784 2409.262939453125 20.00390625 229.68999839953548 2099
820 2.1 209.79342215401786 190.83587623876747 2409.262939453125 20.00390625 229.9688924729993 2118
830 3.3 240.81595495975378 229.89109239546755 2409.262939453125 20.00390625 229.77081632681012 2139
840 3 203.62616373697918 196.44150884095407 2409.262939453125 20.00390625 229.93862920659242 2172
850 3.2 312.9887313842773 285.3028022719751 2409.262939453125 20.00390625 229.58014875060314 2202
860 2.7 317.33184136284723 263.10863109720793 2409.262939453125 20.00390625 230.77490015806848 2234
870 2.4 323.19212849934894 234.89374617955943 2409.262939453125 20.00390625 231.8085301503414 2261
880 3.7 319.7478291279561 231.6433185113494 2409.262939453125 20.00390625 232.76835787917122 2285
890 2.8 174.72657993861608 186.04403368849077 2409.262939453125 20.00390625 234.15433567254118 2322
900 3.2 273.24750518798817 237.4888860774729 2409.262939453125 20.00390625 233.44626028507315 2350
910 4.6 326.7275655995244 235.10967163383634 2409.262939453125 20.00390625 233.9809537514431 2382
920 4 228.72203369140624 215.1492209312785 2409.262939453125 20.00390625 235.73809713900974 2428
930 3.9 242.64786783854166 239.2567823209746 2409.262939453125 19.30810546875 235.62438460339217 2468
940 4.8 297.1839955647785 223.0169685449844 2409.262939453125 19.30810546875 235.7336450127144 2507
950 4.8 254.47390238444018 183.29702583810624 2409.262939453125 19.30810546875 236.88809386848703 2555
960 3.4 270.77430635340073 216.09985042129205 2409.262939453125 19.30810546875 237.21238077158566 2603
970 4.6 305.39271081012214 254.9896341360535 2409.262939453125 19.30810546875 237.6451094290683 2637
980 3.3 299.8976236979167 261.2714159859103 2409.262939453125 19.30810546875 238.8066411709723 2683
990 2.9 170.78883519665948 172.10182077341855 2409.262939453125 18.5419921875 239.5489101044735 2716
1000 3.1 249.53443957913308 206.82692268027134 2409.262939453125 18.5419921875 238.82248308358947 2745
1010 3 355.39674479166666 272.7834702233187 2409.262939453125 18.5419921875 238.942105076155 2776
1020 3.2 312.4693679809571 254.748060594402 2409.262939453125 18.5419921875 240.18716537247192 2806
1030 2.8 279.34059361049106 260.9006777918991 2409.262939453125 18.5419921875 241.0021866844774 2838
1040 2.9 237.24480569773706 212.61407398335982 2409.262939453125 18.5419921875 241.37674195102605 2866
1050 3.6 221.65389675564236 215.11252433000985 2409.262939453125 18.5419921875 241.3353512251727 2895
1060 3.6 345.9832695855035 310.1455811422912 2409.262939453125 18.5419921875 241.09361381101266 2931
1070 2.6 117.8735914963942 99.27002398219445 2409.262939453125 18.5419921875 242.3662891085798 2967
1080 2.8 322.39474051339283 290.1842149178693 2409.262939453125 18.5419921875 241.28482898899514 2993
1090 2.6 189.71710674579327 201.28513385065938 2409.262939453125 18.5419921875 242.0365924854146 3021
1100 3.5 263.955517578125 221.06202706188742 2409.262939453125 18.5419921875 241.59015118931018 3047
1110 2.8 183.54924665178572 194.8651332278725 2409.262939453125 18.5419921875 241.84413815349205 3082
1120 2.9 242.73714473329747 248.29513610041408 2409.262939453125 18.5419921875 241.31929668659566 3110
1130 3 193.84921875 203.47744018855178 2409.262939453125 18.5419921875 241.33239563318833 3139
1140 1.9 310.5511024876645 247.91133647778716 2409.262939453125 18.5419921875 240.8828862275412 3169
1150 3.2 245.91294097900396 250.05001769318568 2409.262939453125 18.5419921875 241.29809830688325 3188
1160 4.1 260.35870807926835 253.66038826191664 2409.262939453125 18.5419921875 241.34396009741363 3220
1170 4.7 791.7546126994681 655.4238455094749 2542.635986328125 18.5419921875 241.58302929927075 3261
1180 5.1 1198.386374080883 1163.5588105626462 5526.72802734375 18.5419921875 249.39985651203048 3308
1190 4.2 619.9681919642857 565.3308314025769 5526.72802734375 18.5419921875 263.8084044120041 3359
1200 2.8 253.48993791852672 228.35724805371478 5526.72802734375 18.5419921875 268.20673169139127 3401
1210 3.1 228.19056357106854 241.49598394560624 5526.72802734375 18.5419921875 268.0865595637622 3429
1220 4.1 261.3600955125762 245.18295432587203 5526.72802734375 18.5419921875 267.7291098886831 3460
1230 4.3 426.7517941497093 431.0944425654152 5526.72802734375 18.5419921875 267.6545227451754 3501
1240 4.8 231.47541809082034 226.01329856614927 5526.72802734375 18.5419921875 269.5848790291469 3544
1250 5.1 505.8719314874387 538.8003982122679 5526.72802734375 18.5419921875 269.0756211992361 3592
1260 6.6 1138.8410126657202 1156.4053340134885 5526.72802734375 18.5419921875 272.3906395425516 3643
1270 5 636.532685546875 762.139995453437 5526.72802734375 18.5419921875 287.8087373117964 3709
1280 4.9 445.5040906010843 380.5991440407357 5526.72802734375 18.5419921875 292.4472575064636 3759
1290 4.7 747.1910893866357 769.6182602671693 5526.72802734375 18.5419921875 294.4167388146664 3808
1300 5.8 389.5923945985991 378.86471456391774 5526.72802734375 18.5419921875 299.93694490464895 3855
1310 5.9 669.0240375066209 697.8566198016313 5526.72802734375 18.5419921875 301.26585266908774 3913
1320 6.3 448.4802633618552 408.7857399529397 5526.72802734375 18.5419921875 306.7285245989504 3972
1330 6.4 602.2093124389648 690.0973881124395 5526.72802734375 18.5419921875 308.9417487729437 4035
1340 5.8 1716.136302027209 1390.5726567724223 5526.72802734375 18.5419921875 313.5207007306469 4099
1350 6 1942.4969604492187 1508.3917397330335 6182.067138671875 18.5419921875 333.090511862521 4157
1360 6.8 1260.5118982651654 1510.325871911472 6749.572021484375 18.5419921875 355.98934679617093 4217
1370 7.6 1069.0864771792762 1067.1405542500438 6749.572021484375 18.5419921875 370.34349697117483 4285
1380 4.8 2591.8062845865893 1864.6121887261022 7359.0927734375 18.5419921875 382.5206275595297 4361
1390 5.8 3246.895655138739 1708.499695702911 7916.518798828125 18.5419921875 406.5727281576923 4409
1400 8.6 2292.310180664062 1739.544529915906 8759.5849609375 18.5419921875 443.45178116080416 4467
1410 5.1 2059.6049852558212 1735.9370119800642 8759.5849609375 18.5419921875 478.37421084612816 4553
1420 5.2 3247.1863027719346 1856.9642711592173 8759.5849609375 18.5419921875 495.8900165574432 4604
1430 8.3 2246.9497099727027 1908.5130079532612 8759.5849609375 18.5419921875 526.6175524000448 4656
1440 5.6 1864.6837158203125 1607.9519078378646 8759.5849609375 18.5419921875 556.7478687280741 4739
1450 6.5 2839.7301795372596 1926.2714551708875 8759.5849609375 18.5419921875 572.0230319057937 4795
1460 5.7 1947.6650176466555 1780.762692118816 8759.5849609375 18.5419921875 602.3524484893421 4860
1470 6.5 1570.7071852463941 1631.9630391720661 8759.5849609375 18.5419921875 617.9478962098967 4917
1480 6.4 1731.2639427185059 1663.3437770825344 8759.5849609375 18.5419921875 630.3785172029461 4982
1490 4.9 1027.735650510204 1142.1052032474895 8759.5849609375 18.5419921875 644.3413921995763 5046
1500 5.4 675.984949182581 943.9423356690978 8759.5849609375 18.5419921875 648.0285990017786 5095
1510 5.4 513.9723895037617 511.09474882759594 8759.5849609375 18.5419921875 648.3217904777474 5149
1520 5.8 1104.7919500942887 1210.2673372254503 8759.5849609375 18.5419921875 646.9274280613347 5203
1530 6.3 653.923839750744 934.2595916496766 8759.5849609375 18.5419921875 651.9751646661458 5261
1540 5 1791.1120361328126 1757.1510952719236 8759.5849609375 18.5419921875 651.9982237439689 5324
1550 5.9 1017.0407714843749 1658.2517043541698 8759.5849609375 18.5419921875 662.5966030925811 5374
1560 5 766.6093408203125 776.0506371511344 8759.5849609375 18.5419921875 666.4457114921975 5433
1570 3.5 460.0265625 420.06402796629226 8759.5849609375 18.5419921875 667.3591131822222 5483
1580 3.2 217.92395782470703 272.0102555115361 8759.5849609375 18.5419921875 666.0440281380255 5518
1590 3.5 453.05966796875 466.1461368943768 8759.5849609375 18.5419921875 663.4602727776604 5550
1600 4.4 364.28407981178975 442.1083602511518 8759.5849609375 18.5419921875 662.1417372058946 5585
1610 4 512.7356750488282 600.4732810878539 8759.5849609375 18.5419921875 659.8134840658447 5629
1620 3.9 520.4725748697916 527.0055078220975 8759.5849609375 18.5419921875 658.7757150835408 5669
1630 4.8 1197.0004526774087 1481.4904738594976 8759.5849609375 18.5419921875 657.8307566973572 5708
1640 5.8 470.6961038523707 604.6496439505798 8759.5849609375 18.5419921875 662.3269598604986 5756
1650 6 922.3857910156254 1219.3159151961531 8759.5849609375 18.5419921875 660.4152657345145 5814
1660 5.6 946.0634765625 1102.056315033875 8759.5849609375 18.5419921875 663.091164869153 5874
1670 5.4 789.6468596281828 909.4497491241489 8759.5849609375 18.5419921875 665.7634160419738 5930
1680 6.3 887.4463394407243 1091.6850172412667 8759.5849609375 18.5419921875 666.8813481866354 5984
1690 4.3 1047.6095396529797 1126.489168780016 8759.5849609375 18.5419921875 669.1792801279298 6047
1700 5.5 1401.52109375 1616.4565266592333 8759.5849609375 18.5419921875 671.8512836024088 6090
1710 4.2 540.8649669828868 614.3656477645271 8759.5849609375 18.5419921875 678.3820955728104 6145
1720 4.9 725.6886658960459 793.51280233908 8759.5849609375 18.5419921875 677.4485705363182 6187
1730 3.9 585.3283128004807 579.6266623398917 8759.5849609375 18.5419921875 677.8276219591256 6236
1740 5.9 428.7332536083157 552.4501655558275 8759.5849609375 18.5419921875 677.2527258543946 6275
1750 4.4 791.6454467773436 1058.1136217959108 8759.5849609375 18.5419921875 674.9378144457241 6334
1760 3.7 2364.4618612753375 2541.049768962728 8759.5849609375 18.5419921875 675.7429470613704 6378
1770 5.7 3237.8759979783445 2508.1301922990287 10074.219970703125 18.5419921875 685.4830249765561 6415
1780 5.3 4789.296552550119 2291.0512862329033 12109.03076171875 18.5419921875 707.9623821244396 6472
1790 6.6 2501.2700676195545 2382.857862672513 12109.03076171875 18.5419921875 741.1134489493531 6525
1800 6 3771.463098144531 2948.2765281800293 12109.03076171875 18.5419921875 758.7390500466424 6591
1810 6.3 3457.699044363839 2512.229140992907 12316.14404296875 18.5419921875 785.9174356857753 6651
1820 6.4 6483.563205718994 6465.972113946533 27257.714111328125 18.5419921875 810.9877724964274 6714
1830 4.5 8712.900336371527 7511.369193594604 38432.98681640625 18.5419921875 864.5500073335836 6778
1840 6.4 12797.365978240967 8288.506696261824 46268.951171875 18.5419921875 916.3125406483582 6823
1850 6.1 11942.28558449667 8489.197128232552 54729.3388671875 18.5419921875 1026.7216331423217 6887
1860 7 11247.282599748884 6741.59829065543 56125.489013671875 18.5419921875 1122.5548802684898 6948
1870 4.3 13228.564685910247 6224.973382101201 56125.489013671875 18.5419921875 1223.5424750766442 7018
1880 5.2 17106.56448599008 5990.196564180059 58737.18115234375 18.5419921875 1296.65052706161 7061
1890 5.1 22629.89360255821 10726.688555383906 88928.20190429688 18.5419921875 1412.2298221360204 7113
1900 5.9 20696.289356296344 12306.867855799752 103982.03100585938 18.5419921875 1563.2768423484063 7164
1910 6.8 18779.382083668428 13056.327247313753 111681.47192382813 0.951904296875 1719.5620061754764 7223
1920 7.9 15782.677128659021 19837.99419495103 125641.24194335938 0.823974609375 1878.6715611431794 7291
1930 9.1 17374.966139573316 12008.577880808503 125641.24194335938 0.823974609375 2027.7104267922637 7370
1940 11.6 13439.997918490706 20538.227045182477 135983.60400390625 0.823974609375 2214.897167157238 7461
1950 10.6 12339.976279204746 17084.36552605296 135983.60400390625 0.823974609375 2386.747726369945 7577
1960 13.1 14981.048263433326 25388.572619580562 165505.93603515625 0.690185546875 2524.069375022879 7683
1970 12.3 9357.013090304239 12825.047572198933 165505.93603515625 0.635009765625 2732.9079000269444 7814
1980 12 10841.039982096352 14529.681688005849 165505.93603515625 0.635009765625 2835.561917716765 7937
1990 10.5 9950.38993675595 14716.903042952435 165505.93603515625 0.635009765625 2954.794556133738 8057
2000 11.9 18302.301058216246 27965.01329610289 204628.20288085938 0.635009765625 3044.789350910182 8162
2010 11.2 19761.529283796037 27372.768564345835 212236.32202148438 0.635009765625 3264.0435343625936 8281
2020 8.4 23229.666890462242 33582.93260880265 220869.17504882813 0.635009765625 3484.193469300821 8393
2030 9 22327.185915798607 26741.21679437068 220869.17504882813 0.635009765625 3679.8546427557653 8477
2040 7.5 19530.606718750005 27361.51518010495 230326.57006835938 0.635009765625 3875.7528351888054 8567
2050 8.2 15134.151209389289 19012.62593370596 230326.57006835938 0.635009765625 4011.6142146457705 8642
2060 9.6 16120.479983011879 27586.745576470334 230326.57006835938 0.635009765625 4116.158922757757 8724
2070 10.6 12837.711660709021 19853.897160794208 230326.57006835938 0.635009765625 4246.81819960406 8820
2080 10.8 18719.66493959781 35363.12405062017 276517.2490234375 0.635009765625 4348.838668669389 8926
2090 10.2 21526.770163143377 21515.95828334126 276517.2490234375 0.635009765625 4520.6395583373405 9034
2100 10.9 12258.1203994051 17473.70083100025 276517.2490234375 0.635009765625 4710.50660318084 9136
2110 12.5 8926.792953125008 12523.773032649979 276517.2490234375 0.58984375 4799.494153617665 9245
2120 14.3 13351.699399721372 19705.415639358933 276517.2490234375 0.58984375 4854.554169619631 9370
2130 10.6 15398.530395507813 32511.81579533221 276517.2490234375 0.58984375 4982.283778355523 9513
2140 11.9 14637.940762046997 32856.061519869865 276517.2490234375 0.58984375 5097.069321698713 9619
2150 13.7 14334.072110586792 19756.98299164636 276517.2490234375 0.58984375 5213.660377500874 9738
2160 10.7 20383.16721579293 35613.42772693319 325924.5012207031 0.58984375 5340.191659266218 9875
2170 11.1 10752.784696561795 13364.061770660264 325924.5012207031 0.58984375 5501.44174788056 9982
2180 10.3 13811.33279685604 23759.90704301456 325924.5012207031 0.58984375 5559.194553518489 10093
2190 9.8 34097.13098393654 58475.967331544256 374901.01806640625 0.58984375 5642.557660527489 10196
2200 7.8 20388.214389898836 24704.662686386037 374901.01806640625 0.58984375 5913.448294459303 10294
2210 8.9 12939.245959335502 22139.508506681017 374901.01806640625 0.58984375 6022.302108134995 10372
2220 10.4 16171.288738544174 20970.07295985153 374901.01806640625 0.58984375 6081.1500196880825 10461
2230 9.8 13719.260096958706 17492.940570009778 374901.01806640625 0.58984375 6180.475568837257 10565
2240 10.4 20263.546083890476 23169.856938028006 374901.01806640625 0.58984375 6249.76196888939 10663
2250 12.6 9306.135412791415 20117.6345530192 374901.01806640625 0.58984375 6385.123123153355 10767
2260 10.9 15833.965921104485 17883.154639996 374901.01806640625 0.58984375 6418.910651703286 10893
2270 10 14821.56942138672 12481.145384636728 374901.01806640625 0.58984375 6512.188330703898 11002
2280 13.7 14469.87836628935 21923.427366941505 374901.01806640625 0.58984375 6587.034134078811 11102
2290 12.6 9070.862329876616 13180.69737718599 374901.01806640625 0.58984375 6683.123613553216 11239
2300 12.6 11692.681574745788 25028.283446001657 374901.01806640625 0.58984375 6709.595683791381 11365
2310 11.7 14031.95207749066 13434.38406547546 374901.01806640625 0.58984375 6764.235734462363 11491
2320 14.9 9672.44291369547 21936.36380579263 374901.01806640625 0.58984375 6837.488905735133 11608
2330 11.3 18280.217071263138 24178.63317719551 374901.01806640625 0.58984375 6873.417131233652 11757
2340 12.1 12992.476627066115 23644.931448471394 374901.01806640625 0.58984375 6982.007560317336 11870
2350 13.1 12080.197589903388 16657.656801911642 374901.01806640625 0.58984375 7042.658611695587 11991
2360 11.1 9266.484322212844 20756.524445603092 374901.01806640625 0.58984375 7097.098275624412 12122
2370 8.7 23062.883923760775 27027.905871645227 374901.01806640625 0.58984375 7116.7828870174735 12233
2380 5.3 30861.813656213148 38536.54324214114 374901.01806640625 0.58984375 7229.389282325645 12320
2390 6.3 31975.91935996404 17696.73044956624 374901.01806640625 0.58984375 7330.6192582260755 12373
2400 5.1 26919.751847809435 7656.809696455968 374901.01806640625 0.58984375 7455.470810687437 12436
2410 5.2 23606.835904634914 2943.0687444831874 374901.01806640625 0.58984375 7534.967754140086 12487
2420 4.6 34967.70686672045 48813.94553548463 374901.01806640625 0.58984375 7601.618774462738 12539
2430 3.8 22886.834543328536 13534.94379362585 374901.01806640625 0.58984375 7701.64579490325 12585
2440 4.4 22941.42605868253 23797.297596316665 374901.01806640625 0.58984375 7747.358951240109 12623
2450 7.5 13475.755351562506 19218.401429702535 374901.01806640625 0.58984375 7800.1369533501165 12667
2460 7.1 62970.21745708627 100248.01143719004 395756.3229980469 0.58984375 7833.543905152496 12742
2470 2.9 599.5119207974138 684.3860688175687 395756.3229980469 0.58984375 8139.069841481794 12813
2480 1.4 270.6037074497768 435.8230437959194 395756.3229980469 0.58984375 8122.043896948245 12842
2490 0.3 163.63859049479166 61.73955421582227 395756.3229980469 0.58984375 8113.4937909547025 12856
2500 0.2 108.4439697265625 3.4339599609375 395756.3229980469 0.58984375 8111.639092642129 12859
2510 0.1 22.55810546875 0.0 395756.3229980469 0.58984375 8110.394524548993 12861
2520 0 0 0 395756.3229980469 0.58984375 8109.765708158146 12862
2530 0 0 0 395756.3229980469 0.58984375 8109.765708158146 12862
2540 0 0 0 395756.3229980469 0.58984375 8109.765708158146 12862
2550 0.1 212.779052734375 0.0 395756.3229980469 0.58984375 8109.765708158146 12862
2560 0 0 0 395756.3229980469 0.58984375 8109.151777764348 12863
2570 0 0 0 395756.3229980469 0.58984375 8109.151777764348 12863
2580 0 0 0 395756.3229980469 0.58984375 8109.151777764348 12863
2590 0 0 0 395756.3229980469 0.58984375 8109.151777764348 12863
2594 0 0 0 395756.3229980469 0.58984375 8109.151777764348 12863
