10 0.1 587.5888671875 0 587.5888671875 587.5888671875 0 0
20 0 0 0 587.5888671875 587.5888671875 587.5888671875 1
30 0.1 17977.22802734375 0.0 17977.22802734375 587.5888671875 587.5888671875 1
40 0.3 24375.942708333332 3328.032364611191 27573.259033203125 587.5888671875 9282.408447265625 2
50 0.5 29301.2150390625 7642.816087897305 41297.093017578125 587.5888671875 18338.52900390625 5
60 0.2 25653.31494140625 532.20703125 41297.093017578125 587.5888671875 23819.872021484374 10
70 0.2 22155.336547851563 2085.5675048828125 41297.093017578125 587.5888671875 24125.445841471355 12
80 0.7 38157.6201171875 13547.672676627064 63713.694091796875 587.5888671875 23844.001656668526 14
90 0.3 31819.189208984375 12839.371397797671 63713.694091796875 587.5888671875 28615.207810174852 21
100 0.3 25386.211344401043 1792.0483382298594 63713.694091796875 587.5888671875 29015.705485026043 24
110 0.4 28073.223693847656 1543.983820478134 63713.694091796875 587.5888671875 28612.42835828993 27
120 0.6 32631.887573242188 5562.362513306458 63713.694091796875 587.5888671875 28542.853562878023 31
130 0.4 32653.954956054688 10809.603010493192 63713.694091796875 587.5888671875 29205.940159153295 37
140 0.8 31358.409759521484 9046.631665928484 63713.694091796875 587.5888671875 29542.33184665587 41
150 0.5 30034.91044921875 7455.859853474777 63713.694091796875 587.5888671875 29838.834363042093 49
160 0.4 30918.69708251953 4812.913359941095 63713.694091796875 587.5888671875 29856.989556206598 54
170 0.6 43200.492350260414 8891.41168813834 63713.694091796875 587.5888671875 29930.210764917832 58
180 0.6 29835.901733398438 12981.306147199546 63713.694091796875 587.5888671875 31174.2996635437 64
190 0.8 30541.867950439453 10478.884223335415 63713.694091796875 587.5888671875 31059.57984095982 70
200 0.3 35167.88924153646 6764.541928531449 63713.694091796875 587.5888671875 31006.481185521836 78
210 0.4 27670.44854736328 8361.778013752233 63713.694091796875 587.5888671875 31160.607409818673 81
220 0.3 40573.29597981771 14788.277213157078 63713.694091796875 587.5888671875 30996.36463982077 85
230 0.4 31500.437927246094 7407.28773824827 63713.694091796875 587.5888671875 31322.850935502487 88
240 0.3 41447.71671549479 10189.781861343115 63713.694091796875 587.5888671875 31330.572109056557 92
250 0.7 28679.05207170759 6104.637344013126 63713.694091796875 587.5888671875 31650.060886101975 95
260 1 40379.03120117188 17996.79945800058 86578.86596679688 587.5888671875 31446.16812432981 102
270 0.6 28455.235514322918 5909.981281411342 86578.86596679688 587.5888671875 32243.745184762138 112
280 0.3 39868.615559895836 14153.193130162772 86578.86596679688 587.5888671875 32051.10909982455 118
290 0.5 32112.4181640625 8607.545385581572 86578.86596679688 587.5888671875 32244.931574041195 121
300 0.9 33335.02875434028 12122.30305929525 86578.86596679688 587.5888671875 32239.673105391244 126
310 0.3 35495.48478190104 5899.752968304689 86578.86596679688 587.5888671875 32312.696815321182 135
320 0.4 30067.098022460938 6587.189507579286 86578.86596679688 587.5888671875 32381.887858072918 138
330 0.4 34475.0283203125 9155.545549274113 86578.86596679688 587.5888671875 32316.68251059089 142
340 0.8 28999.466827392578 9383.064951528197 86578.86596679688 587.5888671875 32375.81527250107 146
350 0.4 32330.102111816406 3832.8758393353996 86578.86596679688 587.5888671875 32200.42054807985 154
360 0.6 36845.6640218099 11927.442376244919 86578.86596679688 587.5888671875 32203.7036256428 158
370 0.3 29830.449625651043 6918.106854276071 86578.86596679688 587.5888671875 32373.531445014767 164
380 0.4 27738.84197998047 11491.398660284713 86578.86596679688 587.5888671875 32327.8473404753 167
390 0.1 39733.99609375 0.0 86578.86596679688 587.5888671875 32220.50218584384 171
400 0.3 24813.441324869793 2783.191857173895 86578.86596679688 587.5888671875 32264.185289959576 172
410 0.3 49999.764404296875 13460.751154325197 86578.86596679688 587.5888671875 32136.458250558037 175
420 0.5 29654.494580078124 3401.4154516174412 86578.86596679688 587.5888671875 32437.52520820532 178
430 0.4 32780.13671875 8204.47232603686 86578.86596679688 587.5888671875 32361.486120005124 183
440 0.5 33960.7138671875 10027.566251549306 86578.86596679688 587.5888671875 32370.441213026403 187
450 0.7 35789.91144670759 8099.487752702522 86578.86596679688 587.5888671875 32411.854563395184 192
460 0.4 46951.48699951172 12431.336622887919 86578.86596679688 587.5888671875 32530.680684918734 199
470 0.7 43672.021484375 13276.073127731604 86578.86596679688 587.5888671875 32814.83450392549 203
480 0.4 31612.590942382813 5796.506389630369 86578.86596679688 587.5888671875 33176.74073660714 210
490 0.4 25899.27099609375 6395.382918287705 86578.86596679688 587.5888671875 33147.504291855286 214
500 0.7 32787.85110909598 11577.334071141608 86578.86596679688 587.5888671875 33014.50918551104 218
510 0.6 28223.345377604168 4525.6373088038235 86578.86596679688 587.5888671875 33007.45760091146 225
520 0.4 21680.609985351563 4271.894406642297 86578.86596679688 587.5888671875 32883.194945760624 231
530 0.6 33097.95495605469 14791.554029721503 86578.86596679688 587.5888671875 32692.512648562173 235
540 0.6 35983.28955078125 8778.710901757588 86578.86596679688 587.5888671875 32702.60664791883 241
550 0.4 36402.902404785156 6439.447326572835 86578.86596679688 587.5888671875 32782.299350012654 247
560 1 37592.22912597656 17541.2735889534 86578.86596679688 587.5888671875 32839.99820347517 251
570 0 0 0 86578.86596679688 587.5888671875 33022.07601659782 261
580 0.4 30027.03302001953 14704.908753280222 86578.86596679688 587.5888671875 33022.07601659782 261
590 0.3 36258.583984375 15653.498499255467 86578.86596679688 587.5888671875 32976.86782042305 265
600 1.1 31532.687943892044 11743.750798025616 86578.86596679688 587.5888671875 33013.603449124006 268
610 0.6 29598.242797851563 9537.446172245442 86578.86596679688 587.5888671875 32955.21609945536 279
620 0.9 30147.396294487848 9566.992769098608 86578.86596679688 587.5888671875 32884.542977316334 285
630 0.5 34347.2923828125 5714.95593957809 86578.86596679688 587.5888671875 32800.75277273995 294
640 0.8 24478.709381103516 8384.80916232353 86578.86596679688 587.5888671875 32826.61463912912 299
650 0.7 50557.4530203683 46915.59170601215 164790.91796875 587.5888671875 32609.079648691968 307
660 0.3 29457.15966796875 6884.772058083512 164790.91796875 587.5888671875 33009.2026219459 314
670 0.6 28575.752482096355 11572.03140674522 164790.91796875 587.5888671875 32975.58707348555 317
680 0.2 20279.68994140625 3256.741943359375 164790.91796875 587.5888671875 32893.85639996129 323
690 0.9 32837.87722439236 9480.873200486703 164790.91796875 587.5888671875 32816.230760216335 325
700 0.3 31868.243896484375 12885.36921548852 164790.91796875 587.5888671875 32816.814048173175 334
710 0.6 34047.700358072914 10303.377336035483 164790.91796875 587.5888671875 32808.36980349939 337
720 1.2 35055.52176920573 7605.245256958259 164790.91796875 587.5888671875 32830.04905518289 343
730 0.4 47597.887939453125 22620.41808101062 164790.91796875 587.5888671875 32905.276301854086 355
740 0.8 36358.502868652344 13106.305330117431 164790.91796875 587.5888671875 33068.982281103104 359
750 0.6 37489.375813802086 20742.692802031666 164790.91796875 587.5888671875 33140.68845194886 367
760 0.7 30952.939836774553 6941.052356700053 164790.91796875 587.5888671875 33210.64052747464 373
770 0.7 34110.939453125 9539.703150945692 164790.91796875 587.5888671875 33169.0513042249 380
780 0.5 36775.95864257812 10072.299238115584 164790.91796875 587.5888671875 33186.088040768314 387
790 0.6 27445.769124348957 10141.225094843758 164790.91796875 587.5888671875 33231.87720660773 392
800 0.1 17022.8779296875 0.0 164790.91796875 587.5888671875 33144.649446573676 398
810 0.7 28067.854840959822 8660.91539725254 164790.91796875 587.5888671875 33104.24400417547 399
820 0.2 61573.401123046875 20566.8779296875 164790.91796875 587.5888671875 33017.409708257954 406
830 0.3 27527.813313802082 8748.973459719917 164790.91796875 587.5888671875 33157.39005833045 408
840 0.8 28566.856231689453 7844.450080610688 164790.91796875 587.5888671875 33116.2982572755 411
850 0.5 31366.7255859375 3521.7465764085773 164790.91796875 587.5888671875 33029.43540237171 419
860 0.4 34036.16925048828 10677.933415886306 164790.91796875 587.5888671875 33009.82797529112 424
870 0.5 33993.23081054688 8077.316234489451 164790.91796875 587.5888671875 33019.41994982567 428
880 1 38670.934375 12214.985155693557 164790.91796875 587.5888671875 33030.664878933305 433
890 0.3 34719.705891927086 12422.772457418447 164790.91796875 587.5888671875 33157.98473211766 443
900 0.5 29074.545703125 11157.352690770529 164790.91796875 587.5888671875 33168.48958296839 446
910 0.9 35402.324679904516 11475.614815841025 164790.91796875 587.5888671875 33123.10217853553 451
920 0.7 35128.92954799107 13130.189588205267 164790.91796875 587.5888671875 33167.69566225797 460
930 0.6 31610.723185221355 7138.710325416022 164790.91796875 587.5888671875 33197.093172322486 467
940 0.9 31518.72531467014 9568.817349102434 164790.91796875 587.5888671875 33176.97008580535 473
950 1 35570.70300292969 14725.854178281326 164790.91796875 587.5888671875 33146.00700916589 482
960 0.6 30374.104939778645 6315.738421958593 164790.91796875 587.5888671875 33195.28944806353 492
970 1.1 36503.91037819602 18566.24007019551 164790.91796875 587.5888671875 33161.299273264915 498
980 0.8 36671.81088256836 18442.076001835347 164790.91796875 587.5888671875 33233.5364484206 509
990 0.5 38529.6875 10735.053985464861 164790.91796875 587.5888671875 33286.73992128942 517
1000 0.4 40025.529724121094 12314.3162733009 164790.91796875 587.5888671875 33336.959725683206 522
1010 0.6 32428.313313802082 10874.80631715929 164790.91796875 587.5888671875 33387.82337586144 526
1020 0.8 38966.70104980469 7773.835529013119 164790.91796875 587.5888671875 33377.00183380814 532
1030 0.6 26665.865681966145 11633.559982568882 164790.91796875 587.5888671875 33459.812192563644 540
1040 0.9 48470.047336154516 33828.96128274785 164790.91796875 587.5888671875 33385.153439699934 546
1050 0.2 26395.64697265625 9815.64306640625 164790.91796875 587.5888671875 33629.77334072352 555
1060 0.8 26304.273071289063 8063.820979010791 164790.91796875 587.5888671875 33603.79802162813 557
1070 0.8 33208.84313964844 6895.764864940383 164790.91796875 587.5888671875 33500.4419161366 565
1080 0.3 36290.07666015625 10971.610033984918 164790.91796875 587.5888671875 33496.37072903031 573
1090 0.4 33926.614685058594 4586.373979839216 164790.91796875 587.5888671875 33510.92128075492 576
1100 0.7 30502.442452566964 7902.044869941396 164790.91796875 587.5888671875 33513.78813181908 580
1110 0.3 44224.766357421875 12297.89022954093 164790.91796875 587.5888671875 33477.87770634247 587
1120 0.7 43089.96627371652 16047.468179677264 164790.91796875 587.5888671875 33532.52290287339 590
1130 0.5 29866.572607421876 4745.279918451559 164790.91796875 587.5888671875 33644.58672799215 597
1140 0.4 39782.15710449219 9220.081028982217 164790.91796875 587.5888671875 33613.20787317014 602
1150 0.8 37827.09548950195 10853.885193536536 164790.91796875 587.5888671875 33653.92701001055 606
1160 0.3 21896.187662760418 4784.161676682465 164790.91796875 587.5888671875 33708.30054068796 614
1170 1 37155.878100585935 14933.155694972433 164790.91796875 587.5888671875 33650.8672527888 617
1180 0.9 38176.95160590278 14254.945744417268 164790.91796875 587.5888671875 33706.76854222735 627
1190 1 29918.83408203125 7377.453629941374 164790.91796875 587.5888671875 33770.02584973219 636
1200 1 34253.059741210935 10050.596281313272 164790.91796875 587.5888671875 33710.409878095954 646
1210 0.4 36301.4599609375 7692.142978706091 164790.91796875 587.5888671875 33718.681979667825 656
1220 0.6 27244.561889648438 7413.600881654132 164790.91796875 587.5888671875 33734.33517955431 660
1230 0.7 35258.53410993303 17472.24396221858 164790.91796875 587.5888671875 33675.86875351913 666
1240 0.9 36832.689561631945 8649.249444662979 164790.91796875 587.5888671875 33692.33035455166 673
1250 0.5 32519.733251953126 4339.085901422303 164790.91796875 587.5888671875 33733.77204496767 682
1260 1.3 29244.207012469953 8882.921559367414 164790.91796875 587.5888671875 33724.93624589187 687
1270 1 31182.268359375 10719.11300387806 164790.91796875 587.5888671875 33641.72270298546 700
1280 1.1 36849.78597745029 9425.927185066213 164790.91796875 587.5888671875 33607.08250096278 710
1290 0.7 28744.162074497766 6992.578064564943 164790.91796875 587.5888671875 33656.55509214359 721
1300 0.9 40621.132025824656 9710.410567294351 164790.91796875 587.5888671875 33609.320543897 728
1310 1.1 33886.682661576706 9616.118051933765 164790.91796875 587.5888671875 33694.94646430046 737
1320 1.3 42738.080866887016 18116.3904497672 164790.91796875 587.5888671875 33697.766114260405 748
1330 1.1 35629.13753995029 8441.320391686419 164790.91796875 587.5888671875 33852.19987481776 761
1340 0.8 38508.403381347656 16792.270877936717 164790.91796875 587.5888671875 33877.51893481317 772
1350 1.4 37373.99602399553 7684.423700742682 164790.91796875 587.5888671875 33925.01518554686 780
1360 1.2 41951.54746500651 13773.994588928714 164790.91796875 587.5888671875 33985.828449700864 794
1370 1.2 39052.166890462235 12344.931100961827 164790.91796875 587.5888671875 34104.424762583825 806
1380 0.9 45361.447943793406 15320.828645474567 164790.91796875 587.5888671875 34177.00777668473 818
1390 1.2 41218.06612141927 10747.488941490505 164790.91796875 587.5888671875 34298.72477971252 827
1400 1.9 46986.79962479441 12680.398385778675 164790.91796875 587.5888671875 34397.690329295925 839
1410 0.8 47280.69625854492 13909.406459451555 164790.91796875 587.5888671875 34676.4701388699 858
1420 1 44605.21379394531 14067.531287314572 164790.91796875 587.5888671875 34792.90640787383 866
1430 1.8 45337.803900824656 10080.902586171082 164790.91796875 587.5888671875 34904.91904926734 876
1440 0.9 42037.640028211805 7077.629180102375 164790.91796875 587.5888671875 35114.97713352688 894
1450 1.6 44371.366882324226 14513.398200692332 164790.91796875 587.5888671875 35183.97377367324 903
1460 1.1 40456.95647638494 8872.708766439391 164790.91796875 587.5888671875 35343.92838709916 919
1470 1.3 40304.47169846755 14224.20449481536 164790.91796875 587.5888671875 35404.40506342404 930
1480 1.4 48186.67644391741 23722.504512743075 164790.91796875 587.5888671875 35471.95635319665 943
1490 1.2 38219.263834635414 15945.2128049796 164790.91796875 587.5888671875 35657.96061784669 957
1500 1.2 38157.450215657555 10626.440106992735 164790.91796875 587.5888671875 35689.679543132 969
1510 0.7 34271.18994140625 10926.728879665603 164790.91796875 587.5888671875 35719.866340349436 981
1520 0.9 39800.19867621528 12737.766981139624 164790.91796875 587.5888671875 35709.60243873749 988
1530 1 35354.553979492186 7957.836930740047 164790.91796875 587.5888671875 35746.52858330851 997
1540 1.2 44104.829121907555 15700.91358299731 164790.91796875 587.5888671875 35742.63608476018 1007
1550 1.3 37823.066331129805 6067.465869314843 164790.91796875 587.5888671875 35841.11137077173 1019
1560 1.5 33732.32581380208 11814.258068850762 164790.91796875 587.5888671875 35866.07785767547 1032
1570 1 40891.387377929685 9498.745683423747 164790.91796875 587.5888671875 35835.50834415292 1047
1580 0.5 32145.8755859375 14912.645742184548 164790.91796875 587.5888671875 35883.34069073549 1057
1590 0.4 33206.115234375 10620.264678907784 164790.91796875 587.5888671875 35865.74433901798 1062
1600 0.7 33835.17058454241 11311.455614124627 164790.91796875 587.5888671875 35855.764492471484 1066
1610 0.6 37325.45564778646 14906.470729747141 164790.91796875 587.5888671875 35842.58261236384 1073
1620 0.7 33322.99285016741 11421.475307350722 164790.91796875 587.5888671875 35850.82843091114 1079
1630 1.1 39546.42982066761 13007.609725175138 164790.91796875 587.5888671875 35834.53483140358 1086
1640 1.1 36812.54179243608 16508.079506732673 164790.91796875 587.5888671875 35871.75529164233 1097
1650 0.9 33233.71001519097 9755.41146563421 164790.91796875 587.5888671875 35881.0952298271 1108
1660 1.1 38170.33254172585 14774.197233365841 164790.91796875 587.5888671875 35859.764462654566 1117
1670 1.1 37592.611372514206 7328.442451804221 164790.91796875 587.5888671875 35882.296598177425 1128
1680 1.1 35064.152876420456 10222.131250071656 164790.91796875 587.5888671875 35898.81412453186 1139
1690 0.9 33437.28257921007 6019.985510305279 164790.91796875 587.5888671875 35890.83040824558 1150
1700 1.3 36438.28434870793 11477.268014250832 164790.91796875 587.5888671875 35871.77783666549 1159
1710 1.1 38851.25046608665 13932.352360555353 164790.91796875 587.5888671875 35878.061611969715 1172
1720 0.8 40498.97836303711 13037.013922588174 164790.91796875 587.5888671875 35905.707493115355 1183
1730 0.7 36889.25924246652 11076.70873278737 164790.91796875 587.5888671875 35936.5606979511 1191
1740 1.4 35055.96552385603 8771.608003439458 164790.91796875 587.5888671875 35942.12738393742 1198
1750 0.4 31990.785522460938 4768.762056499556 164790.91796875 587.5888671875 35931.89119083417 1212
1760 0.4 37076.310974121094 10133.681229252525 164790.91796875 587.5888671875 35918.92702745136 1216
1770 0.9 42813.50941297743 8058.769832483955 164790.91796875 587.5888671875 35922.72172891586 1220
1780 0.6 48093.898600260414 9657.507149321644 164790.91796875 587.5888671875 35973.183152151454 1229
1790 0.8 46043.7839050293 7686.307687026978 164790.91796875 587.5888671875 36032.06921910583 1235
1800 1.1 54615.74831321023 10496.18853506503 164790.91796875 587.5888671875 36096.50503365723 1243
1810 1 49334.15725097656 9132.610159967287 164790.91796875 587.5888671875 36258.95453610945 1254
1820 0.7 56926.25474330357 12888.810462334397 164790.91796875 587.5888671875 36362.397595562514 1264
1830 0.5 48849.1388671875 4996.265698183524 164790.91796875 587.5888671875 36475.65251297729 1271
1840 0.7 64216.98845563616 12981.942716061498 164790.91796875 587.5888671875 36524.13796107373 1276
1850 0.6 76717.38798014323 18812.106858264193 164790.91796875 587.5888671875 36675.22911731842 1283
1860 0.6 78717.06803385417 13205.190531311931 164790.91796875 587.5888671875 36861.616202793164 1289
1870 0.7 74280.3351702009 9088.673557028884 164790.91796875 587.5888671875 37055.54107614171 1295
1880 1.1 91732.42176402699 13100.88116026186 164790.91796875 587.5888671875 37255.674377722666 1302
1890 0.7 82327.38124302456 5175.853227856111 164790.91796875 587.5888671875 37712.06753937487 1313
1900 0.7 94413.5324358259 11273.374565919174 164790.91796875 587.5888671875 37948.663899924526 1320
1910 0.6 102325.27722167969 12631.634281580442 164790.91796875 587.5888671875 38246.519272758975 1327
1920 0.7 115389.08433314732 19743.517599698123 164790.91796875 587.5888671875 38534.94579015847 1333
1930 1.8 114600.31405978733 20011.48631349257 164790.91796875 587.5888671875 38936.422633293485 1340
1940 2 105802.77418212891 22423.80657539701 164790.91796875 587.5888671875 39939.33135617779 1358
1950 1.3 97342.59622896634 49672.81132291295 186025.17114257813 587.5888671875 40895.25940880408 1378
1960 2.1 102713.27934337797 37193.03701233137 186025.17114257813 587.5888671875 41422.80461273083 1391
1970 2 104821.45341796875 44050.369403881574 200763.7451171875 587.5888671875 42334.34850036794 1412
1980 2.3 95677.98616890285 46253.41900272538 206335.03491210938 587.5888671875 43207.07342938471 1432
1990 2 96606.73865966797 49372.08323473452 219961.15698242188 587.5888671875 44036.51053798191 1455
2000 2.8 99536.69622802734 30583.192379693908 219961.15698242188 587.5888671875 44749.327190479344 1475
2010 2.9 116619.2129916487 49662.54673871661 243952.90502929688 587.5888671875 45769.98343336114 1503
2020 2.2 106485.72943670099 37522.91474305651 243952.90502929688 587.5888671875 47111.12420176215 1532
2030 1.4 126555.90141950335 48584.48662489936 243952.90502929688 587.5888671875 47951.6913286403 1554
2040 1.2 106981.09088134766 17132.752856288073 243952.90502929688 587.5888671875 48653.514633023005 1568
2050 1.2 101024.2739461263 29209.302185657933 243952.90502929688 587.5888671875 49096.50888301028 1580
2060 1.6 129418.3182220459 45780.328284316776 243952.90502929688 587.5888671875 49487.924197556385 1592
2070 1.4 119268.62594168527 51498.990897870994 259669.38500976563 587.5888671875 50283.25150128265 1608
2080 2.1 118464.46029808407 61812.470850418234 298139.7971191406 587.5888671875 50878.68629916529 1622
2090 2 115069.27810058594 53395.83260283551 304393.9411621094 587.5888671875 51742.53368442231 1643
2100 1.6 118602.44464111328 57241.3167742041 314613.33203125 587.5888671875 52504.13012959566 1663
2110 2.5 122493.84397460938 69722.3922763643 317832.14306640625 587.5888671875 53134.01281701929 1679
2120 2.8 132642.4242379325 77934.09168643874 335257.5 587.5888671875 54151.615973674074 1704
2130 2.3 115440.22718877377 54720.13269462422 335257.5 587.5888671875 55420.52049526717 1732
2140 1.7 96401.72129193474 42341.05596190462 335257.5 587.5888671875 56207.1035459513 1755
2150 3.3 98213.19207948627 53356.447155898444 335257.5 587.5888671875 56592.717824552725 1772
2160 2.2 117389.58954412286 71999.15250170101 356188.5212402344 587.5888671875 57353.64616273156 1805
2170 2.1 104133.04623558407 73176.08503659457 356188.5212402344 587.5888671875 58076.57487339966 1827
2180 2.2 118284.7685657848 51199.33311530627 356188.5212402344 587.5888671875 58599.94386615175 1848
2190 2.4 158762.85647583008 92084.32150803476 414401.0749511719 587.5888671875 59302.11827438273 1870
2200 2 100688.7220703125 48439.18308936334 414401.0749511719 587.5888671875 60562.44441843486 1894
2210 1.6 107530.03019714355 36644.542177627016 414401.0749511719 587.5888671875 60981.7367658944 1914
2220 1.9 123533.66691509046 49855.23971526051 414401.0749511719 587.5888671875 61367.62935392548 1930
2230 1.5 106773.94809570312 63969.8056543937 414401.0749511719 587.5888671875 61973.660505111795 1949
2240 1.5 153922.1514811198 111879.51795142969 438107.7509765625 587.5888671875 62315.821561048084 1964
2250 2.3 127393.49104110054 70591.030872199 438107.7509765625 587.5888671875 63010.159584696936 1979
2260 2.1 104883.0325172061 28698.862230667404 438107.7509765625 587.5888671875 63749.82822780247 2002
2270 1.8 121657.72781032986 79069.78148137782 438107.7509765625 587.5888671875 64176.81650762327 2023
2280 2.5 113045.94330078125 46358.12028502915 438107.7509765625 587.5888671875 64683.75252107193 2041
2290 2.5 90175.9035546875 41452.7605872782 438107.7509765625 587.5888671875 65268.967801562125 2066
2300 2.6 114733.7150033804 70350.68696214852 438107.7509765625 587.5888671875 65566.75517307247 2091
2310 1.4 109195.00200544085 40028.81255100884 438107.7509765625 587.5888671875 66170.60068822977 2117
2320 2.9 103991.00350215517 35241.0473034963 438107.7509765625 587.5888671875 66453.2574777375 2131
2330 1.9 97779.23432360198 47407.985337664206 438107.7509765625 587.5888671875 66957.23647528754 2160
2340 1.3 86057.48985877403 29935.496545314672 438107.7509765625 587.5888671875 67225.99184890754 2179
2350 3.2 111702.46383666992 63061.274558816025 438107.7509765625 587.5888671875 67337.67500316314 2192
2360 2.6 89536.47503192608 36741.2161868826 438107.7509765625 587.5888671875 67976.01728853733 2224
2370 2.6 120620.04397348258 63079.53436060728 438107.7509765625 587.5888671875 68225.16035579427 2250
2380 1.4 124712.44104003906 74778.8313303683 438107.7509765625 587.5888671875 68823.69593314924 2276
2390 1.4 109636.45394461496 29789.92404198045 438107.7509765625 587.5888671875 69165.37385083328 2290
2400 1.7 108867.81821576286 31056.918264009935 438107.7509765625 587.5888671875 69411.29187223647 2304
2410 1.3 109121.6352726863 27320.667848328463 438107.7509765625 587.5888671875 69700.2884029732 2321
2420 1.6 143926.33598327637 51030.52350283395 438107.7509765625 587.5888671875 69919.85888682335 2334
2430 1.4 155485.40492466517 52332.467041285774 438107.7509765625 587.5888671875 70423.7327734375 2350
2440 1.8 142107.9976671007 45512.275234217566 438107.7509765625 587.5888671875 70927.48210089824 2364
2450 3.4 138043.1472239775 54996.933529114925 438107.7509765625 587.5888671875 71465.37012784687 2382
2460 3 173098.83977864584 94562.06802606436 486417.1721191406 587.5888671875 72402.30904393479 2416
2470 1.1 174758.98468572443 84201.10010543588 486417.1721191406 587.5888671875 73637.34417150688 2446
2480 1.1 166427.61789772726 71288.42372541387 486417.1721191406 587.5888671875 74090.06620881107 2457
2490 0.2 421860.30993652344 17672.109985351563 486417.1721191406 587.5888671875 74501.6193160145 2468
2500 0.2 194417.6514892578 37514.66540527344 486417.1721191406 587.5888671875 74782.88141368293 2470
2510 0.1 280671.72998046875 0.0 486417.1721191406 587.5888671875 74879.67329885735 2472
2520 0 0 0 486417.1721191406 587.5888671875 74962.88884947669 2473
2530 0 0 0 486417.1721191406 587.5888671875 74962.88884947669 2473
2540 0 0 0 486417.1721191406 587.5888671875 74962.88884947669 2473
2550 0.1 198791.01586914063 0.0 486417.1721191406 587.5888671875 74962.88884947669 2473
2560 0 0 0 486417.1721191406 587.5888671875 75012.9406388945 2474
2570 0 0 0 486417.1721191406 587.5888671875 75012.9406388945 2474
2580 0 0 0 486417.1721191406 587.5888671875 75012.9406388945 2474
2590 0 0 0 486417.1721191406 587.5888671875 75012.9406388945 2474
2594 0 0 0 486417.1721191406 587.5888671875 75012.9406388945 2474
