10 16.0140625 16.0140625
20 11.06875 27.0828125
30 81.46015625 108.54296875
40 109.72734375 218.2703125
50 138.76171875 357.03203125
60 104.05859375 461.090625
70 86.690625 547.78125
80 140.8765625 688.6578125
90 112.69921875 801.35703125
100 113.54140625 914.8984375
110 191.34296875 1106.24140625
120 229.215625 1335.45703125
130 186.74140625 1522.1984375
140 242.1171875 1764.315625
150 228.48515625 1992.80078125
160 79.41328125 2072.2140625
170 162.80234375 2235.01640625
180 319.28046875 2554.296875
190 217.3203125 2771.6171875
200 119.28828125 2890.90546875
210 189.88828125 3080.79375
220 88.4171875 3169.2109375
230 169.1265625 3338.3375
240 218.29765625 3556.63515625
250 272.1296875 3828.76484375
260 404.1203125 4232.88515625
270 224.58984375 4457.475
280 132.79609375 4590.27109375
290 289.65546875 4879.9265625
300 332.77890625 5212.70546875
310 187.2625 5399.96796875
320 194.46796875 5594.4359375
330 359.2328125 5953.66875
340 250.0578125 6203.7265625
350 204.85078125 6408.57734375
360 251.2171875 6659.79453125
370 93.9609375 6753.75546875
380 161.67578125 6915.43125
390 106.23125 7021.6625
400 164.67734375 7186.33984375
410 161.990625 7348.33046875
420 197.12578125 7545.45625
430 284.31796875 7829.77421875
440 353.2515625 8183.02578125
450 164.32890625 8347.3546875
460 236.86875 8584.2234375
470 149.59375 8733.8171875
480 157.60234375 8891.41953125
490 272.47734375 9163.896875
500 322.15390625 9486.05078125
510 306.478125 9792.52890625
520 267.903125 10060.43203125
530 301.440625 10361.87265625
540 274.9203125 10636.79296875
550 275.45 10912.24296875
560 159.9578125 11072.20078125
570 102.2875 11174.48828125
580 359.5765625 11534.06484375
590 194.3359375 11728.40078125
600 530.08828125 12258.4890625
610 443.58046875 12702.06953125
620 435.80703125 13137.8765625
630 222.11796875 13359.99453125
640 461.77890625 13821.7734375
650 295.4453125 14117.21875
660 236.29296875 14353.51171875
670 336.86484375 14690.3765625
680 366.85859375 15057.23515625
690 324.9609375 15382.19609375
700 306.9296875 15689.12578125
710 437.8078125 16126.93359375
720 436.03671875 16562.9703125
730 202.6390625 16765.609375
740 310.11171875 17075.72109375
750 292.83671875 17368.5578125
760 284.709375 17653.2671875
770 363.75 18017.0171875
780 211.703125 18228.7203125
790 278.64765625 18507.36796875
800 250.27890625 18757.646875
810 249.775 19007.421875
820 201.23515625 19208.65703125
830 364.75234375 19573.409375
840 283.703125 19857.1125
850 367.528125 20224.640625
860 315.24140625 20539.88203125
870 385.484375 20925.36640625
880 447.05703125 21372.4234375
890 208.63125 21581.0546875
900 370.6609375 21951.715625
910 536.1546875 22487.8703125
920 444.63828125 22932.50859375
930 356.58359375 23289.0921875
940 582.08046875 23871.17265625
950 557.14140625 24428.3140625
960 450.278125 24878.5921875
970 536.584375 25415.1765625
980 403.4265625 25818.603125
990 230.53203125 26049.13515625
1000 334.23671875 26383.371875
1010 453.42265625 26836.79453125
1020 429.32890625 27266.1234375
1030 347.5578125 27613.68125
1040 315.90234375 27929.58359375
1050 387.7703125 28317.35390625
1060 511.33125 28828.68515625
1070 144.22265625 28972.9078125
1080 402.803125 29375.7109375
1090 258.1109375 29633.821875
1100 406.4453125 30040.2671875
1110 258.01953125 30298.28671875
1120 293.95703125 30592.24375
1130 256.33359375 30848.57734375
1140 261.95703125 31110.534375
1150 288.5125 31399.046875
1160 428.25234375 31827.29921875
1170 550.0859375 32377.38515625
1180 651.94296875 33029.328125
1190 739.1515625 33768.4796875
1200 362.0703125 34130.55
1210 288.2046875 34418.7546875
1220 447.3984375 34866.153125
1230 594.0515625 35460.2046875
1240 451.13828125 35911.34296875
1250 603.3578125 36514.70078125
1260 962.9796875 37477.68046875
1270 724.09765625 38201.778125
1280 679.32890625 38881.10703125
1290 711.2703125 39592.37734375
1300 784.47734375 40376.8546875
1310 827.221875 41204.0765625
1320 740.23515625 41944.31171875
1330 838.859375 42783.17109375
1340 977.1421875 43760.31328125
1350 908.775 44669.08828125
1360 944.44140625 45613.5296875
1370 984.48828125 46598.01796875
1380 852.99453125 47451.0125
1390 915.18671875 48366.19921875
1400 981.78828125 49347.9875
1410 904.48828125 50252.47578125
1420 919.2375 51171.71328125
1430 1067.6734375 52239.38671875
1440 864.90625 53104.29296875
1450 1083.53515625 54187.828125
1460 917.3671875 55105.1953125
1470 930.7828125 56035.978125
1480 1068.91640625 57104.89453125
1490 944.56171875 58049.45625
1500 824.6140625 58874.0703125
1510 801.621875 59675.6921875
1520 918.88828125 60594.58046875
1530 681.38984375 61275.9703125
1540 754.725 62030.6953125
1550 1158.90625 63189.6015625
1560 899.9375 64089.5390625
1570 635.209375 64724.7484375
1580 294.75703125 65019.50546875
1590 683.81015625 65703.315625
1600 634.19375 66337.509375
1610 740.225 67077.734375
1620 705.76640625 67783.50078125
1630 875.215625 68658.71640625
1640 631.565625 69290.28203125
1650 1036.04296875 70326.325
1660 942.3328125 71268.6578125
1670 798.884375 72067.5421875
1680 1040.659375 73108.2015625
1690 717.4234375 73825.625
1700 993.80234375 74819.42734375
1710 655.8453125 75475.27265625
1720 828.7859375 76304.05859375
1730 730.4546875 77034.51328125
1740 788.93984375 77823.453125
1750 581.834375 78405.2875
1760 810.2453125 79215.5328125
1770 1070.9703125 80286.503125
1780 1097.128125 81383.63125
1790 836.43515625 82220.06640625
1800 1020.35546875 83240.421875
1810 841.646875 84082.06875
1820 971.0828125 85053.1515625
1830 939.2328125 85992.384375
1840 970.08828125 86962.47265625
1850 1090.7796875 88053.25234375
1860 931.27578125 88984.528125
1870 856.596875 89841.125
1880 827.446875 90668.571875
1890 1149.92109375 91818.49296875
1900 752.6453125 92571.13828125
1910 1128.35859375 93699.496875
1920 920.2296875 94619.7265625
1930 907.359375 95527.0859375
1940 997.78203125 96524.86796875
1950 977.4984375 97502.36640625
1960 1045.93828125 98548.3046875
1970 941.959375 99490.2640625
1980 1027.58671875 100517.85078125
1990 1080.0609375 101597.91171875
2000 847.77421875 102445.6859375
2010 1091.6296875 103537.315625
2020 917.803125 104455.11875
2030 1135.3390625 105590.4578125
2040 950.34375 106540.8015625
2050 892.22734375 107433.02890625
2060 970.24609375 108403.275
2070 1014.778125 109418.053125
2080 968.00546875 110386.05859375
2090 1081.165625 111467.22421875
2100 963.69296875 112430.9171875
2110 935.47890625 113366.39609375
2120 1155.8203125 114522.21640625
2130 999.57109375 115521.7875
2140 928.04765625 116449.83515625
2150 1088.7421875 117538.57734375
2160 973.153125 118511.73046875
2170 1062.4953125 119574.22578125
2180 981.2015625 120555.42734375
2190 996.625 121552.05234375
2200 1070.2765625 122622.32890625
2210 926.67734375 123549.00625
2220 1030.57421875 124579.58046875
2230 1021.64375 125601.22421875
2240 1093.36171875 126694.5859375
2250 973.0421875 127667.628125
2260 1119.25390625 128786.88203125
2270 1023.96484375 129810.846875
2280 1070.46171875 130881.30859375
2290 979.51640625 131860.825
2300 1180.89765625 133041.72265625
2310 897.428125 133939.15078125
2320 1226.4375 135165.58828125
2330 980.01640625 136145.6046875
2340 1030.61328125 137176.21796875
2350 1016.97890625 138193.196875
2360 804.99609375 138998.19296875
2370 1254.09609375 140252.2890625
2380 883.8796875 141136.16875
2390 1063.965625 142200.134375
2400 966.84453125 143166.97890625
2410 1072.003125 144238.98203125
2420 926.94140625 145165.9234375
2430 826.040625 145991.9640625
2440 1055.98671875 147047.95078125
2450 1220.46875 148268.41953125
2460 932.9140625 149201.33359375
2470 598.37421875 149799.7078125
2480 170.515625 149970.2234375
2490 5.59375 149975.8171875
2500 1.24296875 149977.06015625
2510 2.6078125 149979.66796875
2520 0 149979.66796875
2530 0 149979.66796875
2540 0 149979.66796875
2550 0.621875 149980.28984375
2560 0 149980.28984375
2570 0 149980.28984375
2580 0 149980.28984375
2590 0 149980.28984375
2594 0 149980.28984375
