0 0 0
10 4 4
20 8 8
30 11 11
40 12 12
50 11 13
60 10 13
70 13 13
80 13 13
90 14 15
100 16 16
110 17 19
120 17 19
130 22 23
140 17 23
150 17 23
160 19 23
170 19 23
180 17 23
190 13 23
200 14 23
210 15 23
220 17 23
230 19 23
240 26 26
250 22 26
260 15 26
270 17 26
280 18 26
290 17 26
300 12 26
310 15 26
320 19 26
330 18 26
340 14 26
350 13 26
360 9 26
370 9 26
380 8 26
390 12 26
400 15 26
410 21 26
420 21 26
430 21 26
440 19 26
450 15 26
460 16 26
470 14 26
480 16 26
490 19 26
500 21 26
510 20 26
520 22 26
530 22 26
540 18 26
550 15 26
560 10 26
570 19 26
580 21 26
590 29 29
600 22 29
610 19 29
620 19 29
630 18 29
640 14 29
650 15 29
660 18 29
670 20 29
680 24 29
690 25 29
700 27 29
710 24 29
720 20 29
730 23 29
740 22 29
750 21 29
760 15 29
770 13 29
780 14 29
790 11 29
800 12 29
810 15 29
820 20 29
830 22 29
840 21 29
850 21 29
860 20 29
870 22 29
880 21 29
890 22 29
900 30 31
910 27 33
920 28 33
930 31 33
940 30 34
950 28 34
960 28 34
970 23 34
980 21 34
990 22 34
1000 22 34
1010 22 34
1020 19 34
1030 19 34
1040 19 34
1050 21 34
1060 21 34
1070 17 34
1080 18 34
1090 19 34
1100 21 34
1110 21 34
1120 20 34
1130 18 34
1140 24 34
1150 24 34
1160 30 34
1170 31 36
1180 25 36
1190 21 36
1200 17 36
1210 24 36
1220 26 36
1230 31 36
1240 35 39
1250 40 40
1260 36 40
1270 36 40
1280 37 40
1290 42 42
1300 43 43
1310 44 47
1320 46 48
1330 46 50
1340 51 52
1350 52 58
1360 57 60
1370 55 60
1380 59 60
1390 58 60
1400 51 60
1410 58 60
1420 58 60
1430 50 60
1440 54 60
1450 48 60
1460 47 60
1470 46 60
1480 37 60
1490 34 60
1500 39 60
1510 42 60
1520 46 60
1530 44 60
1540 41 60
1550 34 60
1560 24 60
1570 22 60
1580 22 60
1590 30 60
1600 32 60
1610 33 60
1620 35 60
1630 38 60
1640 37 60
1650 42 60
1660 41 60
1670 42 60
1680 37 60
1690 37 60
1700 32 60
1710 32 60
1720 31 60
1730 34 60
1740 36 60
1750 42 60
1760 50 60
1770 56 60
1780 75 75
1790 83 84
1800 93 94
1810 106 106
1820 120 120
1830 134 134
1840 142 143
1850 154 157
1860 164 164
1870 171 171
1880 180 180
1890 186 188
1900 203 203
1910 214 215
1920 230 231
1930 233 234
1940 235 239
1950 245 247
1960 240 247
1970 242 247
1980 240 247
1990 240 247
2000 232 247
2010 223 247
2020 216 247
2030 222 247
2040 226 247
2050 228 247
2060 233 247
2070 239 247
2080 234 247
2090 240 247
2100 250 251
2110 251 254
2120 239 254
2130 247 254
2140 253 254
2150 237 254
2160 236 254
2170 236 254
2180 227 254
2190 223 254
2200 226 254
2210 233 254
2220 232 254
2230 233 254
2240 242 254
2250 240 254
2260 240 254
2270 248 254
2280 243 254
2290 246 254
2300 249 254
2310 257 257
2320 246 257
2330 247 257
2340 250 257
2350 239 257
2360 224 257
2370 198 257
2380 184 257
2390 170 257
2400 153 257
2410 140 257
2420 124 257
2430 110 257
2440 92 257
2450 58 257
2460 28 257
2470 17 257
2480 6 257
2490 4 257
2500 2 257
2510 1 257
2520 1 257
2530 1 257
2540 1 257
2550 0 257
2560 0 257
2570 0 257
2580 0 257
2590 0 257
2594 0 257
