10 0.6 0.76416015625 0.0968980987246826 0.940185546875 0.6259765625 0 0
20 2.8 0.65460205078125 0.0875319321666554 0.94482421875 0.565185546875 0.76416015625 6
30 5.2 0.9696138822115384 1.923127682501964 14.658935546875 0.52880859375 0.6739358340992647 34
40 6.8 0.6092349781709561 0.07098609941229005 14.658935546875 0.508056640625 0.8527179097020349 86
50 8.5 0.8602280560661765 1.932719426482934 18.514892578125 0.470947265625 0.745205965909091 154
60 9 0.6021430121527778 0.0931218086977226 18.514892578125 0.470947265625 0.7861134038310671 239
70 8.7 0.6341791262571838 0.1419686014722269 18.514892578125 0.470947265625 0.7357871568674013 329
80 8.5 0.6379222196691178 0.10842263401454452 18.514892578125 0.470947265625 0.7145374004657452 416
90 8.2 0.8861351943597561 1.7596265133221292 18.514892578125 0.470947265625 0.7015388168974551 501
100 7.7 0.6232656503652596 0.06539096070736108 18.514892578125 0.470947265625 0.7275026298509862 583
110 7.4 0.8984144056165538 2.269244889250885 20.264892578125 0.470947265625 0.7153416489109848 660
120 8.3 0.7602833207831327 1.0626142498514894 20.264892578125 0.470947265625 0.733798575336342 734
130 10.1 0.6585415377475248 0.13144353768114697 20.264892578125 0.470947265625 0.7364891920708384 817
140 11.1 0.6296958579673426 0.085423726005901 20.264892578125 0.470947265625 0.7279132518892973 918
150 13.6 1.0257460650275738 2.450644533218447 20.27001953125 0.470947265625 0.7173183726615646 1029
160 14.5 0.5923137796336204 0.05733070162318322 20.27001953125 0.470947265625 0.7533236655042919 1165
170 16.1 0.6674334603066772 0.7656310537422796 20.27001953125 0.470947265625 0.7355019605796755 1310
180 12.8 0.6739044189453126 0.8405429439918559 20.27001953125 0.470947265625 0.7280519071847382 1471
190 14.7 0.6348553093112247 0.1426296497059152 20.27001953125 0.470947265625 0.723717399058005 1599
200 12.5 0.620416015625 0.0861804641164383 20.27001953125 0.470947265625 0.7162358829109393 1746
210 12 0.6261474609374995 0.10086897548504808 20.27001953125 0.470947265625 0.7098342349094735 1871
220 16.2 0.6090148172260804 0.09283543627803616 20.27001953125 0.470947265625 0.7047903309031266 1991
230 18.7 0.7746033694017377 1.6185598514448623 20.526123046875 0.470947265625 0.6975838129209243 2153
240 16.5 0.821771425189394 1.8737630898680309 20.526123046875 0.470947265625 0.703738794571314 2340
250 16.8 0.6555858793712799 0.1796464852020604 20.526123046875 0.4609375 0.7115133989832834 2505
260 19.6 0.6222845583545911 0.13330106306588732 20.526123046875 0.4609375 0.7079983135755704 2673
270 26.9 0.6877731833759296 0.963648932984583 20.526123046875 0.4609375 0.7021426509672358 2869
280 27.2 0.6393306956571694 0.5897143223958206 20.526123046875 0.4609375 0.7009108514828313 3138
290 24.5 0.8126883370535717 1.878228919121164 20.526123046875 0.4609375 0.6959988859741567 3410
300 25.5 0.6230305989583333 0.12168532453622019 20.526123046875 0.4609375 0.7038207506839944 3655
310 26.2 0.7398001401479006 1.044330972036635 20.526123046875 0.4609375 0.6985518277453643 3910
320 24.8 1.1488302907636097 2.892166060363444 20.526123046875 0.4609375 0.7011422059451401 4172
330 24.3 0.6763468926826132 0.831141649864804 20.526123046875 0.4609375 0.7262613564055429 4420
340 23.8 0.8372228285845591 1.9516676254578198 20.718017578125 0.4609375 0.7236601952035974 4663
350 24.4 0.857634997758709 1.8738533973147558 20.718017578125 0.4609375 0.7291749690751886 4901
360 25.1 0.7027874828809761 0.9565692396246884 20.718017578125 0.4609375 0.7352671453626093 5145
370 25.2 0.7710251581101191 1.129090332364176 20.718017578125 0.4609375 0.7337563234050686 5396
380 24.8 1.0503549883442544 2.8454647320764046 20.8779296875 0.4609375 0.7354191680130134 5648
390 33.9 0.6567526848266961 0.5557184271438663 20.8779296875 0.4609375 0.7486661292481132 5896
400 32.2 0.6176621336374224 0.0989059430257377 20.8779296875 0.4609375 0.7436687503132519 6235
410 29.7 0.7888150712857745 1.1968428538771216 20.8779296875 0.4609375 0.737480839596519 6557
420 33.4 0.6145121865643711 0.09453908300365337 20.8779296875 0.4609375 0.7397052730385542 6854
430 34.2 1.0125125639619883 2.6734932961060935 21.22607421875 0.447998046875 0.7338880094210838 7188
440 34.8 0.8353888851472698 1.4877750601904502 21.22607421875 0.447998046875 0.7465426704639774 7530
450 31.1 0.8721409641278133 1.7370639466098534 21.22607421875 0.447998046875 0.7504673318894389 7878
460 33.9 0.7641911239398967 1.1077345933964167 21.22607421875 0.43017578125 0.7550882257258212 8189
470 32 1.081314849853516 2.5976600369311775 21.22607421875 0.43017578125 0.7554500787387869 8528
480 33.7 0.6469074554896143 0.5923118418483001 21.22607421875 0.43017578125 0.7672354230829 8848
490 32.4 0.7117143795814046 0.9666536553814873 21.22607421875 0.43017578125 0.7628205591657594 9185
500 37.9 0.8990178976335749 1.7373041468459043 21.22607421875 0.43017578125 0.7610792191525791 9509
510 39.3 0.6291218143686389 0.20393773785166283 21.22607421875 0.43017578125 0.7663663104899878 9888
520 41.3 0.7074391362742131 0.9968539287118767 21.22607421875 0.43017578125 0.7611200224853492 10281
530 38.7 0.8796531815245479 1.7714682729105737 21.22607421875 0.43017578125 0.7590468781048368 10694
540 36.3 0.6537904345299586 1.0357780557894862 21.22607421875 0.43017578125 0.7632590105318224 11081
550 46.4 0.6581163077518858 0.511382125333499 21.22607421875 0.43017578125 0.759786702502403 11444
560 42.9 0.7688682573936483 1.2295327130400167 21.22607421875 0.43017578125 0.755825074759353 11908
570 47.5 0.8046258223684211 1.4003961113739114 21.22607421875 0.43017578125 0.7562786311628638 12337
580 43.4 0.7498886178715438 1.2272825209354778 21.22607421875 0.43017578125 0.7580710847862355 12812
590 43.3 0.8430829830037531 1.5766885733089249 21.22607421875 0.43017578125 0.7578029894638004 13246
600 44.7 0.7865560988185123 1.6978419190014542 21.22607421875 0.43017578125 0.7605024731397123 13679
610 48.2 1.1268457436462667 2.555561088071158 21.22607421875 0.43017578125 0.7613269082719808 14126
620 50.5 0.8445317334467825 1.9410804888910544 21.257080078125 0.43017578125 0.773387428442463 14608
630 51.7 0.8090626700012089 1.2173156898891895 21.257080078125 0.43017578125 0.7757647111809783 15113
640 60.4 1.0361166442466878 2.1785652988514395 21.257080078125 0.43017578125 0.7768661215910908 15630
650 58.8 0.7841248804209184 1.4662816456227319 21.257080078125 0.43017578125 0.7865117613400117 16234
660 60.6 1.3681733285633229 3.3948644788257707 21.257080078125 0.43017578125 0.7864283297634793 16822
670 54.9 0.9575844575364295 2.040430396695933 21.257080078125 0.43017578125 0.8066565526962716 17428
680 59.7 0.8529026152899917 1.663322793621582 21.257080078125 0.43017578125 0.8112657433152429 17977
690 58.6 0.7659499653370309 1.0933565629830964 21.257080078125 0.43017578125 0.8126040233071092 18574
700 57 0.6983085766173246 1.0020414546205383 21.257080078125 0.43017578125 0.811177129884851 19160
710 62.5 1.003317578124999 2.1891062437191073 21.257080078125 0.43017578125 0.8079163556647553 19730
720 63.6 0.8727651152220915 1.6378973952489708 21.257080078125 0.43017578125 0.8139161475604887 20355
730 68.6 1.2763999293913995 2.3215220808987604 21.257080078125 0.43017578125 0.8156991947441758 20991
740 66 1.3270800041429915 2.590703652077268 26.720947265625 0.43017578125 0.8302787354540525 21677
750 56.6 0.863166512533127 1.8243641397320982 26.720947265625 0.43017578125 0.8449579151708766 22337
760 57.7 0.9111235038453206 1.9170955124625868 26.720947265625 0.43017578125 0.8454079027754278 22903
770 54.4 0.7174655689912681 1.0980683077411861 26.720947265625 0.43017578125 0.8470228048971198 23480
780 59.4 0.9973592533406991 2.294973675790651 26.720947265625 0.43017578125 0.8440891079135706 24024
790 64.1 1.2021701473527688 3.114369947955441 34.5908203125 0.43017578125 0.8477873151758875 24618
800 65.4 1.1562877036745016 2.446352744254833 34.5908203125 0.43017578125 0.8567805213766626 25259
810 58.2 0.7976313325547679 1.5327513855831254 34.5908203125 0.43017578125 0.8643395727108496 25913
820 61.5 0.796402200838415 1.19528749282695 34.5908203125 0.43017578125 0.8628742322401631 26495
830 65.6 0.9214362167730562 1.6917660714079825 34.5908203125 0.43017578125 0.8613662905466155 27110
840 60.8 0.9209984227230678 1.9533441037964174 34.5908203125 0.43017578125 0.8627855036707438 27766
850 61.4 0.8589105761400652 1.5197360863005918 34.5908203125 0.43017578125 0.8640328940557375 28374
860 68.4 1.023033097473501 1.9279176419110389 34.5908203125 0.43017578125 0.8639243973260485 28988
870 62.4 1.041118132762419 2.098499052555328 34.5908203125 0.43017578125 0.8675921767443843 29672
880 55.4 0.8174753567802351 1.2828545633922732 34.5908203125 0.43017578125 0.8711662524162636 30296
890 53.1 0.9286911671669021 1.920307700966492 34.5908203125 0.43017578125 0.8702020787960898 30850
900 56.9 1.3189484876153343 3.238802397732638 34.5908203125 0.43017578125 0.8711917765726075 31381
910 57.3 0.7336685686627404 0.9025533187863376 34.5908203125 0.43017578125 0.8791659101745891 31950
920 60.9 0.7082359176159688 0.9460941648332942 34.5908203125 0.43017578125 0.876602494232447 32523
930 55.4 0.8647293476421479 1.4009870705993985 34.5908203125 0.43017578125 0.8735077445898224 33132
940 58 0.8167779330549567 1.573604449608961 34.5908203125 0.43017578125 0.8733633750621548 33686
950 63.9 0.7514396273474178 1.3087808717241942 34.5908203125 0.43017578125 0.8724055872735546 34266
960 57.2 0.8359353659036273 1.5132151388967952 34.5908203125 0.43017578125 0.8701910836668277 34905
970 55 0.914849520596591 1.5823417330301508 34.5908203125 0.43017578125 0.8696387745493558 35477
980 59.6 1.089145327574454 2.2847873459217913 34.5908203125 0.43017578125 0.8703289766290733 36027
990 59.4 0.9533847590488219 1.8978911196728565 34.5908203125 0.43017578125 0.8738899777803565 36623
1000 63.3 1.0422706543740126 1.7062583051500118 34.5908203125 0.43017578125 0.8751587501175537 37217
1010 59.2 0.9564662624049831 1.847946718717598 34.5908203125 0.43017578125 0.8779535145929657 37850
1020 55.4 0.6609450798172382 0.4554689683812136 34.5908203125 0.43017578125 0.8791625970211617 38442
1030 55 0.9350137606534089 1.8350054551640889 34.5908203125 0.43017578125 0.8760624712510579 38996
1040 53.8 0.7146608714277415 1.0050550620697067 34.5908203125 0.43017578125 0.8768823571856983 39546
1050 54.1 1.167819828731516 2.7160457728819916 34.5908203125 0.43017578125 0.8747050505461967 40084
1060 57.1 0.7924449807081873 1.2626069191089149 34.5908203125 0.43017578125 0.8786084375 40625
1070 61.7 0.8058591375861015 1.4123032258723758 34.5908203125 0.43017578125 0.8774141629629545 41196
1080 59.7 0.955518150649079 1.8235380820998248 34.5908203125 0.43017578125 0.8763582843927128 41813
1090 65 1.2131317608173084 2.500423550744467 34.5908203125 0.43017578125 0.8774726074333884 42410
1100 52.8 0.9012834953539302 1.951819082309324 34.5908203125 0.421142578125 0.8825394548486124 43060
1110 55.1 1.1052715765369774 2.7904091632653336 34.5908203125 0.421142578125 0.8827665093908443 43588
1120 58.2 0.7812806224495279 1.5134017862656448 34.5908203125 0.421142578125 0.8855441049865198 44139
1130 62.4 0.6821246024889819 0.8123841805555444 34.5908203125 0.421142578125 0.884187217912516 44721
1140 59.4 0.772975112452651 1.300044762941174 34.5908203125 0.421142578125 0.8814066010413221 45345
1150 59.1 0.8200220924545262 1.5140039925038713 34.5908203125 0.421142578125 0.8800045612881348 45939
1160 60 0.9421232096354163 2.2211854720880115 34.5908203125 0.421142578125 0.8792426949850902 46530
1170 56.8 0.686783051826584 0.9404389744266851 34.5908203125 0.421142578125 0.8800432107667622 47130
1180 65.7 0.769632696561073 1.2575148339146667 34.5908203125 0.421142578125 0.8777418192979789 47698
1190 58.6 0.8869795555140783 1.7994759357922683 34.5908203125 0.421142578125 0.8762729392723736 48355
1200 58.6 0.7954034902943687 1.2617472035569446 34.5908203125 0.421142578125 0.876401136021881 48941
1210 65.2 1.583898626222201 3.244663215167321 34.5908203125 0.421142578125 0.8754427775427418 49527
1220 71.3 1.244989467369391 2.8028262656863934 34.5908203125 0.421142578125 0.8846480868023725 50179
1230 72.1 1.1440199430045077 2.487104827064402 34.5908203125 0.421142578125 0.8896964913520912 50892
1240 75.2 1.24223392567736 2.483413705718264 34.5908203125 0.421142578125 0.8932492243581438 51613
1250 80.5 1.5373698927600932 2.9272383774241666 35.116943359375 0.421142578125 0.8982609019174306 52365
1260 76.9 0.775535394993498 1.3428122785197554 35.116943359375 0.421142578125 0.9079370865634404 53170
1270 86.6 1.8089286680860293 3.430010845369596 38.537109375 0.421142578125 0.9060494560768299 53939
1280 85.4 1.3937793883562657 2.7345788614692523 38.537109375 0.421142578125 0.9203162820525613 54805
1290 86.7 1.6634179349589095 3.228762368759247 38.537109375 0.421142578125 0.9275808303337623 55659
1300 80.4 1.2255907960199017 2.7782047521125004 38.537109375 0.421142578125 0.9388671546749504 56526
1310 83.9 1.8686727130512517 3.381430889129565 38.537109375 0.421142578125 0.9428881874264129 57330
1320 73.8 0.8179544588414634 1.3962407616279562 38.537109375 0.421142578125 0.9562412314360957 58169
1330 78.1 1.4089477382762479 2.6414844942138065 38.537109375 0.421142578125 0.954508743986814 58907
1340 75.8 1.5437504509193596 3.4292517715825053 38.537109375 0.421142578125 0.9604549451418208 59688
1350 76.5 1.265578086703432 2.532633276891156 38.537109375 0.421142578125 0.9677695398772769 60446
1360 77.2 1.020175123461787 1.9850271293202666 38.537109375 0.421142578125 0.9714914777368446 61211
1370 79.6 1.4249936204459799 2.970488935778797 38.537109375 0.421142578125 0.9720978339070794 61983
1380 79.3 1.514644743064312 3.160718012784162 38.537109375 0.421142578125 0.9778402803634575 62779
1390 85 1.3231459673713235 2.8919056001603565 38.537109375 0.421142578125 0.9845364034824687 63572
1400 82.6 1.1535517436251521 2.00611497387128 38.537109375 0.421142578125 0.9890041028600963 64422
1410 81.2 1.4616440646166877 3.1411046492939136 38.537109375 0.421142578125 0.9910871759239747 65248
1420 77.8 1.4813762753052697 2.8776663084078127 38.537109375 0.421142578125 0.996871193387167 66060
1430 76 1.2262303402549348 2.500376504122239 38.537109375 0.421142578125 1.0025108737147095 66838
1440 72.8 0.8037220043140456 1.302458536199424 38.537109375 0.421142578125 1.0050261373995901 67598
1450 78 1.8566706730769236 3.8433031425920023 38.537109375 0.421142578125 1.00288128172406 68326
1460 85.5 1.9221134297331828 3.35349904154043 38.537109375 0.421142578125 1.0125180097253224 69106
1470 81.8 1.2791431678827951 2.5657242687577217 38.537109375 0.421142578125 1.0236342614099283 69961
1480 80.3 1.1957478790473217 2.53640458116845 38.537109375 0.421142578125 1.0265872034618762 70779
1490 85.9 2.0946461296747665 3.328491379452807 38.537109375 0.421142578125 1.0284848316714135 71582
1500 81.3 1.4950367081795823 3.0155895933564043 38.537109375 0.421142578125 1.0411272931916145 72441
1510 79.6 1.7392814291182497 3.0973883896504644 38.537109375 0.421142578125 1.046164947850544 73254
1520 73.8 1.0975967035060978 2.210701749647809 38.537109375 0.421142578125 1.0536155990198768 74050
1530 74.4 1.2386113648773518 2.767735612851279 38.537109375 0.421142578125 1.0540495998637398 74788
1540 75.6 1.1873924618675593 2.116384118307186 38.537109375 0.421142578125 1.055867557195336 75532
1550 77.9 1.4297282423379336 2.500449151339589 38.537109375 0.421142578125 1.057170944725907 76288
1560 77.6 1.2543596090729703 2.320239199940766 38.537109375 0.421142578125 1.0609367865886987 77067
1570 78.6 1.4860942345539123 2.9219633101920497 38.537109375 0.421142578125 1.06286497679524 77843
1580 79.1 1.295586085651074 2.68394425137572 38.537109375 0.421142578125 1.0670957084158676 78629
1590 84.1 1.4427114298454227 2.7331144063612856 38.537109375 0.421142578125 1.0693714058270116 79420
1600 79.4 1.150787276645152 2.3439364038413864 38.537109375 0.421142578125 1.0732833800137211 80261
1610 81.1 1.3283378328259876 2.4889776751704717 38.537109375 0.421142578125 1.07404259405265 81055
1620 68.4 0.9451047663103067 1.6304375767785737 38.537109375 0.421142578125 1.0765617526611708 81866
1630 80.1 1.0700848182935379 1.9097139670047483 38.537109375 0.421142578125 1.0754725148820794 82550
1640 79.4 1.4271264832926642 2.9649477657054972 38.537109375 0.421142578125 1.0754207393188897 83351
1650 81.4 1.3066715174869477 2.4516416833970474 38.537109375 0.421142578125 1.078739467237544 84145
1660 79.7 1.222803898408091 2.0563031907473843 38.537109375 0.421142578125 1.080923305193535 84959
1670 82.7 1.3683119638943482 2.2890631472173126 38.537109375 0.421142578125 1.0822419165185968 85756
1680 83.9 1.2139000693720232 2.2635674315872345 38.537109375 0.421142578125 1.0849743227551532 86583
1690 82.5 1.856066524621212 3.916133968742944 38.537109375 0.421142578125 1.0862116394650378 87422
1700 78.9 1.1423695688767432 2.8023759551562915 38.537109375 0.421142578125 1.0934088278142604 88247
1710 85.9 1.5002222560753777 2.737305275551296 38.537109375 0.421142578125 1.093842697537724 89036
1720 81.7 1.3735994037828954 2.8975260730532795 38.537109375 0.421142578125 1.0977258950546476 89895
1730 81 0.9427595727237644 1.7386520131936212 38.537109375 0.421142578125 1.1002105570247396 90712
1740 81 1.0846152223186745 2.2627517044739163 38.537109375 0.421142578125 1.098817063686703 91522
1750 89.9 1.6462236686596206 3.165640655165143 38.537109375 0.421142578125 1.098692475336964 92332
1760 80.9 1.3982413425139055 3.0130189244968895 38.537109375 0.421142578125 1.1039721628099834 93231
1770 77.6 1.4863967108972294 3.0676060412465063 38.537109375 0.421142578125 1.1065036788284912 94040
1780 79 1.7358370624011077 3.9880583400915413 39.44482421875 0.421142578125 1.1096128269984766 94816
1790 74.5 1.2153028654572127 2.3825826613393852 39.44482421875 0.421142578125 1.1147873677801021 95606
1800 81.1 1.23768429456304 2.345367589905016 39.44482421875 0.421142578125 1.1155645682841908 96351
1810 82.9 1.4774044759310905 2.5967380311990946 39.44482421875 0.421142578125 1.116583887544932 97162
1820 91 2.0349048656421704 3.65597358130771 39.44482421875 0.421142578125 1.1196364155094607 97991
1830 99.9 2.6855014193881384 4.027929706755921 39.44482421875 0.421142578125 1.1280579106371214 98901
1840 96.7 2.8446462763379006 4.342946586745624 39.44482421875 0.421142578125 1.1436323457246316 99900
1850 100.1 3.03703010856331 4.401273955915894 39.44482421875 0.421142578125 1.1599397651076115 100867
1860 97.7 2.438470315298748 3.3130458553465147 39.44482421875 0.421142578125 1.1783848846132379 101868
1870 99.9 2.8262207520020013 4.294145129334554 39.44482421875 0.421142578125 1.1903553592671319 102845
1880 96.7 127.73963222878427 726.4034778139761 9047.123779296875 0.421142578125 1.2060927107495685 103844
1890 98.3 26.749866132454866 270.37828291702726 9047.123779296875 0.421142578125 2.373507702629615 104811
1900 97.3 360.88639632378937 1056.6622670254148 9047.123779296875 0.421142578125 2.600004104472047 105794
1910 98.9 222.25197336719557 1076.2136539410785 9047.123779296875 0.421142578125 5.865176485726514 106767
1920 95 483.67995425575657 1225.059670935985 9047.123779296875 0.421142578125 7.851205496786436 107756
1930 95.7 480.4869238077159 1373.6486936136575 9047.123779296875 0.421142578125 12.009552886268356 108706
1940 97.7 759.9314097284417 1938.4346754979467 9047.123779296875 0.421142578125 16.097831010811962 109663
1950 98.6 804.470036071406 1863.669075700629 9047.43212890625 0.421142578125 22.66620959366739 110640
1960 94.2 1039.6698410131378 2294.971402424248 9047.43212890625 0.421142578125 29.57193561544592 111626
1970 99.8 912.2763189954127 2124.818755791851 9047.43212890625 0.421142578125 38.024712842407624 112568
1980 97.7 624.2403320812276 1805.3586890256627 9047.43212890625 0.421142578125 45.70749732843953 113566
1990 88.3 946.3793234733332 1962.5824380572094 9047.43212890625 0.421142578125 50.64212082837819 114543
2000 98.6 1112.2078176502296 2301.329130944 9047.43212890625 0.421142578125 57.494441362187686 115426
2010 97.4 771.4744790329823 1886.1153303867643 9047.43212890625 0.421142578125 66.42777631923687 116412
2020 97.1 959.2006747936244 2034.792631255644 9047.72509765625 0.421142578125 72.277839260671 117386
2030 97.4 1206.5173349870054 2452.2714690504754 9047.72509765625 0.421142578125 79.55414799866283 118357
2040 95.8 1355.7358589570558 2546.4752709894133 9057.7978515625 0.421142578125 88.75261398090254 119331
2050 95.2 1275.3042351217855 2418.998741772079 9057.7978515625 0.421142578125 98.84306239004347 120289
2060 94.4 1323.9635415804594 2394.590004745385 9057.7978515625 0.421142578125 108.08078755265858 121241
2070 98 1435.3869354870862 2637.958043497693 9057.7978515625 0.421142578125 117.47468467425487 122185
2080 96.1 1766.5174508466935 2758.56879345764 9057.7978515625 0.421142578125 127.96105666139874 123165
2090 95.6 2000.101054299326 3037.301225152773 9057.7978515625 0.421142578125 140.64697818317555 124126
2100 96 1740.9987398783373 2792.964328304446 9057.7978515625 0.421142578125 154.8587600284214 125082
2110 94.1 2051.5388061653152 2989.1982046111148 9057.7978515625 0.421142578125 166.93960911567737 126042
2120 98.4 2012.7976371951165 3064.039248425749 9057.7978515625 0.421142578125 180.90531983619672 126983
2130 87.6 1801.254450549818 2772.1172679578967 9057.7978515625 0.421142578125 194.99162365109572 127967
2140 97.8 1951.5145171307838 2876.39844146363 9057.7978515625 0.421142578125 205.91256026669208 128843
2150 93.4 1969.3997648512805 3069.477619349388 9057.7978515625 0.421142578125 219.06296516122438 129821
2160 95.6 2182.2950411361603 3122.2994946406666 9057.7978515625 0.421142578125 231.56584895848275 130755
2170 94.9 1855.778528436595 2882.8018379129685 9057.7978515625 0.421142578125 245.7248569967017 131711
2180 100.1 1982.7449518255155 2976.768919126623 9057.7978515625 0.421142578125 257.2425784967504 132660
2190 99.3 2049.5159871542223 2974.8531094087275 9057.7978515625 0.421142578125 270.1650306383781 133661
2200 97.2 2275.6341557757837 3132.44920044971 9057.7978515625 0.421142578125 283.28677599923054 134654
2210 95.2 2159.9552314822427 3077.656409712494 9057.7978515625 0.421142578125 297.5654663177743 135626
2220 95.3 2381.5094746032278 3307.548264582477 9057.7978515625 0.421142578125 310.5470230577805 136578
2230 96 2241.8868988037143 3138.8516768574414 9057.7978515625 0.421142578125 324.89744017336034 137531
2240 95.6 2181.853786069476 3001.5040648184317 9057.7978515625 0.421142578125 338.1857396317016 138491
2250 92.3 2282.7112620509747 3134.582064085619 9057.7978515625 0.421142578125 350.8252847807153 139447
2260 93 2320.10441527008 3243.59455360293 9057.7978515625 0.421142578125 363.52836063040144 140370
2270 98.2 2093.7254039508016 3115.220907510793 9057.7978515625 0.421142578125 376.4060374231467 141300
2280 95.2 2233.07833169889 2995.066642750229 9057.7978515625 0.421142578125 388.25860920264205 142282
2290 91 2351.697220552886 3191.7931066691385 9057.7978515625 0.421142578125 400.5201419100748 143234
2300 95.1 2250.8172857723816 3212.752427600597 9057.7978515625 0.421142578125 412.8381790227188 144144
2310 97.8 2274.8944436289794 3116.5486294551815 9057.7978515625 0.421142578125 424.8848941439768 145095
2320 98.8 2409.919075043097 3232.717033647149 9057.7978515625 0.421142578125 437.27123069759267 146073
2330 91.9 2302.395082492433 3020.5339823775803 9057.7978515625 0.421142578125 450.5240718329947 147061
2340 93.9 2276.242969582 3113.7592729480484 9057.7978515625 0.421142578125 462.0247439427124 147980
2350 95.3 2431.151933347814 3215.3262258656064 9057.7978515625 0.421142578125 473.46419031204937 148919
2360 94 2433.153251485622 3216.3627156566804 9057.7978515625 0.421142578125 485.9126557966835 149872
2370 95.7 2359.7207449631 3140.8629620221345 9057.7978515625 0.421142578125 498.04966187012326 150812
2380 89.7 2386.254937791772 3135.240825086881 9057.7978515625 0.421142578125 509.7886812121495 151769
2390 94.9 2448.5778492162785 3242.973143119138 9057.7978515625 0.421142578125 520.8139928869947 152666
2400 94.7 2533.5465532602925 3211.6398837775105 9057.7978515625 0.421142578125 532.7232979656426 153615
2410 97.8 2455.3228405287437 3101.482875195751 9057.7978515625 0.421142578125 544.9823242642415 154562
2420 100.3 2676.716848964825 3317.3579151938925 9057.7978515625 0.421142578125 556.9941091742754 155540
2430 97.4 2707.189943662168 3301.7515426664486 9057.805908203125 0.421142578125 570.5755654387517 156543
2440 93.6 2874.174068092282 3419.082677701331 9057.805908203125 0.421142578125 583.7872340484231 157517
2450 99.2 2940.674875320929 3451.4890450202884 9057.805908203125 0.421142578125 597.316811125948 158453
2460 102 2649.5725277171427 3260.9778822371472 9057.805908203125 0.421142578125 611.8962033908758 159445
2470 97.9 2910.9135201038193 3436.860853505393 9057.805908203125 0.421142578125 624.8487466296681 160465
2480 94.1 3010.0883516642016 3462.674722817421 9057.805908203125 0.421142578125 638.711494165849 161444
2490 98.2 2614.81291170761 3279.3777528141172 9057.805908203125 0.421142578125 652.4533152879105 162385
2500 96.7 2726.289059722806 3262.340876682926 9057.805908203125 0.421142578125 664.249070389517 163367
2510 100 3070.24472338867 3467.3404948192065 9058.880126953125 0.421142578125 676.382850798229 164334
2520 95.5 3094.4489779327546 3473.618264119586 9058.880126953125 0.421142578125 690.8617956770225 165334
2530 99 2927.6051008128193 3435.507776339887 9058.880126953125 0.421142578125 704.6656297192876 166289
2540 106.1 2751.527508734759 3315.015241766021 9058.880126953125 0.421142578125 717.821555306974 167279
2550 96.9 2633.725970414892 3215.934540233797 9058.880126953125 0.421142578125 730.6394358854869 168340
2560 106.4 3275.1536794103176 3563.0625855258922 9058.880126953125 0.421142578125 741.5313013619767 169309
2570 98 3089.2481786611124 3397.9680515109594 9058.880126953125 0.421142578125 757.3540796792186 170373
2580 101.4 3187.6232310639343 3480.661192522669 9058.880126953125 0.421142578125 770.6906201366501 171353
2590 98.7 3567.245880528908 3608.602572303644 9058.880126953125 0.421142578125 784.9089430608774 172367
2600 104.9 3374.327332066625 3569.3046519119325 9058.880126953125 0.421142578125 800.7503228806735 173354
2610 103.3 2783.526372623352 3305.821346659089 9058.880126953125 0.421142578125 816.2298862060525 174403
2620 98.8 3386.9839835842613 3559.9387664575315 9058.880126953125 0.421142578125 827.8136960881125 175436
2630 98.9 3226.215085175208 3554.378286085984 9058.880126953125 0.421142578125 842.1454210464299 176424
2640 97.4 3349.081372270839 3637.7435776053703 9058.880126953125 0.421142578125 855.4355683176184 177413
2650 96 3035.2796330769856 3578.89539643541 9058.880126953125 0.421142578125 869.0509719796029 178387
2660 97 3087.355383678317 3529.7305230104253 9058.880126953125 0.421142578125 880.6462566214061 179347
2670 97.7 3354.4256200722098 3599.344883197524 9058.880126953125 0.421142578125 892.5170611115275 180317
2680 104.6 3132.9799029786072 3465.243903447404 9058.880126953125 0.421142578125 905.7843764231461 181294
2690 96.3 3109.658330646011 3491.9341734442014 9058.880126953125 0.421142578125 918.5607640549165 182340
2700 99.8 3284.3744104419775 3547.6811135505463 9060.66796875 0.421142578125 930.0719065710085 183303
2710 98 3184.593349410077 3425.434708386702 9060.66796875 0.421142578125 942.8205834575324 184301
2720 94.8 3235.029682400861 3461.063503642217 9060.66796875 0.421142578125 954.6779099542239 185281
2730 96.7 3324.1208503667917 3588.133930249353 9060.66796875 0.421142578125 966.286056270208 186229
2740 101.2 3419.9278499316783 3556.3316734525415 9060.66796875 0.421142578125 978.4659439061157 187196
2750 94.3 3143.570916767462 3481.4521434757676 9060.66796875 0.421142578125 991.593757011286 188208
2760 96.5 3033.5202667078206 3484.2042011152907 9060.66796875 0.421142578125 1002.3222990842862 189151
2770 95.7 3042.013295076984 3370.459841851596 9060.66796875 0.421142578125 1012.6323520980079 190116
2780 100.7 3183.474108971573 3586.6763229585426 9060.66796875 0.421142578125 1022.7966221017807 191073
2790 96.4 3119.5449119979417 3397.0013139837274 9074.698974609375 0.421142578125 1034.1242055528317 192080
2800 102.3 3198.0708702288753 3587.5646564881963 9074.698974609375 0.421142578125 1044.538129637564 193044
2810 101.7 3106.5476206251524 3467.0547241260365 9074.698974609375 0.421142578125 1055.8902090411973 194067
2820 104.1 3454.496763319148 3599.2603942134383 9074.698974609375 0.421142578125 1066.5805710779655 195084
2830 94 3073.8882864444818 3478.240887365599 9074.698974609375 0.421142578125 1079.2552466987333 196125
2840 99.9 3289.7764796046044 3557.815973784639 9074.698974609375 0.421142578125 1088.7696457922355 197065
2850 97.5 3290.3294586338143 3501.772968700332 9074.698974609375 0.421142578125 1099.871137365558 198064
2860 99.7 3275.596497990066 3499.2170999789223 9074.698974609375 0.421142578125 1110.601179534362 199039
2870 95.5 3166.5691480386954 3447.9218358224757 9074.698974609375 0.421142578125 1121.3917388961786 200036
2880 96.7 3293.6119148704106 3460.1030295915475 9074.698974609375 0.421142578125 1131.1093104577465 200991
2890 101.2 3369.4248285708222 3597.511999584697 9074.698974609375 0.421142578125 1141.4636416477317 201958
2900 96.6 3274.0236300829774 3463.13979794759 9074.698974609375 0.421142578125 1152.5721637010704 202970
2910 105.1 3278.347314546043 3533.7192961931387 9074.698974609375 0.421142578125 1162.6210129308529 203936
2920 95.2 3325.372033383666 3672.4475344512407 9074.698974609375 0.421142578125 1173.4686683577704 204987
2930 104.7 3328.80963910093 3530.957752125442 9074.698974609375 0.421142578125 1183.4163324889194 205939
2940 104.3 3266.520694136503 3405.2200478972322 9074.698974609375 0.421142578125 1194.2684036049504 206986
2950 99.4 3664.107169874717 3658.830740321557 9074.698974609375 0.421142578125 1204.658104747697 208029
2960 97.5 3328.578478816106 3530.592970136409 9074.698974609375 0.421142578125 1216.3539103324235 209023
2970 96.7 3264.8105759093037 3538.275954713628 9074.698974609375 0.421142578125 1226.1607606561008 209998
2980 97.5 3154.1502694310907 3568.319596377408 9074.698974609375 0.421142578125 1235.5053172003136 210965
2990 96.6 3271.941568757681 3465.6619870299623 9074.698974609375 0.421142578125 1244.33177199141 211940
3000 98.8 3283.7307875166052 3543.6163444935864 9074.698974609375 0.421142578125 1253.531470748966 212906
3010 107.3 3321.3134208174365 3524.208749258969 9074.698974609375 0.421142578125 1262.9091855280922 213894
3020 103 3211.1645149897577 3478.809862095547 9074.698974609375 0.421142578125 1273.1836357668055 214967
3030 102.4 3069.3361501693707 3434.4230082769072 9074.698974609375 0.421142578125 1282.4250618310548 215997
3040 102.4 3600.1221203804016 3565.5681886500265 9074.698974609375 0.421142578125 1290.8564899161638 217021
3050 101 3180.516100469912 3545.399153250686 9074.698974609375 0.421142578125 1301.7014439650773 218045
3060 104.7 3299.707855545233 3530.0685181028007 9074.698974609375 0.421142578125 1310.3641213888745 219055
3070 101.5 3487.331655297489 3712.723686355592 9074.698974609375 0.421142578125 1319.827201641038 220102
3080 113.1 3608.9417477446646 3599.087805087092 9074.698974609375 0.421142578125 1329.7767623734164 221117
3090 108.8 3303.446037965662 3485.534227845513 9074.698974609375 0.421142578125 1341.3752271445499 222248
3100 100.9 3368.3080677225284 3529.883376920856 9074.698974609375 0.421142578125 1350.933619173481 223336
3110 102 3447.4841366038604 3609.099545083529 9074.698974609375 0.421142578125 1360.0068359538238 224345
3120 105.3 3168.1351127081116 3504.8478543475876 9074.698974609375 0.421142578125 1369.4547397838908 225365
3130 107.3 3251.472594134072 3451.0524612263557 9074.698974609375 0.421142578125 1377.8198451760823 226418
3140 108.3 3371.166527350962 3621.5372134149998 9074.698974609375 0.421142578125 1386.657247093661 227491
3150 103 3559.995568966171 3701.0208031388197 9074.698974609375 0.421142578125 1396.0599943462735 228574
3160 106.5 3368.54843131052 3571.4538593516604 9074.698974609375 0.421142578125 1405.767375933086 229604
3170 107 3302.8987272743866 3644.88001210159 9074.698974609375 0.421142578125 1414.8295465064052 230669
3180 103.9 3319.8874690300945 3520.8918087262077 9074.698974609375 0.421142578125 1423.5472592065626 231739
3190 110.8 3460.261622019193 3610.204593969335 9074.698974609375 0.421142578125 1432.0115362344889 232778
3200 103.3 3119.753945482666 3425.5871434210526 9074.698974609375 0.421142578125 1441.6200681476835 233886
3210 109.5 3611.2396700645686 3638.7052312754718 9074.698974609375 0.421142578125 1448.999259678752 234919
3220 102.6 3543.105796174464 3645.232897712398 9074.698974609375 0.421142578125 1459.031093592725 236014
3230 106.9 3383.9050886762593 3497.1970373902536 9074.698974609375 0.421142578125 1468.051767929752 237040
3240 100.6 3188.9825298696114 3455.8674083689243 9074.698974609375 0.421142578125 1476.653069014037 238109
3250 108.5 3420.236225068406 3591.820001801672 9074.698974609375 0.421142578125 1483.857148380119 239115
3260 106.7 3320.036665940576 3528.1896390687093 9074.698974609375 0.421142578125 1492.6039064908884 240200
3270 106.3 3627.1527697903193 3754.716495593325 9074.698974609375 0.421142578125 1500.685702817501 241267
3280 104.7 3424.47761671181 3568.5994074190185 9074.698974609375 0.421142578125 1510.0136213261135 242330
3290 110.9 3395.4760293092045 3554.76794359512 9074.698974609375 0.421142578125 1518.249583652746 243377
3300 102.1 3299.0163746384515 3609.2807838226654 9074.698974609375 0.421142578125 1526.7647711409172 244486
3310 107.5 3676.276426462572 3654.813185440175 9074.698974609375 0.421142578125 1534.1351063540515 245507
3320 104.3 3564.233449231858 3563.7964474355695 9074.698974609375 0.421142578125 1543.4739953204669 246582
3330 111.8 3333.266061745305 3537.6587798177698 9074.698974609375 0.421142578125 1551.9854627023128 247625
3340 106 3528.983270609154 3684.833938252929 9074.698974609375 0.421142578125 1559.9916044217987 248743
3350 106.1 3529.529338523872 3592.240957616664 9074.698974609375 0.421142578125 1568.3467129119233 249803
3360 103.8 3207.4070386353715 3452.5256922372564 9074.698974609375 0.421142578125 1576.6413058617857 250864
3370 104.9 3649.576153488813 3631.3397406894296 9074.698974609375 0.421142578125 1583.3611208319685 251902
3380 98.7 3475.671017168502 3598.6926103058813 9074.698974609375 0.421142578125 1591.929814251868 252951
3390 111.2 3348.38618765632 3498.45724153533 9074.698974609375 0.421142578125 1599.2514934305602 253938
3400 103.9 3557.211917352171 3725.179018999959 9074.698974609375 0.421142578125 1606.8775972532578 255050
3410 106.9 3555.7802802889673 3645.5689811700913 9074.698974609375 0.421142578125 1614.7904609786922 256089
3420 110.7 3338.929857097236 3512.3569943419943 9074.698974609375 0.421142578125 1622.8591118347524 257158
3430 111.3 3326.5509483974897 3529.3181780670225 9074.698974609375 0.421142578125 1630.214697434836 258265
3440 101.8 3353.693413575178 3617.220821223413 9074.698974609375 0.421142578125 1637.4937351609399 259378
3450 103.3 3408.3762225938553 3631.848620942447 9074.698974609375 0.421142578125 1644.2030981028656 260396
3460 101.6 3395.1704091950655 3584.5558842976634 9074.698974609375 0.421142578125 1651.1739805895033 261429
3470 113.9 3788.920501896539 3768.6659969106254 9074.698974609375 0.421142578125 1657.925491845055 262445
3480 107.2 3800.681691411715 3597.307116650061 9074.698974609375 0.421142578125 1667.1339541054676 263584
3490 102.5 3420.9097008384147 3604.9848588017567 9074.698974609375 0.421142578125 1675.7759768610156 264656
3500 107.7 3635.7081934681837 3694.332888159784 9074.698974609375 0.421142578125 1682.5087205162897 265681
3510 109.5 3402.2808381938507 3637.582241502671 9074.698974609375 0.421142578125 1690.3945040068286 266758
3520 108.4 3797.706500176574 3643.827739597722 9074.698974609375 0.421142578125 1697.392803581352 267853
3530 102.8 3364.5118681317626 3577.8905674108114 9074.698974609375 0.421142578125 1705.8585039019074 268937
3540 107.9 3703.580465944307 3636.248124522362 9074.698974609375 0.421142578125 1712.1744917463623 269965
3550 110.1 3747.8599264784143 3728.190941344587 9074.698974609375 0.421142578125 1720.1020866983242 271044
3560 101.6 3404.140561561885 3639.0595689004663 9074.698974609375 0.421142578125 1728.3056597259304 272145
3570 112.4 3860.657663800114 3683.2720702923552 9074.698974609375 0.421142578125 1734.5387905911173 273161
3580 105.5 3332.1309024178004 3485.475266339055 9074.698974609375 0.421142578125 1743.2514712462275 274285
3590 110.3 3550.5027063530565 3638.3097010592323 9074.698974609375 0.421142578125 1749.339463546242 275340
3600 108.4 3837.815020233942 3708.804533696139 9074.698974609375 0.421142578125 1756.5260555627372 276443
3610 108.2 3479.6484212540427 3515.5333845426985 9074.698974609375 0.421142578125 1764.6554168058003 277527
3620 103.4 3490.1447059734646 3579.658563833045 9074.698974609375 0.421142578125 1771.3157272437725 278609
3630 106.4 3335.529544228002 3554.2777182556765 9074.698974609375 0.421142578125 1777.671220368959 279643
3640 104.5 3528.7053047435707 3623.5565633119536 9074.698974609375 0.421142578125 1783.5761719967632 280707
3650 104.9 3379.314789196557 3566.0605855672056 9074.698974609375 0.421142578125 1790.048743420286 281752
3660 112.5 3176.7216935763877 3493.93118823475 9074.698974609375 0.421142578125 1795.9438430911475 282801
3670 110.2 3665.437761864082 3709.0822907411653 9074.698974609375 0.421142578125 1801.4148992177293 283926
3680 103.7 3333.916643280647 3493.768805749307 9074.698974609375 0.421142578125 1808.621746245517 285028
3690 108.5 3603.291671091951 3594.5382427009836 9074.698974609375 0.421142578125 1814.1510168945842 286065
3700 95.6 3410.457773886964 3613.4340463527524 9074.698974609375 0.421142578125 1820.9113080657635 287150
3704 48.4 3712.3742620294743 3633.7463132318417 9074.698974609375 0.421142578125 1826.1857779529753 288106
