2300 0.1 1
2310 0.1 2
2320 0 2
2330 0 2
2340 0 2
2350 0.2 4
2360 0.2 6
2370 0.1 7
2380 0 7
2390 0 7
2400 0.4 11
2410 0.3 14
2420 0 14
2430 0.2 16
2440 0.6 22
2450 0.4 26
2460 0.2 28
2470 0.7 35
2480 0.3 38
2490 0.4 42
2500 0 42
2510 0.3 45
2520 0.8 53
2530 0.6 59
2540 0.4 63
2550 0.2 65
2560 1.1 76
2570 1.2 88
2580 1.3 101
2590 1.8 119
2600 1.4 133
2610 1.4 147
2620 1.1 158
2630 1.9 177
2640 2.3 200
2650 2 220
2660 2.8 248
2670 2 268
2680 2.1 289
2690 2 309
2700 2.5 334
2710 2.6 360
2720 3.2 392
2730 3.7 429
2740 2.7 456
2750 2.1 477
2760 2.3 500
2770 3.7 537
2780 2.8 565
2790 3.6 601
2800 3.5 636
2810 2.7 663
2820 3.8 701
2830 2.4 725
2840 3.6 761
2850 4.4 805
2860 3.2 837
2870 3.5 872
2880 3.8 910
2890 3.3 943
2900 5.6 999
2910 3.6 1035
2920 3.5 1070
2930 3.7 1107
2940 3.8 1145
2950 4.4 1189
2960 3.5 1224
2970 4 1264
2980 3.7 1301
2990 3.9 1340
3000 4 1380
3010 4 1420
3020 4.6 1466
3030 3.2 1498
3040 5.2 1550
3050 5.3 1603
3060 4.6 1649
3070 4.4 1693
3080 4.5 1738
3090 4.9 1787
3100 4.6 1833
3110 5.3 1886
3120 5 1936
3130 5.9 1995
3140 5.7 2052
3150 5.3 2105
3160 5.8 2163
3170 6.1 2224
3180 6.8 2292
3190 6.3 2355
3200 5.9 2414
3210 8.2 2496
3220 6.5 2561
3230 6.5 2626
3240 8.3 2709
3250 6.4 2773
3260 6.7 2840
3270 7.9 2919
3280 7.7 2996
3290 7.2 3068
3300 8.4 3152
3310 7.8 3230
3320 8 3310
3330 7.3 3383
3340 8.9 3472
3350 7.7 3549
3360 8 3629
3370 7.3 3702
3380 9.5 3797
3390 7.5 3872
3400 9.7 3969
3410 10.1 4070
3420 7.6 4146
3430 7.1 4217
3440 6.3 4280
3450 13.2 4412
3460 11 4522
3470 8.8 4610
3480 8.9 4699
3490 9.7 4796
3500 9.8 4894
3510 9.8 4992
3520 8.9 5081
3530 7.8 5159
3540 8.9 5248
3550 7.9 5327
3560 8.7 5414
3570 9.4 5508
3580 9.3 5601
3590 9.6 5697
3600 9.6 5793
3610 9.1 5884
3620 11.7 6001
3630 9.5 6096
3640 12.1 6217
3650 10.5 6322
3660 7.6 6398
3670 11.6 6514
3680 9.9 6613
3690 11.6 6729
3700 11.2 6841
3704 6.5 6906
