10 0.1 623.971923828125 0 623.971923828125 623.971923828125 0 0
20 0.1 11997.655029296875 0.0 11997.655029296875 623.971923828125 623.971923828125 1
30 0.7 17836.11258370536 2257.5482307006596 20270.824951171875 623.971923828125 6310.8134765625 2
40 1.1 23006.55577503551 5514.404142502699 35744.1689453125 623.971923828125 15274.935004340277 9
50 2.3 26392.295877207882 7019.371064889273 42038.428955078125 623.971923828125 19527.326428222656 20
60 2.6 24557.825392503004 8017.017239959736 47306.47998046875 623.971923828125 23199.28683116824 43
70 1.6 23420.2850189209 6741.620986745895 47306.47998046875 623.971923828125 23711.199912250904 69
80 2.6 24345.267803485578 8809.38779357779 47306.47998046875 623.971923828125 23656.439461741727 85
90 2 24070.925048828125 6059.908581720339 47306.47998046875 623.971923828125 23817.786640888935 111
100 2.2 25376.765358664772 9976.327541303386 56917.568115234375 623.971923828125 23856.433726070492 131
110 1.3 24607.097675030047 7467.410378435655 56917.568115234375 623.971923828125 24075.04350330627 153
120 1.7 21457.42253561581 6040.211455482276 56917.568115234375 623.971923828125 24116.71039627259 166
130 2.5 26817.855625 11135.42529703118 68224.09204101563 623.971923828125 23869.672726156932 183
140 2.2 21502.145740855824 6467.962040194971 68224.09204101563 623.971923828125 24224.02163226788 208
150 3.7 26042.197786898225 10042.474441591765 68224.09204101563 623.971923828125 23963.66828613281 230
160 3.4 22980.635892980237 9450.989626172217 68224.09204101563 623.971923828125 24251.704209459855 267
170 3 23336.957918294273 6613.463641809178 68224.09204101563 623.971923828125 24108.128386335913 301
180 3.9 26690.628925030047 12977.020396327018 91195.671875 623.971923828125 24038.233781981686 331
190 3.4 25536.97864487592 7118.211427681832 91195.671875 623.971923828125 24317.810567330027 370
200 3.7 27233.64660974451 9277.649001789992 91195.671875 623.971923828125 24420.413821380916 404
210 3 25796.018188476563 7901.123936404055 91195.671875 623.971923828125 24656.44469024589 441
220 2.7 25672.18914568866 9011.471642861095 91195.671875 623.971923828125 24729.02898949625 471
230 4.8 23902.040573120117 7487.324690938688 91195.671875 623.971923828125 24780.164178687406 498
240 4 25590.681774902347 9869.022252582043 91195.671875 623.971923828125 24702.966499077094 546
250 4.5 26784.53671875 10740.053513109762 91195.671875 623.971923828125 24763.56139845083 586
260 3.7 25446.333548880913 7874.552295135727 91195.671875 623.971923828125 24907.68800607914 631
270 5.6 24960.408508300778 9635.88891743267 91195.671875 623.971923828125 24937.52316339002 668
280 7.6 24735.08382054379 10107.951137531742 91195.671875 623.971923828125 24939.293300565434 724
290 6 25144.39763183594 8585.422528630736 91195.671875 623.971923828125 24919.893399963377 800
300 5.9 23849.04045286017 7290.017224668924 91195.671875 623.971923828125 24935.556485907975 860
310 6.3 25170.81121341766 8714.814947610796 91195.671875 623.971923828125 24865.80192013015 919
320 6.1 27082.8004050333 10381.026223890894 91195.671875 623.971923828125 24885.36972611499 982
330 6.9 27811.003453351448 11067.627687121818 91195.671875 623.971923828125 25013.88676486285 1043
340 5.5 25946.15196644176 9166.717278903556 91195.671875 623.971923828125 25187.44886154065 1112
350 5.4 24416.442762586805 7768.670581663292 91195.671875 623.971923828125 25223.20607728149 1167
360 6.5 26635.062045522838 8977.646074026772 91195.671875 623.971923828125 25187.526127245856 1221
370 6.8 25861.34110035616 9391.805764209876 91195.671875 623.971923828125 25260.69085095348 1286
380 5 26774.186411132814 11155.73644902983 91195.671875 623.971923828125 25290.856446935297 1354
390 8 25570.406030273443 11048.580050330826 91195.671875 623.971923828125 25343.68158811042 1404
400 8.6 26720.283745344295 7628.034342436829 91195.671875 623.971923828125 25355.903930006003 1484
410 6.7 25982.76319452542 7812.125656823016 91195.671875 623.971923828125 25430.640658744276 1570
420 9 24874.149313693575 10821.809615950579 91195.671875 623.971923828125 25453.238221296102 1637
430 7.6 25929.029614900286 8895.40984093286 91195.671875 623.971923828125 25423.059876371823 1727
440 8.8 26457.823444713253 11398.794500674314 91195.671875 623.971923828125 25444.387497075186 1803
450 7.6 25403.99612587377 9561.585570074874 91195.671875 623.971923828125 25491.54897956707 1891
460 8.5 25494.086006433823 8866.578592065578 91195.671875 623.971923828125 25488.166154513336 1967
470 7.2 27594.330074734156 10019.797801765353 91195.671875 623.971923828125 25488.411372550978 2052
480 8.8 26054.59516768022 10164.980688810467 91195.671875 623.971923828125 25559.798447201258 2124
490 8.8 25685.7441517223 9659.259960457244 91195.671875 623.971923828125 25579.48294602682 2212
500 7.5 24335.765048828125 8695.634544196275 91195.671875 623.971923828125 25583.548592157775 2300
510 9.4 25051.31214417803 8750.753649265658 91195.671875 623.971923828125 25544.144901315787 2375
520 9.7 25177.17081286244 8039.652683103825 91195.671875 623.971923828125 25525.381726276926 2469
530 10.4 26510.439645620492 11051.762241364831 91218.10009765625 623.971923828125 25512.21864810031 2566
540 9 26248.74395345052 7483.409726630342 91218.10009765625 623.971923828125 25551.100664483118 2670
550 10.2 24423.64597455193 9025.711247862446 91218.10009765625 623.971923828125 25573.849902166836 2760
560 10.8 26068.27107973452 8811.026832469468 91218.10009765625 623.971923828125 25532.85730935876 2862
570 10.8 25152.02130353009 9024.47855167476 91218.10009765625 623.971923828125 25552.326901008786 2970
580 11.9 25761.486299402575 8370.027016113327 91218.10009765625 623.971923828125 25538.281090570938 3078
590 10.4 25707.57791372446 8223.212143602485 91218.10009765625 623.971923828125 25546.589323242493 3197
600 11.3 25440.146709070796 9148.583675808874 91218.10009765625 623.971923828125 25551.661366081065 3301
610 12.2 26578.09935322746 11043.612770920477 91218.10009765625 623.971923828125 25547.970341991386 3414
620 12.8 24782.810651779175 8767.959037966993 91218.10009765625 623.971923828125 25583.512123487653 3536
630 10.8 23130.92390724464 7409.262112817065 91218.10009765625 623.971923828125 25555.54001967251 3664
640 13.6 25387.794815961057 8554.177172936543 91218.10009765625 623.971923828125 25486.118349433324 3772
650 13.9 24363.238091558003 8428.036439434143 91218.10009765625 623.971923828125 25482.696650213205 3908
660 16.2 26082.05836618683 10662.797259390172 91218.10009765625 623.971923828125 25444.24724580177 4047
670 12.6 24985.33145965092 9385.002299254733 91218.10009765625 623.971923828125 25468.795927555722 4209
680 14.9 26072.35048434878 9028.583028869352 91218.10009765625 623.971923828125 25454.74367312527 4335
690 14.7 26054.253416307933 9472.669036617073 91218.10009765625 623.971923828125 25475.266290179752 4484
700 13.7 25605.663093065694 10815.62150175043 110671.00805664063 623.971923828125 25493.64484935506 4631
710 15.2 25686.80208547493 9876.659178649032 110671.00805664063 623.971923828125 25496.86349436101 4768
720 16.1 26648.027815350833 11020.871728776676 110671.00805664063 623.971923828125 25502.731515875097 4920
730 13.6 26158.94477933996 9920.940433688036 110671.00805664063 623.971923828125 25539.022148470176 5081
740 18.9 25214.63082062251 7535.368332734725 110671.00805664063 623.971923828125 25555.18267708783 5217
750 15.4 26710.29301630986 10167.445140073563 110671.00805664063 623.971923828125 25543.276591095975 5406
760 15.5 25971.333026713717 9861.578617319738 110671.00805664063 623.971923828125 25575.600427333913 5560
770 11.1 25693.76716682503 7935.973872391488 110671.00805664063 623.971923828125 25586.33333247895 5715
780 15.3 26040.43843028748 10375.466429678365 110671.00805664063 623.971923828125 25588.38021809728 5826
790 14.4 25868.781538221567 10007.985526319264 110671.00805664063 623.971923828125 25599.948190411233 5979
800 17.5 25875.461442522323 9290.40996106234 110671.00805664063 623.971923828125 25606.27058173651 6123
810 15.2 25861.446685791012 8522.148913428959 110671.00805664063 623.971923828125 25613.750480218176 6298
820 14.1 26597.26870879045 9684.161078893721 110671.00805664063 623.971923828125 25619.587662116945 6450
830 15.6 25483.971493452023 8737.514406362548 110671.00805664063 623.971923828125 25640.50300540036 6591
840 15 24753.414204101566 8304.126791762095 110671.00805664063 623.971923828125 25636.88377969057 6747
850 15.4 26844.378912591314 11187.10962391092 110671.00805664063 623.971923828125 25617.66956534544 6897
860 17.5 26383.560027901785 9433.49299563964 110671.00805664063 623.971923828125 25644.461969185442 7051
870 15.8 24503.878776453723 7851.724006986867 110671.00805664063 623.971923828125 25662.361520842704 7226
880 14.2 26599.991011498678 9938.020859844073 110671.00805664063 623.971923828125 25637.572751393425 7384
890 13.7 26779.491804359604 11152.152220540134 110671.00805664063 623.971923828125 25655.731586489754 7526
900 14.6 26809.009523156572 9998.305154955426 110671.00805664063 623.971923828125 25675.822301594562 7663
910 13 25287.87595966046 8820.727606706016 110671.00805664063 623.971923828125 25697.008795940583 7809
920 15.3 25090.3352433747 9314.56403590844 110671.00805664063 623.971923828125 25690.30930372287 7939
930 14 26520.086422293527 8976.04815913191 110671.00805664063 623.971923828125 25678.965256363346 8092
940 14.3 24967.60025643302 8276.296656627066 110671.00805664063 623.971923828125 25693.270038096853 8232
950 15 25916.057983398445 9267.394897071035 110671.00805664063 623.971923828125 25680.879497347247 8375
960 14.9 25698.261314033665 10848.060378953833 117550.4130859375 623.971923828125 25685.017535224983 8525
970 13.8 25211.98685886549 8382.70965870267 117550.4130859375 623.971923828125 25685.245033846437 8674
980 12.6 26189.74313499814 10269.974971410167 117550.4130859375 623.971923828125 25677.833591705337 8812
990 15 26607.69672851563 9103.953427274684 117550.4130859375 623.971923828125 25685.05003861235 8938
1000 15.3 25978.855388965476 9457.313608481387 117550.4130859375 623.971923828125 25700.27858212968 9088
1010 16.1 27423.57558502766 9878.672052418364 117550.4130859375 623.971923828125 25704.89088073869 9241
1020 14.4 25487.069749620227 9012.603312329526 117550.4130859375 623.971923828125 25734.321665400523 9402
1030 14.7 26597.53241091358 9292.748414799338 117550.4130859375 623.971923828125 25730.59190677153 9546
1040 12.7 25585.247685469974 10260.115192946845 117550.4130859375 623.971923828125 25743.739565299216 9693
1050 13.6 24532.86700439453 8179.132853559006 117550.4130859375 623.971923828125 25741.68982306517 9820
1060 12.9 25655.973415167762 10290.681930753151 117550.4130859375 623.971923828125 25725.177177088954 9956
1070 14.1 24628.865558164343 8801.935907007703 117550.4130859375 623.971923828125 25724.291972796655 10085
1080 14.9 26633.818179136953 9986.737698345014 117550.4130859375 623.971923828125 25709.18781433165 10226
1090 16.6 25314.701195406626 8391.279724583834 117550.4130859375 623.971923828125 25722.466843185237 10375
1100 14.4 26307.012707180445 10826.30654718044 117550.4130859375 623.971923828125 25716.04533692101 10541
1110 13.3 27295.121526961935 12696.019200116676 117550.4130859375 623.971923828125 25724.00970765731 10685
1120 13.4 26265.997773583254 9895.38913688158 117550.4130859375 623.971923828125 25743.325465835118 10818
1130 16 25186.70845031738 8019.5078107819145 117550.4130859375 623.971923828125 25749.72047033094 10952
1140 15.3 25938.64861143025 8490.136942052603 117550.4130859375 623.971923828125 25741.61374578071 11112
1150 13.8 25021.79225755774 9151.168555527247 117550.4130859375 623.971923828125 25744.289851812166 11265
1160 14.8 25408.07712699272 9073.749960804189 117550.4130859375 623.971923828125 25735.546129282386 11403
1170 14 25082.42866908482 9171.35019532685 117550.4130859375 623.971923828125 25731.350352956622 11551
1180 15.2 26242.308751156455 8698.758015662619 117550.4130859375 623.971923828125 25723.579500528085 11691
1190 16.4 25774.21569526486 11254.722666276946 119741.46899414063 623.971923828125 25730.237175618477 11843
1200 13.5 24658.30277596933 8394.65268844819 119741.46899414063 623.971923828125 25730.837864984846 12007
1210 15.7 25640.89417048167 9048.276060092972 119741.46899414063 623.971923828125 25718.91295664873 12142
1220 16.7 24709.936983942272 9912.138831498005 119741.46899414063 623.971923828125 25717.91702613176 12299
1230 16.8 25674.01443772089 11925.029597347635 142064.83813476563 623.971923828125 25704.41368367663 12466
1240 18.2 24538.586404318332 7780.487316639441 142064.83813476563 623.971923828125 25704.009451183316 12634
1250 19.4 24973.988657528582 8869.266444904997 142064.83813476563 623.971923828125 25687.459279949744 12816
1260 17.7 26003.678473693504 9878.646496377067 142064.83813476563 623.971923828125 25676.820286809874 13010
1270 21.2 26179.434892762383 8748.874547321037 142064.83813476563 623.971923828125 25681.207478671437 13187
1280 21.9 25318.673004289732 8229.800548893947 142064.83813476563 623.971923828125 25689.090470819156 13399
1290 20.6 26191.9609789802 10464.135226829601 142064.83813476563 623.971923828125 25683.13354431233 13618
1300 20.6 26206.867266904952 7778.550541313597 142064.83813476563 623.971923828125 25690.715897577782 13824
1310 21.9 26833.73236613514 10227.19698436898 142064.83813476563 623.971923828125 25698.2944565287 14030
1320 18.4 25723.065844991932 9109.283559739655 142064.83813476563 623.971923828125 25715.745569042127 14249
1330 18.8 25330.364935692334 8770.408658086835 142064.83813476563 623.971923828125 25715.83889203629 14433
1340 19 26286.2987291838 9821.927872902406 142064.83813476563 623.971923828125 25710.882384014083 14621
1350 18.5 25812.502448004645 8931.502185164485 142064.83813476563 623.971923828125 25718.26399940685 14811
1360 19.6 27241.00374805684 10000.783180112096 142064.83813476563 623.971923828125 25719.42658362868 14996
1370 18.6 25075.10412203881 9694.345850203117 142064.83813476563 623.971923828125 25739.057252680017 15192
1380 21.4 26739.20584591304 9549.237502479442 142064.83813476563 623.971923828125 25731.026606152558 15378
1390 19.1 25210.666193298024 9071.397394611316 142064.83813476563 623.971923828125 25744.863853286264 15592
1400 22.4 25481.083630153113 8864.51779655066 142064.83813476563 623.971923828125 25738.399191748045 15783
1410 21.2 26248.294319584686 9423.987770210595 142064.83813476563 623.971923828125 25734.798349254306 16007
1420 17.9 25131.336672649697 8717.075218007176 142064.83813476563 623.971923828125 25741.51030102137 16219
1430 20.4 25989.759049957873 8964.618139372335 142064.83813476563 623.971923828125 25734.849666829487 16398
1440 17.2 26617.47395076309 10936.461849797992 142064.83813476563 623.971923828125 25737.98191078553 16602
1450 17.7 26284.53622246866 10572.661655905156 142064.83813476563 623.971923828125 25747.000190914066 16774
1460 21.3 25174.642706499413 8286.398294951408 142064.83813476563 623.971923828125 25752.613067888004 16951
1470 21 26205.618002464653 10493.136136658526 142064.83813476563 623.971923828125 25745.440632151825 17164
1480 19.6 25359.259718291614 8548.011676654085 142064.83813476563 623.971923828125 25751.002808263584 17374
1490 20.3 25046.183111482067 10083.934268118031 142064.83813476563 623.971923828125 25746.63276582565 17570
1500 21.4 25089.564820476782 9054.941727420677 142064.83813476563 623.971923828125 25738.632356225033 17773
1510 19.1 25815.974378016603 8388.365033989592 142064.83813476563 623.971923828125 25730.910087216853 17987
1520 20.6 26759.28395924985 10748.426849635349 142064.83813476563 623.971923828125 25731.803875287198 18178
1530 16.7 25660.744655220802 9384.591101807377 142064.83813476563 623.971923828125 25743.317196506538 18384
1540 19.8 26232.800771385733 10565.930870662743 142064.83813476563 623.971923828125 25742.573861139455 18551
1550 16.1 26451.65213600301 9458.010087836767 142064.83813476563 623.971923828125 25747.75093342218 18749
1560 21.3 26264.891742545115 9009.720294475306 142064.83813476563 623.971923828125 25753.74395793913 18910
1570 19.5 26789.746700971555 9160.36672977547 142064.83813476563 623.971923828125 25759.43733649485 19123
1580 18.4 26390.00196772036 10351.4911663687 142064.83813476563 623.971923828125 25769.83749831662 19318
1590 22.3 25221.637791654997 8061.357541910025 142064.83813476563 623.971923828125 25775.688706519384 19502
1600 18.5 24935.35054370777 8829.153089053814 142064.83813476563 623.971923828125 25769.424911639042 19725
1610 20.4 26668.758974561504 10678.569073138337 142064.83813476563 623.971923828125 25761.67484845133 19910
1620 17.8 26961.953669515893 9454.100980724907 142064.83813476563 623.971923828125 25770.874667568685 20114
1630 18.5 25980.177467799826 9540.634691303205 142064.83813476563 623.971923828125 25781.322728989275 20292
1640 20 26275.70783203125 9133.710333509836 142064.83813476563 623.971923828125 25783.119287405058 20477
1650 19.4 25425.686004953284 9326.453192403738 142064.83813476563 623.971923828125 25787.883891018988 20677
1660 20.1 27004.69775147699 9596.499927654217 142064.83813476563 623.971923828125 25784.51719129704 20871
1670 20.7 25766.863432216185 9446.875097312766 142064.83813476563 623.971923828125 25796.156157346595 21072
1680 18.9 26091.654884620944 9624.316760975958 142064.83813476563 623.971923828125 25795.87120062391 21279
1690 22.3 25960.870782826514 9700.228221601012 142064.83813476563 623.971923828125 25798.475221318684 21468
1700 18.6 26544.49637333039 9463.80950131554 142064.83813476563 623.971923828125 25800.144771372452 21691
1710 23.4 25471.490566155848 9209.394873207359 142064.83813476563 623.971923828125 25806.473308098884 21877
1720 19.5 25355.47862079327 8207.689696198708 142064.83813476563 623.971923828125 25802.928196542885 22111
1730 22.3 25240.15522307666 8329.297530845406 142064.83813476563 623.971923828125 25799.016573335175 22306
1740 17.5 26051.088934151787 8596.545557484318 142064.83813476563 623.971923828125 25793.484766281705 22529
1750 21.1 25163.332372584053 8197.599600490865 142064.83813476563 623.971923828125 25795.470351613687 22704
1760 20.2 25297.338575910813 8050.024454808394 142064.83813476563 623.971923828125 25789.649661516578 22915
1770 21.8 26040.458080606728 7605.68168242502 142064.83813476563 623.971923828125 25785.34776943316 23117
1780 19.7 27805.61246331695 10130.630508161106 142064.83813476563 623.971923828125 25787.731058391197 23335
1790 18.6 24601.867393575692 8621.963735550642 142064.83813476563 623.971923828125 25804.623912240015 23532
1800 18.8 26581.784264097816 8711.855640097963 142064.83813476563 623.971923828125 25795.19172097298 23718
1810 18.8 25798.315780314988 9453.831908041344 142064.83813476563 623.971923828125 25801.377590549968 23906
1820 21.5 24893.732502498184 9676.634811432752 142064.83813476563 623.971923828125 25801.353699941345 24094
1830 21.4 25412.101191725676 8161.442081546252 142064.83813476563 623.971923828125 25793.32627974922 24309
1840 23.1 27428.473317860535 9326.180671727307 142064.83813476563 623.971923828125 25789.999518388988 24523
1850 23.5 27134.29978183179 8479.534263126425 142064.83813476563 623.971923828125 25805.28946941419 24754
1860 24.5 29188.843390266262 9845.047132768075 142064.83813476563 623.971923828125 25817.78766555722 24989
1870 21 29983.02350492932 9087.077489437688 142064.83813476563 623.971923828125 25850.51765892148 25234
1880 23.3 29207.111738868025 8040.699760186491 142064.83813476563 623.971923828125 25884.624962319594 25444
1890 23.2 30854.379903859102 8900.968003226193 142064.83813476563 623.971923828125 25914.77410041734 25677
1900 25.9 32575.176493876683 10513.219230051862 142064.83813476563 623.971923828125 25959.005392493393 25909
1910 23.4 32059.89407739884 8573.975730818796 142064.83813476563 623.971923828125 26024.489507261747 26168
1920 21.7 32487.864942981338 9891.506698062558 142064.83813476563 623.971923828125 26077.98108628652 26402
1930 23.2 33129.118854391134 9149.580620491972 142064.83813476563 623.971923828125 26130.234919897954 26619
1940 24.6 33263.81180529086 9167.98508186294 142064.83813476563 623.971923828125 26190.70719552279 26851
1950 22.5 34121.49092664931 8803.039747103525 142064.83813476563 623.971923828125 26254.92034583474 27097
1960 22.9 34967.72878535242 10646.404065699 142064.83813476563 623.971923828125 26319.70251334383 27322
1970 25.5 34749.989082605745 10555.110329567759 142064.83813476563 623.971923828125 26391.583679772993 27551
1980 22.3 35932.53775859199 11498.39278061236 142064.83813476563 623.971923828125 26468.235962651594 27806
1990 22 36620.944192782285 13150.0326256681 142064.83813476563 623.971923828125 26543.534378595607 28029
2000 24.2 37547.686265173004 12230.243776751355 142064.83813476563 623.971923828125 26622.016100395354 28249
2010 23.9 37209.23862651998 12091.990630271313 142064.83813476563 623.971923828125 26714.817763372303 28491
2020 22.9 36809.84092052742 12295.452591760812 142064.83813476563 623.971923828125 26802.119071631692 28730
2030 22.5 38300.6108268229 13649.401406187317 142064.83813476563 623.971923828125 26881.257450146044 28959
2040 24.3 38874.11077453865 13060.079700298198 142064.83813476563 623.971923828125 26969.297283950604 29184
2050 22.1 39650.649753208054 14509.808647390135 142064.83813476563 623.971923828125 27067.603930167104 29427
2060 22.8 40923.88816003633 13615.154581781131 142064.83813476563 623.971923828125 27161.399569903075 29648
2070 22.6 41451.04330687399 14757.359351299909 142064.83813476563 623.971923828125 27266.428603192348 29876
2080 22 42668.74497292256 15579.670991401374 142064.83813476563 623.971923828125 27372.92394978168 30102
2090 21.3 41439.700551780734 14540.531022893096 142064.83813476563 623.971923828125 27483.90213806382 30322
2100 23.5 43160.77113842254 15752.911736381924 142064.83813476563 623.971923828125 27581.252230158847 30535
2110 23.5 44958.70518720911 17498.41845997463 142064.83813476563 623.971923828125 27700.237831180686 30770
2120 24.4 48010.72915699444 19557.9172392834 142064.83813476563 623.971923828125 27831.047049973353 31005
2130 21.7 47184.72341567359 19231.260880773967 142064.83813476563 623.971923828125 27988.615050040975 31249
2140 24.3 46693.29118843236 18354.74980819236 142064.83813476563 623.971923828125 28120.99779698505 31466
2150 21.3 47895.260001742216 20013.188432570878 142064.83813476563 623.971923828125 28263.325441947734 31709
2160 25.1 49285.57331221989 20882.52604169638 163800.9150390625 623.971923828125 28394.319805121602 31922
2170 21.5 49925.86595544148 20554.509120801617 163800.9150390625 623.971923828125 28557.30443914024 32173
2180 22.8 49511.302534136856 21597.856725074875 163800.9150390625 623.971923828125 28699.15452948249 32388
2190 21.9 51807.872466065564 21869.675983832054 163800.9150390625 623.971923828125 28844.640479478236 32616
2200 21.9 50660.729051842536 24503.53757495163 166521.57299804688 623.971923828125 28997.798627949764 32835
2210 21.9 51819.32191446383 20878.48162866548 166521.57299804688 623.971923828125 29141.326847313 33054
2220 23.8 53364.31916257714 25662.917962512583 166521.57299804688 623.971923828125 29290.59144382387 33273
2230 23.4 55258.53639260317 24166.666186518905 166990.62084960938 623.971923828125 29461.566562354 33511
2240 24.2 53630.05696749094 23255.953645486126 166990.62084960938 623.971923828125 29640.45205473149 33745
2250 21.1 58101.790025177725 28803.187603479135 196234.60302734375 623.971923828125 29811.266907142344 33987
2260 22.3 56009.44093439077 25121.535094879015 196234.60302734375 623.971923828125 29985.818061534574 34198
2270 24.8 59769.10906883978 28567.778466924377 196234.60302734375 623.971923828125 30154.41478738934 34421
2280 20.1 60488.22895653567 26173.67731189974 196234.60302734375 623.971923828125 30366.259495393602 34669
2290 21.3 58225.26223454005 26508.87424865787 196234.60302734375 623.971923828125 30539.89057832132 34870
2300 23.9 61499.839340146114 33198.31269868087 196234.60302734375 623.971923828125 30707.977234615668 35083
2310 24.9 62930.14159862105 29391.753593225185 196234.60302734375 623.971923828125 30916.324866211326 35322
2320 22.4 62804.169096810474 28563.03552874496 196234.60302734375 623.971923828125 31140.42428333117 35571
2330 20.9 58254.026162763534 26356.664708847253 196234.60302734375 623.971923828125 31338.571478141042 35795
2340 21.4 64083.160198461235 31599.317426788657 196234.60302734375 623.971923828125 31494.813285414846 36004
2350 23.3 62870.79129015223 33429.21261002089 270811.8791503906 623.971923828125 31687.366884161103 36218
2360 20.9 62118.177644428455 31343.940093249188 270811.8791503906 623.971923828125 31886.69578835018 36451
2370 23.2 64786.30959346378 32486.807786785837 270811.8791503906 623.971923828125 32059.04657143584 36660
2380 23 68588.43552033794 33745.396640979496 270811.8791503906 623.971923828125 32264.856097108357 36892
2390 21.4 66674.62564571768 33670.95588874923 270811.8791503906 623.971923828125 32489.90925338611 37122
2400 25.1 66722.90279117906 35120.02079981836 270811.8791503906 623.971923828125 32685.84693572913 37336
2410 21.5 66948.66648233103 34684.296628974414 270811.8791503906 623.971923828125 32913.14097408595 37587
2420 20.9 70493.78014260618 40674.38361890708 283301.5310058594 623.971923828125 33106.719038322575 37802
2430 18.6 77889.36212880124 46928.82339617431 320573.8818359375 623.971923828125 33312.28836748506 38011
2440 21.7 72100.36244869675 44485.8412432046 320573.8818359375 623.971923828125 33529.356087976324 38197
2450 22.7 70699.67409592685 35511.86188020576 320573.8818359375 623.971923828125 33747.243014104206 38414
2460 24.5 73601.25053910233 44516.54603100514 320573.8818359375 623.971923828125 33964.32336542984 38641
2470 20 76738.53748168948 41654.10079118126 320573.8818359375 623.971923828125 34214.054558084004 38886
2480 20.8 78399.42249943649 46216.21029350572 320573.8818359375 623.971923828125 34431.6490058331 39086
2490 21.3 74834.91348825372 39286.411224656855 320573.8818359375 623.971923828125 34664.38929408752 39294
2500 17.9 79163.78953032248 48880.494636566014 407639.7609863281 623.971923828125 34880.966651349714 39507
2510 19.3 79152.87410313099 38534.19666287965 407639.7609863281 623.971923828125 35080.700192027434 39686
2520 22.6 86695.2366813727 49122.7240750192 407639.7609863281 623.971923828125 35293.993643840244 39879
2530 20 88021.44940307614 47994.527074586156 407639.7609863281 623.971923828125 35583.65031823202 40105
2540 22 87539.29395640985 47440.48886009429 407639.7609863281 623.971923828125 35843.855251043555 40305
2550 19.8 86697.63147835783 49600.42359294202 407639.7609863281 623.971923828125 36124.49674432377 40525
2560 20.4 96235.82127470124 54254.37885507885 407639.7609863281 623.971923828125 36370.38925414227 40723
2570 20 99640.21988647459 57233.95222100605 407806.9560546875 623.971923828125 36668.78757633041 40927
2580 22.7 102119.7257494149 54859.49480042674 407806.9560546875 623.971923828125 36975.01673143604 41127
2590 22.5 100591.51019965281 54661.16878032254 407806.9560546875 623.971923828125 37332.60847460674 41354
2600 21.4 105873.15619181698 58881.28825886078 407806.9560546875 623.971923828125 37674.92678163999 41579
2610 21.5 108276.26808684597 66216.78889149449 407806.9560546875 623.971923828125 38024.13409132769 41793
2620 21.5 106155.37968863557 57229.065558135735 410624.5061035156 623.971923828125 38383.68962382237 42008
2630 21.5 107338.46954828307 62937.26401743881 437155.2548828125 623.971923828125 38728.78384649567 42223
2640 22.9 108030.6693387094 55918.663639635146 437155.2548828125 623.971923828125 39076.37521333399 42438
2650 23 120971.5131082286 64890.922483236995 437155.2548828125 623.971923828125 39446.462947524604 42667
2660 22.4 114570.64087241037 62009.58091127506 437155.2548828125 623.971923828125 39883.57420325255 42897
2670 24.1 117251.92341379506 59336.41282351806 437155.2548828125 623.971923828125 40271.5499675876 43121
2680 22.3 119543.60028158283 65695.57281660574 437155.2548828125 623.971923828125 40699.39623852842 43362
2690 22.4 121680.14036560059 73039.6990921129 437155.2548828125 623.971923828125 41102.79781020677 43585
2700 25.3 123685.011551808 67126.16148913642 437155.2548828125 623.971923828125 41514.79819214674 43809
2710 22.2 116179.69877005913 62163.56306621811 437155.2548828125 623.971923828125 41986.61209029014 44062
2720 22 137033.50155917072 83847.39879889459 450578.4938964844 623.971923828125 42358.54925140722 44284
2730 22.4 129256.28927721296 69841.17628385563 450578.4938964844 623.971923828125 42826.5631267377 44504
2740 26.4 128711.49600959549 73780.45971932585 450578.4938964844 623.971923828125 43259.407400072225 44728
2750 21.4 114383.13912935345 65472.84170831394 450578.4938964844 623.971923828125 43760.81545912526 44992
2760 23.5 124484.41878012799 77195.29267058437 450578.4938964844 623.971923828125 44095.13340951744 45206
2770 28.2 139069.1472202597 81691.00526681263 470230.61181640625 623.971923828125 44510.86990435896 45441
2780 23.1 138612.06777914462 82996.35468461018 500263.54296875 623.971923828125 45094.06510596611 45723
2790 22.3 141671.10944944646 79390.02627686858 500263.54296875 623.971923828125 45564.158212496644 45954
2800 25.6 134879.96282005304 84970.68684385372 500263.54296875 623.971923828125 46028.2821297247 46177
2810 20.5 143115.4529046781 81686.68244641728 500263.54296875 623.971923828125 46518.14990171281 46433
2820 27.7 147131.6718679491 94413.41969843456 507162.9580078125 623.971923828125 46942.74887927634 46638
2830 25.1 148915.76717738408 88064.5387722908 507162.9580078125 623.971923828125 47534.29383649391 46915
2840 24.8 148903.1287349578 93394.7104704566 507162.9580078125 623.971923828125 48073.8085252223 47166
2850 27.1 149352.39931226222 89002.46518836626 518368.76904296875 623.971923828125 48601.19856639188 47414
2860 21.1 159766.09853561915 101101.22932918982 518368.76904296875 623.971923828125 49173.78062368728 47685
2870 24.1 141486.9583370479 91058.94785372223 518368.76904296875 623.971923828125 49660.98162334106 47896
2880 21.3 168740.83945633422 99343.39505742645 518368.76904296875 623.971923828125 50120.712399833224 48137
2890 24.7 156830.38769234723 95596.6276261252 518368.76904296875 623.971923828125 50643.27883340168 48350
2900 27.3 159215.52232053428 96118.76374667932 518368.76904296875 623.971923828125 51182.98737277982 48597
2910 22.2 155507.2432916315 99399.20266502615 663369.08203125 623.971923828125 51786.48403823382 48870
2920 24.7 154856.94727748603 100392.70610980038 663369.08203125 623.971923828125 52255.52193757087 49092
2930 24.7 164495.84295036522 108967.17081452727 663369.08203125 623.971923828125 52769.163317796636 49339
2940 23.1 160706.45074912053 96375.42516277642 663369.08203125 623.971923828125 53325.70124925399 49586
2950 25.8 163016.2506340086 98523.09807274911 663369.08203125 623.971923828125 53823.62270446946 49817
2960 21.8 156550.38496496924 96287.37292350721 663369.08203125 623.971923828125 54386.212779473375 50075
2970 25.1 160640.48133248248 109375.90835898402 663369.08203125 623.971923828125 54829.05352344248 50293
2980 26.3 168700.44232618672 110971.82076718289 663369.08203125 623.971923828125 55354.50992539067 50544
2990 23.2 167435.68564158469 116271.17623081144 663369.08203125 623.971923828125 55941.23971107786 50807
3000 25.5 164093.88795189952 107146.08237480737 663369.08203125 623.971923828125 56448.04257664885 51039
3010 26.6 169899.72687088815 103681.57502151167 673646.2219238281 623.971923828125 56983.18685416062 51294
3020 24.9 177607.88789042892 111121.31989154985 673646.2219238281 623.971923828125 57565.72757651224 51560
3030 22.8 178696.85599343813 118630.9755619567 715675.2578125 623.971923828125 58142.6639759441 51809
3040 24.8 186202.57969419417 131074.18878349088 715675.2578125 623.971923828125 58670.87190068974 52037
3050 25.6 183400.63919258118 122168.06217710633 715675.2578125 623.971923828125 59275.78465832174 52285
3060 25.1 182173.5063457108 126506.72374539557 715675.2578125 623.971923828125 59880.56878425711 52541
3070 24.1 175049.70932475358 114131.696027112 715675.2578125 623.971923828125 60462.01156588927 52792
3080 24.4 185937.65572869973 109254.92855173 715675.2578125 623.971923828125 60982.73706057911 53033
3090 24.2 180079.83510116697 110551.4746318085 715675.2578125 623.971923828125 61555.01027707068 53277
3100 26 185340.19862154446 126759.0800470669 715675.2578125 623.971923828125 62090.950926324804 53519
3110 23.7 194942.4601535716 130468.45811529926 743491.5480957031 623.971923828125 62686.81184602872 53779
3120 26.3 191502.71615356905 124032.81258393188 743491.5480957031 623.971923828125 63267.095255553446 54016
3130 24.9 188816.197897057 117198.76678117599 743491.5480957031 623.971923828125 63888.43994311545 54279
3140 28.2 185859.38377867345 116804.95024983112 743491.5480957031 623.971923828125 64458.91771106094 54528
3150 25.5 192253.15034275432 130135.51899487978 743491.5480957031 623.971923828125 65083.528757057415 54810
3160 26.4 203789.62200372876 126177.1851941816 743491.5480957031 623.971923828125 65672.43738330553 55065
3170 24.9 178376.5848619086 116132.66982204896 743491.5480957031 623.971923828125 66331.45772959394 55329
3180 25.6 197277.46388339996 134032.30077372183 743491.5480957031 623.971923828125 66833.44118808374 55578
3190 27.1 176454.6797748861 108299.69055985217 743491.5480957031 623.971923828125 67431.52962541586 55834
3200 24.1 177793.93419650386 114770.41425421984 743491.5480957031 623.971923828125 67958.13641073814 56105
3210 25.4 203311.17536313515 129810.86705867377 743491.5480957031 623.971923828125 68427.92002033544 56346
3220 24.5 218386.25837452174 137262.10279181844 743491.5480957031 623.971923828125 69033.22650190914 56600
3230 25.6 198068.82423973083 122275.69320263728 743491.5480957031 623.971923828125 69676.93294590228 56845
3240 28.7 189195.44933699234 113917.96570504401 743491.5480957031 623.971923828125 70252.55025858017 57101
3250 27.7 206862.83206562363 133194.57902335402 743491.5480957031 623.971923828125 70847.38911052665 57388
3260 25.2 194080.4253162202 111377.38822010171 743491.5480957031 623.971923828125 71500.75384994505 57665
3270 28.5 205618.13200983414 122654.31692335878 766011.8391113281 623.971923828125 72034.10463139956 57917
3280 26.3 210377.9416364662 133531.00226705457 766011.8391113281 623.971923828125 72688.23074051701 58202
3290 25.7 204239.93903989083 121614.23891725775 766011.8391113281 623.971923828125 73307.61659471414 58465
3300 29.5 213365.11427932998 130823.4085033054 766011.8391113281 623.971923828125 73880.64896534882 58722
3310 27.4 213995.33122665517 128520.4805540451 766011.8391113281 623.971923828125 74577.87039760774 59017
3320 29.3 221229.94179620844 127078.07923581505 766011.8391113281 623.971923828125 75222.15678621914 59291
3330 28.6 217766.65680145044 141168.56077656624 794696.2099609375 623.971923828125 75940.1394830493 59584
3340 30 238086.78996582032 135528.32186809217 794696.2099609375 623.971923828125 76617.64714887629 59870
3350 30.5 236595.03958199924 151455.3677560178 794696.2099609375 623.971923828125 77422.71184631826 60170
3360 31.4 225450.67719711023 147051.83160595826 794696.2099609375 623.971923828125 78225.48257735393 60475
3370 29.8 225560.691657764 134845.75430506596 794696.2099609375 623.971923828125 78985.96080714228 60789
3380 29.7 217978.66309333566 126694.37890429793 794696.2099609375 623.971923828125 79700.99460800801 61087
3390 25.4 225746.57875745877 139171.28781465022 794696.2099609375 623.971923828125 80370.03650068595 61384
3400 30.3 237725.15161535685 151858.56351513913 849823.3129882813 623.971923828125 80969.10917879394 61638
3410 30 222376.48640706376 131151.36175268557 849823.3129882813 623.971923828125 81735.92083598835 61941
3420 28.2 227019.97294973818 136156.16489838573 849823.3129882813 623.971923828125 82413.80470146805 62241
3430 28.7 249544.11435819088 148178.47324377391 849823.3129882813 623.971923828125 83066.02771453545 62523
3440 27.8 236020.56773409393 142869.47945521708 849823.3129882813 623.971923828125 83826.72204452635 62810
3450 34.8 219090.194014626 122293.5261026159 849823.3129882813 623.971923828125 84497.37080659997 63088
3460 30.3 240714.2664444423 153918.73989732473 849823.3129882813 623.971923828125 85235.72603827271 63436
3470 27.1 226614.25673503804 141925.283394781 849823.3129882813 623.971923828125 85974.8339273684 63739
3480 29.7 234264.7989234796 145796.49422051728 849823.3129882813 623.971923828125 86570.26094784767 64010
3490 30.1 226331.86148628918 132766.09158914234 849823.3129882813 623.971923828125 87252.38385482146 64307
3500 29.3 228194.91567982742 142651.60540163566 854731.8349609375 623.971923828125 87900.33647318251 64608
3510 31.4 234732.2108372002 150616.4965235061 854731.8349609375 623.971923828125 88533.70593910056 64901
3520 26.8 246350.76653323957 136769.43282819414 854731.8349609375 623.971923828125 89237.6288178555 65215
3530 25.2 237738.6771685888 140519.54981027034 854731.8349609375 623.971923828125 89880.6403003429 65483
3540 28.8 241480.28006405302 147377.20044630903 854731.8349609375 623.971923828125 90447.46505566043 65735
3550 30.5 253088.60385181865 159057.0246336213 885888.1799316406 623.971923828125 91106.28774960674 66023
3560 31.2 249964.3772622133 141374.73170893377 885888.1799316406 623.971923828125 91851.14069875605 66328
3570 29 252609.0187853583 157789.35372190428 885888.1799316406 623.971923828125 92591.40675229444 66640
3580 29.4 249109.79855990247 141047.53127917895 885888.1799316406 623.971923828125 93284.74467982452 66930
3590 29.8 263421.9222059827 155327.38884659464 885888.1799316406 623.971923828125 93966.23590082808 67224
3600 29.8 245374.07048536473 139914.74822719322 885888.1799316406 623.971923828125 94714.1076243987 67522
3610 29.6 264691.6014041383 165845.15731553856 885888.1799316406 623.971923828125 95376.1051020243 67820
3620 33.4 244483.66961487182 141844.59864603856 885888.1799316406 623.971923828125 96111.87036870798 68116
3630 28 256766.67971540178 168813.2149165082 885888.1799316406 623.971923828125 96835.84671565055 68450
3640 33.1 251011.17414823687 154647.19504489066 940543.8181152344 623.971923828125 97487.39092109112 68730
3650 29.5 246867.20765608462 155889.291223145 940543.8181152344 623.971923828125 98223.20957775966 69061
3660 29.2 257123.3069432925 154624.56555578124 940543.8181152344 623.971923828125 98855.45450874047 69356
3670 32.1 231044.66358030328 149096.5032319227 940543.8181152344 623.971923828125 99518.99420709346 69648
3680 27.8 247656.6987427636 140946.39793343245 940543.8181152344 623.971923828125 100122.40057089458 69969
3690 30.3 254177.31398418162 157451.46570174783 940543.8181152344 623.971923828125 100706.26230010408 70247
3700 30.3 262313.60599087266 157412.83326463064 940543.8181152344 623.971923828125 101365.39381903074 70550
3704 15.7 292784.7392873579 176749.28596848052 940543.8181152344 623.971923828125 102053.68236416034 70853
