10 1.39765625 1.39765625
20 3.31484375 4.7125
30 7.45625 12.16875
40 11.740625 23.909375
50 15.965625 39.875
60 17.73359375 57.60859375
70 14.88515625 72.49375
80 17.1421875 89.6359375
90 15.72265625 105.35859375
100 15.3390625 120.69765625
110 12.4546875 133.15234375
120 15.678125 148.83046875
130 18.85546875 167.6859375
140 19.5671875 187.253125
150 26.4546875 213.7078125
160 26.559375 240.2671875
170 28.08046875 268.34765625
180 25.675 294.02265625
190 27.184375 321.20703125
200 25.81640625 347.0234375
210 22.23984375 369.26328125
220 26.93515625 396.1984375
230 36.37578125 432.57421875
240 30.22734375 462.8015625
250 34.05546875 496.85703125
260 32.26640625 529.1234375
270 49.4578125 578.58125
280 53.08203125 631.66328125
290 46.53359375 678.196875
300 46.60234375 724.79921875
310 48.8796875 773.67890625
320 47.77109375 821.45
330 48.7796875 870.2296875
340 43.2921875 913.521875
350 44.4546875 957.9765625
360 48.67578125 1006.65234375
370 49.128125 1055.78046875
380 41.18125 1096.96171875
390 64.15703125 1161.11875
400 63.00234375 1224.12109375
410 53.9734375 1278.09453125
420 63.91640625 1342.0109375
430 64.7546875 1406.765625
440 65.41796875 1472.18359375
450 59.61953125 1531.803125
460 66.48046875 1598.28359375
470 57.97890625 1656.2625
480 65.2625 1721.525
490 63.021875 1784.546875
500 67.66015625 1852.20703125
510 73.11484375 1925.321875
520 76.49296875 2001.81484375
530 75.60390625 2077.41875
540 68.4234375 2145.8421875
550 84.96796875 2230.81015625
560 79.50859375 2310.31875
570 89.44921875 2399.76796875
580 85.84375 2485.61171875
590 82.715625 2568.32734375
600 83.06796875 2651.3953125
610 91.40625 2742.8015625
620 94.63046875 2837.43203125
630 95.60234375 2933.034375
640 110.06171875 3043.09609375
650 108.74921875 3151.8453125
660 119.64765625 3271.49296875
670 101.25859375 3372.7515625
680 115.01796875 3487.76953125
690 109.6125 3597.38203125
700 108.328125 3705.71015625
710 115.63359375 3821.34375
720 123.01953125 3944.36328125
730 123.06328125 4067.4265625
740 131.6578125 4199.084375
750 109.54375 4308.628125
760 113.42578125 4422.05390625
770 95.690625 4517.74453125
780 115.903125 4633.64765625
790 117.85 4751.49765625
800 128.66953125 4880.1671875
810 112.26875 4992.4359375
820 114.571875 5107.0078125
830 122.83671875 5229.84453125
840 117.86328125 5347.7078125
850 115.9109375 5463.61875
860 129.4515625 5593.0703125
870 120.49375 5713.5640625
880 106.978125 5820.5421875
890 102.28984375 5922.83203125
900 108.1625 6030.99453125
910 104.51796875 6135.5125
920 114.9390625 6250.4515625
930 107.3453125 6357.796875
940 109.74609375 6467.54296875
950 116.90703125 6584.45
960 112.0796875 6696.5296875
970 105.79453125 6802.32421875
980 108.7078125 6911.03203125
990 112.6390625 7023.67109375
1000 119.50703125 7143.178125
1010 116.925 7260.103125
1020 106.9453125 7367.0484375
1030 108.51484375 7475.56328125
1040 99.46796875 7575.03125
1050 103.36484375 7678.39609375
1060 105.05078125 7783.446875
1070 114.9734375 7898.4203125
1080 113.6765625 8012.096875
1090 125.1546875 8137.2515625
1100 103.9 8241.1515625
1110 103.90234375 8345.05390625
1120 107.85625 8452.91015625
1130 117.91953125 8570.8296875
1140 116.0875 8686.9171875
1150 110.734375 8797.6515625
1160 112.46953125 8910.12109375
1170 107.75625 9017.87734375
1180 123.68046875 9141.5578125
1190 114.93828125 9256.49609375
1200 109.04765625 9365.54375
1210 119.5828125 9485.1265625
1220 134.915625 9620.0421875
1230 134.42734375 9754.46953125
1240 139.2890625 9893.75859375
1250 150.271875 10044.03046875
1260 139.64140625 10183.671875
1270 165.95 10349.621875
1280 160.703125 10510.325
1290 165.128125 10675.453125
1300 152.79609375 10828.24921875
1310 162.74140625 10990.990625
1320 140.940625 11131.93125
1330 146.82734375 11278.75859375
1340 144.040625 11422.79921875
1350 145.46875 11568.26796875
1360 147.04765625 11715.315625
1370 148.540625 11863.85625
1380 151.49296875 12015.34921875
1390 159.0078125 12174.35703125
1400 158.05859375 12332.415625
1410 158.35625 12490.771875
1420 142.4109375 12633.1828125
1430 150.0890625 12783.271875
1440 135.30859375 12918.58046875
1450 142.9765625 13061.55703125
1460 163.16328125 13224.7203125
1470 157.80234375 13382.52265625
1480 150.58671875 13533.109375
1490 162.61171875 13695.72109375
1500 156.31015625 13852.03125
1510 150.41015625 14002.44140625
1520 145.025 14147.46640625
1530 137.1140625 14284.58046875
1540 147.71484375 14432.2953125
1550 138.88515625 14571.18046875
1560 153.70078125 14724.88125
1570 146.803125 14871.684375
1580 148.13203125 15019.81640625
1590 163.87734375 15183.69375
1600 147.7046875 15331.3984375
1610 156.37421875 15487.77265625
1620 131.45078125 15619.2234375
1630 149.41796875 15768.64140625
1640 150.20234375 15918.84375
1650 153.7140625 16072.5578125
1660 152.30078125 16224.85859375
1670 157.7609375 16382.61953125
1680 156.37421875 16538.99375
1690 161.45078125 16700.44453125
1700 145.39921875 16845.84375
1710 167.76640625 17013.61015625
1720 152.85546875 17166.465625
1730 159.521875 17325.9875
1740 145.0375 17471.025
1750 168.625 17639.65
1760 152.26328125 17791.91328125
1770 154.9265625 17946.83984375
1780 150.32265625 18097.1625
1790 141.78046875 18238.94296875
1800 149.02265625 18387.965625
1810 153.67734375 18541.64296875
1820 169.33203125 18710.975
1830 180.390625 18891.365625
1840 182.3265625 19073.6921875
1850 186.81484375 19260.50703125
1860 186.525 19447.03203125
1870 183.3484375 19630.38046875
1880 178.28671875 19808.6671875
1890 189.5015625 19998.16875
1900 186.4828125 20184.6515625
1910 185.834375 20370.4859375
1920 177.96953125 20548.45546875
1930 178.46796875 20726.9234375
1940 183.26015625 20910.18359375
1950 184.35703125 21094.540625
1960 178.659375 21273.2
1970 191.29453125 21464.49453125
1980 181.67265625 21646.1671875
1990 165.03125 21811.1984375
2000 192.5078125 22003.70625
2010 178.44609375 22182.15234375
2020 182.903125 22365.05546875
2030 183.3234375 22548.37890625
2040 180.5265625 22728.90546875
2050 181.0375 22909.94296875
2060 179.5484375 23089.49140625
2070 180.38515625 23269.8765625
2080 177.00546875 23446.88203125
2090 176.13125 23623.01328125
2100 179.88203125 23802.8953125
2110 180.953125 23983.8484375
2120 186.85859375 24170.70703125
2130 161.0953125 24331.80234375
2140 187.06953125 24518.871875
2150 170.425 24689.296875
2160 183.51796875 24872.81484375
2170 175.846875 25048.66171875
2180 180.3890625 25229.05078125
2190 180.4484375 25409.49921875
2200 178.95 25588.44921875
2210 176.32265625 25764.771875
2220 185.92421875 25950.69609375
2230 178.65078125 26129.346875
2240 180.8359375 26310.1828125
2250 173.96328125 26484.14609375
2260 173.4875 26657.63359375
2270 184.94609375 26842.5796875
2280 177.89921875 27020.47890625
2290 168.54609375 27189.025
2300 180.88046875 27369.90546875
2310 187.73046875 27557.6359375
2320 177.5921875 27735.228125
2330 170.8515625 27906.0796875
2340 173.22421875 28079.30390625
2350 177.45078125 28256.7546875
2360 172.6578125 28429.4125
2370 177.54453125 28606.95703125
2380 173.8375 28780.79453125
2390 180.125 28960.91953125
2400 179.06640625 29139.9859375
2410 176.24609375 29316.23203125
2420 178.215625 29494.44765625
2430 173.9125 29668.36015625
2440 168.3765625 29836.73671875
2450 181.221875 30017.95859375
2460 186.2859375 30204.24453125
2470 175.98515625 30380.2296875
2480 165.553125 30545.7828125
2490 174.77109375 30720.55390625
2500 170.6078125 30891.16171875
2510 179.93515625 31071.096875
2520 175.18203125 31246.27890625
2530 178.075 31424.35390625
2540 177.36640625 31601.7203125
2550 165.13125 31766.8515625
2560 183.275 31950.1265625
2570 174.7515625 32124.878125
2580 181.16484375 32306.04296875
2590 178.46015625 32484.503125
2600 184.53515625 32669.03828125
2610 179.9859375 32849.02421875
2620 178.18671875 33027.2109375
2630 176.73125 33203.9421875
2640 175.5609375 33379.503125
2650 173.2640625 33552.7671875
2660 171.87734375 33724.64453125
2670 181.2609375 33905.90546875
2680 180.615625 34086.52109375
2690 170.096875 34256.61796875
2700 176.92578125 34433.54375
2710 175.1375 34608.68125
2720 164.86875 34773.55
2730 174.05703125 34947.60703125
2740 180.71015625 35128.3171875
2750 169.38984375 35297.70703125
2760 183.49609375 35481.203125
2770 171.059375 35652.2625
2780 179.12109375 35831.38359375
2790 167.590625 35998.97421875
2800 176.609375 36175.58359375
2810 174.91015625 36350.49375
2820 187.62109375 36538.11484375
2830 161.70390625 36699.81875
2840 177.16640625 36876.98515625
2850 168.40625 37045.39140625
2860 175.0484375 37220.43984375
2870 168.05 37388.48984375
2880 170.20078125 37558.690625
2890 180.41015625 37739.10078125
2900 169.9 37909.00078125
2910 181.2296875 38090.23046875
2920 165.01640625 38255.246875
2930 179.55625 38434.803125
2940 174.2171875 38609.0203125
2950 175.2421875 38784.2625
2960 167.20859375 38951.47109375
2970 175.52109375 39126.9921875
2980 168.8703125 39295.8625
2990 167.14609375 39463.00859375
3000 171.38984375 39634.3984375
3010 184.5953125 39818.99375
3020 173.80859375 39992.80234375
3030 178.0296875 40170.83203125
3040 174.528125 40345.36015625
3050 171.26796875 40516.628125
3060 174.2828125 40690.9109375
3070 167.56640625 40858.47734375
3080 189.00390625 41047.48125
3090 184.7484375 41232.2296875
3100 168.69296875 41400.92265625
3110 171.015625 41571.93828125
3120 178.06171875 41750
3130 182.68984375 41932.68984375
3140 187.86171875 42120.5515625
3150 171.23203125 42291.78359375
3160 172.321875 42464.10546875
3170 175.3828125 42639.48828125
3180 172.63828125 42812.1265625
3190 176.990625 42989.1171875
3200 173.496875 43162.6140625
3210 175.5546875 43338.16875
3220 168.5359375 43506.7046875
3230 180.00546875 43686.71015625
3240 164.46796875 43851.178125
3250 180.3375 44031.515625
3260 178.91015625 44210.42578125
3270 181.79453125 44392.2203125
3280 169.9109375 44562.13125
3290 180.63515625 44742.76640625
3300 176.27578125 44919.0421875
3310 175.49453125 45094.53671875
3320 176.54140625 45271.078125
3330 182.2125 45453.290625
3340 179.1734375 45632.4640625
3350 188.7734375 45821.2375
3360 175.1984375 45996.4359375
3370 177.35625 46173.7921875
3380 156.96640625 46330.75859375
3390 180.353125 46511.11171875
3400 171.48203125 46682.59375
3410 177.121875 46859.715625
3420 177.16796875 47036.88359375
3430 180.6859375 47217.56953125
3440 168.24609375 47385.815625
3450 173.19375 47559.009375
3460 171.09609375 47730.10546875
3470 182.625 47912.73046875
3480 175.9296875 48088.66015625
3490 169.025 48257.68515625
3500 172.35859375 48430.04375
3510 179.33515625 48609.37890625
3520 172.9171875 48782.29609375
3530 163.853125 48946.14921875
3540 172.00078125 49118.15
3550 186.428125 49304.578125
3560 162.00859375 49466.58671875
3570 185.509375 49652.09609375
3580 170.9578125 49823.05390625
3590 179.3046875 50002.35859375
3600 179.77265625 50182.13125
3610 173.91328125 50356.04453125
3620 167.8890625 50523.93359375
3630 168.99140625 50692.925
3640 175.159375 50868.084375
3650 169.2453125 51037.3296875
3660 183.95546875 51221.28515625
3670 182.3125 51403.59765625
3680 161.38671875 51564.984375
3690 176.73828125 51741.72265625
3700 161.58203125 51903.3046875
3704 82.6265625 51985.93125
