10 1.6 16
20 2 36
30 1.7 53
40 2.5 78
50 1.8 96
60 2.7 123
70 1.7 140
80 2.2 162
90 1.3 175
100 2.5 200
110 2 220
120 2.7 247
130 2.9 276
140 3.5 311
150 4.2 353
160 4.1 394
170 3.2 426
180 3.8 464
190 2 484
200 3.7 521
210 5 571
220 4.1 612
230 4.7 659
240 3.5 694
250 6.6 760
260 7 830
270 6.5 895
280 6 955
290 6.9 1024
300 6 1084
310 6.2 1146
320 5.2 1198
330 6.9 1267
340 6.3 1330
350 5.6 1386
360 6.2 1448
370 9.2 1540
380 7.3 1613
390 7.5 1688
400 7.8 1766
410 8.3 1849
420 8.6 1935
430 8.3 2018
440 7.4 2092
450 8.1 2173
460 8.6 2259
470 7.8 2337
480 7.8 2415
490 10.7 2522
500 10.3 2625
510 10.3 2728
520 9.3 2821
530 9.5 2916
540 11.3 3029
550 12.3 3152
560 11.1 3263
570 9.6 3359
580 10.6 3465
590 12.6 3591
600 12.2 3713
610 13.7 3850
620 13 3980
630 15.7 4137
640 15.5 4292
650 14 4432
660 14.5 4577
670 13.4 4711
680 15.5 4866
690 13.4 5000
700 17.1 5171
710 14.9 5320
720 17.7 5497
730 15.4 5651
740 13.8 5789
750 13.3 5922
760 15.8 6080
770 13.5 6215
780 17.2 6387
790 14.7 6534
800 14.6 6680
810 16.1 6841
820 16.2 7003
830 13.2 7135
840 15.7 7292
850 18 7472
860 14.7 7619
870 12.8 7747
880 13.5 7882
890 13.6 8018
900 15.8 8176
910 14.6 8322
920 12.2 8444
930 15.6 8600
940 16.9 8769
950 12.8 8897
960 13.6 9033
970 15.9 9192
980 14.7 9339
990 15.6 9495
1000 13.5 9630
1010 13.5 9765
1020 12.3 9888
1030 15 10038
1040 12.8 10166
1050 15 10316
1060 15.2 10468
1070 15.5 10623
1080 15 10773
1090 12.7 10900
1100 14.5 11045
1110 14.8 11193
1120 15.6 11349
1130 13.8 11487
1140 13.9 11626
1150 15.8 11784
1160 14.2 11926
1170 15.9 12085
1180 13.4 12219
1190 15 12369
1200 19.2 12561
1210 17.2 12733
1220 18.3 12916
1230 20 13116
1240 20.2 13318
1250 21 13528
1260 21.7 13745
1270 21.7 13962
1280 20.4 14166
1290 19.2 14358
1300 20.2 14560
1310 18.2 14742
1320 18.9 14931
1330 19.1 15122
1340 18.5 15307
1350 20.3 15510
1360 19.1 15701
1370 20.6 15907
1380 21 16117
1390 21.1 16328
1400 18.2 16510
1410 21.2 16722
1420 16.5 16887
1430 19.1 17078
1440 20.1 17279
1450 20.6 17485
1460 20 17685
1470 19.9 17884
1480 21.5 18099
1490 19.6 18295
1500 19.3 18488
1510 18.1 18669
1520 19 18859
1530 17.6 19035
1540 22.2 19257
1550 17.6 19433
1560 21.6 19649
1570 18.5 19834
1580 19.7 20031
1590 21.2 20243
1600 18.3 20426
1610 17.2 20598
1620 20.5 20803
1630 19.8 21001
1640 19.6 21197
1650 19.7 21394
1660 20.8 21602
1670 20.5 21807
1680 20 22007
1690 21 22217
1700 20.1 22418
1710 20.7 22625
1720 19.1 22816
1730 22.6 23042
1740 21.9 23261
1750 20.1 23462
1760 16.8 23630
1770 20.2 23832
1780 17.7 24009
1790 21.7 24226
1800 20.9 24435
1810 24.3 24678
1820 27.1 24949
1830 24 25189
1840 26.3 25452
1850 24.4 25696
1860 25.6 25952
1870 25.8 26210
1880 24.8 26458
1890 24.2 26700
1900 24.9 26949
1910 23.1 27180
1920 27.1 27451
1930 25.9 27710
1940 23.9 27949
1950 23.6 28185
1960 24.9 28434
1970 25.5 28689
1980 25 28939
1990 21.2 29151
2000 27.5 29426
2010 26.1 29687
2020 24 29927
2030 25.5 30182
2040 22.8 30410
2050 23.9 30649
2060 29.4 30943
2070 25.4 31197
2080 24.6 31443
2090 23.5 31678
2100 25.7 31935
2110 23.3 32168
2120 24.3 32411
2130 24.6 32657
2140 23.8 32895
2150 24.4 33139
2160 26.4 33403
2170 27.5 33678
2180 26.9 33947
2190 24.9 34196
2200 24.1 34437
2210 23.9 34676
2220 24.4 34920
2230 25.2 35172
2240 24.8 35420
2250 24.1 35661
2260 25.9 35920
2270 23.7 36157
2280 24.8 36405
2290 23.3 36638
2300 27.5 36913
2310 23.6 37149
2320 25.6 37405
2330 24.9 37654
2340 24.7 37901
2350 23 38131
2360 27.9 38410
2370 20.5 38615
2380 24.5 38860
2390 22.7 39087
2400 31.7 39404
2410 28.7 39691
2420 27.4 39965
2430 30.1 40266
2440 26.9 40535
2450 28.2 40817
2460 31.3 41130
2470 27 41400
2480 28.4 41684
2490 30 41984
2500 29.7 42281
2510 28.6 42567
2520 30 42867
2530 30.6 43173
2540 32.5 43498
2550 30.3 43801
2560 30.2 44103
2570 29 44393
2580 26.1 44654
2590 29.4 44948
2600 30.3 45251
2610 29.3 45544
2620 27.6 45820
2630 27.7 46097
2640 25.4 46351
2650 29.5 46646
2660 28.7 46933
2670 27.6 47209
2680 28.3 47492
2690 29.4 47786
2700 26.3 48049
2710 28.6 48335
2720 27.8 48613
2730 29.1 48904
2740 25.4 49158
2750 24.5 49403
2760 30.5 49708
2770 26.8 49976
2780 33.6 50312
2790 30.8 50620
2800 27.3 50893
2810 24.6 51139
2820 27.7 51416
2830 28.4 51700
2840 27.2 51972
2850 30 52272
2860 27.2 52544
2870 29.1 52835
2880 26.3 53098
2890 29.3 53391
2900 31 53701
2910 31.5 54016
2920 29.2 54308
2930 31 54618
2940 27.8 54896
2950 32.6 55222
2960 26.7 55489
2970 30.8 55797
2980 27.5 56072
2990 29.5 56367
3000 30.3 56670
3010 27.7 56947
3020 31.5 57262
3030 28.2 57544
3040 34.6 57890
3050 34.8 58238
3060 34.1 58579
3070 33.2 58911
3080 32.2 59233
3090 35.1 59584
3100 33.4 59918
3110 33.8 60256
3120 28.1 60537
3130 34.2 60879
3140 32.8 61207
3150 34.9 61556
3160 35.6 61912
3170 34.6 62258
3180 34.4 62602
3190 30.5 62907
3200 33.4 63241
3210 31.4 63555
3220 30.7 63862
3230 35 64212
3240 32 64532
3250 35.9 64891
3260 32.5 65216
3270 35 65566
3280 33.4 65900
3290 32.7 66227
3300 32 66547
3310 30.2 66849
3320 35.1 67200
3330 31.2 67512
3340 31.7 67829
3350 33.5 68164
3360 30 68464
3370 34.1 68805
3380 32.1 69126
3390 30.5 69431
3400 34.3 69774
3410 33.7 70111
3420 33.8 70449
3430 34.8 70797
3440 26.8 71065
3450 36.6 71431
3460 33.3 71764
3470 33.2 72096
3480 33.8 72434
3490 33.9 72773
3500 35.9 73132
3510 30.2 73434
3520 36.8 73802
3530 29.5 74097
3540 30.7 74404
3550 32.8 74732
3560 33.4 75066
3570 34.3 75409
3580 30.4 75713
3590 32.8 76041
3600 35 76391
3610 34.3 76734
3620 35 77084
3630 29.7 77381
3640 30.9 77690
3650 36 78050
3660 32.7 78377
3670 39.4 78771
3680 26.1 79032
3690 20 79232
3700 6.4 79296
3704 0 79296
