20 1 8509.069213867188 3104.458659037792 14132.114013671875 2956.328125 0 0
30 3.1 10520.180868825604 5686.427027883267 23593.592041015625 2306.931884765625 8509.069213867188 10
40 2.1 13813.622639973959 9792.277076232667 35101.89697265625 2306.931884765625 10029.665831030869 41
50 2.7 11087.892523871527 8735.472778761941 35101.89697265625 1147.16796875 11311.328621156754 62
60 2.7 9579.236020688659 6476.225150396214 35101.89697265625 1147.16796875 11243.54463658708 89
70 2.3 10810.171068274456 7779.507977321533 35543.488037109375 1147.16796875 10856.162458748655 116
80 1.7 12881.320068359375 7047.313906019141 35543.488037109375 1147.16796875 10848.552372555083 139
90 2.6 10487.121948242188 5577.467140768131 35543.488037109375 1049.089111328125 11070.07192914914 156
100 1.5 9878.76552734375 5844.381461625974 35543.488037109375 1049.089111328125 10986.793360448148 182
110 2.5 10736.009287109375 9889.755213897495 38414.075927734375 1049.089111328125 10902.425758942738 197
120 2 8188.3785400390625 5895.510292939787 38414.075927734375 1049.089111328125 10883.685165267809 222
130 4.3 7443.192814316861 3719.423042622173 38414.075927734375 1049.089111328125 10660.932551612541 242
140 3.4 9235.81766285616 5194.13337974857 38414.075927734375 1049.089111328125 10175.449012301262 285
150 4.5 10152.226633029513 6029.291082885751 38414.075927734375 651.72900390625 10075.30021643564 319
160 3.6 10060.380947536893 5888.905568251621 38414.075927734375 651.72900390625 10084.810350355212 364
170 3.9 9379.758256961139 6037.0122199495945 38414.075927734375 651.72900390625 10082.611704101564 400
180 3.3 10076.734293619793 5829.150436629999 38414.075927734375 651.72900390625 10020.17142064262 439
190 4.2 12118.75001743862 8641.119146336245 39671.76708984375 651.72900390625 10024.12602828721 472
200 4.5 10805.43048502604 6800.185373962777 39671.76708984375 651.72900390625 10195.282074093357 514
210 4.4 9352.607732599432 8483.887814948035 40348.885986328125 651.72900390625 10244.399566923357 559
220 4.9 10251.317896006063 5990.231651363771 40348.885986328125 434.710205078125 10179.326862594578 603
230 3.4 9229.69817756204 6586.663385306344 40348.885986328125 434.710205078125 10184.737231669982 652
240 4.3 7612.573321675145 4783.685871395455 40348.885986328125 434.710205078125 10137.402934527605 686
250 5.2 9510.424288236176 5452.316626163583 40348.885986328125 434.710205078125 9988.476084935484 729
260 5.7 10584.06453022204 8391.938067691286 48775.52587890625 434.710205078125 9956.646771967029 781
270 5.2 9038.163729154148 5421.153801381438 48775.52587890625 434.710205078125 9999.323158865043 838
280 5.8 9422.768352640087 7225.679263194976 48775.52587890625 434.710205078125 9943.165529263957 890
290 5.2 10033.402062049277 6751.62190016801 48775.52587890625 434.710205078125 9911.326883436759 948
300 5.6 11292.383226667132 8222.946490515706 48775.52587890625 434.710205078125 9917.674792724609 1000
310 6.4 9729.593612670898 5461.506229211725 48775.52587890625 434.710205078125 9990.575997554895 1056
320 6.1 8609.953429175204 6174.863751693149 48775.52587890625 434.710205078125 9975.662718418665 1120
330 5.5 9275.021284623577 7110.023432665965 48775.52587890625 434.710205078125 9905.122272488225 1181
340 6.5 10230.206862229566 7820.870926559996 48775.52587890625 434.710205078125 9877.083798109135 1236
350 6.6 9456.63592344342 6963.294101278323 48775.52587890625 434.710205078125 9894.726380098242 1301
360 5.4 10680.040748878764 7857.701009869825 48775.52587890625 434.710205078125 9873.57497546092 1367
370 7.3 9451.99598004067 6384.775516495215 48775.52587890625 434.710205078125 9904.221809918741 1421
380 8 10224.53408203125 5779.953368244559 48775.52587890625 434.710205078125 9882.125099355757 1494
390 9.1 9538.066572587568 5887.346378414236 48775.52587890625 434.710205078125 9899.52835133418 1574
400 8.5 10146.999727136948 6575.1592096729255 48775.52587890625 434.710205078125 9879.772782645927 1665
410 8.7 10886.956444751257 8188.580385990652 48775.52587890625 434.710205078125 9892.752377092635 1750
420 7.6 9925.965675755551 7271.10518225367 48775.52587890625 434.710205078125 9939.83770854952 1837
430 7.7 10986.722827465503 7108.539117359869 48775.52587890625 434.710205078125 9939.286597994193 1913
440 7.9 9527.296343453329 6079.030688962293 48775.52587890625 434.710205078125 9979.8155375265 1990
450 9.2 11504.159373407783 9120.604547966328 54047.64404296875 434.710205078125 9962.53713427286 2069
460 9.2 10171.582044518513 5837.010186981185 54047.64404296875 434.710205078125 10028.168437373468 2161
470 8.7 11051.687345658227 7022.867667059601 54047.64404296875 434.710205078125 10034.024652134827 2253
480 10.2 10196.612541647513 6886.320293622751 54047.64404296875 434.710205078125 10071.860829201723 2340
490 9.8 10063.140129245052 7657.983749276671 54047.64404296875 434.710205078125 10077.07158868963 2442
500 8.6 11198.052121184595 6314.551873586208 54047.64404296875 434.710205078125 10076.53407568744 2540
510 10.5 9437.31552734375 6299.679576764187 54047.64404296875 434.710205078125 10113.263151054065 2626
520 9.1 10715.085679945056 7162.358333526871 54047.64404296875 434.710205078125 10087.27468511134 2731
530 9.6 10340.195994059248 6721.649447829393 54047.64404296875 434.710205078125 10107.519476227522 2822
540 8.7 11720.905966572376 7560.57909338215 54047.64404296875 434.710205078125 10115.174358239807 2918
550 12 11484.842236328126 6688.491179254649 54047.64404296875 434.710205078125 10161.663093655758 3005
560 10.8 11954.931183991608 7129.669766648883 54047.64404296875 434.710205078125 10212.473172734377 3125
570 11.2 10892.290634155272 8136.0772008321455 56388.43017578125 434.710205078125 10270.680863800193 3233
580 9.7 10324.620288337625 6522.562337640023 56388.43017578125 434.710205078125 10291.494105737343 3345
590 11.2 9439.423732212608 6375.413447425955 56388.43017578125 434.710205078125 10292.427644294063 3442
600 11.1 10465.610413147519 5735.1922979055025 56388.43017578125 434.710205078125 10265.546260458068 3554
610 12.3 11222.449961096292 5924.57269370858 56388.43017578125 434.710205078125 10271.605502190274 3665
620 15 12144.240764973958 5559.717969440014 56388.43017578125 434.710205078125 10302.480335465205 3788
630 15 13563.86253092448 5831.926725219833 56388.43017578125 434.710205078125 10372.633729174273 3938
640 14.2 14505.161119058099 7430.464625560872 56388.43017578125 434.710205078125 10489.728719453757 4088
650 15.8 13132.421575232394 5593.106934934154 56388.43017578125 434.710205078125 10624.525740906196 4230
660 14.1 14247.466298204785 7179.986920234982 56388.43017578125 434.710205078125 10714.828280063793 4388
670 17.2 12669.031071152798 5530.406383806469 56388.43017578125 434.710205078125 10824.808841017179 4529
680 15.4 12990.655379654525 7054.106110851956 56388.43017578125 434.710205078125 10892.285170220184 4701
690 14 12592.195554896763 7068.597803347042 56388.43017578125 434.710205078125 10958.845213938595 4855
700 14.5 12419.18759597252 5582.14016695604 56388.43017578125 434.710205078125 11004.624803074561 4995
710 15.3 12783.72502585018 6752.926102327902 56388.43017578125 434.710205078125 11044.529784586273 5140
720 15.3 13100.474459380108 6984.962948067663 56388.43017578125 434.710205078125 11094.803140322789 5293
730 16.2 12439.736365801022 6343.62432902256 56388.43017578125 434.710205078125 11151.150498349924 5446
740 13 11838.9648831881 5940.207173855034 56388.43017578125 434.710205078125 11188.374269841914 5608
750 12.7 14281.2587890625 5853.1273730856465 56388.43017578125 434.710205078125 11203.114036264884 5738
760 18 14213.373959689667 6669.841799161854 56388.43017578125 434.710205078125 11269.76781011063 5865
770 18 14255.4404812283 5791.207131665945 56388.43017578125 434.710205078125 11357.418613572041 6045
780 18.1 13564.619056996724 5372.459494572126 56388.43017578125 434.710205078125 11441.216836251257 6225
790 15.9 12303.122977778597 5543.557832965404 56388.43017578125 434.710205078125 11501.21305884803 6406
800 12 13144.618452962242 7607.182299703118 56388.43017578125 434.710205078125 11520.634791842693 6565
810 14.2 13777.07696447238 8161.846709376596 56388.43017578125 434.710205078125 11549.786331010135 6685
820 14.8 12080.690726615288 5886.791819120478 56388.43017578125 434.710205078125 11596.113454190396 6827
830 15.6 12527.772949218752 5831.811499795298 56388.43017578125 434.710205078125 11606.395523913532 6975
840 13.7 13314.856723312043 6670.151026544171 56388.43017578125 434.710205078125 11626.551866410744 7131
850 14.3 13611.524178458261 7087.504455919449 56388.43017578125 434.710205078125 11658.375994836098 7268
860 14.2 13866.571815168354 6714.525218322102 56388.43017578125 434.710205078125 11696.06324220595 7411
870 18.3 13452.799097613559 6405.978784241582 56388.43017578125 434.710205078125 11736.869837911056 7553
880 13.7 13757.78536118556 6351.068226889844 56388.43017578125 434.710205078125 11777.461235859033 7736
890 14.8 14546.07028280722 7413.341761961608 73720.52514648438 434.710205078125 11811.92134066911 7873
900 15 14109.292239583334 6480.421942361381 73720.52514648438 434.710205078125 11862.37066661805 8021
910 14.9 14474.055110240142 5841.164642036587 73720.52514648438 434.710205078125 11903.61876794528 8171
920 13.1 14865.633371600668 6867.387620935326 73720.52514648438 434.710205078125 11949.651822633012 8320
930 15.6 14881.925134903346 7431.894317717003 73720.52514648438 434.710205078125 11994.852814576541 8451
940 16.1 13974.846032184103 5966.191531482843 73720.52514648438 434.710205078125 12047.180371445482 8607
950 15.4 14532.855370459622 7234.426572592294 73720.52514648438 434.710205078125 12082.576604495085 8768
960 15.1 14153.98408397144 6991.044773391691 73720.52514648438 434.710205078125 12124.870140693083 8922
970 15 13870.368806966142 7547.577861574741 73720.52514648438 434.710205078125 12158.640250407074 9073
980 13 13727.49004657452 5559.025526078933 73720.52514648438 434.710205078125 12186.479270626509 9223
990 16 14394.797453308103 6125.102993940296 73720.52514648438 434.710205078125 12207.898216512667 9353
1000 15.8 14248.462824181664 6451.074426126592 73720.52514648438 434.710205078125 12244.679870868526 9513
1010 15.3 13434.234122880924 6674.313943144248 73720.52514648438 434.710205078125 12277.416682638092 9671
1020 14.8 13681.715846706084 6843.8027224318275 73720.52514648438 434.710205078125 12295.433078032753 9824
1030 16 14181.731335449218 6427.385463034382 73720.52514648438 434.710205078125 12316.007671871868 9972
1040 16.7 13070.42642157092 7331.870334101738 73720.52514648438 434.710205078125 12345.470343227214 10132
1050 11.9 11722.230085100446 6630.377597000114 73720.52514648438 434.710205078125 12357.225626757985 10299
1060 14.1 12374.87797643783 5699.510963158562 73720.52514648438 434.710205078125 12349.972366107451 10418
1070 14.7 13039.812141262752 5615.372202425721 73720.52514648438 434.710205078125 12350.304944103149 10559
1080 15.8 13701.388100153283 6765.3402016351765 73720.52514648438 434.710205078125 12359.772304273378 10706
1090 14.7 12816.66053325627 6285.228868301707 73720.52514648438 434.710205078125 12379.284021481499 10864
1100 14.6 12761.455315576839 6719.223937402385 73720.52514648438 434.710205078125 12385.123123037296 11011
1110 14.1 12864.816527454566 6409.805130698251 73720.52514648438 434.710205078125 12390.047789176113 11157
1120 15 12375.827579752602 5655.373637870728 73720.52514648438 434.710205078125 12395.972943371304 11298
1130 14.2 13203.403339224804 6436.893454188311 73720.52514648438 434.710205078125 12395.708984204392 11448
1140 15.2 13185.846053274056 6972.2291732979365 73720.52514648438 434.710205078125 12405.60480805365 11590
1150 11.9 12736.438027261682 7040.314287897459 73720.52514648438 434.710205078125 12415.705018347764 11742
1160 12.2 12166.44190053471 6034.598607170185 73720.52514648438 434.710205078125 12418.9228944173 11861
1170 17.3 13055.083453757225 6608.174924391955 73720.52514648438 434.710205078125 12416.352362726264 11983
1180 14.4 12484.91635131836 6869.209768787525 73720.52514648438 434.710205078125 12425.442563347222 12156
1190 12.2 12990.276711385759 6229.564882136166 73720.52514648438 434.710205078125 12426.138841840542 12300
1200 17.2 14315.514624307321 6444.4014928750385 73720.52514648438 434.710205078125 12431.679400533549 12422
1210 19.6 13694.296628368142 5295.219871765032 73720.52514648438 434.710205078125 12457.407497920327 12594
1220 17.5 14675.26229073661 5727.349239754259 73720.52514648438 434.710205078125 12476.362171068706 12790
1230 19.2 15475.074253082275 5121.81146556089 73720.52514648438 434.710205078125 12506.04265860761 12965
1240 18.9 16266.17724092675 5540.019065064987 73720.52514648438 434.710205078125 12549.369713873943 13157
1250 20.3 16432.827563356295 6034.288334753621 73720.52514648438 434.710205078125 12602.005456614312 13346
1260 18.4 14811.545135498047 5165.366201068782 73720.52514648438 434.710205078125 12659.401344699678 13549
1270 17.8 15106.565115596468 6952.168901328925 73720.52514648438 434.710205078125 12688.236592461048 13733
1280 18.1 15459.776956631993 6225.879676132435 73720.52514648438 434.710205078125 12719.180627909118 13911
1290 19.6 15730.321483378508 5229.879259189365 73720.52514648438 434.710205078125 12754.381304569553 14092
1300 18.2 17248.34082836108 5469.043030613153 73720.52514648438 434.710205078125 12795.20467208401 14288
1310 20.1 17674.988663858443 5745.3131661622265 73720.52514648438 434.710205078125 12851.215092294267 14470
1320 21.5 16810.454593250357 5492.531465544655 73720.52514648438 434.710205078125 12917.303190439206 14671
1330 17.3 17780.398108686324 8453.29074636828 73720.52514648438 434.710205078125 12973.532368969663 14886
1340 20.9 17017.541491056745 6312.19300362653 73720.52514648438 434.710205078125 13028.754347385959 15059
1350 19.6 16492.883943518813 6859.820170207336 73720.52514648438 434.710205078125 13083.355900505372 15268
1360 18 16552.897207302514 6967.070822340065 73720.52514648438 434.710205078125 13126.570301464415 15464
1370 18.4 16838.63844100287 4891.452699951732 73720.52514648438 434.710205078125 13165.993648629517 15644
1380 19.4 17076.8532123369 5545.875053056446 73720.52514648438 434.710205078125 13208.68802832352 15828
1390 20.6 17774.413897764334 6233.990037813404 73720.52514648438 434.710205078125 13255.525130164651 16022
1400 20.4 17506.52329269109 5928.505284955932 73720.52514648438 434.710205078125 13312.888396502187 16228
1410 22.4 18407.60534558976 5533.4974054935465 73720.52514648438 434.710205078125 13364.951536644747 16432
1420 21.6 18156.000916657627 5924.064683612402 73720.52514648438 434.710205078125 13432.76820650568 16656
1430 21.5 18207.725374727484 5304.386788500648 73720.52514648438 434.710205078125 13493.23633508515 16872
1440 23.6 17366.483619819246 5841.895225503088 73720.52514648438 434.710205078125 13552.557172184881 17087
1450 18.9 15940.824031446346 5351.546638039913 73720.52514648438 434.710205078125 13604.516223252345 17323
1460 19.5 15969.029320663056 4989.498889256621 73720.52514648438 434.710205078125 13629.731057408848 17512
1470 21.9 16501.38581576412 6396.2669498625055 73720.52514648438 434.710205078125 13655.492799168298 17707
1480 18.9 16023.317022414432 6647.542262504968 73720.52514648438 434.710205078125 13690.260765844327 17926
1490 21.2 15047.933986447892 5779.3368098444325 73720.52514648438 434.710205078125 13714.602340919775 18115
1500 16.7 15852.959827902789 6060.194264371954 73720.52514648438 434.710205078125 13730.025831335663 18327
1510 19.4 14292.814925046312 4498.52961106996 73720.52514648438 434.710205078125 13749.19583119652 18494
1520 20.4 16165.032382142308 5899.473951784013 73720.52514648438 434.710205078125 13754.839137286357 18688
1530 18.8 15926.927566852975 5824.188564985064 73720.52514648438 434.710205078125 13780.864937728376 18892
1540 18.9 17023.708250661362 5847.569488296821 73720.52514648438 434.710205078125 13802.010628204027 19080
1550 24.2 16339.984084452477 5636.754290241383 73720.52514648438 434.710205078125 13833.610651591045 19269
1560 20.1 16069.255328581692 6140.385936010021 73720.52514648438 434.710205078125 13864.697852183144 19511
1570 20.8 16691.705918532156 7345.138675971807 73720.52514648438 434.710205078125 13887.177359729618 19712
1580 19.6 15593.208218321508 5669.08589699676 73720.52514648438 434.710205078125 13916.461593676953 19920
1590 18.5 16116.705617873733 6347.462722570546 73720.52514648438 434.710205078125 13932.798953909123 20116
1600 20.4 16129.936835793887 5941.431231588672 73720.52514648438 434.710205078125 13952.700571210413 20301
1610 18.7 15812.284720191343 5580.929866174196 73720.52514648438 434.710205078125 13974.361444069473 20505
1620 19.2 16162.048475901292 6861.512044970718 73720.52514648438 434.710205078125 13990.971324827002 20692
1630 20.1 15967.550608772548 6982.901298499129 73720.52514648438 434.710205078125 14010.93142887825 20884
1640 18.5 15608.400009237756 5578.3815029051775 73720.52514648438 434.710205078125 14029.583572826969 21085
1650 20.2 17416.67671792815 6851.4531610020695 75296.35595703125 434.710205078125 14043.315638681976 21270
1660 21.5 17658.449637763442 6065.916104373209 75296.35595703125 434.710205078125 14075.050872382037 21472
1670 21.1 16670.839734985933 5950.940876773804 75296.35595703125 434.710205078125 14110.575875128245 21687
1680 20.7 16332.599362875528 6350.481550723852 75296.35595703125 434.710205078125 14135.245510457042 21898
1690 19.4 17026.021120680973 6190.361134939122 75296.35595703125 434.710205078125 14155.822404709501 22105
1700 20.2 15536.592559512303 5956.025952316669 75296.35595703125 434.710205078125 14180.792966209949 22299
1710 18.5 16338.338158519851 5749.107832314636 75296.35595703125 434.710205078125 14192.964492713085 22501
1720 21.1 15635.964456133368 5976.336324432087 75296.35595703125 434.710205078125 14210.459605477532 22686
1730 15.8 16146.75462012955 5292.148649505129 75296.35595703125 434.710205078125 14223.595890732735 22897
1740 18.4 17127.363664710003 6640.18546630138 75296.35595703125 434.710205078125 14236.775638260156 23055
1750 18.7 16547.243711094165 5617.543107064103 75296.35595703125 434.710205078125 14259.662517939436 23239
1760 24.1 16894.33881856197 5817.110371922892 75296.35595703125 434.710205078125 14277.923325722239 23426
1770 19.2 15097.39355214437 5263.531825268894 75296.35595703125 434.710205078125 14304.56616739099 23667
1780 19.8 15962.355400933162 5695.376953916959 75296.35595703125 434.710205078125 14310.946269569315 23859
1790 21.2 16283.234408396595 5730.8887389946785 75296.35595703125 434.710205078125 14324.538114271898 24057
1800 22.2 16418.075667097768 5584.674749201057 75296.35595703125 434.710205078125 14341.648156480249 24269
1810 23.1 17583.729335768396 6054.185958793553 75296.35595703125 434.710205078125 14360.470046454406 24491
1820 21.6 17943.078087700742 4990.9473282246545 75296.35595703125 434.710205078125 14390.587872513443 24722
1830 23 17741.126228133482 5318.367272525966 75296.35595703125 434.710205078125 14421.35769713773 24938
1840 24.2 18765.361456248378 4907.450120731209 75296.35595703125 434.710205078125 14451.69569626873 25168
1850 27.8 18420.654866829194 5117.620038608387 75296.35595703125 434.710205078125 14492.778227316156 25410
1860 25.7 18975.663236031738 5598.057011512186 75296.35595703125 434.710205078125 14535.286390886096 25688
1870 25.1 18500.951197164468 5252.910736143837 75296.35595703125 434.710205078125 14579.270852215926 25945
1880 23.7 18618.9267691439 4830.398545756957 75296.35595703125 434.710205078125 14616.846885449324 26196
1890 26.1 18899.57817738267 5421.358630432206 75296.35595703125 434.710205078125 14652.729794405386 26433
1900 26.2 19586.34517011569 5881.539067853702 75296.35595703125 434.710205078125 14694.253261400107 26694
1910 23 19321.093426248295 5434.6998328417285 75296.35595703125 434.710205078125 14741.802158865736 26956
1920 23.5 19085.56831574136 5624.735869103848 75296.35595703125 434.710205078125 14780.54404776068 27186
1930 30.6 19272.708403543704 5010.882344780138 75296.35595703125 434.710205078125 14817.43842444189 27421
1940 24.5 18474.044681720326 6228.468572427037 75296.35595703125 434.710205078125 14866.607559710948 27727
1950 23.9 18680.434899238364 5048.045500317279 75296.35595703125 434.710205078125 14898.20423120002 27972
1960 25.5 19175.31645124846 6617.50695552462 87306.1298828125 434.710205078125 14930.246807842506 28211
1970 24 19128.111555989584 6051.948045019502 87306.1298828125 434.710205078125 14968.27437613691 28466
1980 25.5 19724.74547621783 5150.614336637546 87306.1298828125 434.710205078125 15003.0532001864 28706
1990 24.9 20070.299523288482 5045.965111233052 87306.1298828125 434.710205078125 15044.627439003705 28961
2000 26.4 19790.672035910862 4758.940398922447 87306.1298828125 434.710205078125 15087.46866971192 29210
2010 25.2 19640.37062872024 5358.0527814605975 87306.1298828125 434.710205078125 15129.595482790446 29474
2020 27 19486.881695782697 5576.09515103187 87306.1298828125 434.710205078125 15167.835250561902 29726
2030 27.4 18707.997014177985 6561.822105150303 87306.1298828125 434.710205078125 15206.711852115764 29996
2040 26.7 17323.50074156572 4795.283934939265 87306.1298828125 434.710205078125 15238.405018102056 30270
2050 23.1 17456.291122370465 5928.451978302294 87306.1298828125 434.710205078125 15256.63603484125 30537
2060 23.6 18049.59811349643 5332.109343121729 87306.1298828125 434.710205078125 15273.150605993722 30768
2070 25.8 18936.974363341804 4960.436206154931 87306.1298828125 434.710205078125 15294.284705199329 31004
2080 24.7 17731.87388308135 4962.3790914896435 87306.1298828125 434.710205078125 15324.347207016255 31262
2090 23.2 18212.33714347052 5359.345278144868 87306.1298828125 434.710205078125 15343.21988114073 31509
2100 25.5 18360.60025658699 4890.10911298081 87306.1298828125 434.710205078125 15364.19071397084 31741
2110 24.8 18276.821356988738 5581.531867194206 87306.1298828125 434.710205078125 15388.071337591515 31996
2120 22.7 18609.8588705861 6291.861375604588 87306.1298828125 434.710205078125 15410.289734961894 32244
2130 23.7 18299.43304469114 5822.1244299527 87306.1298828125 434.710205078125 15432.657453658168 32471
2140 25.2 19090.782434857094 6171.584537708549 87306.1298828125 434.710205078125 15453.429919570935 32708
2150 26 19594.339127291172 5146.829665622383 87306.1298828125 434.710205078125 15481.239774966934 32960
2160 26.4 19636.71301546964 4535.135772501128 87306.1298828125 434.710205078125 15513.431401445088 33220
2170 28.4 18486.81418921241 4708.925966264128 87306.1298828125 434.710205078125 15545.940849124652 33484
2180 23.8 19091.41104356782 6255.444245046464 87306.1298828125 434.710205078125 15570.67456236159 33768
2190 23.2 18485.02803302634 6282.62452166942 87306.1298828125 434.710205078125 15595.315369352329 34006
2200 21.3 18917.853588981812 5116.648204729013 87306.1298828125 434.710205078125 15614.896341896647 34238
2210 26.2 18534.28593060442 5454.472929869368 87306.1298828125 434.710205078125 15635.3175167139 34451
2220 20.7 19327.24389648436 5829.605059138434 87306.1298828125 434.710205078125 15657.19778417679 34713
2230 27.7 19184.960067583765 4576.693013891272 87306.1298828125 434.710205078125 15678.953212162118 34920
2240 27.2 19369.052891450763 5044.417177604106 87306.1298828125 434.710205078125 15706.545447266013 35197
2250 24.6 19679.773048462892 5898.346439672008 87306.1298828125 434.710205078125 15734.632002421735 35469
2260 27.8 19650.91314302073 4456.125075705442 87306.1298828125 434.710205078125 15761.805590475105 35715
2270 28.1 19443.0444918052 5829.732582002235 87306.1298828125 434.710205078125 15791.843984040734 35993
2280 24.2 19616.050628914305 5871.3047903119805 87306.1298828125 434.710205078125 15820.12835694369 36274
2290 25.8 19385.234014466754 5995.942817792387 87306.1298828125 434.710205078125 15845.284814108136 36516
2300 23 19171.825874660335 5291.977312499283 87306.1298828125 434.710205078125 15870.120483159435 36774
2310 24.8 18716.6192676175 5758.687745551316 87306.1298828125 434.710205078125 15890.642379171899 37004
2320 22.2 19516.53796386717 5834.998139755461 87306.1298828125 434.710205078125 15909.455926587729 37252
2330 26.6 19862.673472010112 5600.307193961904 87306.1298828125 434.710205078125 15930.824667909073 37474
2340 28.9 18946.697292657867 5083.4625024518 87306.1298828125 434.710205078125 15958.537221748258 37740
2350 25.9 18187.170747617052 5135.555298804659 87306.1298828125 434.710205078125 15981.24563534033 38029
2360 25.9 17760.037470401483 5846.514671943991 87306.1298828125 434.710205078125 15996.167663236269 38288
2370 22.9 18098.06852035856 5614.727641244264 87306.1298828125 434.710205078125 16008.019228340057 38547
2380 25.8 18534.556522339808 4689.856263091231 87306.1298828125 434.710205078125 16020.362463533793 38776
2390 20.1 19180.651941707474 5108.633129514941 87306.1298828125 434.710205078125 16036.980336853769 39034
2400 27.2 20115.402202830595 5270.404625060788 87306.1298828125 434.710205078125 16053.085293973065 39235
2410 28.2 20807.967197715807 4941.182230073937 87306.1298828125 434.710205078125 16081.053760300785 39507
2420 28.1 22051.85991106679 4849.842060523853 87306.1298828125 434.710205078125 16114.555220235718 39789
2430 27.8 23329.185776964372 5510.37732121375 87306.1298828125 434.710205078125 16156.191921461661 40070
2440 29.8 23509.727421907777 4662.291438476252 87306.1298828125 434.710205078125 16205.614254460317 40348
2450 31.6 22852.114632522007 5645.7329267207215 87306.1298828125 434.710205078125 16259.165052174712 40646
2460 31.9 22305.97343459172 5697.585253586796 87306.1298828125 434.710205078125 16310.026144586942 40962
2470 29.3 21924.00002083111 4431.309763404851 87306.1298828125 434.710205078125 16356.359983048014 41281
2480 33.6 21727.613471621575 5106.221768061787 87306.1298828125 434.710205078125 16395.598895134186 41574
2490 28.9 21052.349654148198 4855.353852301288 87306.1298828125 434.710205078125 16438.3466140008 41910
2500 31.6 20675.865292319766 5364.524783847257 87306.1298828125 434.710205078125 16469.94563005811 42199
2510 28.7 20649.326118283167 4268.087949133694 87306.1298828125 434.710205078125 16501.206846411744 42515
2520 27.9 21930.605326115863 5243.58871538845 87306.1298828125 434.710205078125 16529.02120627874 42802
2530 30.8 21923.8556288682 4884.980670999651 87306.1298828125 434.710205078125 16564.00279838279 43081
2540 24.5 22856.359866270737 4942.019277253273 87306.1298828125 434.710205078125 16602.050106958453 43389
2550 34.8 23199.495336773754 4658.558188052078 87306.1298828125 434.710205078125 16637.167352478726 43634
2560 31.9 22307.2181101832 4945.604525888457 87306.1298828125 434.710205078125 16689.090642427676 43982
2570 27 22136.25038519965 5121.188191984529 87306.1298828125 434.710205078125 16729.545319798704 44301
2580 27.2 22417.266979441923 5552.150439633692 87306.1298828125 434.710205078125 16762.297790410947 44571
2590 31.2 21976.44424829729 5384.77414480401 87306.1298828125 434.710205078125 16796.598609254834 44843
2600 29.1 22403.44374865764 4995.247842214867 87306.1298828125 434.710205078125 16832.38892792123 45155
2610 28.7 23486.11100827527 6123.334941427266 87306.1298828125 434.710205078125 16868.061527332276 45446
2620 33.9 22126.8069294167 4551.449155197521 87306.1298828125 434.710205078125 16909.59346709198 45733
2630 34.2 21934.02269865337 4653.414995706937 87306.1298828125 434.710205078125 16947.9819755945 46072
2640 29.6 22052.68955045134 4920.780123075962 87306.1298828125 434.710205078125 16984.721449186218 46414
2650 30.4 21758.458692048724 4356.314325925966 87306.1298828125 434.710205078125 17016.837025250752 46710
2660 29 22350.400762728987 4723.1636508365345 87306.1298828125 434.710205078125 17047.497104944174 47014
2670 29.3 22339.649975669276 5326.375344795444 87306.1298828125 434.710205078125 17080.00687284451 47304
2680 33.9 21216.50363546278 4511.483929863197 87306.1298828125 434.710205078125 17112.38444767334 47597
2690 32.9 20734.470366225774 5026.066107674381 87306.1298828125 434.710205078125 17141.408488157747 47936
2700 31.7 19253.22161884488 4379.269034565799 87306.1298828125 434.710205078125 17165.900715607957 48265
2710 23.1 20935.358007389754 5609.446715012486 87306.1298828125 434.710205078125 17179.520589765587 48582
2720 30.6 20807.70691476461 4366.230868051508 87306.1298828125 434.710205078125 17197.294511537882 48813
2730 28.8 21842.486549377456 5188.576321688763 87306.1298828125 434.710205078125 17219.786545076582 49119
2740 28.9 21458.784368072815 4644.476680369096 87306.1298828125 434.710205078125 17246.73288064115 49407
2750 26.8 21464.23187620249 4517.821434102602 87306.1298828125 434.710205078125 17271.22746531331 49696
2760 30.4 22709.29769817151 5297.78532356375 87306.1298828125 434.710205078125 17293.718162257475 49964
2770 29.9 22466.573309958996 4380.548833550276 87306.1298828125 434.710205078125 17326.469339525676 50268
2780 31.1 22433.080733615097 5030.219568540419 87306.1298828125 434.710205078125 17356.86250279737 50567
2790 29.1 23155.940234207206 4725.853809925751 87306.1298828125 434.710205078125 17387.89170736092 50878
2800 29.4 23176.12061045121 5755.603256060165 87306.1298828125 434.710205078125 17420.69481317327 51169
2810 34.4 21624.93706920536 4712.318843548925 87306.1298828125 434.710205078125 17453.574652755102 51463
2820 27.8 21351.94094694947 4803.51575568549 87306.1298828125 434.710205078125 17481.272621586708 51807
2830 28 21409.33693847656 5752.541771378291 87306.1298828125 434.710205078125 17501.932039738786 52085
2840 28.4 21257.55400665713 4561.698432924111 87306.1298828125 434.710205078125 17522.825257950313 52365
2850 26.7 21894.2083059018 4812.787755907052 87306.1298828125 434.710205078125 17542.97118597616 52649
2860 30.5 21997.25574330815 5664.483119362185 87306.1298828125 434.710205078125 17564.926366092193 52916
2870 29.8 21688.977639831952 6044.982718130998 87306.1298828125 434.710205078125 17590.327250330574 53221
2880 26.8 21248.003518175716 5349.952538064898 87306.1298828125 434.710205078125 17613.14901112714 53519
2890 31.2 20211.518370799517 4304.389886233103 87306.1298828125 434.710205078125 17631.260097595787 53787
2900 29.3 20041.9071007426 4564.446382045083 87306.1298828125 434.710205078125 17646.14097489924 54099
2910 27.9 21249.058827389956 6188.449635026829 87306.1298828125 434.710205078125 17659.046539593903 54392
2920 30.8 20479.445291098047 4922.128144063435 87306.1298828125 434.710205078125 17677.367284198815 54671
2930 30.1 20420.65925998623 5641.37019113757 87306.1298828125 434.710205078125 17693.06491467818 54979
2940 27.5 20998.147648259946 5507.049843408278 87306.1298828125 434.710205078125 17707.916685624954 55280
2950 31.2 20739.92670068984 5072.399966783028 87306.1298828125 434.710205078125 17724.203491758057 55555
2960 30.1 21603.735177987433 4934.122037930675 87306.1298828125 434.710205078125 17741.0453776869 55867
2970 30 20833.784914550783 4279.318396407969 87306.1298828125 434.710205078125 17761.745235789207 56168
2980 30.8 21140.96652816179 5078.457787293961 87306.1298828125 434.710205078125 17778.066194626575 56468
2990 30.4 21380.00954959267 4437.605919401898 87306.1298828125 434.710205078125 17796.30934847202 56776
3000 27.4 21219.998630495837 4236.8262567718175 87306.1298828125 434.710205078125 17815.395628449958 57080
3010 31.4 22133.47633079967 4763.195956555737 87306.1298828125 434.710205078125 17831.660600772037 57354
3020 32.9 23061.497063633877 4872.941950901266 87306.1298828125 434.710205078125 17855.083818834544 57668
3030 34.1 23509.561199825886 4591.173051673183 87306.1298828125 434.710205078125 17884.61827678132 57997
3040 31.1 23926.011823942426 4806.912533412852 87306.1298828125 434.710205078125 17917.49745564858 58338
3050 39.1 23511.12996773098 4261.786471514872 87306.1298828125 434.710205078125 17949.359004328682 58649
3060 35.6 23282.704927251576 5425.3084549461655 87306.1298828125 434.710205078125 17986.192548479943 59040
3070 31 22757.858205487653 4774.586444542179 87306.1298828125 434.710205078125 18017.938093749704 59396
3080 39.2 22723.679511245427 3595.9413798206892 87306.1298828125 434.710205078125 18042.54827086153 59706
3090 35.4 23477.47247073073 4395.782072842644 87306.1298828125 434.710205078125 18073.081790217093 60098
3100 36 23526.67092759873 4532.043394435988 87306.1298828125 434.710205078125 18104.72928411145 60452
3110 36.6 23441.869720959272 4781.717206369136 87306.1298828125 434.710205078125 18136.82655096101 60812
3120 31.6 23151.780304341373 4434.082791438299 87306.1298828125 434.710205078125 18168.564198484946 61178
3130 32.3 23873.67189011708 4372.659614996443 87306.1298828125 434.710205078125 18194.17151447432 61494
3140 37.9 24001.735158311345 4962.497773766418 87306.1298828125 434.710205078125 18223.847471271525 61817
3150 33.2 23549.768989287226 4826.07588524756 87306.1298828125 434.710205078125 18259.055835690266 62196
3160 33.9 23636.427589619056 4677.841296006853 87306.1298828125 434.710205078125 18287.1475188881 62528
3170 38 23333.855567048737 4532.608478982855 87306.1298828125 434.710205078125 18315.99263546719 62867
3180 32.5 23652.818302283664 4154.705069681498 87306.1298828125 434.710205078125 18346.140909915008 63247
3190 34.4 23601.196640369504 3993.7446453359166 87306.1298828125 434.710205078125 18373.27030890387 63572
3200 35 23600.65316545758 4470.219857245292 87306.1298828125 434.710205078125 18401.407342792474 63916
3210 31.1 24931.08094478496 5243.822376726551 87306.1298828125 434.710205078125 18429.723031304795 64266
3220 36.9 24416.99946672807 4600.406627634914 87306.1298828125 434.710205078125 18461.033285901514 64577
3230 37.7 23471.05817864617 4311.040012046009 87306.1298828125 434.710205078125 18494.87296071944 64946
3240 35.8 22661.010607160013 4677.762359818376 87306.1298828125 434.710205078125 18523.59212283934 65323
3250 35 22071.046711077008 4819.667870324283 87306.1298828125 434.710205078125 18546.143481944513 65681
3260 34.7 21593.815079306984 3780.120708979186 87306.1298828125 434.710205078125 18564.827374815988 66031
3270 33.3 22602.781756610144 4470.071826839086 87306.1298828125 434.710205078125 18580.661818961013 66378
3280 34.6 23364.95057351879 5655.066846883865 87306.1298828125 434.710205078125 18600.73895675294 66711
3290 37.2 23146.07376984628 3756.202501552939 87306.1298828125 434.710205078125 18625.321285509086 67057
3300 38.3 23795.75627881242 5220.25175116715 87306.1298828125 434.710205078125 18650.261888575624 67429
3310 33.1 21980.996519336517 4904.732234188248 87306.1298828125 434.710205078125 18679.323475779373 67812
3320 33.5 22768.949942426552 5713.1312725039315 87306.1298828125 434.710205078125 18695.36112861851 68143
3330 32.1 22998.070324668985 4673.845886148035 87306.1298828125 434.710205078125 18715.28945965367 68478
3340 36.6 23002.67462658492 4212.087579295204 87306.1298828125 434.710205078125 18735.27191081822 68799
3350 34.9 23285.37040539936 4181.981234364131 87306.1298828125 434.710205078125 18757.853699207877 69165
3360 35.8 23366.422173697192 4558.023876693575 87306.1298828125 434.710205078125 18780.58442007649 69514
3370 31.7 23246.462330718896 4326.733724205785 87306.1298828125 434.710205078125 18804.080669157614 69872
3380 33.6 22903.51558721634 4920.931982341169 87306.1298828125 434.710205078125 18824.144140452474 70189
3390 37.8 23679.693456902056 4791.678101077235 87306.1298828125 434.710205078125 18843.579359255917 70525
3400 33.6 23376.672632853202 3968.041447592669 87306.1298828125 434.710205078125 18869.36178212815 70903
3410 35.9 23914.677595643287 4893.274416014312 87306.1298828125 434.710205078125 18890.620593254695 71239
3420 35.3 23464.48045975898 4040.7270182965967 87306.1298828125 434.710205078125 18915.81175032413 71598
3430 36.1 23288.61145662005 4760.643615498561 87306.1298828125 434.710205078125 18938.12804967272 71951
3440 31 23476.130683751275 4707.319061562487 87306.1298828125 434.710205078125 18959.846775609054 72312
3450 34.2 23519.00802808618 4880.1882551537665 87306.1298828125 434.710205078125 18979.125341491625 72622
3460 35.6 23351.935336338003 5112.927355184177 87306.1298828125 434.710205078125 19000.404874943946 72964
3470 33.1 22332.801267318493 4500.117265076192 87306.1298828125 434.710205078125 19021.533418919073 73320
3480 34.4 22792.947502668507 4500.3350367695875 87306.1298828125 434.710205078125 19036.41481438988 73651
3490 32.9 22786.89687841351 4798.167042720882 87306.1298828125 434.710205078125 19053.87879499354 73995
3500 37.9 22727.233360431444 3986.754746686276 87306.1298828125 434.710205078125 19070.403241329113 74324
3510 32.2 23430.49690957394 4879.581202913742 87306.1298828125 434.710205078125 19088.955891358426 74703
3520 35.9 23268.651890831734 4114.165069443229 87306.1298828125 434.710205078125 19107.589362972758 75025
3530 38.3 24028.137120976477 4491.514797596581 87306.1298828125 434.710205078125 19127.40552353072 75384
3540 34 23858.02470918544 4480.342937320263 87306.1298828125 434.710205078125 19152.17858042649 75767
3550 36.5 23522.377333047934 5182.886028523678 87306.1298828125 434.710205078125 19173.2014519597 76107
3560 33.6 22983.35448637463 4671.809385953454 87306.1298828125 434.710205078125 19193.960019757025 76472
3570 31.4 24013.07596661026 4989.177503209846 87306.1298828125 434.710205078125 19210.536893790762 76808
3580 32.2 24404.3621864082 4635.412417729597 87306.1298828125 434.710205078125 19230.09029319515 77122
3590 35.8 24738.52871584759 3857.9827357054023 87306.1298828125 434.710205078125 19251.604103814625 77444
3600 37.5 25401.871757161458 3928.483796900104 87306.1298828125 434.710205078125 19276.85177111248 77802
3610 40.6 25100.854968442112 4319.313166637736 87306.1298828125 434.710205078125 19306.23231135793 78177
3620 38.4 25380.253953933698 4148.288001292153 87306.1298828125 434.710205078125 19336.170297929784 78583
3630 39.8 26496.268081128284 4153.189395681448 87306.1298828125 434.710205078125 19365.56141224216 78967
3640 36.7 26956.71000351244 4629.1294300696945 87306.1298828125 434.710205078125 19401.320515804393 79365
3650 41.8 26342.648527446545 3875.4017537190675 87306.1298828125 434.710205078125 19436.097367532544 79732
3660 39.6 26646.521883261332 4412.652490292092 87306.1298828125 434.710205078125 19472.116561354676 80150
3670 43.3 26338.560068742787 3712.3922322749913 87306.1298828125 434.710205078125 19507.389132400727 80546
3680 39.6 26050.755160245033 5061.889464484945 87306.1298828125 434.710205078125 19543.915849394467 80979
3690 38.8 26174.825281516787 4401.980773782093 87306.1298828125 434.710205078125 19575.580468344964 81375
3700 41.4 26173.707681701973 3820.801847508396 87306.1298828125 434.710205078125 19606.896674789332 81763
3710 38 26828.9864296361 4367.550312090461 87306.1298828125 434.710205078125 19639.979651253085 82177
3720 39.9 26297.18466943727 4471.39874246207 87306.1298828125 434.710205078125 19673.06978989409 82557
3730 41.2 26298.06700771295 4055.2649186960107 87306.1298828125 434.710205078125 19704.93031640137 82956
3740 42.1 26766.972464300954 4284.996968980918 87306.1298828125 434.710205078125 19737.513229711276 83368
3750 33.8 26059.967508349902 3139.4759236584255 87306.1298828125 434.710205078125 19772.832929645185 83789
3760 39.6 26590.197782266016 4115.800005221287 87306.1298828125 434.710205078125 19798.092970863843 84127
3770 34.5 28218.61362446218 4359.247780607636 87306.1298828125 434.710205078125 19829.914764994617 84523
3780 40.7 29023.67653466677 4878.328471120514 87306.1298828125 434.710205078125 19864.015970472727 84868
3790 41.3 28836.82720282234 3946.6747787208433 87306.1298828125 434.710205078125 19907.73314255865 85275
3800 44.6 28140.77790921473 4192.217731477044 87306.1298828125 434.710205078125 19950.76969198084 85688
3810 36.9 27621.071998327407 4367.671357439021 87306.1298828125 434.710205078125 19993.177378433185 86134
3820 40.6 26978.676908145397 4734.9679079226835 87306.1298828125 434.710205078125 20025.716054718872 86503
3830 35.4 26614.767932611674 3699.7978000789117 87306.1298828125 434.710205078125 20058.19717987842 86909
3840 41 27123.05302913014 4400.437722531932 87306.1298828125 434.710205078125 20084.795234569043 87263
3850 34.6 27772.790477951134 3870.431408851243 87306.1298828125 434.710205078125 20117.709423609795 87673
3860 39.2 28249.031728939124 4223.207220467571 87306.1298828125 434.710205078125 20147.801313369986 88019
3870 36.4 28355.971984192554 3648.610447404817 87306.1298828125 434.710205078125 20183.720851921786 88411
3880 39.5 28803.731123294107 4055.7081532645984 87306.1298828125 434.710205078125 20217.22915281896 88775
3890 39.9 29058.834329476034 3855.056207629098 87306.1298828125 434.710205078125 20255.265132165576 89170
3900 38.6 29466.419075605165 4409.094878045819 87306.1298828125 434.710205078125 20294.482094616054 89569
3910 39.8 29101.787316710506 4776.557850300399 87306.1298828125 434.710205078125 20333.839191771985 89955
3920 40.4 28806.319850204014 3513.1904163873355 87306.1298828125 434.710205078125 20372.461521453628 90353
3930 37.8 29865.77265663752 4402.274651589299 87306.1298828125 434.710205078125 20410.004397097546 90757
3940 40.2 29254.45938398825 3688.3091452127896 87306.1298828125 434.710205078125 20449.224020755923 91135
3950 43.4 28420.268603628134 4405.084218273671 87306.1298828125 434.710205078125 20487.893680194396 91537
3960 41.3 27124.559693860665 4341.680024955939 87306.1298828125 434.710205078125 20525.32559587184 91971
3970 38.3 27468.557214323595 4448.185042941954 87306.1298828125 434.710205078125 20554.82728103885 92384
3980 38.5 26141.655863813914 3711.830299183762 87306.1298828125 434.710205078125 20583.371467704885 92767
3990 43.1 26296.25257565527 4378.142241629941 87306.1298828125 434.710205078125 20606.344023232432 93152
4000 37.7 26794.549053485578 4783.371987191453 87306.1298828125 434.710205078125 20632.549109477735 93583
4010 39.8 26617.707547135084 4377.894785136919 87306.1298828125 434.710205078125 20657.27318332715 93960
4020 42.6 26037.87128860402 4023.192262919469 87306.1298828125 434.710205078125 20682.41416635769 94358
4030 39.4 25807.874234736875 4215.961339267758 87306.1298828125 434.710205078125 20706.483890510255 94784
4040 38.2 25139.164323257526 4574.882129128827 87306.1298828125 434.710205078125 20727.601667681716 95178
4050 38.5 25417.105506797885 4396.2941065029 87306.1298828125 434.710205078125 20745.236838615474 95560
4060 36.5 25521.32551838077 3664.4290101566353 87306.1298828125 434.710205078125 20763.983718987045 95945
4070 43.6 26121.567686308405 3730.019148099291 87306.1298828125 434.710205078125 20782.01330840433 96310
4080 33.5 26444.061473880593 4445.916020324197 87306.1298828125 434.710205078125 20806.076791222906 96746
4090 39.5 26464.220265526117 3903.964345082235 87306.1298828125 434.710205078125 20825.5319355734 97081
4100 37.4 27087.94278949595 3911.738022064634 87306.1298828125 434.710205078125 20848.38147689979 97476
4110 37.2 27340.864387102014 4941.3869086526165 87306.1298828125 434.710205078125 20872.230183398624 97850
4120 39.7 27761.073571808098 3878.228223829992 87306.1298828125 434.710205078125 20896.729093253623 98222
4130 31.4 28193.65719701682 3725.206289431239 87306.1298828125 434.710205078125 20924.362153394024 98619
4140 37.7 29674.69048797041 4302.677956917564 87306.1298828125 434.710205078125 20947.433915533024 98933
4150 41.9 30117.989931384247 4458.843875738614 87306.1298828125 434.710205078125 20980.564272272615 99310
4160 43 28934.276919058866 3606.5809573689903 87306.1298828125 434.710205078125 21018.954122277806 99729
4170 41.3 27815.347020183868 4116.9630923608565 87306.1298828125 434.710205078125 21052.935979151534 100159
4180 44.7 27497.982857177198 4330.318817451418 87306.1298828125 434.710205078125 21080.705892844675 100572
4190 39 26568.280877529047 3468.520310276841 87306.1298828125 434.710205078125 21109.10176691843 101019
4200 37.7 27764.421443706466 4734.697046248298 87306.1298828125 434.710205078125 21130.096746191848 101409
4210 39.7 28143.523968828715 3633.1009318454185 87306.1298828125 434.710205078125 21154.669284762604 101786
4220 42.9 28995.191537710336 3774.346283044418 87306.1298828125 434.710205078125 21181.822287801995 102183
4230 39.6 29510.667413884945 4013.3637980757694 87306.1298828125 434.710205078125 21214.48840295627 102612
4240 37.4 30475.091939834347 3337.651306705771 87306.1298828125 434.710205078125 21246.381914997353 103008
4250 41 31775.950887242758 3024.231709104654 87306.1298828125 434.710205078125 21279.768167432874 103382
4260 40.8 32822.13762889189 3345.07708911412 87306.1298828125 434.710205078125 21321.230273521225 103792
4270 48.3 33455.177153593235 3648.4639343742383 87306.1298828125 434.710205078125 21366.262617100794 104200
4280 42.4 33598.302225364874 3219.823283803279 87306.1298828125 434.710205078125 21422.04001859985 104683
4290 43 33535.51011423515 3042.01652629198 87306.1298828125 434.710205078125 21471.158870585623 105107
4300 40.1 34428.068939589524 3128.9677864937357 87306.1298828125 434.710205078125 21520.31386868837 105537
4310 39.7 35489.55084028653 3077.710795333168 87306.1298828125 434.710205078125 21569.172727487206 105938
4320 43.1 35817.46693395626 3124.544585940406 87306.1298828125 434.710205078125 21621.144233677842 106335
4330 41.3 36108.25049360148 2780.6560927970795 87306.1298828125 434.710205078125 21678.452881410452 106766
4340 48 35494.87770945234 3073.395499891522 87306.1298828125 434.710205078125 21734.05618442536 107179
4350 42.3 36078.427311890526 3741.220932539103 87306.1298828125 434.710205078125 21795.409107376654 107659
4360 41.5 35604.50892789909 2268.488970379451 87306.1298828125 434.710205078125 21851.308486556434 108082
4370 43.4 35740.056347543796 3374.831364644587 87306.1298828125 434.710205078125 21903.914348314433 108497
4380 43.2 35097.40888298883 3273.9608155858937 87306.1298828125 434.710205078125 21959.039938161815 108931
4390 42.5 34823.94236443014 3328.0961757163873 87306.1298828125 434.710205078125 22010.938435680768 109363
4400 38.2 35809.51988787425 2590.726421166387 87306.1298828125 434.710205078125 22060.538817049575 109788
4410 44.5 36524.49248924684 2923.233927951491 87306.1298828125 434.710205078125 22108.21160246353 110170
4420 44 36696.62979458895 2168.890196708022 87306.1298828125 434.710205078125 22166.207760259655 110615
4430 40.1 37087.28585457742 2375.57944730239 87306.1298828125 434.710205078125 22223.777304135256 111055
4440 44.5 36239.641062258605 3230.890180493219 87306.1298828125 434.710205078125 22277.253715712264 111456
4450 42.1 37012.37691543105 3056.849314513881 87306.1298828125 434.710205078125 22332.77835239302 111901
4460 43.6 36653.507279982245 3177.956273112987 87306.1298828125 434.710205078125 22387.799728392725 112322
4470 44.9 36408.62384835229 3353.5464295837874 87306.1298828125 434.710205078125 22442.96076789762 112758
4480 43.8 35920.88274226778 3447.76915813048 87306.1298828125 434.710205078125 22498.351183005558 113207
4490 42.7 34699.142643877145 2691.1309972049357 87306.1298828125 434.710205078125 22550.083057025153 113645
4500 43.1 34952.95146076534 3667.204103254444 87306.1298828125 434.710205078125 22595.56002283259 114072
4510 40.1 35052.005242630716 2775.924487689146 87306.1298828125 434.710205078125 22642.07439983362 114503
4520 43.8 35945.54079935431 3494.794906222764 87306.1298828125 434.710205078125 22685.383442756072 114904
4530 42.9 36012.779113627206 3004.7697821280667 87306.1298828125 434.710205078125 22735.737597549556 115342
4540 42.3 36494.662547442946 2458.103404459486 87306.1298828125 434.710205078125 22784.93688588945 115771
4550 43.7 36591.666225686546 2983.60302753969 87306.1298828125 434.710205078125 22834.846639877065 116194
4560 44.9 36755.191999473675 3423.6327094530216 87306.1298828125 434.710205078125 22886.391513529856 116631
4570 46.4 36155.117614746065 2413.373125443789 87306.1298828125 434.710205078125 22939.57815017308 117080
4580 43.4 36495.81992322506 2957.649896240862 87306.1298828125 434.710205078125 22991.745936802443 117544
4590 39.4 35685.71997132278 3462.0554354430683 87306.1298828125 434.710205078125 23041.422724933345 117978
4600 42.9 35170.959447047106 3070.382545368517 87306.1298828125 434.710205078125 23083.50913992234 118372
4610 45.3 35003.63066697283 3612.588162195912 87306.1298828125 434.710205078125 23127.157898617606 118801
4620 43.1 34867.461666523144 3404.189873396765 87306.1298828125 434.710205078125 23172.2720429152 119254
4630 43.8 34770.694019892435 3099.6811542990854 87306.1298828125 434.710205078125 23214.38781956035 119685
4640 45.3 34953.18726502136 3673.8700261179065 87306.1298828125 434.710205078125 23256.52514643152 120123
4650 38.8 35445.627972475035 3535.1604885173538 87306.1298828125 434.710205078125 23300.46911488064 120576
4660 44.8 35992.99344144551 3178.000916576873 87306.1298828125 434.710205078125 23339.425512128968 120964
4670 44.5 35624.0968771946 2989.567483220627 87306.1298828125 434.710205078125 23386.11610640576 121412
4680 42.8 35064.288660922924 3130.6442914557088 87306.1298828125 434.710205078125 23430.807026443188 121857
4690 43.8 34181.041416394655 3175.5025116073934 87306.1298828125 434.710205078125 23471.524449999284 122285
4700 41.4 34092.28711704123 2800.923623709129 87306.1298828125 434.710205078125 23509.746856812035 122723
4710 43.9 34332.53055539493 3448.1592029135377 87306.1298828125 434.710205078125 23545.326509294515 123137
4720 47.1 34646.00058884017 3435.1585752960846 87306.1298828125 434.710205078125 23583.64772519597 123576
4730 41.2 35301.35364776911 3318.985048540621 87306.1298828125 434.710205078125 23625.650903013862 124047
4740 40.2 35176.58194197472 2230.148342869198 87306.1298828125 434.710205078125 23664.301298170816 124459
4750 43.4 35124.11439000848 2961.222439430017 87306.1298828125 434.710205078125 23701.366008679375 124861
4760 47.3 34604.05861852529 3168.1512529451875 87306.1298828125 434.710205078125 23740.932414341984 125295
4770 43.9 34373.38290148063 3533.751410345324 87306.1298828125 434.710205078125 23781.787470433985 125768
4780 43.3 34213.414633665 3201.999135950911 87306.1298828125 434.710205078125 23818.629407840228 126207
4790 41.2 34392.751695355204 2447.961363605507 87306.1298828125 434.710205078125 23854.170642859037 126640
4800 44.5 33931.48488577503 2535.8519118923477 87306.1298828125 434.710205078125 23888.344802995267 127052
4810 51.1 34277.189422547635 3594.368981939744 87306.1298828125 434.710205078125 23923.3981559121 127497
4820 62.5 29886.137008203124 3978.8545555027385 87306.1298828125 434.710205078125 23964.729848753566 128008
4830 8.5 36420.54556525735 7354.862637218195 87306.1298828125 434.710205078125 23993.500688854132 128633
4840 0.8 49987.4049987793 7630.172773097608 87306.1298828125 434.710205078125 24001.70699111562 128718
4850 0 0 0 87306.1298828125 434.710205078125 24003.321937467263 128726
4851 0 0 0 87306.1298828125 434.710205078125 24003.321937467263 128726
