10 2.3375 2.3375
20 8.21015625 10.54765625
30 14.971875 25.51953125
40 10.33515625 35.8546875
50 14.93359375 50.78828125
60 14.33984375 65.128125
70 10.73046875 75.85859375
80 8.14453125 84.003125
90 13.50078125 97.50390625
100 8.44375 105.94765625
110 11.14375 117.09140625
120 13.02734375 130.11875
130 22.75859375 152.87734375
140 18.7890625 171.66640625
150 22.9984375 194.66484375
160 21.134375 215.79921875
170 18.45625 234.25546875
180 17.07578125 251.33125
190 22.6203125 273.9515625
200 23.95390625 297.90546875
210 23.434375 321.33984375
220 22.85078125 344.190625
230 18.7453125 362.9359375
240 22.965625 385.9015625
250 26.62734375 412.52890625
260 30.71953125 443.2484375
270 28.57734375 471.82578125
280 30.3765625 502.20234375
290 24.81484375 527.0171875
300 31.6140625 558.63125
310 32.1921875 590.8234375
320 30.946875 621.7703125
330 28.74453125 650.51484375
340 35.0890625 685.60390625
350 33.28671875 718.890625
360 27.70078125 746.59140625
370 40.22421875 786.815625
380 45.1890625 832.0046875
390 47.09375 879.0984375
400 45.4109375 924.509375
410 41.85 966.359375
420 41.26015625 1007.61953125
430 40.91015625 1048.5296875
440 41.42421875 1089.95390625
450 47.940625 1137.89453125
460 49.065625 1186.96015625
470 44.93046875 1231.890625
480 52.6609375 1284.5515625
490 51.6015625 1336.153125
500 47.4671875 1383.6203125
510 51.54453125 1435.16484375
520 44.30390625 1479.46875
530 50.846875 1530.315625
540 48.5234375 1578.8390625
550 62.69140625 1641.53046875
560 54.9828125 1696.51328125
570 56.3109375 1752.82421875
580 51.11953125 1803.94375
590 62.57578125 1866.51953125
600 59.24921875 1925.76875
610 70.4859375 1996.2546875
620 80.2359375 2076.490625
630 80.2046875 2156.6953125
640 72.53125 2229.2265625
650 82.86875 2312.0953125
660 77.9703125 2390.065625
670 84.07421875 2474.13984375
680 71.7796875 2545.91953125
690 76.57421875 2622.49375
700 73.74921875 2696.24296875
710 85.0296875 2781.27265625
720 78.865625 2860.13828125
730 77.39375 2937.53203125
740 72.5265625 3010.05859375
750 74.6484375 3084.70703125
760 99.1453125 3183.85234375
770 86.25078125 3270.103125
780 87.4015625 3357.5046875
790 78.91796875 3436.42265625
800 61.91171875 3498.334375
810 77.259375 3575.59375
820 81.76953125 3657.36328125
830 78.20390625 3735.5671875
840 71.803125 3807.3703125
850 77.04375 3884.4140625
860 80.76796875 3965.18203125
870 82.8328125 4048.01484375
880 76.34921875 4124.3640625
890 75.86953125 4200.23359375
900 77.259375 4277.49296875
910 77.60078125 4355.09375
920 68.2390625 4423.3328125
930 85.58671875 4508.91953125
940 79.55703125 4588.4765625
950 74.53671875 4663.01328125
960 80.83984375 4743.853125
970 80.16953125 4824.02265625
980 72.65234375 4896.675
990 78.775 4975.45
1000 79.678125 5055.128125
1010 82.4765625 5137.6046875
1020 78.76796875 5216.37265625
1030 77.98984375 5294.3625
1040 79.834375 5374.196875
1050 66.465625 5440.6625
1060 80.39375 5521.05625
1070 75.61953125 5596.67578125
1080 79.490625 5676.16640625
1090 74.81015625 5750.9765625
1100 70.20625 5821.1828125
1110 75.0765625 5896.259375
1120 78.4703125 5974.7296875
1130 73.1109375 6047.840625
1140 76.275 6124.115625
1150 66.0046875 6190.1203125
1160 68.5265625 6258.646875
1170 85.1453125 6343.7921875
1180 70.91875 6414.7109375
1190 76.16015625 6490.87109375
1200 95.39609375 6586.2671875
1210 100.13359375 6686.40078125
1220 97.56640625 6783.9671875
1230 104.56171875 6888.52890625
1240 100.65234375 6989.18125
1250 96.01328125 7085.19453125
1260 96.84140625 7182.0359375
1270 91.440625 7273.4765625
1280 105.3609375 7378.8375
1290 104.10078125 7482.93828125
1300 90.6765625 7573.61484375
1310 106.91171875 7680.5265625
1320 108.87421875 7789.40078125
1330 92.275 7881.67578125
1340 100.2640625 7981.93984375
1350 99.27734375 8081.2171875
1360 99.5859375 8180.803125
1370 95.2328125 8276.0359375
1380 105.46484375 8381.50078125
1390 108.89765625 8490.3984375
1400 114.509375 8604.9078125
1410 112.74375 8717.6515625
1420 108.6640625 8826.315625
1430 109.78203125 8936.09765625
1440 116.0453125 9052.14296875
1450 97.20625 9149.34921875
1460 101.6546875 9251.00390625
1470 109.040625 9360.04453125
1480 97.7546875 9457.79921875
1490 109.01015625 9566.809375
1500 96.15703125 9662.96640625
1510 96.86953125 9759.8359375
1520 109.76484375 9869.60078125
1530 103.90390625 9973.5046875
1540 103.06484375 10076.56953125
1550 113.58515625 10190.1546875
1560 104.4875 10294.6421875
1570 101.9234375 10396.565625
1580 105.33125 10501.896875
1590 95.2078125 10597.1046875
1600 107.8953125 10705
1610 96.28125 10801.28125
1620 99.1703125 10900.4515625
1630 109.98671875 11010.43828125
1640 105.86953125 11116.3078125
1650 102.75 11219.0578125
1660 104.26015625 11323.31796875
1670 108.1625 11431.48046875
1680 105.96328125 11537.44375
1690 100.44609375 11637.88984375
1700 103.36328125 11741.253125
1710 93.0921875 11834.3453125
1720 101.23203125 11935.57734375
1730 84.04296875 12019.6203125
1740 103.96328125 12123.58359375
1750 108.7765625 12232.36015625
1760 111.184375 12343.54453125
1770 103.1046875 12446.64921875
1780 107.0015625 12553.65078125
1790 110.51875 12664.16953125
1800 125.21640625 12789.3859375
1810 119.65625 12909.0421875
1820 130.14375 13039.1859375
1830 115.38203125 13154.56796875
1840 135.02265625 13289.590625
1850 140.4484375 13430.0390625
1860 124.24609375 13554.28515625
1870 134.965625 13689.25078125
1880 129.47890625 13818.7296875
1890 137.50234375 13956.23203125
1900 129.19921875 14085.43125
1910 129.4703125 14214.9015625
1920 123.98515625 14338.88671875
1930 143.7453125 14482.63203125
1940 129.8375 14612.46953125
1950 128.84921875 14741.31875
1960 135.85625 14877.175
1970 124.3953125 15001.5703125
1980 130.5859375 15132.15625
1990 129.7890625 15261.9453125
2000 137.671875 15399.6171875
2010 135.475 15535.0921875
2020 142.73828125 15677.83046875
2030 125.878125 15803.70859375
2040 130.72578125 15934.434375
2050 130.9515625 16065.3859375
2060 123.5546875 16188.940625
2070 130.515625 16319.45625
2080 129.709375 16449.165625
2090 130.665625 16579.83125
2100 124.125 16703.95625
2110 121.7078125 16825.6640625
2120 116.88984375 16942.55390625
2130 133.1015625 17075.65546875
2140 133.18984375 17208.8453125
2150 137.78984375 17346.63515625
2160 137.6671875 17484.30234375
2170 134.48828125 17618.790625
2180 125.02578125 17743.81640625
2190 116.86171875 17860.678125
2200 120.9296875 17981.6078125
2210 129.13203125 18110.73984375
2220 124.02421875 18234.7640625
2230 146.79453125 18381.55859375
2240 137.47265625 18519.03125
2250 135.03046875 18654.06171875
2260 139.4921875 18793.55390625
2270 131.60859375 18925.1625
2280 136.12109375 19061.28359375
2290 119.7 19180.98359375
2300 123.684375 19304.66796875
2310 132.6984375 19437.36640625
2320 115.64296875 19553.009375
2330 140.8796875 19693.8890625
2340 140.82578125 19834.71484375
2350 134.771875 19969.48671875
2360 132.48046875 20101.9671875
2370 124.21484375 20226.18203125
2380 128.99453125 20355.1765625
2390 137.80234375 20492.97890625
2400 143.81328125 20636.7921875
2410 151.5140625 20788.30625
2420 156.92421875 20945.23046875
2430 143.190625 21088.42109375
2440 153.97421875 21242.3953125
2450 180.2046875 21422.6
2460 149.2859375 21571.8859375
2470 156.01015625 21727.89609375
2480 152.915625 21880.81171875
2490 164.8421875 22045.65390625
2500 147.63203125 22193.2859375
2510 159.57109375 22352.85703125
2520 152.415625 22505.27265625
2530 165.5578125 22670.83046875
2540 148.5359375 22819.36640625
2550 149.71171875 22969.078125
2560 156.7453125 23125.8234375
2570 141.29765625 23267.12109375
2580 156.5703125 23423.69140625
2590 164.24609375 23587.9375
2600 152.59140625 23740.52890625
2610 162.1625 23902.69140625
2620 167.72265625 24070.4140625
2630 166.5765625 24236.990625
2640 151.09140625 24388.08203125
2650 150.9265625 24539.00859375
2660 158.43828125 24697.446875
2670 156.95859375 24854.40546875
2680 166.325 25020.73046875
2690 164.59765625 25185.328125
2700 148.53359375 25333.86171875
2710 144.45078125 25478.3125
2720 152.3390625 25630.6515625
2730 150.4046875 25781.05625
2740 156.9921875 25938.0484375
2750 154.7828125 26092.83125
2760 151.3 26244.13125
2770 155.40078125 26399.53203125
2780 161.77421875 26561.30625
2790 142.75234375 26704.05859375
2800 165.39609375 26869.4546875
2810 150.28828125 27019.74296875
2820 149.28671875 27169.0296875
2830 147.90078125 27316.93046875
2840 145.2265625 27462.15703125
2850 142.7609375 27604.91796875
2860 157.39921875 27762.3171875
2870 138.02109375 27900.33828125
2880 158.08828125 28058.4265625
2890 162.77734375 28221.20390625
2900 147.7640625 28368.96796875
2910 152.0203125 28520.98828125
2920 159.115625 28680.10390625
2930 146.15546875 28826.259375
2940 168.16171875 28994.42109375
2950 144.3015625 29138.72265625
2960 153.33828125 29292.0609375
2970 160.32421875 29452.38515625
2980 162.18515625 29614.5703125
2990 155.3234375 29769.89375
3000 164.584375 29934.478125
3010 163.63359375 30098.11171875
3020 184.0609375 30282.17265625
3030 178.70546875 30460.878125
3040 174.7421875 30635.6203125
3050 182.96015625 30818.58046875
3060 187.67421875 31006.2546875
3070 188.578125 31194.8328125
3080 188.34140625 31383.17421875
3090 183.7578125 31566.93203125
3100 181.53046875 31748.4625
3110 183.48125 31931.94375
3120 176.4125 32108.35625
3130 170.7375 32279.09375
3140 190.98671875 32470.08046875
3150 166.084375 32636.16484375
3160 184.03359375 32820.1984375
3170 185.00390625 33005.20234375
3180 171.7078125 33176.91015625
3190 181.86640625 33358.7765625
3200 175.4171875 33534.19375
3210 175.3171875 33709.5109375
3220 196.3859375 33905.896875
3230 182.175 34088.071875
3240 179.728125 34267.8
3250 180.8640625 34448.6640625
3260 191.15859375 34639.82265625
3270 175.4328125 34815.25546875
3280 191.4421875 35006.69765625
3290 182.72890625 35189.4265625
3300 183.15078125 35372.57734375
3310 182.2 35554.77734375
3320 164.34140625 35719.11875
3330 184.5890625 35903.7078125
3340 184.94765625 36088.65546875
3350 180.06328125 36268.71875
3360 169.1765625 36437.8953125
3370 178.36484375 36616.26015625
3380 185.1546875 36801.41484375
3390 183.190625 36984.60546875
3400 189.2375 37173.84296875
3410 179.97578125 37353.81875
3420 182.03046875 37535.84921875
3430 181.35234375 37717.2015625
3440 162.06796875 37879.26953125
3450 170.8734375 38050.14296875
3460 185.9859375 38236.12890625
3470 183.7203125 38419.84921875
3480 172.6046875 38592.45390625
3490 193.63671875 38786.090625
3500 172.8203125 38958.9109375
3510 193.58828125 39152.49921875
3520 183.55625 39336.05546875
3530 182.97734375 39519.0328125
3540 182.18203125 39701.21484375
3550 182.9671875 39884.18203125
3560 166.853125 40051.03515625
3570 168.02890625 40219.0640625
3580 187.85390625 40406.91796875
3590 199.01484375 40605.9328125
3600 213.32578125 40819.25859375
3610 215.9234375 41035.18203125
3620 201.4046875 41236.58671875
3630 198.475 41435.06171875
3640 216.9515625 41652.01328125
3650 199.0640625 41851.07734375
3660 214.24140625 42065.31875
3670 211.79453125 42277.11328125
3680 209.5890625 42486.70234375
3690 198.5203125 42685.22265625
3700 212.96875 42898.19140625
3710 199.74921875 43097.940625
3720 218.76484375 43316.70546875
3730 208.671875 43525.37734375
3740 193.5671875 43718.94453125
3750 201.86015625 43920.8046875
3760 213.0140625 44133.81875
3770 200.353125 44334.171875
3780 205.4078125 44539.5796875
3790 210.08828125 44749.66796875
3800 207.85 44957.51796875
3810 197.05546875 45154.5734375
3820 204.8390625 45359.4125
3830 197.48828125 45556.90078125
3840 198.1203125 45755.02109375
3850 201.0734375 45956.09453125
3860 203.859375 46159.95390625
3870 202.84296875 46362.796875
3880 199.18046875 46561.97734375
3890 196.53359375 46758.5109375
3900 211.6234375 46970.134375
3910 202.4921875 47172.6265625
3920 198.1046875 47370.73125
3930 194.78359375 47565.51484375
3940 226.3828125 47791.89765625
3950 209.3984375 48001.29609375
3960 195.15390625 48196.45
3970 210.346875 48406.796875
3980 210.06328125 48616.86015625
3990 201.315625 48818.17578125
4000 200.00390625 49018.1796875
4010 207.34921875 49225.52890625
4020 212.62265625 49438.1515625
4030 196.3421875 49634.49375
4040 213.81328125 49848.30703125
4050 201.64921875 50049.95625
4060 198.84609375 50248.80234375
4070 215.9578125 50464.76015625
4080 190.33984375 50655.1
4090 193.98828125 50849.08828125
4100 202.0921875 51051.18046875
4110 203.734375 51254.91484375
4120 194.94296875 51449.8578125
4130 189.81875 51639.6765625
4140 198.5296875 51838.20625
4150 210.7015625 52048.9078125
4160 223.65546875 52272.56328125
4170 209.1640625 52481.72734375
4180 218.65703125 52700.384375
4190 201.81484375 52902.19921875
4200 217.9859375 53120.18515625
4210 221.440625 53341.62578125
4220 229.7890625 53571.41484375
4230 218.221875 53789.63671875
4240 212.6296875 54002.26640625
4250 230.17890625 54232.4453125
4260 242.4 54474.8453125
4270 225.296875 54700.1421875
4280 223.275 54923.4171875
4290 230.31171875 55153.72890625
4300 215.0171875 55368.74609375
4310 206.946875 55575.69296875
4320 225.34375 55801.03671875
4330 239.76328125 56040.8
4340 217.77109375 56258.57109375
4350 213.88046875 56472.4515625
4360 220.94921875 56693.40078125
4370 225.73359375 56919.134375
4380 232.62421875 57151.75859375
4390 228.94921875 57380.7078125
4400 212.9828125 57593.690625
4410 208.9 57802.590625
4420 217.95546875 58020.54609375
4430 228.02109375 58248.5671875
4440 235.0578125 58483.625
4450 202.365625 58685.990625
4460 229.80859375 58915.79921875
4470 224.55078125 59140.35
4480 219.84296875 59360.19296875
4490 234.08515625 59594.278125
4500 235.96796875 59830.24609375
4510 218.384375 60048.63046875
4520 219.875 60268.50546875
4530 226.0265625 60494.53203125
4540 223.60703125 60718.1390625
4550 218.68359375 60936.82265625
4560 236.5828125 61173.40546875
4570 224.08828125 61397.49375
4580 200.3671875 61597.8609375
4590 232.92265625 61830.78359375
4600 232.65390625 62063.4375
4610 226.709375 62290.146875
4620 219.321875 62509.46875
4630 236.2609375 62745.7296875
4640 226.14296875 62971.87265625
4650 207.83203125 63179.7046875
4660 219.678125 63399.3828125
4670 229.4765625 63628.859375
4680 223.96953125 63852.82890625
4690 222.86875 64075.69765625
4700 236.6671875 64312.36484375
4710 230.18671875 64542.5515625
4720 227.59140625 64770.14296875
4730 195.03671875 64965.1796875
4740 234.246875 65199.4265625
4750 232.540625 65431.9671875
4760 224.809375 65656.7765625
4770 231.28125 65888.0578125
4780 217.85078125 66105.90859375
4790 228.92265625 66334.83125
4800 217.84609375 66552.67734375
4810 185.6765625 66738.35390625
4820 113.5078125 66851.86171875
4830 23.74921875 66875.6109375
4840 1.85625 66877.4671875
4850 0 66877.4671875
4851 0 66877.4671875
