140 0.1 1
150 0 1
160 0 1
170 0 1
180 0 1
190 0 1
200 0 1
210 0 1
220 0 1
230 0 1
240 0 1
250 0 1
260 0 1
270 0 1
280 0 1
290 0 1
300 0 1
310 0 1
320 0 1
330 0.1 2
340 0.1 3
350 0.1 4
360 0.1 5
370 0 5
380 0 5
390 0 5
400 0.1 6
410 0 6
420 0 6
430 0.1 7
440 0 7
450 0.1 8
460 0 8
470 0.1 9
480 0.2 11
490 0 11
500 0.1 12
510 0.1 13
520 0.2 15
530 0 15
540 0 15
550 0.2 17
560 0.2 19
570 0 19
580 0.1 20
590 0.1 21
600 0.2 23
610 0 23
620 0.1 24
630 0.2 26
640 0.1 27
650 0.6 33
660 0 33
670 0.1 34
680 0.1 35
690 0.1 36
700 0.2 38
710 0.2 40
720 0.5 45
730 0.1 46
740 0.2 48
750 0.1 49
760 0 49
770 0.4 53
780 0.2 55
790 0.2 57
800 0.1 58
810 0.2 60
820 0.7 67
830 0.1 68
840 0.3 71
850 0.2 73
860 0.2 75
870 0.2 77
880 0.4 81
890 0.1 82
900 0.2 84
910 0 84
920 0.2 86
930 0.4 90
940 0.5 95
950 0.6 101
960 0.5 106
970 0.5 111
980 0.3 114
990 0.3 117
1000 0.9 126
1010 0.6 132
1020 0.3 135
1030 0.6 141
1040 0.5 146
1050 1.1 157
1060 0.2 159
1070 0.3 162
1080 0.5 167
1090 0.5 172
1100 0.4 176
1110 0.4 180
1120 0.8 188
1130 0.4 192
1140 0.3 195
1150 0.3 198
1160 0.6 204
1170 0.7 211
1180 0.4 215
1190 0.9 224
1200 0.9 233
1210 0.5 238
1220 0.3 241
1230 0.7 248
1240 1.1 259
1250 0.9 268
1260 1.4 282
1270 1.1 293
1280 1.1 304
1290 1.5 319
1300 1.2 331
1310 1.4 345
1320 1 355
1330 0.7 362
1340 0.7 369
1350 0.5 374
1360 1.3 387
1370 1.4 401
1380 0.6 407
1390 1.1 418
1400 1.5 433
1410 1.1 444
1420 2 464
1430 1.4 478
1440 1.1 489
1450 1.6 505
1460 1.9 524
1470 0.9 533
1480 0.8 541
1490 1.3 554
1500 1.3 567
1510 0.8 575
1520 1.1 586
1530 1.4 600
1540 1.5 615
1550 1.2 627
1560 1.7 644
1570 1.1 655
1580 1.1 666
1590 1.2 678
1600 1.9 697
1610 1.4 711
1620 1.4 725
1630 1.4 739
1640 1.4 753
1650 1.6 769
1660 0.7 776
1670 2 796
1680 1.7 813
1690 1.1 824
1700 1.1 835
1710 1.2 847
1720 1.9 866
1730 1.3 879
1740 1.6 895
1750 1 905
1760 2 925
1770 1.3 938
1780 1.8 956
1790 1.5 971
1800 1.6 987
1810 1.1 998
1820 1 1008
1830 1.4 1022
1840 1.8 1040
1850 1.4 1054
1860 1.6 1070
1870 1.9 1089
1880 1.5 1104
1890 1.4 1118
1900 1.2 1130
1910 1.6 1146
1920 1.9 1165
1930 1.7 1182
1940 1.9 1201
1950 1.8 1219
1960 2.2 1241
1970 1.3 1254
1980 1.7 1271
1990 1.8 1289
2000 1 1299
2010 1.4 1313
2020 1.7 1330
2030 1.2 1342
2040 1.9 1361
2050 2.6 1387
2060 1 1397
2070 1.7 1414
2080 1.1 1425
2090 1.7 1442
2100 1 1452
2110 1.7 1469
2120 1 1479
2130 1.9 1498
2140 1.4 1512
2150 1.8 1530
2160 1.2 1542
2170 0.9 1551
2180 1.6 1567
2190 1.7 1584
2200 1.5 1599
2210 1.6 1615
2220 1.4 1629
2230 1.3 1642
2240 1.9 1661
2250 1.6 1677
2260 2.2 1699
2270 1.1 1710
2280 2.8 1738
2290 2.1 1759
2300 2.4 1783
2310 1 1793
2320 2.3 1816
2330 1.2 1828
2340 1.8 1846
2350 2.6 1872
2360 1.3 1885
2370 2 1905
2380 2.3 1928
2390 1.2 1940
2400 1.4 1954
2410 1.3 1967
2420 1.4 1981
2430 1.8 1999
2440 1.5 2014
2450 1.6 2030
2460 2 2050
2470 2.2 2072
2480 1.9 2091
2490 2.7 2118
2500 1.7 2135
2510 2.4 2159
2520 2.1 2180
2530 1.7 2197
2540 1.6 2213
2550 1.7 2230
2560 1.4 2244
2570 2.2 2266
2580 1.8 2284
2590 2 2304
2600 2.1 2325
2610 1.9 2344
2620 2.1 2365
2630 2 2385
2640 1.6 2401
2650 2.2 2423
2660 2.2 2445
2670 2.7 2472
2680 1.7 2489
2690 2 2509
2700 2.8 2537
2710 2.2 2559
2720 3.2 2591
2730 2 2611
2740 1.8 2629
2750 2.5 2654
2760 2.1 2675
2770 1.2 2687
2780 3.2 2719
2790 2.4 2743
2800 1.4 2757
2810 2.1 2778
2820 1.7 2795
2830 1.9 2814
2840 2 2834
2850 1.6 2850
2860 1.5 2865
2870 1.9 2884
2880 2.6 2910
2890 1.8 2928
2900 2.5 2953
2910 1.7 2970
2920 1.7 2987
2930 2.1 3008
2940 1.3 3021
2950 0.8 3029
2960 1.9 3048
2970 1.1 3059
2980 1.8 3077
2990 0.9 3086
3000 1.1 3097
3010 1.4 3111
3020 1.3 3124
3030 2.4 3148
3040 2.1 3169
3050 1 3179
3060 1 3189
3070 2.6 3215
3080 2 3235
3090 1.3 3248
3100 2 3268
3110 2.6 3294
3120 2 3314
3130 3.7 3351
3140 1.8 3369
3150 2 3389
3160 2.5 3414
3170 2 3434
3180 1 3444
3190 1.6 3460
3200 0.4 3464
3210 3 3494
3220 1.5 3509
3230 3 3539
3240 0.7 3546
3250 1.1 3557
3260 4.4 3601
3270 0.8 3609
3280 2.2 3631
3290 2.1 3652
3300 3.1 3683
3310 1.2 3695
3320 0.9 3704
3330 3.2 3736
3340 2.4 3760
3350 2.2 3782
3360 1.8 3800
3370 2.8 3828
3380 1.9 3847
3390 1.8 3865
3400 1.7 3882
3410 2.2 3904
3420 2.6 3930
3430 0.5 3935
3440 1.9 3954
3450 0.7 3961
3460 3.2 3993
3470 2.6 4019
3480 1.6 4035
3490 1.6 4051
3500 1.9 4070
3510 2.8 4098
3520 2 4118
3530 0.2 4120
3540 2 4140
3550 3.9 4179
3560 1.9 4198
3570 2.1 4219
3580 1.4 4233
3590 1.8 4251
3600 2.8 4279
3610 3 4309
3620 1.7 4326
3630 2.2 4348
3640 2.3 4371
3650 2.9 4400
3660 0.2 4402
3670 2.8 4430
3680 2.2 4452
3690 2.1 4473
3700 2.7 4500
3710 3 4530
3720 3.4 4564
3730 2 4584
3740 2.5 4609
3750 3.7 4646
3760 1 4656
3770 1.7 4673
3780 0.3 4676
3790 1.2 4688
3800 4.6 4734
3810 0.8 4742
3820 2.9 4771
3830 1.7 4788
3840 1.8 4806
3850 0.1 4807
3860 3.6 4843
3870 1.5 4858
3880 1.4 4872
3890 0.5 4877
3900 0.6 4883
3910 3.8 4921
3920 2.6 4947
3930 4.2 4989
3940 0.8 4997
3950 1.8 5015
3960 1.6 5031
3970 1.1 5042
3980 0.2 5044
3990 2.3 5067
4000 3.3 5100
4010 1.8 5118
4020 2.9 5147
4030 1.1 5158
4040 1.7 5175
4050 1.7 5192
4060 4 5232
4070 0.5 5237
4080 2.7 5264
4090 1 5274
4100 1.6 5290
4110 3.5 5325
4120 1 5335
4130 1 5345
4140 3 5375
4150 1.7 5392
4160 2.7 5419
4170 1.7 5436
4180 1.4 5450
4190 1.9 5469
4200 1.9 5488
4210 1.9 5507
4220 1.4 5521
4230 1.1 5532
4240 2.7 5559
4250 1.2 5571
4260 1.5 5586
4270 0.5 5591
4280 1.9 5610
4290 1.1 5621
4300 1.2 5633
4310 2 5653
4320 3 5683
4330 2.4 5707
4340 0.7 5714
4350 0.1 5715
4360 1.5 5730
4370 2.6 5756
4380 2 5776
4390 2.1 5797
4400 0.2 5799
4410 3.5 5834
4420 1.6 5850
4430 1.5 5865
4440 0.9 5874
4450 1.7 5891
