10 0.3 392.3580729166667 189.99410231563067 658.862060546875 229.468994140625 0 0
20 1.7 261.73411649816177 271.109065020121 894.596923828125 50.3720703125 392.3580729166667 3
30 4.5 213.50977647569445 255.8772641010028 1285.489990234375 34.212890625 281.3277099609375 20
40 3.9 126.99195587940703 75.89140745606024 1285.489990234375 32.218994140625 234.3768329326923 65
50 4.1 95.02528939596037 59.434718703363764 1285.489990234375 26.208984375 194.10750403771033 104
60 4.2 119.17622302827381 79.63165926106787 1285.489990234375 26.208984375 166.09115369073277 145
70 3.4 97.59935805376838 55.69472535828167 1285.489990234375 26.12890625 155.5541104403409 187
80 3 86.55186360677084 51.22632544661521 1285.489990234375 24.64111328125 146.63799468856052 221
90 3.7 90.92863835515205 64.50224039461091 1285.489990234375 24.4248046875 139.45638539591633 251
100 4.4 100.0953535600142 59.440694903084285 1285.489990234375 24.22607421875 133.2219178941515 288
110 3.9 71.42238832131413 45.522421816237035 1285.489990234375 24.0849609375 128.83165033179594 332
120 4.2 96.56832449776786 59.25026762088709 1285.489990234375 23.14404296875 122.79671443311994 371
130 6.9 92.54959592957428 63.19185234254424 1285.489990234375 23.14404296875 120.12942054138922 413
140 6.2 82.52142530871977 57.854219642924015 1285.489990234375 22.742919921875 116.18127137496758 482
150 8 87.16792907714841 69.45683508377479 1285.489990234375 22.19091796875 112.34503891888787 544
160 10 99.10371826171875 67.7474338480647 1285.489990234375 21.58203125 109.11720432379308 624
170 12 105.73164672851561 74.99277871766922 1285.489990234375 21.58203125 107.73412613842369 724
180 10 106.68031982421876 67.82817851692216 1285.489990234375 21.58203125 107.44941342611449 844
190 9.6 98.1270268758138 65.13887599335467 1285.489990234375 20.106201171875 107.36794164625265 944
200 6.4 84.78681945800781 58.98285351437547 1285.489990234375 19.598876953125 106.51493412898137 1040
210 5.1 93.30189663756127 69.81276012225433 1285.489990234375 19.598876953125 105.25533327849016 1104
220 7.4 89.92318148226354 62.513271744377455 1285.489990234375 19.598876953125 104.72751919304653 1155
230 7.6 92.35727410567435 70.36340311284701 1285.489990234375 19.509033203125 103.83612701192534 1229
240 7.3 71.22895708476025 55.97793780478931 1285.489990234375 19.4580078125 103.16762676604407 1305
250 10.1 82.41425104424505 67.601077613408 1285.489990234375 19.4580078125 101.47566530977866 1378
260 11.2 93.72405133928571 64.68272404242992 1285.489990234375 19.4580078125 100.17397305770369 1479
270 11.8 1553.989466780323 1913.2797140620085 5431.72900390625 18.829833984375 99.71992451435811 1591
280 17.3 88.53677632767337 64.33835439502089 5431.72900390625 18.421875 200.13174779544872 1709
290 15.7 94.31745434414812 63.8516001876515 5431.72900390625 18.18896484375 189.87354903672124 1882
300 15.3 96.04776699091093 64.46031041699639 5431.72900390625 18.18896484375 182.51587033797972 2039
310 15.4 82.35458730722404 61.221710763904944 5431.72900390625 17.760986328125 176.48045983975823 2192
320 14.2 80.07719829720507 57.48415357538569 5431.72900390625 17.760986328125 170.30169412364134 2346
330 16.1 93.15145665518247 69.52498611081997 5431.72900390625 17.760986328125 165.15222531039618 2488
340 18.7 99.916325043867 69.32516327010865 5431.72900390625 17.760986328125 160.77618765335978 2649
350 13.7 80.90554252680198 54.78035627857604 5431.72900390625 17.760986328125 156.76321363785374 2836
360 15.5 93.08861832157257 73.47560082517525 5431.72900390625 17.760986328125 153.26758600845108 2973
370 14.1 102.78693622562058 80.91630608416935 5431.72900390625 17.760986328125 150.2855719446831 3128
380 16.2 87.72382119261188 64.40789504451529 5431.72900390625 17.760986328125 148.2368391100585 3269
390 18.2 91.98381562285373 69.52871089308805 5431.72900390625 17.37109375 145.379622874959 3431
400 17.8 92.53831361920642 64.70350733361902 5431.72900390625 17.37109375 142.68988113128805 3613
410 17.3 92.84195916501085 76.85449408299482 5431.72900390625 17.37109375 140.33509901122721 3791
420 17 95.58014562270226 73.768162802707 5431.72900390625 17.37109375 138.2623661168288 3964
430 17.1 84.5492992735746 67.24438353179862 5431.72900390625 17.37109375 136.5071707893006 4134
440 17.3 78.41470883760839 52.23164792594411 5431.72900390625 17.37109375 134.44333895905922 4305
450 21.7 87.9573080177131 60.67947801790961 5431.72900390625 16.85009765625 132.27876704949892 4478
460 23.5 84.07714532081114 58.81531041662647 5431.72900390625 16.85009765625 130.23025658945684 4695
470 22.1 93.57868840144234 67.48710919387685 5431.72900390625 16.85009765625 128.03026041336523 4930
480 18.2 77.08083603408308 57.53118169182623 5431.72900390625 13.44189453125 126.5521401620286 5151
490 17.3 76.2166275289017 52.46066289511781 5431.72900390625 13.44189453125 124.86382638905165 5333
500 21.6 114.55846263744213 85.82240549606075 5431.72900390625 13.44189453125 123.33531832461179 5506
510 18.6 94.2456934118784 61.92544283281323 5431.72900390625 13.44189453125 123.00400045875568 5722
520 18.4 90.84850543478265 88.19081280628959 5431.72900390625 13.44189453125 122.09861029106455 5908
530 19.1 86.11682448462045 62.06387118949793 5431.72900390625 13.44189453125 121.1547463229825 6092
540 21.5 84.44579283248544 59.644770882547874 5431.72900390625 13.44189453125 120.08961134428965 6283
550 21.7 89.20732039350517 63.07058025032572 5431.72900390625 13.44189453125 118.91026062406222 6498
560 21.8 97.8726795441514 74.7375957716429 5431.72900390625 13.44189453125 117.95038898891242 6715
570 21.4 79.62596059068336 60.34285758812832 5431.72900390625 13.44189453125 117.31906911887666 6933
580 24.1 139.34408126134588 139.3608764512898 5431.72900390625 13.44189453125 116.19043819330882 7147
590 24.7 139.17636441991397 108.0336091028382 5431.72900390625 13.44189453125 116.94572081098572 7388
600 23.8 122.96290703781519 119.06028739504016 5431.72900390625 13.44189453125 117.66490469722086 7635
610 19.7 206.66437851959063 204.6550398001495 5431.72900390625 13.44189453125 117.82506277635987 7873
620 26 565.6266056941104 615.0429823524003 5431.72900390625 13.44189453125 119.99375487071136 8070
630 33.2 737.6236506082927 787.5411081753437 5431.72900390625 13.44189453125 133.90306353986907 8330
640 31.4 792.8204952167096 839.8004001217995 5431.72900390625 13.44189453125 157.04266581494602 8662
650 31.5 614.8862172929068 666.0200633231921 5431.72900390625 13.44189453125 179.28355690587225 8976
660 26.8 598.0011250510146 622.6526162044303 5431.72900390625 13.44189453125 194.05213273429933 9291
670 31.1 654.1212617438704 698.6900035159233 5431.72900390625 13.44189453125 205.37741047683303 9559
680 31.3 623.036495513428 726.8884240977493 5431.72900390625 13.44189453125 219.51716100814494 9870
690 33 652.6794389204545 689.9168305580013 5431.72900390625 13.44189453125 231.92033803850475 10183
700 33.5 857.2847867595616 900.0065829803582 5431.72900390625 13.44189453125 245.12784334536704 10513
710 28.5 782.4750753837719 901.7829094149785 5431.72900390625 13.44189453125 264.03202624025596 10848
720 30.3 569.8014355146455 674.7027445842011 5431.72900390625 13.44189453125 277.30394477128107 11133
730 27.8 603.4430581511355 684.0765051284911 5431.72900390625 13.44189453125 285.0537471230858 11436
740 27.4 582.6354615148833 648.7675260505246 5431.72900390625 13.44189453125 292.60985336056217 11714
750 31.5 636.90580047123 701.7713857443044 5431.72900390625 13.44189453125 299.238733627019 11988
760 32.1 826.5997477974103 804.1312563445372 5431.72900390625 13.44189453125 307.8841962016696 12303
770 32.2 713.5418291743497 784.1231950796954 5431.72900390625 13.44189453125 321.07396902028756 12624
780 33 666.0581039891102 715.2688204814795 5431.72900390625 13.44189453125 330.83564451616337 12946
790 27.4 666.1780391052691 802.8643865317089 5431.72900390625 13.44189453125 339.1682305078832 13276
800 34.8 716.1188557942711 762.2123090737418 5431.72900390625 13.44189453125 345.78082737546134 13550
810 29.3 611.2950293635344 702.2873209211012 5431.72900390625 13.44189453125 355.0539338576707 13898
820 28.7 599.8877786775917 665.603778396343 5431.72900390625 13.44189453125 360.34451528133485 14191
830 29.8 678.8108262439699 747.9871311032904 5431.72900390625 13.44189453125 365.0930245087644 14478
840 28.4 582.1272204761776 677.0921244019358 5431.72900390625 13.44189453125 371.4200348577825 14776
850 28 520.2583862304685 553.6124970281568 5431.72900390625 13.44189453125 375.39353025722636 15060
860 32.3 487.93835638182094 534.6731031974911 5431.72900390625 13.44189453125 378.0377388408318 15340
870 27.3 338.29018840859663 356.1624104435542 5431.72900390625 13.44189453125 380.30409263421365 15663
880 34.2 373.1744470429002 399.56615465858596 5431.72900390625 13.44189453125 379.58435142854137 15936
890 33 747.7140698982004 784.5110155308558 5431.72900390625 13.44189453125 379.4496796445452 16278
900 32.3 792.1596339553503 831.9371484767444 5431.72900390625 13.44189453125 386.7670717919264 16608
910 33 849.9081957267996 877.8434091114013 5431.72900390625 13.44189453125 394.50092080136386 16931
920 34.1 1370.9389025556732 1294.718150389595 5431.72900390625 13.066162109375 403.2075079472647 17261
930 41.4 1286.9685035005284 1291.5379739797934 5431.72900390625 13.066162109375 421.9551733012851 17602
940 48.1 1538.1791819614093 1417.3744884015255 5431.72900390625 13.066162109375 441.83281088468243 18016
950 40.2 1832.8036757132306 1632.816651711054 5431.72900390625 13.066162109375 470.342439715731 18497
960 48.8 1795.8087853603677 1566.6580192836627 5431.72900390625 13.066162109375 499.32330732094795 18899
970 44.7 1902.7317347857247 1712.1712920234534 5431.72900390625 13.066162109375 531.9578001915952 19387
980 47.7 1875.329741855836 1725.928767030631 5431.72900390625 13.066162109375 562.8510112818229 19834
990 38.7 2010.0348345142927 1772.3953088242165 5431.72900390625 13.066162109375 593.6743264550691 20311
1000 42.6 2244.0104006198644 1934.965935997643 5628.089111328125 13.066162109375 620.1566685470066 20698
1010 46.5 1972.6426133022514 1682.370384716951 5628.089111328125 13.066162109375 652.9043342288394 21124
1020 41.1 1935.1627544765051 1757.4418756906023 5628.089111328125 13.066162109375 681.3298425788851 21589
1030 43.6 2031.1300944757006 1749.2402637076395 5628.089111328125 13.066162109375 704.753721069336 22000
1040 39.8 1984.9096636748216 1803.7813994871299 5628.089111328125 13.066162109375 730.529264785024 22436
1050 45.3 2106.5826494162166 1783.46861279641 5628.089111328125 13.066162109375 752.3933008171753 22834
1060 42 2124.5656563895104 1838.495897789493 5628.089111328125 13.066162109375 778.7362292714787 23287
1070 42.2 1962.0792519808945 1708.4407952218673 5628.089111328125 13.066162109375 802.5793287522048 23707
1080 44 2359.3651111949584 1993.1629462557387 5949.242919921875 13.066162109375 822.8582034508042 24129
1090 46.5 2142.6206621723795 1848.203920591577 5949.242919921875 13.066162109375 850.3751166099653 24569
1100 41.7 2510.1823595810847 2094.349194532725 5949.242919921875 13.066162109375 874.3782395102818 25034
1110 47.5 2126.575468750002 1805.8916463258272 5949.242919921875 13.066162109375 901.1799493868888 25451
1120 49.4 2136.4408393890794 1735.197341098043 5949.242919921875 13.066162109375 923.6308817211277 25926
1130 41.1 2310.9023710747374 2007.0162910446668 5949.242919921875 13.066162109375 946.3079490598094 26420
1140 48 1787.6208958943685 1588.6746239938182 5949.242919921875 13.066162109375 967.2109458712639 26831
1150 42.9 2320.591396803069 1916.3375670696848 5949.242919921875 13.066162109375 981.629926355724 27311
1160 45.6 2047.9272685803865 1818.9527918536871 5949.242919921875 13.066162109375 1002.3370089376242 27740
1170 48.1 2312.7260838625575 1911.8611363790696 5949.242919921875 13.066162109375 1019.2468244574533 28196
1180 44.3 2378.5106738501704 1950.2091123426321 5949.242919921875 13.066162109375 1040.9423827018252 28677
1190 45.1 1997.4179487207248 1706.5216675740048 5949.242919921875 13.066162109375 1061.2906915266437 29120
1200 51.5 2923.413896579188 2102.1869155105605 7998.3349609375 13.066162109375 1075.5679697044034 29571
1210 53 2786.630101617777 2179.367799431223 7998.3349609375 13.066162109375 1107.1986501651 30086
1220 67.3 3393.4808721443173 2408.7151605010413 7998.3349609375 13.066162109375 1136.2716404077808 30616
1230 52.1 3338.456699012567 2518.6778193980217 8642.7001953125 13.066162109375 1184.8223071903142 31289
1240 68.5 4090.5186352360843 2627.823577328889 8642.7001953125 13.066162109375 1220.0956023220147 31810
1250 66.1 3770.297824230572 2630.879218172201 8642.7001953125 13.066162109375 1280.6045968610558 32495
1260 64.6 3527.731584767439 2472.467924817032 8642.7001953125 13.066162109375 1330.2392700210041 33156
1270 68.9 3640.3773549471607 2574.561469515005 8642.7001953125 13.066162109375 1372.2361943250748 33802
1280 58.2 3885.0683023249553 2882.5110363706412 8642.7001953125 13.066162109375 1417.5450940284356 34491
1290 68.7 3613.0395880953192 2500.3017087999697 8642.7001953125 13.066162109375 1458.4910783248624 35073
1300 65.9 3709.692881837422 2449.3992695218303 8642.7001953125 13.066162109375 1499.8829918095464 35760
1310 62 3688.3881965883324 2607.893315564752 8642.7001953125 13.066162109375 1539.8693922469108 36419
1320 61.3 3894.870794647864 2513.3008893760884 8642.7001953125 13.066162109375 1575.8336909237562 37039
1330 61.1 4165.68194989643 2706.083663778344 8642.7001953125 13.066162109375 1613.589181856054 37652
1340 61.9 3783.5190583507924 2498.4123370308494 8642.7001953125 13.066162109375 1654.342094102158 38263
1350 62 4813.017717915197 2829.8614231816446 8800.4609375 13.066162109375 1688.2385125186463 38882
1360 62.6 3740.7343515999423 2673.94787129299 8800.4609375 13.066162109375 1737.283196518086 39502
1370 67.9 3778.3456553036413 2683.277407749846 8800.4609375 13.066162109375 1768.5371943022078 40128
1380 61.1 3886.8083076539483 2662.3758747411994 8800.4609375 13.066162109375 1801.9790044088065 40807
1390 70 3992.819582170761 2658.9897863085585 8800.4609375 13.066162109375 1832.7344900498995 41418
1400 65.6 3771.1111710711225 2596.3808045049145 8800.4609375 13.066162109375 1868.6350447886002 42118
1410 68.8 3928.1933231797398 2686.7744955746402 8800.4609375 13.066162109375 1897.8122164078393 42774
1420 63.2 3803.3208915613855 2667.890830331178 8800.4609375 13.066162109375 1929.9529876898573 43462
1430 59.6 4093.0048873184487 2766.190705627432 8800.4609375 13.066162109375 1956.8039995111212 44094
1440 70.5 4665.114510956882 3033.995718315683 9102.8779296875 13.066162109375 1985.2930514049042 44690
1450 56 3520.7434875488275 2702.5428886193754 9102.8779296875 13.066162109375 2026.9116025445483 45395
1460 70.6 3985.663483271178 2689.420497740974 9102.8779296875 13.066162109375 2045.115189871333 45955
1470 64.6 3319.6222687239965 2344.056180425609 9102.8779296875 13.066162109375 2074.476478637975 46661
1480 65.8 3887.2895426185014 2621.318766068003 9102.8779296875 13.066162109375 2091.479547536776 47307
1490 56.7 3712.431941172013 2703.9758293813497 9102.8779296875 12.113037109375 2116.11507295664 47965
1500 65.2 3731.775041638712 2527.8589933389835 9102.8779296875 12.113037109375 2134.764864110479 48532
1510 63.5 4293.162559593379 2861.0263818581366 9102.8779296875 12.113037109375 2155.93537963887 49184
1520 68 4174.675038057211 2581.430101762066 9102.8779296875 12.113037109375 2183.1767786888536 49819
1530 62.9 4241.947583124254 2807.673054783245 9102.8779296875 12.113037109375 2209.9935238990656 50499
1540 65 4509.053493840145 2932.3006257877014 9102.8779296875 12.113037109375 2234.9915504843543 51128
1550 64.9 4422.470747514198 2874.471903869017 9102.8779296875 12.113037109375 2263.539201285491 51778
1560 67.3 4360.80001763037 2758.280696513357 9102.8779296875 12.113037109375 2290.2648688518675 52427
1570 68.7 4286.755082176245 2647.482501066647 9102.8779296875 12.113037109375 2316.5072446546533 53100
1580 60 4115.761169026692 2781.208233314436 9102.8779296875 12.113037109375 2341.672438184267 53787
1590 71.8 3881.883151848671 2596.022340599386 9102.8779296875 12.113037109375 2361.2442703961087 54387
1600 64 4376.352109527589 2760.7626190405085 9102.8779296875 12.113037109375 2381.057694166782 55105
1610 61.7 4114.549739794367 2800.888409960507 9102.8779296875 12.113037109375 2403.965370654914 55745
1620 62.6 4425.409534588407 2873.864627116163 9102.8779296875 12.113037109375 2422.691295138769 56362
1630 64.7 4580.66352176813 2929.641220498289 9102.8779296875 12.113037109375 2444.6906918169375 56988
1640 68.5 4681.837657889479 2876.0307505939777 9102.8779296875 12.113037109375 2468.668733301772 57635
1650 65 4269.726843449525 2830.4643572530695 10264.98193359375 12.113037109375 2494.663601500376 58320
1660 63.4 4978.989712206727 3004.114965279478 10264.98193359375 12.113037109375 2514.229331655827 58970
1670 67.2 4550.733991713757 2846.1840133780847 10264.98193359375 12.113037109375 2540.4466674264004 59604
1680 67.8 4413.685977541944 2766.0207692306158 10264.98193359375 12.113037109375 2562.858789695979 60276
1690 56.8 4437.197387265482 2859.4414812670598 10264.98193359375 12.113037109375 2583.4458034007325 60954
1700 70.7 4490.732527542662 2675.7653845581667 10264.98193359375 12.113037109375 2600.560508703473 61522
1710 55.7 5141.093643928129 3289.2063717161464 10264.98193359375 12.113037109375 2622.035249054745 62229
1720 66.8 4221.508485714118 2721.4211645518685 10264.98193359375 12.113037109375 2644.3828349169507 62786
1730 66.1 3775.431064807701 2642.8213532862255 10264.98193359375 12.113037109375 2660.9857273229854 63454
1740 69.1 4015.3926770531825 2633.073524944504 10264.98193359375 12.113037109375 2672.4752129047897 64115
1750 68.5 4202.9477482036955 2703.2461901443994 10264.98193359375 12.113037109375 2686.794195217022 64806
1760 60.5 4219.300565357056 2776.313583410933 10264.98193359375 12.113037109375 2702.6523312020563 65491
1770 67.4 4837.511573134972 2800.1350336964633 10264.98193359375 12.113037109375 2716.5347474097507 66096
1780 66.7 5101.43678002308 3076.465640640621 10264.98193359375 12.113037109375 2737.944637787747 66770
1790 61.9 4362.343989013278 2776.2051735458126 10264.98193359375 12.113037109375 2761.32125980342 67437
1800 68.5 4366.3690771840875 2787.236777499595 10264.98193359375 12.113037109375 2775.8832832749863 68056
1810 66.5 4774.681534157663 2825.563859463067 10264.98193359375 12.113037109375 2791.7323801578905 68741
1820 63.5 4261.5107018177905 2668.4487969433508 10264.98193359375 12.113037109375 2810.7316192353455 69406
1830 61.2 4449.407516978146 2871.4101145222426 10264.98193359375 12.113037109375 2823.8845541940104 70041
1840 67.8 3822.4585425452847 2528.517031583182 10264.98193359375 12.113037109375 2837.9649195461384 70653
1850 62.4 4212.029695951023 2715.5048994995777 10264.98193359375 12.113037109375 2847.322515491708 71331
1860 71 3782.2478261168567 2449.3624320902104 10264.98193359375 12.113037109375 2859.1573745092414 71955
1870 60.1 4195.511460797758 2698.046873040205 10264.98193359375 12.113037109375 2868.1767678986507 72665
1880 61.6 4318.8205328606955 2831.606784466221 10264.98193359375 12.113037109375 2879.0648763040826 73266
1890 65.4 4760.232149363291 2834.3569755082385 10264.98193359375 12.113037109375 2891.0690110654436 73882
1900 63 4746.627736312626 2828.601200989697 10264.98193359375 12.113037109375 2907.469578475109 74536
1910 69.2 5401.033583800913 3048.8721656333746 10264.98193359375 12.113037109375 2922.8843888872316 75166
1920 73.3 5127.832478896656 3071.5750635259687 10264.98193359375 12.113037109375 2945.4908277978316 75858
1930 67.2 4769.417240324475 3065.927596234325 10264.98193359375 12.113037109375 2966.37652494574 76591
1940 63.6 4363.9202258991745 2890.3881799353985 10264.98193359375 12.113037109375 2982.0585895916183 77263
1950 67.9 4182.620386856822 2698.304399533676 10264.98193359375 12.113037109375 2993.340685647943 77899
1960 62.3 5039.861475471505 3097.47402419158 10264.98193359375 12.113037109375 3003.617365089018 78578
1970 62.5 4524.722431250007 2785.0060974101466 10264.98193359375 12.113037109375 3019.63458811358 79201
1980 70.8 4241.632437323441 2707.208047519603 10264.98193359375 12.113037109375 3031.4187173692144 79826
1990 49.1 4197.520086160258 2956.6619847553598 10264.98193359375 12.113037109375 3042.0580909720106 80534
2000 64.7 4472.659758153622 2632.0870459411667 10264.98193359375 12.113037109375 3049.060026666394 81025
2010 66.7 4644.591907415429 3025.6892254138393 10264.98193359375 12.113037109375 3060.3376864062343 81672
2020 66.4 3929.2552082107723 2698.3687518373576 10264.98193359375 12.113037109375 3073.171186514484 82339
2030 68.5 4259.726155836563 2528.4729062892484 10264.98193359375 11.89892578125 3080.019611154634 83003
2040 65.5 4519.250608674258 2875.39663527311 10264.98193359375 11.89892578125 3089.6757026266146 83688
2050 59.9 4931.643005676778 3251.135814268862 10264.98193359375 11.89892578125 3100.777650191453 84343
2060 67.4 4468.492888408183 2659.283822503208 10264.98193359375 11.89892578125 3113.688675925904 84942
2070 62.6 3991.338422586362 2695.9651915094505 10264.98193359375 11.89892578125 3124.3541828313078 85616
2080 65.2 4165.241290320647 2565.703536900336 10264.98193359375 11.89892578125 3130.647313024099 86242
2090 59.7 4438.282224517771 3016.5012577777447 10264.98193359375 11.89892578125 3138.4102802392963 86894
2100 60.4 3935.35050752147 2629.905010766452 10264.98193359375 11.89892578125 3147.280033136557 87491
2110 63.9 4609.721144794109 2828.200386865752 10264.98193359375 11.89892578125 3152.683229305789 88095
2120 67.8 4480.019982081946 2738.7333244607985 10264.98193359375 11.89892578125 3163.1757939145864 88734
2130 66.6 4179.224631003072 2621.7892848124056 10264.98193359375 11.89892578125 3173.1612585007433 89412
2140 65.1 4431.320742277507 2712.3404208558804 10264.98193359375 11.89892578125 3180.59968082458 90078
2150 68.5 4032.9545549156023 2560.553155532345 10264.98193359375 11.89892578125 3189.5738722187966 90729
2160 55.7 4731.997611191378 2865.9578073483476 10264.98193359375 11.89892578125 3195.893645641328 91414
2170 66.1 4639.401578086583 2811.56954816196 10264.98193359375 11.89892578125 3205.196685825858 91971
2180 67.5 4769.058645833331 2970.4590935751908 10264.98193359375 11.89892578125 3215.430832058092 92632
2190 65.1 5118.507371471777 2818.289488094688 10264.98193359375 11.89892578125 3226.67006142243 93307
2200 68.8 4264.561875454216 2616.711617001387 10264.98193359375 11.89892578125 3239.7778977838057 93958
2210 61.2 4802.919566434973 2863.012400094267 10264.98193359375 11.89892578125 3247.2272498603566 94646
2220 64.2 4947.839640679769 3016.5311048351778 10264.98193359375 11.89892578125 3257.2220397755727 95258
2230 67.2 4938.436241513207 2862.5083012392743 10264.98193359375 11.89892578125 3268.539834350969 95900
2240 64.9 4809.995193551975 3059.876101691546 10264.98193359375 11.89892578125 3280.159873136673 96572
2250 72.3 4727.140678690675 2732.7884466710557 10264.98193359375 11.89892578125 3290.3723079290485 97221
2260 56.3 4876.78754605282 3171.30231655207 10264.98193359375 11.89892578125 3300.978200398834 97944
2270 65.4 5550.391734458624 2965.584059455316 10489.013916015625 11.89892578125 3309.9844706294084 98507
2280 67.1 4849.709216144865 2970.717880122836 10489.013916015625 11.89892578125 3324.7607067559534 99161
2290 64.5 5208.625001135534 3117.4730305255825 10489.013916015625 11.89892578125 3335.0103306220476 99832
2300 65.7 4988.7014197316175 2985.7919267628135 10489.013916015625 11.89892578125 3347.0377743403237 100477
2310 50.9 7226.98881749601 3648.9380940578476 13355.554931640625 11.89892578125 3357.702565755892 101134
2320 72.7 4896.59733016947 2939.745073375188 13355.554931640625 11.89892578125 3377.0788799352817 101643
2330 63.9 5050.45008145662 3035.0698012202015 13355.554931640625 11.89892578125 3387.8700288394552 102370
2340 66.5 5426.437111210643 3058.933055596963 13355.554931640625 11.89892578125 3398.183580603111 103009
2350 68.8 4423.418961635856 2679.9434905233647 13355.554931640625 11.89892578125 3411.193482775825 103674
2360 60 5120.367842610679 3090.8644197554054 13355.554931640625 11.89892578125 3417.866516346049 104362
2370 61.1 4793.071685041812 2854.891949942882 13355.554931640625 11.89892578125 3427.598617447007 104962
2380 61.2 4611.749133540135 3003.2606922828095 13355.554931640625 11.89892578125 3435.5012444851745 105573
2390 60.9 4667.138177580433 2994.104936861874 13355.554931640625 11.89892578125 3442.2805796841353 106185
2400 60.5 5001.521687758264 3026.9355378156633 13355.554931640625 11.89892578125 3449.265412887488 106794
2410 71.1 4476.8277699488 2708.3761081780467 13355.554931640625 11.89892578125 3458.0095822586813 107399
2420 45.4 5176.33465441733 3387.3116641483934 13355.554931640625 11.89892578125 3464.7099775176553 108110
2430 73.6 6321.725609820818 3450.118879035122 13355.554931640625 11.89892578125 3471.867760975454 108564
2440 62.1 4312.550034675054 2760.4648827613055 13355.554931640625 11.89892578125 3491.058020598054 109300
2450 49 6031.710162228956 3449.4722797548593 13355.554931640625 11.89892578125 3495.699049525573 109921
2460 67.8 7343.565985305471 3256.8966894190835 13355.554931640625 11.89892578125 3506.9537745550056 110411
2470 63.3 4367.897026266908 2792.224504532531 13355.554931640625 11.89892578125 3530.369441982823 111089
2480 57 6155.080719315382 3255.107447928517 13355.554931640625 11.89892578125 3535.1147469438138 111722
2490 79.6 6367.81589527226 3237.2256110213043 13976.200927734375 11.89892578125 3548.413829730226 112292
2500 63.4 5179.196754624036 2998.4531648966163 13976.200927734375 11.89892578125 3568.2589418921834 113088
2510 55.4 6517.228000902529 3518.4739131709093 13976.200927734375 11.89892578125 3577.239918073327 113722
2520 75.3 5561.760196518613 3133.077085446721 13976.200927734375 11.89892578125 3591.4927217931577 114276
2530 49 5108.378708944521 3193.2211195016607 13976.200927734375 11.89892578125 3604.390438094858 115029
2540 60.9 8733.800141433187 3984.9103659429247 14374.630859375 11.89892578125 3610.7699449527454 115519
2550 69.3 6497.266694216154 3169.3517118707978 14374.630859375 11.89892578125 3637.6362079526816 116128
2560 59.4 6062.498583244555 3118.1897795413624 14374.630859375 11.89892578125 3654.5999724041126 116821
2570 61.4 7616.026061415284 3827.873655907607 15072.287109375 11.89892578125 3666.7814805149947 117415
2580 78 6204.733651029143 3072.353731205883 15072.287109375 11.89892578125 3687.3258905555167 118029
2590 62.7 5045.213388640721 3088.5163677149035 15072.287109375 11.89892578125 3703.8530732872073 118809
2600 71.4 5909.2477110961545 3124.298132737863 15072.287109375 11.89892578125 3710.8947769421075 119436
2610 67.5 4899.009003906245 2949.9024631650145 15072.287109375 11.89892578125 3723.958647062673 120150
2620 55.7 5702.330352947573 3370.1899964187955 15072.287109375 11.89892578125 3730.523174195878 120825
2630 72.3 7693.470153724174 3502.4246857359517 15072.287109375 11.89892578125 3739.5714399895264 121382
2640 62.8 6018.471606212057 3217.8756427516646 15072.287109375 11.89892578125 3762.983001924174 122105
2650 58.1 6802.633797046448 3653.3771026496875 15072.287109375 11.89892578125 3774.523882074523 122733
2660 64.1 8642.515529019602 4038.4697494681836 19963.806884765625 11.89892578125 3788.790971460957 123314
2670 77.8 5533.326638817476 3119.704332592417 19963.806884765625 11.89892578125 3813.890704762519 123955
2680 55.5 6717.055983864725 3584.802357844792 19963.806884765625 11.89892578125 3824.615381926499 124733
2690 66.4 7636.575300469454 3464.311632605348 19963.806884765625 11.89892578125 3837.4282972422175 125288
2700 64.7 5656.060290282072 3024.5594606269187 19963.806884765625 11.89892578125 3857.4568288268124 125952
2710 71.1 6604.42565145372 3342.3839359475082 19963.806884765625 11.89892578125 3866.648816437785 126599
2720 70.9 5411.013517264089 3127.0752256822 19963.806884765625 11.89892578125 3881.9387334097146 127310
2730 60 5441.294131673177 3159.464552321802 19963.806884765625 11.89892578125 3890.407117178942 128019
2740 66.9 7008.88633520471 3408.291763642151 19963.806884765625 11.89892578125 3897.6419130387803 128619
2750 66.8 5867.240235105962 3087.1494598853174 19963.806884765625 11.89892578125 3913.741029108555 129288
2760 55.9 6087.515566476127 3379.3055746444275 19963.806884765625 11.89892578125 3923.7824082646252 129956
2770 65.2 7136.374324494346 3602.6560830406725 19963.806884765625 11.89892578125 3933.049747922444 130515
2780 69.6 5725.969076923941 2968.723307480175 19963.806884765625 11.89892578125 3948.972713484856 131167
2790 66.3 5799.808640147764 3071.13084040811 19963.806884765625 11.89892578125 3958.3520653041955 131863
2800 69.4 5236.107813062856 2932.232928301544 19963.806884765625 11.89892578125 3967.564489350204 132526
2810 56.9 5004.87906414763 3059.2473868372535 19963.806884765625 11.89892578125 3974.1728744774864 133220
2820 54.8 6517.609882438272 3486.1698115182357 19963.806884765625 11.89892578125 3978.5564323329327 133789
2830 54 5563.699492277924 3119.334680049275 19963.806884765625 11.89892578125 3988.9139756058785 134337
2840 64.9 6976.805014023974 3535.92775922204 19963.806884765625 11.89892578125 3995.2188621247283 134877
2850 65.4 5391.959680586411 2795.1589104422 19963.806884765625 11.89892578125 4009.496929894622 135526
2860 49 6172.386914560746 3353.3256062555647 19963.806884765625 11.89892578125 4016.1361620796156 136180
2870 77.1 6346.4001686501915 3336.0532386917876 19963.806884765625 11.89892578125 4023.866921344383 136670
2880 66.9 5301.59641620539 3133.597871798384 19963.806884765625 11.89892578125 4036.8955891631035 137441
2890 57.8 6121.187863676607 3337.1915699697984 19963.806884765625 11.89892578125 4043.021755648451 138110
2900 63 6426.912976655503 3353.51114123933 19963.806884765625 11.89892578125 4051.6827790278367 138688
2910 62.3 6134.825194920623 3257.2713838998748 19963.806884765625 11.89892578125 4062.4236382456365 139318
2920 42.7 6848.712310290725 3452.3468424205334 19963.806884765625 11.89892578125 4071.6497133044722 139941
2930 44.7 12682.011262693131 4616.693354266292 19963.806884765625 11.89892578125 4080.097548487086 140368
2940 72.6 9311.792309637576 4365.181015944453 19963.806884765625 11.89892578125 4107.403271813791 140815
2950 55.6 7635.537756611117 3580.1010544790497 19963.806884765625 11.89892578125 4134.097914648447 141541
2960 52 9706.943134953433 4159.197082043787 19963.806884765625 11.89892578125 4147.798418896469 142097
2970 38.4 13841.374621073404 4309.44852933641 23565.89990234375 11.89892578125 4168.067778456337 142617
2980 88.4 12815.002502165229 4711.347867893855 26675.68115234375 11.89892578125 4194.043469728181 143001
2990 23.2 11962.574170342808 4695.331650477217 26675.68115234375 11.89892578125 4247.008878107611 143885
3000 51.2 15111.411781787872 4559.158789847134 26675.68115234375 11.89892578125 4259.429419388644 144117
3010 71.8 13989.08105604761 5383.431444642821 31420.692138671875 11.89892578125 4297.84643789495 144629
3020 52.5 13591.474638671874 4706.4934262018805 34972.98291015625 11.89892578125 4345.72019143533 145347
3030 85.1 12978.280680529795 4560.944185364173 34972.98291015625 11.89892578125 4378.996084579999 145872
3040 41.2 11556.987837411829 4560.9679302824 34972.98291015625 11.89892578125 4428.872322055741 146723
3050 66.5 15959.411610814144 4859.870612282146 34972.98291015625 11.89892578125 4448.832111312728 147135
3060 76.1 14527.423279209614 5115.562722487919 34972.98291015625 11.89892578125 4500.6219311176565 147800
3070 56.3 11743.659520096726 4679.430099463912 34972.98291015625 11.89892578125 4551.983969781222 148561
3080 45.4 13667.623066234173 5204.4723697501395 34972.98291015625 11.89892578125 4579.135289051277 149124
3090 75.9 16555.580620445286 4900.832979686232 34972.98291015625 11.89892578125 4606.72071906666 149578
3100 51 15904.59236653646 4821.4801994925265 34972.98291015625 11.89892578125 4667.046418429734 150337
3110 57.4 14757.148474929225 4723.717788386721 34972.98291015625 11.89892578125 4705.039540159264 150847
3120 69 18515.65575039629 5705.9487890766795 34972.98291015625 11.89892578125 4743.144628149424 151421
3130 54.2 17754.526931143337 5834.531131356054 34972.98291015625 11.89892578125 4805.618957253501 152111
3140 61.8 15383.413155466213 4719.439238308117 34972.98291015625 11.89892578125 4851.5945235499275 152653
3150 72.9 16854.131582419726 4707.700414576758 34972.98291015625 11.89892578125 4894.05959466269 153271
3160 64.3 16426.009566287765 4682.559052824997 34972.98291015625 11.89892578125 4950.675779591747 154000
3170 58.7 16230.90786581998 5183.59046991534 34972.98291015625 11.89892578125 4998.389802372252 154643
3180 37.4 19589.241975998495 5237.755938852922 34972.98291015625 11.89892578125 5040.865406979891 155230
3190 56.1 20568.29653120125 5719.431832237009 34972.98291015625 11.89892578125 5075.832971032312 155604
3200 45.5 25984.65757479825 5134.288600950243 34972.98291015625 11.89892578125 5131.487388201684 156165
3210 72 22892.80161878798 5253.787268009311 35064.94287109375 11.89892578125 5192.068364034281 156620
3220 66.8 20758.74788460189 5425.842017567227 35064.94287109375 11.89892578125 5273.068287406741 157340
3230 68.7 17577.78843846662 5086.627549287028 35064.94287109375 11.89892578125 5338.536073663932 158008
3240 61.2 18043.544363782286 4670.891428467479 35064.94287109375 11.89892578125 5391.520517878428 158695
3250 54.4 19574.615864473224 5206.506515383255 35064.94287109375 11.89892578125 5440.125027370749 159307
3260 70.6 20442.53959711955 5210.077402309272 35064.94287109375 11.89892578125 5488.227091263898 159851
3270 46.9 21378.850796762566 5550.019784506211 35064.94287109375 11.89892578125 5553.984078683531 160557
3280 61.6 22102.574640051113 5081.955691610019 35064.94287109375 11.89892578125 5600.075160190736 161026
3290 71.9 21842.492183425322 5183.7032230319655 35064.94287109375 11.89892578125 5662.9643825438 161642
3300 64.3 18997.81139776011 5167.641705536332 35064.94287109375 11.89892578125 5734.6138580264205 162361
3310 60.8 19550.392214323343 4701.347717815223 35064.94287109375 11.89892578125 5786.9330404885 163004
3320 72.1 20384.94864412223 4957.082410222729 35064.94287109375 11.89892578125 5838.079552832898 163612
3330 59.3 20700.936780752672 4930.003082953183 35064.94287109375 11.89892578125 5901.9029639239125 164333
3340 54.6 19948.3605822888 5308.849903047566 35064.94287109375 11.89892578125 5955.113658740857 164926
3350 32.7 22606.15821059109 6165.02700257387 35064.94287109375 11.89892578125 6001.286502607234 165472
3360 51.7 29998.157584037264 6248.121677660433 39159.068115234375 11.89892578125 6034.035753498438 165799
3370 71.9 29890.42797002673 5846.557941633484 39159.068115234375 11.89892578125 6108.529193614774 166316
3380 75.6 24863.326160572193 5523.81266624473 39159.068115234375 11.89892578125 6210.898069720022 167035
3390 69 19620.482601265267 4855.014109881939 39159.068115234375 11.89892578125 6294.938546483879 167791
3400 61.5 20304.027154789113 5040.739213862793 39159.068115234375 11.89892578125 6349.512209969965 168481
3410 67.3 22048.91929175277 5317.2450772473485 39159.068115234375 11.89892578125 6400.264603232156 169096
3420 51.3 24167.5476526331 5571.065739585465 39159.068115234375 11.89892578125 6462.299159631584 169769
3430 56.1 25855.745445754652 5441.117659464968 39159.068115234375 11.89892578125 6515.638869506437 170282
3440 26.4 27839.964633826054 7028.011987610028 39159.068115234375 11.89892578125 6579.146299072034 170843
3450 55.1 31936.66729570172 5136.226891125278 39159.068115234375 11.89892578125 6611.949492631474 171107
3460 73.2 31545.282130840696 6096.979365466883 49387.209228515625 11.89892578125 6693.238564562242 171658
3470 89.1 26312.026435963366 6089.768061039216 49387.209228515625 11.89892578125 6798.764963370269 172390
3480 73.7 21714.827628768446 4993.834212546537 49387.209228515625 11.89892578125 6899.100926182582 173281
3490 59 22097.594832080897 5278.521729500519 49387.209228515625 11.89892578125 6961.848403913655 174018
3500 64.3 23864.24329999148 4996.844309930057 49387.209228515625 11.89892578125 7012.992053646878 174608
3510 61.6 25010.364861426424 5785.038872174014 49387.209228515625 11.89892578125 7074.81968687807 175251
3520 64.9 26126.796230604185 5543.154080161736 49387.209228515625 11.89892578125 7137.641568342596 175867
3530 36.8 28184.620502637787 5990.459509657663 49387.209228515625 11.89892578125 7207.459383021196 176516
3540 53.7 32146.081567519203 5688.4335387079855 49387.209228515625 11.89892578125 7251.101517369237 176884
3550 71.2 31658.29292725981 5813.16386124011 49387.209228515625 11.89892578125 7326.451133744585 177421
3560 84 29766.38254278274 5400.851357613895 49387.209228515625 11.89892578125 7423.7058330815 178133
3570 69 25467.326025036797 4903.393574736259 49387.209228515625 11.89892578125 7528.569965862138 178973
3580 57.4 24035.585789059085 5346.217442878568 49387.209228515625 11.89892578125 7597.464182706065 179663
3590 67.4 25519.08306794208 5514.684910119502 49387.209228515625 11.89892578125 7649.81459800396 180237
3600 68.4 26542.369348001746 5676.213415578615 49387.209228515625 11.89892578125 7716.38814493443 180911
3610 69.8 26482.123675414696 5463.938755129069 49387.209228515625 11.89892578125 7787.298528716462 181595
3620 55.6 25942.71537769784 5458.347720699346 49387.209228515625 11.89892578125 7858.881024766202 182293
3630 52.8 28624.86804476652 6086.124339997871 49387.209228515625 11.89892578125 7913.869632307014 182849
3640 56.8 30524.917283608873 5947.510487245601 49387.209228515625 11.89892578125 7973.503104126155 183377
3650 73.9 30648.31630978307 6213.048330185855 49387.209228515625 11.89892578125 8043.139154325651 183945
3660 58.4 28817.452881277437 5108.923939219987 49387.209228515625 11.89892578125 8133.5921763410015 184684
3670 59.4 29613.37882075968 5834.723437860532 49387.209228515625 11.89892578125 8198.791642258931 185268
3680 58.2 29880.242607405096 5751.824879532564 49387.209228515625 11.89892578125 8267.23094014677 185862
3690 59 32017.440809553762 6748.509243772643 49387.209228515625 11.89892578125 8334.697701159967 186444
3700 62.5 31772.99665234375 5511.119411737201 49387.209228515625 11.89892578125 8409.405072193855 187034
3710 79.2 30075.414395727297 5222.327928369709 49387.209228515625 11.89892578125 8487.217725664212 187659
3720 71.3 27367.038512584375 5531.786531607314 49387.209228515625 11.89892578125 8577.946094113782 188451
3730 54.7 28783.864888471926 5741.7265350965445 49387.209228515625 11.89892578125 8648.76624432402 189164
3740 51.8 30734.23208300027 6084.965712564272 49387.209228515625 11.89892578125 8706.822440107866 189711
3750 67.7 32757.623835914448 6299.699734344854 49387.209228515625 11.89892578125 8766.803821469373 190229
3760 72 33561.85393439396 5978.419880471593 49387.209228515625 11.89892578125 8851.881216364134 190906
3770 49.9 32768.54339147043 6462.043785503947 49387.209228515625 11.89892578125 8944.724464968089 191626
3780 56.7 33973.589037698395 5414.9502103656305 51717.5791015625 11.89892578125 9006.601293305499 192125
3790 59.5 35350.5758079208 6636.641984136431 58468.044921875 11.89892578125 9080.06714581142 192692
3800 71.6 35503.11644280291 6322.991191232896 58468.044921875 11.89892578125 9160.93628162477 193287
3810 63.6 35833.30759492312 5503.124936416993 58468.044921875 11.89892578125 9258.156432835853 194003
3820 68.8 33332.69366597021 6021.713765733334 58468.044921875 11.89892578125 9344.993069579195 194639
3830 68.2 33328.383153652474 4992.238539782924 58468.044921875 11.89892578125 9429.484911517673 195327
3840 54.1 33548.023594995495 5705.53628364122 58468.044921875 11.89892578125 9512.639504424815 196009
3850 47.8 35360.9527153749 5345.017455807462 58468.044921875 11.89892578125 9578.796425274464 196550
3860 55.9 36969.67911099618 6317.843131263864 58468.044921875 11.89892578125 9641.34525440874 197028
3870 68.7 38818.18999044762 6566.027772098077 61276.333984375 11.89892578125 9718.660759102026 197587
3880 61.2 37353.917710647074 6141.709184031602 61276.333984375 11.89892578125 9819.4877791951 198274
3890 60.5 37412.32291451447 5085.794405166437 61276.333984375 11.89892578125 9904.215065771574 198886
3900 59 37560.27215431342 5830.522887904621 61276.333984375 11.89892578125 9987.639406962351 199491
3910 64.5 36752.976257797345 5973.728585515474 61276.333984375 11.89892578125 10068.945744500334 200081
3920 65.7 37429.80283693634 6584.462014865192 61276.333984375 11.89892578125 10154.690489481436 200726
3930 74 35646.33089566616 6240.727123988367 61276.333984375 11.89892578125 10243.673913168032 201383
3940 30.5 34257.9670674308 5524.275326191656 61276.333984375 11.89892578125 10336.676521317764 202123
3950 62.5 40206.02735039066 5832.98507528461 61276.333984375 11.89892578125 10372.7189345045 202428
3960 63.9 40640.365046016115 6155.373385387486 61276.333984375 11.89892578125 10464.546278892069 203053
3970 49.4 41058.58825683592 5733.124297285404 61276.333984375 11.89892578125 10559.210517999114 203692
3980 62.3 43862.92855105091 5491.826172637753 61276.333984375 11.89892578125 10632.999576029464 204186
3990 58.9 41156.293474854734 6489.598469867422 61276.333984375 11.89892578125 10734.080318337852 204809
4000 57.2 40470.72611135204 6960.848712891758 61276.333984375 11.89892578125 10821.319159753974 205398
4010 61.9 41512.24884910769 5815.898593248629 61276.333984375 11.89892578125 10903.658630435693 205970
4020 61.4 40943.461717239 6123.577103906402 61276.333984375 11.89892578125 10995.370761020371 206589
4030 53.7 42084.462725591424 5960.18171929407 61276.333984375 11.89892578125 11084.115266877518 207203
4040 67 42518.96695246906 5715.663545704813 61276.333984375 11.89892578125 11164.249986167637 207740
4050 61.4 41499.53581550921 5368.751758232691 61276.333984375 11.89892578125 11265.049661650684 208410
4060 64 40328.128971862796 6372.806462793225 61276.333984375 11.89892578125 11353.862307559619 209024
4070 60.1 40105.84437477253 5987.646631558599 61276.333984375 11.89892578125 11442.306344996441 209664
4080 40 40708.70027404776 6406.905110400282 61276.333984375 11.89892578125 11524.235274470655 210265
4090 74.3 43989.416143445604 5044.110274937935 61276.333984375 11.89892578125 11579.64925401083 210665
4100 60.1 42417.579365201884 6104.953254621968 61276.333984375 11.89892578125 11693.554389099616 211408
4110 56.2 43466.8134196543 6367.7095670587905 61276.333984375 11.89892578125 11780.650403941614 212009
4120 51.1 44076.63580716425 6682.300705956739 61276.333984375 11.89892578125 11864.422995757199 212571
4130 59.5 43165.554892660184 5736.097590159597 61276.333984375 11.89892578125 11941.672321118464 213082
4140 56.5 43068.736557574004 6458.165565800954 61276.333984375 11.89892578125 12028.6176176645 213677
4150 46.9 46525.901436942004 5538.408334618937 61276.333984375 11.89892578125 12110.476763868553 214242
4160 67.6 47498.77113261022 6774.718923408566 65402.946044921875 11.89892578125 12185.651459956185 214711
4170 71.8 46022.02081349833 5463.223442136626 65402.946044921875 11.89892578125 12296.482981351228 215387
4180 54.7 44975.74351308987 5224.374470230211 65402.946044921875 11.89892578125 12408.534697708932 216105
4190 60.2 46387.17230569328 6207.671301007053 65402.946044921875 11.89892578125 12490.759940134634 216652
4200 53.5 44438.47174996347 5210.112330210395 65402.946044921875 11.89892578125 12584.68520845681 217254
4210 64.9 45498.778774737606 6120.133475900107 67715.9599609375 11.89892578125 12662.934228378415 217789
4220 64.5 45733.84460505997 5200.295612315286 67715.9599609375 11.89892578125 12760.492634473449 218438
4230 41.8 48324.57591138046 6164.004647068284 67715.9599609375 11.89892578125 12857.569139820867 219083
4240 63.4 48166.03873441198 6002.093888748566 67715.9599609375 11.89892578125 12925.109646836834 219501
4250 66.4 48009.07399519956 5432.239109279213 67885.73999023438 11.89892578125 13026.605315592475 220135
4260 57.1 47857.124492478215 6469.532909670724 67885.73999023438 11.89892578125 13131.806694236666 220799
4270 50.2 49255.36883569239 4805.2355653871655 67885.73999023438 11.89892578125 13221.376900058574 221370
4280 51.8 51995.565342494396 6232.095659544258 67885.73999023438 11.89892578125 13302.90617798318 221872
4290 56.9 50267.11856867517 5700.898927979351 67885.73999023438 11.89892578125 13393.030722464573 222390
4300 49.2 51818.155765688534 6762.274996841168 70773.69799804688 11.89892578125 13487.13482225195 222959
4310 55.6 54944.77760150277 5814.722104527721 73266.2060546875 11.89892578125 13571.53302277095 223451
4320 62 53473.567982925895 6051.7203717113625 73266.2060546875 11.89892578125 13674.224117182173 224007
4330 60.8 53553.774695948574 6672.443635199031 73266.2060546875 11.89892578125 13784.075529509102 224627
4340 69.1 52108.56411217608 5594.792988568299 73266.2060546875 11.89892578125 13891.42996862023 225235
4350 50.7 51584.1334072015 5552.175312756325 73266.2060546875 11.89892578125 14008.317974839954 225926
4360 68.9 50144.422398360985 5489.857571146181 73266.2060546875 11.89892578125 14092.452965871329 226433
4370 66.1 49353.24131029275 5948.6614205270525 73266.2060546875 11.89892578125 14201.820649050349 227122
4380 59.1 48810.163800596165 6427.589833092922 73266.2060546875 11.89892578125 14303.826018446138 227783
4390 62.9 48625.51901773962 6162.711819787441 73266.2060546875 11.89892578125 14393.123598859192 228374
4400 55.4 51285.538189939645 5092.146584047355 73266.2060546875 11.89892578125 14487.149339650692 229003
4410 54.1 49796.49310449402 7648.807026426858 73266.2060546875 11.89892578125 14575.956509212327 229557
4420 57.1 53290.47176904897 6713.843838836719 73266.2060546875 11.89892578125 14658.766052528857 230098
4430 60.4 53207.380671823266 6384.513175926462 73266.2060546875 11.89892578125 14754.395304678617 230669
4440 56.5 54158.65791188465 6359.231199263183 73266.2060546875 11.89892578125 14854.820357156665 231273
4450 48.4 54858.250597740975 7557.841085981852 73266.2060546875 11.89892578125 14950.605639200252 231838
