10 0.1 1196.554931640625 0 1196.554931640625 1196.554931640625 0 0
20 0 0 0 1196.554931640625 1196.554931640625 1196.554931640625 1
30 0.7 20133.30011858259 2899.4966609944786 26821.23291015625 1196.554931640625 1196.554931640625 1
40 0.9 24038.13316514757 3668.9314765519302 31068.138916015625 1196.554931640625 17766.206970214844 8
50 0.9 30536.21177842882 9342.044990836326 44761.60986328125 1196.554931640625 21086.638485179228 17
60 0.7 24815.883265904016 6532.878415973595 44761.60986328125 1196.554931640625 24357.644625150242 26
70 1.4 28970.509294782365 10789.26147018926 51839.266845703125 1196.554931640625 24454.846761067707 33
80 0.3 36910.99064127604 9794.402665226273 51839.266845703125 1196.554931640625 25799.93772855718 47
90 0.6 25085.117024739582 5821.101442110856 51839.266845703125 1196.554931640625 26466.60090332031 50
100 1.3 33000.15598707933 17278.157774645737 83315.01000976563 1196.554931640625 26318.584773472376 56
110 0.8 34138.97720336914 14762.602392731269 83315.01000976563 1196.554931640625 27577.43152386209 69
120 0.7 31134.520856584822 7794.449975406699 83315.01000976563 1196.554931640625 28259.15055549919 77
130 1.7 26298.5271283318 11128.697126208357 83315.01000976563 1196.554931640625 28498.764747256326 84
140 0.7 28822.63253348214 13682.649147970991 83315.01000976563 1196.554931640625 28128.42772228883 101
150 1.5 26375.7630859375 11968.270547608956 83315.01000976563 1196.554931640625 28173.42247856988 108
160 1.4 27841.2865687779 10899.953790348676 83315.01000976563 1196.554931640625 27954.19572337081 123
170 2.8 29221.49076625279 10573.728074922912 83315.01000976563 1196.554931640625 27942.65756158759 137
180 2.4 29285.622650146484 7609.282614224852 83315.01000976563 1196.554931640625 28159.67168116714 165
190 3.4 30288.650620404413 12931.305001021998 83315.01000976563 1196.554931640625 28302.649581989914 189
200 1.4 36118.97776576451 17440.082358796182 83315.01000976563 1196.554931640625 28605.447946591226 223
210 1.2 33568.83701578776 20423.355685750455 88422.583984375 1196.554931640625 29049.285151099353 237
220 1.6 30653.01544189453 13646.439468848428 88422.583984375 1196.554931640625 29267.094879518074 249
230 1.9 25853.878739206415 12319.138497878335 88422.583984375 1196.554931640625 29350.77310215212 265
240 1.5 31179.638802083333 13010.488090788704 88422.583984375 1196.554931640625 29116.82594406773 284
250 1.7 27718.14026596967 11695.620470691916 88422.583984375 1196.554931640625 29220.311538951453 299
260 1.7 23965.889275045956 8421.538036019212 88422.583984375 1196.554931640625 29139.49852743028 316
270 2.9 35938.667859307665 11607.171520892018 88422.583984375 1196.554931640625 28875.380337368617 333
280 3.1 28553.58422064012 15823.228075033778 102593.65380859375 1196.554931640625 29441.223812883072 362
290 4 27768.975646972656 8952.691392300283 102593.65380859375 1196.554931640625 29371.20644046696 393
300 3.4 28706.208201688878 9552.515422060373 102593.65380859375 1196.554931640625 29223.19435792707 433
310 2.9 29345.1829960264 10490.771910213045 102593.65380859375 1196.554931640625 29185.555108864763 467
320 3.3 29566.07140003551 14228.637904031988 102593.65380859375 1196.554931640625 29194.888190977035 496
330 2.7 33553.231599030674 25629.461793059378 148669.3837890625 1196.554931640625 29218.043287194294 529
340 4.3 27474.060030205306 12586.726608278343 148669.3837890625 1196.554931640625 29428.565021761886 556
350 4.3 32350.804454714755 12559.155729798105 148669.3837890625 1196.554931640625 29288.258319529945 599
360 3.9 32651.568684895814 17665.365871820984 148669.3837890625 1196.554931640625 29493.38212609217 642
370 2.3 29991.57804008152 17408.39722581733 148669.3837890625 1196.554931640625 29674.24743562718 681
380 4.2 26169.08306012835 13256.784820981693 148669.3837890625 1196.554931640625 29684.614770715885 704
390 3 28525.29314778646 12069.40832395901 148669.3837890625 1196.554931640625 29486.68939290801 746
400 4.8 30848.87056986491 16350.222923710226 148669.3837890625 1196.554931640625 29449.52201229764 776
410 3.9 32034.83991887019 14686.066430170647 148669.3837890625 1196.554931640625 29531.037462253014 824
420 3.6 27065.822767469617 8876.01776112222 148669.3837890625 1196.554931640625 29644.18728358334 863
430 3.4 27701.578527113972 13155.455053540463 148669.3837890625 1196.554931640625 29540.93798149202 899
440 4.1 30323.44854587462 12718.121281966938 148669.3837890625 1196.554931640625 29473.908805233874 933
450 4.2 31171.579089936757 12271.675268390629 148669.3837890625 1196.554931640625 29509.669718340927 974
460 5.2 27708.716228778547 9091.981093795908 148669.3837890625 1196.554931640625 29578.370696300597 1016
470 5 26364.097514648438 13254.261543190527 148669.3837890625 1196.554931640625 29487.338830840723 1068
480 4.4 28666.615278764206 14158.542705586391 148669.3837890625 1196.554931640625 29347.658986646074 1118
490 3.4 29959.150807100184 11717.28409793722 148669.3837890625 1196.554931640625 29321.87075674349 1162
500 4.2 28028.46848842076 10371.3528972984 148669.3837890625 1196.554931640625 29339.98741369343 1196
510 5.6 31025.133401053292 15323.37823563058 148669.3837890625 1196.554931640625 29295.493233676105 1238
520 4.4 31095.686318137425 15723.537623555967 148669.3837890625 1196.554931640625 29370.346285741885 1294
530 4.4 31406.580111416904 13205.061887994441 148669.3837890625 1196.554931640625 29427.08392507328 1338
540 4 27426.957739257814 11681.365183060692 148669.3837890625 1196.554931640625 29490.106958502452 1382
550 5.2 30582.0715238131 16047.60842901938 148669.3837890625 1196.554931640625 29432.071818720608 1422
560 5.1 28113.00115368413 9071.778057212663 148669.3837890625 1196.554931640625 29472.641686200124 1474
570 4.9 28567.483921595984 11740.824900486266 148669.3837890625 1196.554931640625 29427.171740522543 1525
580 4.8 27196.214441935223 9823.192870054172 148669.3837890625 1196.554931640625 29400.40890499052 1574
590 5.8 27332.724070581895 12525.272189547273 148669.3837890625 1196.554931640625 29335.179968969154 1622
600 5.1 31188.979286343445 14087.885468222055 148669.3837890625 1196.554931640625 29266.047562953405 1680
610 4.2 28862.110363188243 11922.098030277399 148669.3837890625 1196.554931640625 29322.702397091412 1731
620 4.5 31406.353021918403 10805.76452697275 148669.3837890625 1196.554931640625 29311.791587489646 1773
630 7.3 30449.70161333476 11572.411832311062 148669.3837890625 1196.554931640625 29363.63716754976 1818
640 7.5 30921.17181640625 12887.714599498524 148669.3837890625 1196.554931640625 29405.56350522417 1891
650 8.2 30454.17002905869 9615.646516958943 148669.3837890625 1196.554931640625 29463.38172665787 1966
660 5.6 31726.809709821428 14288.890940336065 148669.3837890625 1196.554931640625 29503.051961421967 2048
670 6.7 31026.909970411612 12397.00352531387 148669.3837890625 1196.554931640625 29562.239430010544 2104
680 7.7 32282.200613839297 11558.651980248585 148669.3837890625 1196.554931640625 29607.44114636562 2171
690 6 33144.22858072916 15708.450491851674 148669.3837890625 1196.554931640625 29699.058797164318 2248
700 7.2 30692.50938245985 10663.685288729203 148669.3837890625 1196.554931640625 29788.621269873976 2308
710 7.5 31537.430777994792 9970.261763131806 148669.3837890625 1196.554931640625 29815.965784204305 2380
720 6.9 31968.68679942254 12522.018008643117 148669.3837890625 1196.554931640625 29868.55636446267 2455
730 7 34026.41254534039 12391.787910295889 148669.3837890625 1196.554931640625 29925.968805038043 2524
740 6 31576.110929361977 14252.22888680949 148669.3837890625 1196.554931640625 30036.620717844966 2594
750 6.3 30803.228841145832 11294.839504488751 148669.3837890625 1196.554931640625 30071.424565882277 2654
760 7.1 32092.014755034103 11051.912163345987 148669.3837890625 1196.554931640625 30088.393159677493 2717
770 7.8 31403.370261167867 13179.990802933606 148669.3837890625 1196.554931640625 30139.41795640286 2788
780 7.1 29719.299742792693 11001.542165919629 148669.3837890625 1196.554931640625 30173.817216616284 2866
790 6.3 32450.23588247148 13790.79952089155 148669.3837890625 1196.554931640625 30162.829562329094 2937
800 7.9 30724.913305355018 13653.88070884239 148669.3837890625 1196.554931640625 30210.865095052082 3000
810 6.2 31195.579227570564 12274.17687784634 148669.3837890625 1196.554931640625 30224.054380084213 3079
820 7.5 34847.73696289062 18059.240121574796 148669.3837890625 1196.554931640625 30243.231247497188 3141
830 5.8 31402.528640220906 12874.585507980042 148669.3837890625 1196.554931640625 30350.612444218117 3216
840 7.6 32127.3100104081 14017.606115214789 148669.3837890625 1196.554931640625 30369.247489840647 3274
850 5.9 31051.634484242582 15554.063446793962 148669.3837890625 1196.554931640625 30409.131893292328 3350
860 7.8 30175.184723682894 11897.382546230127 148669.3837890625 1196.554931640625 30420.251767996364 3409
870 7.5 33071.96590169271 23845.434889226697 171751.41015625 1196.554931640625 30414.769912689095 3487
880 6 31234.292749023436 13000.931505700839 171751.41015625 1196.554931640625 30470.718733344704 3562
890 7.7 27130.793916776576 10695.042380661467 171751.41015625 1196.554931640625 30483.367667894876 3622
900 6.2 29954.963938067038 9785.582825915344 171751.41015625 1196.554931640625 30413.579028036504 3699
910 7.3 29803.69217546019 10801.608867742072 171751.41015625 1196.554931640625 30406.01876864323 3761
920 6.4 31508.506912231445 10369.21926216066 171751.41015625 1196.554931640625 30394.550369764158 3834
930 9.3 34511.644499747985 13986.224344442286 171751.41015625 1196.554931640625 30412.840061585066 3898
940 10 33132.766276855466 11858.177315628385 171751.41015625 1196.554931640625 30508.35216700956 3991
950 8.1 33919.25910855516 12740.320718395064 171751.41015625 1196.554931640625 30572.50308634092 4091
960 10.3 35889.27206272754 10453.439370802036 171751.41015625 1196.554931640625 30637.480851872882 4172
970 10.2 34822.71195235907 10036.034411046381 171751.41015625 1196.554931640625 30764.01523660225 4275
980 10.6 36450.61020646004 10350.61081290107 171751.41015625 1196.554931640625 30858.597613802885 4377
990 8.9 37559.81070049157 11844.693708820414 171751.41015625 1196.554931640625 30990.820084207004 4483
1000 10.4 41082.12658691406 16464.847893931947 171751.41015625 1196.554931640625 31118.69413601132 4572
1010 9.3 38063.31728568127 14101.582780056557 171751.41015625 1196.554931640625 31340.293146895383 4676
1020 9.3 38571.15336494035 13394.430670932514 171751.41015625 1196.554931640625 31471.39846140725 4769
1030 10.7 36439.87716532201 10050.760622908872 171751.41015625 1196.554931640625 31607.20208255669 4862
1040 8.9 39643.64668188202 13758.374909668608 171751.41015625 1196.554931640625 31711.266528895165 4969
1050 9.2 40652.28067414657 15269.807794000064 171751.41015625 1196.554931640625 31850.843799281847 5058
1060 9.6 40269.38330332437 13317.005749277294 171751.41015625 1196.554931640625 32008.073351221177 5150
1070 8.8 38346.56323242188 11299.747279806541 171751.41015625 1196.554931640625 32159.252488735838 5246
1080 10.9 38566.27895642199 13744.62431497002 171751.41015625 1196.554931640625 32261.330356273214 5334
1090 9.7 37742.37333380314 10130.63540028082 171751.41015625 1196.554931640625 32387.591498550675 5443
1100 9.4 41076.161649663394 15398.970299931381 171751.41015625 1196.554931640625 32481.348509023508 5540
1110 11.1 39410.3533506651 11777.230531347956 171751.41015625 1196.554931640625 32624.747947294745 5634
1120 10.8 40029.677928783276 14895.508825196306 171751.41015625 1196.554931640625 32755.853639161433 5745
1130 11 39876.12673561788 13082.616945705624 171751.41015625 1196.554931640625 32890.070796735185 5853
1140 9.7 37015.88743103655 11016.563016388756 171751.41015625 1196.554931640625 33018.94320211454 5963
1150 10.8 36654.4145959925 11431.545723100318 171751.41015625 1196.554931640625 33082.920692247455 6060
1160 8.9 40022.17115903705 15133.009123522865 171751.41015625 1196.554931640625 33145.45657772159 6168
1170 10 37156.11181640625 10656.004918892273 171751.41015625 1196.554931640625 33243.271440712975 6257
1180 10.4 37573.40117703951 9486.960194251613 171751.41015625 1196.554931640625 33304.82312194144 6357
1190 9.7 39277.72957524564 12893.062967209153 171751.41015625 1196.554931640625 33373.53262785851 6461
1200 12.1 41345.84752913546 20223.871968455558 171751.41015625 1196.554931640625 33460.86216489672 6558
1210 7.5 41450.705289713536 14544.971358286133 171751.41015625 1196.554931640625 33603.7103800596 6679
1220 14.3 39841.85305636745 10995.760503486314 171751.41015625 1196.554931640625 33690.84757553251 6754
1230 10 40636.53513671874 8164.5489022318525 171751.41015625 1196.554931640625 33818.38038454504 6897
1240 14.9 43660.604890349714 9590.822288618867 171751.41015625 1196.554931640625 33915.82435699285 6997
1250 14.6 45158.29791176156 12157.021013584637 171751.41015625 1196.554931640625 34119.01107676198 7146
1260 15.7 44203.075130000994 11392.061960764844 171751.41015625 1196.554931640625 34340.039035882925 7292
1270 15 45521.00400716147 14194.263272434713 171751.41015625 1196.554931640625 34547.91884079319 7449
1280 11.7 45727.61913853833 9553.892359403562 171751.41015625 1196.554931640625 34764.521390464884 7599
1290 17.2 45081.48603004634 14500.456453737626 171751.41015625 1196.554931640625 34930.758098153405 7716
1300 15.7 44109.2948441232 10880.255070297775 171751.41015625 1196.554931640625 35152.097500319425 7888
1310 14.2 44529.590474733166 12025.464996893763 171751.41015625 1196.554931640625 35326.89923841479 8045
1320 13.2 44518.11713571258 13738.03060406413 171751.41015625 1196.554931640625 35486.515966832674 8187
1330 15.1 45244.717513128606 12251.044932974255 171751.41015625 1196.554931640625 35629.82301747484 8319
1340 13.6 46430.92780977137 14709.985643930977 171751.41015625 1196.554931640625 35801.23376940444 8470
1350 12.1 45993.420969056686 12081.085903940822 171751.41015625 1196.554931640625 35969.21406100215 8606
1360 14.6 47229.93415393568 13746.150589755547 171751.41015625 1196.554931640625 36108.19985633555 8727
1370 17.5 47043.03032784597 11760.51357696333 171751.41015625 1196.554931640625 36291.201457535775 8873
1380 11.8 44898.78093965174 11922.125927191084 171751.41015625 1196.554931640625 36499.155707348364 9048
1390 14.9 46797.226562499985 13625.507480555176 171751.41015625 1196.554931640625 36607.28965644413 9166
1400 16.2 46062.49540804637 11233.519217404097 171751.41015625 1196.554931640625 36770.28488983139 9315
1410 16.5 44684.55575136127 9816.023797612903 171751.41015625 1196.554931640625 36929.12609527096 9477
1420 13 48780.51803635817 15959.895432125326 171751.41015625 1196.554931640625 37061.841910792115 9642
1430 12.4 46404.59613037109 12619.68116552358 171751.41015625 1196.554931640625 37217.7391576529 9772
1440 16.8 47501.37891642252 11349.855943773506 171751.41015625 1196.554931640625 37332.85337194322 9896
1450 13.5 47284.84244068288 11604.807876514116 171751.41015625 1196.554931640625 37502.59823397348 10064
1460 17.5 47235.30873744418 12291.299342690334 171751.41015625 1196.554931640625 37632.081807647926 10199
1470 14.4 45561.27729288736 12677.432801332743 171751.41015625 1196.554931640625 37794.07956287391 10374
1480 14.9 44913.20639713978 12294.59932504048 171751.41015625 1196.554931640625 37900.41883584614 10518
1490 13 45138.60615985577 11043.662111759595 171751.41015625 1196.554931640625 37998.375650942486 10667
1500 15.2 45106.00380506012 12298.444769051881 171751.41015625 1196.554931640625 38084.34675089236 10797
1510 13.4 45555.66083401354 12443.646889570227 171751.41015625 1196.554931640625 38181.82523040953 10949
1520 14.3 45249.45037116204 10492.668365102887 171751.41015625 1196.554931640625 38270.97924745212 11083
1530 14.1 46694.37023839207 10679.250756676644 171751.41015625 1196.554931640625 38359.87300931658 11226
1540 14.7 46669.300135190795 11417.170589226216 171751.41015625 1196.554931640625 38463.25684931831 11367
1550 14.6 47875.8584853917 12070.822274900927 171751.41015625 1196.554931640625 38568.023947027476 11514
1560 16.8 48837.6429574149 12601.364956613681 171751.41015625 1196.554931640625 38684.571446392925 11660
1570 13.9 49072.281323769115 16620.80470113832 171751.41015625 1196.554931640625 38828.78145770944 11828
1580 14.1 48326.46753795434 13037.226029852729 171751.41015625 1196.554931640625 38947.7625291043 11967
1590 16.1 46783.25279927699 12491.612261585293 171751.41015625 1196.554931640625 39056.97936146702 12108
1600 13.6 48097.39365162569 11704.508589577878 171751.41015625 1196.554931640625 39158.36741456731 12269
1610 16.1 47411.2456646084 13767.06092312845 171751.41015625 1196.554931640625 39256.36883078979 12405
1620 13.7 47874.25388664747 13900.104872592969 171751.41015625 1196.554931640625 39360.851973416306 12566
1630 12.9 48683.731804899464 11949.20389048386 171751.41015625 1196.554931640625 39452.667769851214 12703
1640 15 49659.45707845053 16058.787197756434 171751.41015625 1196.554931640625 39545.467587535226 12832
1650 15.8 49947.44036324416 12909.399481226412 171751.41015625 1196.554931640625 39662.32927476657 12982
1660 14.5 47886.78265591326 11415.23939692117 171751.41015625 1196.554931640625 39786.001082375355 13140
1670 16 48960.166885375984 11443.952340219157 171751.41015625 1196.554931640625 39874.41759183437 13285
1680 15.6 49405.2577733749 13282.129311100918 171751.41015625 1196.554931640625 39982.54104939976 13445
1690 12.7 48138.64407180426 12693.513601428933 171751.41015625 1196.554931640625 40090.617206222065 13601
1700 16.7 48258.98176839676 11726.055419995342 171751.41015625 1196.554931640625 40165.07083471339 13728
1710 14 52393.07953578404 18042.274644060133 171751.41015625 1196.554931640625 40262.34921729167 13895
1720 14.7 50380.17753507654 15477.802625348839 171751.41015625 1196.554931640625 40383.35400849857 14035
1730 14.3 48870.222082604894 13663.141802465596 171751.41015625 1196.554931640625 40486.97360082737 14182
1740 14.9 47793.868345939096 13748.2986490895 171751.41015625 1196.554931640625 40570.65978113411 14325
1750 16.5 45877.31690044982 11747.516867847438 171751.41015625 1196.554931640625 40645.01780767522 14474
1760 12.8 47435.89701080322 11603.89221528959 171751.41015625 1196.554931640625 40703.99242003315 14639
1770 12.9 48246.64646734193 14262.68149926054 171751.41015625 1196.554931640625 40762.34440673449 14767
1780 16.7 49892.08819762819 15517.199343973412 171751.41015625 1196.554931640625 40827.15878413905 14896
1790 14.9 49551.07568359375 12239.115022745227 171751.41015625 1196.554931640625 40927.659561676905 15063
1800 16.9 47723.03461018397 10938.551146531216 171751.41015625 1196.554931640625 41012.125049592076 15212
1810 14.2 48454.79531387544 12388.746371546382 171751.41015625 1196.554931640625 41085.86171923254 15381
1820 13 49600.87529296875 16091.984789041935 171751.41015625 1196.554931640625 41153.27063313058 15523
1830 15.7 49745.20866092755 13316.802587608061 171751.41015625 1196.554931640625 41223.42898014259 15653
1840 16.7 46292.27186301225 10473.239022841282 171751.41015625 1196.554931640625 41308.05386375317 15810
1850 13 49756.606862229564 16655.6230010098 171751.41015625 1196.554931640625 41360.15152951497 15977
1860 18 45786.20473904081 14200.965681993654 171751.41015625 1196.554931640625 41427.919530586114 16107
1870 11.4 46615.835907517816 13265.484623813176 171751.41015625 1196.554931640625 41476.0862486755 16287
1880 14.2 47341.72206481074 12462.396651536803 171751.41015625 1196.554931640625 41511.811598416854 16401
1890 13.7 47883.741799013456 12839.125994587466 171751.41015625 1196.554931640625 41561.85374834298 16543
1900 11.9 48886.1601541984 14500.937050714005 171751.41015625 1196.554931640625 41613.77812861528 16680
1910 14.7 49034.56083751859 12502.135760441652 171751.41015625 1196.554931640625 41665.29390104485 16799
1920 16.8 51302.836263020836 13479.16892334085 171751.41015625 1196.554931640625 41729.21944333576 16946
1930 16.5 52436.010512843284 13157.649786661503 171751.41015625 1196.554931640625 41823.19908723591 17114
1940 16.1 50156.305178814044 11459.15712665666 171751.41015625 1196.554931640625 41924.54256111896 17279
1950 15 49001.732592773435 12015.793995202162 171751.41015625 1196.554931640625 42000.535323816715 17440
1960 14.6 50520.30463231753 13491.13854699236 171751.41015625 1196.554931640625 42060.23854100509 17590
1970 15.2 48209.37137483297 10636.44014956577 171751.41015625 1196.554931640625 42129.88049236569 17736
1980 16.1 50214.259215171296 14415.104497162165 171751.41015625 1196.554931640625 42181.53985138487 17888
1990 12.3 49825.06660473831 14034.541018047616 171751.41015625 1196.554931640625 42253.19300765777 18049
2000 14 46321.21068987165 12021.411801606924 171751.41015625 1196.554931640625 42304.44440829837 18172
2010 14.4 49946.58160400392 14229.151239976643 171751.41015625 1196.554931640625 42335.15363063455 18312
2020 14.9 50685.40770665112 18366.34651115483 171751.41015625 1196.554931640625 42394.54058491312 18456
2030 14.9 47126.752998505675 12807.23260297922 171751.41015625 1196.554931640625 42460.93882200739 18605
2040 13.4 48445.05595557368 12910.272931806185 171751.41015625 1196.554931640625 42498.008583780786 18754
2050 15.9 48612.869421617055 10565.851016958315 171751.41015625 1196.554931640625 42540.199622949585 18888
2060 15.4 49489.1747270064 14698.253716502877 171751.41015625 1196.554931640625 42590.892881624866 19047
2070 15.5 49090.855473475305 12893.06868204317 171751.41015625 1196.554931640625 42646.2199689739 19201
2080 13.8 45098.77693684896 8354.11460645733 171751.41015625 1196.554931640625 42697.82766184421 19356
2090 13.5 48539.905302372696 15164.743791589855 171751.41015625 1196.554931640625 42714.82422488672 19494
2100 14 47503.94700753349 12485.581304326954 171751.41015625 1196.554931640625 42754.88668071537 19629
2110 14.9 47172.411275364415 11864.112282428356 171751.41015625 1196.554931640625 42788.518551106106 19769
2120 15.2 48686.351625141346 13531.250453155399 171751.41015625 1196.554931640625 42821.31300917993 19918
2130 15 46441.93760416668 10309.823523913761 171751.41015625 1196.554931640625 42865.731836764695 20070
2140 16.8 48442.13208298458 15153.894526611053 171751.41015625 1196.554931640625 42892.26155314008 20220
2150 14.1 45332.37733232214 8252.185152030099 171751.41015625 1196.554931640625 42937.99327027829 20388
2160 12.3 47335.64339788174 10287.88049036845 171751.41015625 1196.554931640625 42954.438696394915 20529
2170 13.3 48529.168811310505 16125.749767237992 171751.41015625 1196.554931640625 42980.532448974955 20652
2180 16.9 49997.27313412996 13410.29526928834 171751.41015625 1196.554931640625 43016.037314800815 20785
2190 15.3 48743.88273271548 11069.039111761524 171751.41015625 1196.554931640625 43072.34297736961 20954
2200 12.8 47216.86961555481 10669.947047410393 171751.41015625 1196.554931640625 43113.45472146247 21107
2210 13.3 47545.74408555567 11414.444405359429 171751.41015625 1196.554931640625 43138.18922141273 21235
2220 15.4 50120.22786246954 15260.398323096539 171751.41015625 1196.554931640625 43165.62299139266 21368
2230 15.2 50306.41649426913 12934.50989651841 171751.41015625 1196.554931640625 43215.386449721154 21522
2240 14.5 51676.56893352641 13432.690712997513 171751.41015625 1196.554931640625 43265.11592128945 21674
2250 16 49712.54098815919 15012.19086763524 171751.41015625 1196.554931640625 43321.01493988674 21819
2260 12.2 51470.39955214204 11510.124088289853 171751.41015625 1196.554931640625 43367.543179011525 21979
2270 13.3 52159.08959410244 18063.065487959622 171751.41015625 1196.554931640625 43412.27185542987 22101
2280 16.9 53316.95068792759 14543.28291968791 171751.41015625 1196.554931640625 43464.59382894986 22234
2290 15 52974.87001302083 15378.660797598764 171751.41015625 1196.554931640625 43538.9163888377 22403
2300 15.2 51409.24734015214 12910.056117286751 171751.41015625 1196.554931640625 43601.67491513697 22553
2310 11.4 55588.11703116434 13542.997107053628 171751.41015625 1196.554931640625 43653.94318241741 22705
2320 16 52316.991921997054 11913.583940627057 171751.41015625 1196.554931640625 43713.564367340376 22819
2330 12.9 51713.17819237523 10440.388464513717 171751.41015625 1196.554931640625 43773.46899368378 22979
2340 15.9 52093.34944354365 12763.158765559496 171751.41015625 1196.554931640625 43817.79227941302 23108
2350 15.4 51555.18225731788 12482.33438191863 171751.41015625 1196.554931640625 43874.34506185583 23267
2360 14.6 52173.37248334493 14797.691696195772 171751.41015625 1196.554931640625 43924.84883744616 23421
2370 13.8 52338.581297059 16060.96781323554 171751.41015625 1196.554931640625 43975.949293690115 23567
2380 15.3 51857.658373863866 15576.07679945723 171751.41015625 1196.554931640625 44024.63282950386 23705
2390 13.3 51677.167851268794 14502.02118888267 171751.41015625 1196.554931640625 44074.865577776436 23858
2400 15.1 51237.08545730289 12836.648280395835 171751.41015625 1196.554931640625 44117.01080733646 23991
2410 14.8 51008.51196618983 15510.667762468467 171751.41015625 1196.554931640625 44161.54445293935 24142
2420 10.5 53823.110698009674 17908.464615672114 171751.41015625 1196.554931640625 44203.26331633832 24290
2430 17.1 52855.84563316657 15709.016129303951 171751.41015625 1196.554931640625 44244.66868526948 24395
2440 13 50723.13626427283 10129.965965709727 171751.41015625 1196.554931640625 44304.60971181391 24566
2450 10.5 52493.89490094865 10797.29309889853 171751.41015625 1196.554931640625 44338.396902120825 24696
2460 16.2 52703.23381890191 10419.587717608101 171751.41015625 1196.554931640625 44372.92483607014 24801
2470 11.7 54273.161093165734 12911.405997726626 171751.41015625 1196.554931640625 44426.985247688084 24963
2480 11.9 54601.493301519826 13212.007046731094 171751.41015625 1196.554931640625 44472.91836467057 25080
2490 17.9 53088.96732880148 10619.343792637403 171751.41015625 1196.554931640625 44520.74964438346 25199
2500 15 53518.14864095052 13111.658741325453 171751.41015625 1196.554931640625 44581.18431084697 25378
2510 12.9 57042.85566746911 16613.87599518422 171751.41015625 1196.554931640625 44633.697028236325 25528
2520 17.5 53508.80544782366 13269.997200813035 171751.41015625 1196.554931640625 44696.088635379056 25657
2530 11.1 56900.89691327069 17126.94795690314 171751.41015625 1196.554931640625 44755.79076615398 25832
2540 12.1 58256.4639781605 13675.095714658957 171751.41015625 1196.554931640625 44807.75494848948 25943
2550 15.7 55179.88508129726 10670.054475993295 171751.41015625 1196.554931640625 44870.18948626535 26064
2560 13.5 58079.27875795717 14324.981344973745 171751.41015625 1196.554931640625 44931.9194816286 26221
2570 14.1 59695.49359174147 11085.112457570007 171751.41015625 1196.554931640625 44999.262534531335 26356
2580 19.2 56052.93560918174 10409.247892263647 171751.41015625 1196.554931640625 45077.466428521846 26497
2590 13.4 57949.234074379085 15221.052745390525 171751.41015625 1196.554931640625 45156.42367992455 26689
2600 16.1 54581.91292823175 15167.441110062713 171751.41015625 1196.554931640625 45220.33288444518 26823
2610 16 54683.31752014158 17407.289719145265 185173.21899414063 1196.554931640625 45276.188739286925 26984
2620 12.2 57591.75513896004 14786.744550876445 185173.21899414063 1196.554931640625 45331.638953144015 27144
2630 15.4 56004.80337801846 18233.313492404333 201097.65698242188 1196.554931640625 45386.49607097096 27266
2640 11.1 57044.88073180603 14082.955267582336 201097.65698242188 1196.554931640625 45446.13207845766 27420
2650 15 57287.57986653646 11330.69424409671 201097.65698242188 1196.554931640625 45492.89612990954 27531
2660 14.9 60120.57716154572 13200.341465717464 201097.65698242188 1196.554931640625 45556.81009835338 27681
2670 18.1 58262.03223465556 13148.972759156135 201097.65698242188 1196.554931640625 45634.78355478226 27830
2680 12.4 60124.03967088269 14814.379159659582 201097.65698242188 1196.554931640625 45716.37764321384 28011
2690 15.3 58685.41396994996 10790.070425577676 201097.65698242188 1196.554931640625 45779.87684674791 28135
2700 16 59330.63939208984 15180.935490675132 201097.65698242188 1196.554931640625 45849.678429745996 28288
2710 15.1 57725.72333855029 13578.407256813702 201097.65698242188 1196.554931640625 45925.49935754321 28448
2720 17.8 57833.580933988764 13120.59491689248 201097.65698242188 1196.554931640625 45987.80341786462 28599
2730 12.5 55415.76065234375 14721.9984034711 201097.65698242188 1196.554931640625 46061.075419736604 28777
2740 15 54246.43821126301 11488.979002802473 201097.65698242188 1196.554931640625 46101.53406114813 28902
2750 15.8 55171.24820912035 11990.288660554656 201097.65698242188 1196.554931640625 46143.58746960597 29052
2760 11.9 59555.5882106749 17395.06890348007 201097.65698242188 1196.554931640625 46192.419047724536 29210
2770 15.5 55322.93531218497 10594.469874681929 201097.65698242188 1196.554931640625 46246.63900511794 29329
2780 16.7 56898.572375268996 13895.541090690538 201097.65698242188 1196.554931640625 46294.35389887711 29484
2790 15.1 58157.10240648282 18870.630418706172 202672.958984375 1196.554931640625 46354.078848644654 29651
2800 17 53312.726874138316 13060.810578820121 202672.958984375 1196.554931640625 46413.88210202475 29802
2810 12.3 54066.179882018536 12642.51767639687 202672.958984375 1196.554931640625 46453.01207704341 29972
2820 12.7 55434.27799543246 15176.11739063116 202672.958984375 1196.554931640625 46484.12753276734 30095
2830 13.4 54039.12131420534 11998.863885727185 202672.958984375 1196.554931640625 46521.73818423841 30222
2840 13.9 58025.88141791255 15102.598595209098 202672.958984375 1196.554931640625 46554.92204704694 30356
2850 13.8 55412.02327473959 11926.925576501653 202672.958984375 1196.554931640625 46607.20810550079 30495
2860 10.9 55000.95619355648 13410.196958588887 202672.958984375 1196.554931640625 46646.87331926878 30633
2870 17.5 55058.10730887276 12685.51413078605 202672.958984375 1196.554931640625 46676.49387204015 30742
2880 14.6 55695.05784126177 14397.760339325909 202672.958984375 1196.554931640625 46723.93645545528 30917
2890 11.6 54683.677986934264 10824.24900378954 202672.958984375 1196.554931640625 46766.10185230452 31063
2900 15.3 55235.81507544424 12240.787083229405 202672.958984375 1196.554931640625 46795.558821149476 31179
2910 14.2 55985.89338103818 12157.744004279337 202672.958984375 1196.554931640625 46836.77416670377 31332
2920 9.7 57084.07390665271 11441.666831171768 202672.958984375 1196.554931640625 46878.05188572377 31474
2930 12.7 64573.47238135157 14287.140315472578 202672.958984375 1196.554931640625 46909.40927497435 31571
2940 12.2 62787.05420522221 12484.904686678008 202672.958984375 1196.554931640625 46980.18143771364 31698
2950 9.7 63580.5368702682 10435.315489697006 202672.958984375 1196.554931640625 47040.78604103344 31820
2960 10.6 66792.58605035747 11458.126902014577 202672.958984375 1196.554931640625 47091.052539464865 31917
2970 7.2 70985.8766140408 9676.370182212306 202672.958984375 1196.554931640625 47156.26699632883 32023
2980 22.9 70268.68654582588 11251.678789442933 202672.958984375 1196.554931640625 47209.724914773295 32095
2990 5.2 78828.83860426686 15956.008902964677 202672.958984375 1196.554931640625 47373.08657216443 32324
3000 9.4 78661.26016560008 11461.363311028214 202672.958984375 1196.554931640625 47423.60853613989 32376
3010 11.4 78900.55848667078 9273.505005770712 202672.958984375 1196.554931640625 47514.04091227691 32470
3020 9.6 85301.09690348308 18318.834001176783 221180.53100585938 1196.554931640625 47623.85134081487 32584
3030 18 84027.96278347443 13077.266058978685 221180.53100585938 1196.554931640625 47734.53113194144 32680
3040 10.7 83766.85401303302 13894.08571713103 221180.53100585938 1196.554931640625 47933.33873076298 32860
3050 9.7 86513.51252164546 12569.103421127154 221180.53100585938 1196.554931640625 48049.6424931679 32967
3060 20.9 83754.64246014316 11086.165319045433 221180.53100585938 1196.554931640625 48162.48411525725 33064
3070 11.9 93300.03929638262 19577.136810169548 221180.53100585938 1196.554931640625 48386.05160523655 33273
3080 7.9 95462.55015081093 19191.720676090823 221180.53100585938 1196.554931640625 48546.11283353214 33392
3090 17.9 87407.32633145293 13730.517991133995 221180.53100585938 1196.554931640625 48656.84745598336 33471
3100 10.1 94816.57724029239 17828.977226141375 221180.53100585938 1196.554931640625 48862.979275261496 33650
3110 11.7 97644.92299345616 18256.042153750415 221180.53100585938 1196.554931640625 49000.495597576926 33751
3120 19.1 95259.85359998776 15419.552169994671 221180.53100585938 1196.554931640625 49168.54207228219 33868
3130 11.3 103777.57715491911 21936.110236379798 221180.53100585938 1196.554931640625 49427.01826071379 34059
3140 9.7 98366.22071319266 16513.72102009106 221180.53100585938 1196.554931640625 49606.74473721634 34172
3150 16.3 99606.15285749374 16920.97008164413 221180.53100585938 1196.554931640625 49744.76070411557 34269
3160 15.4 98385.91029734425 13810.657673530806 221180.53100585938 1196.554931640625 49980.802959023815 34432
3170 13.3 100284.87269076011 15387.71404509975 221180.53100585938 1196.554931640625 50196.33486586766 34586
3180 5.3 106234.6674021595 20874.146568233256 221180.53100585938 1196.554931640625 50388.2118073323 34719
3190 12.8 104235.49874687195 15013.555131110637 221180.53100585938 1196.554931640625 50473.33380625459 34772
3200 8.3 106321.99544368882 9849.39624924797 221180.53100585938 1196.554931640625 50670.51309314281 34900
3210 19 111437.72513748972 20664.694448813774 245163.80590820313 1196.554931640625 50802.55074100306 34983
3220 14.2 108265.27857476892 12365.707372114088 245163.80590820313 1196.554931640625 51130.09411618666 35173
3230 15.6 113665.39825595953 17981.731542572496 245163.80590820313 1196.554931640625 51359.832080029744 35315
3240 11.1 107282.16576488598 11397.784660369538 245163.80590820313 1196.554931640625 51633.84939906347 35471
3250 9.5 113313.70187345803 17264.191345579882 245163.80590820313 1196.554931640625 51807.447373224735 35582
3260 18.2 121693.99763907967 21197.181195107685 245163.80590820313 1196.554931640625 51971.22499403148 35677
3270 8.4 118114.92876325335 17917.825591403842 245163.80590820313 1196.554931640625 52325.09834859794 35859
3280 17.2 117068.02241267715 15480.302598440207 245163.80590820313 1196.554931640625 52478.85139522263 35943
3290 17 116264.44665096507 18082.696360550355 245163.80590820313 1196.554931640625 52786.46145793901 36115
3300 13.7 119111.22467352875 23010.599528197785 245163.80590820313 1196.554931640625 53083.86417208575 36285
3310 12.6 114292.49219718813 21940.65016888277 245163.80590820313 1196.554931640625 53332.22363583562 36422
3320 13.6 111113.21655632468 13475.59283228558 245163.80590820313 1196.554931640625 53542.38544602305 36548
3330 12.6 123965.30803571429 23466.729329645845 245163.80590820313 1196.554931640625 53755.819995990365 36684
3340 13.2 118400.83759284741 20277.174058750996 245163.80590820313 1196.554931640625 53996.14587192096 36810
3350 7.2 127743.03966606988 23320.12952164077 245163.80590820313 1196.554931640625 54226.27470379694 36942
3360 12.3 130454.0951612519 20701.684335170077 245163.80590820313 1196.554931640625 54369.280244329806 37014
3370 15.9 129620.97597134189 20522.939364216243 245163.80590820313 1196.554931640625 54621.277773338115 37137
3380 16.4 122772.2725993831 16435.986727069616 245163.80590820313 1196.554931640625 54941.01586893771 37296
3390 14.6 124299.62905841984 18624.686007597607 245163.80590820313 1196.554931640625 55237.9813281954 37460
3400 13 126490.1502723107 20981.704765405662 245163.80590820313 1196.554931640625 55506.10345148989 37606
3410 13.1 128904.40322899279 20768.797191309528 245163.80590820313 1196.554931640625 55750.64251463137 37736
3420 10 135216.76314941407 22854.62534587746 245163.80590820313 1196.554931640625 56003.71623722839 37867
3430 10.5 126758.80595238095 17327.66709502743 245163.80590820313 1196.554931640625 56212.35280823002 37967
3440 4.8 148353.78548177078 25463.935352391574 245163.80590820313 1196.554931640625 56406.91515273874 38072
3450 12.8 137320.80817604077 17698.058746695948 245163.80590820313 1196.554931640625 56522.69295378264 38120
3460 17 144579.51664033777 21631.48871930986 245163.80590820313 1196.554931640625 56793.09032746098 38248
3470 25.4 133286.17438945622 17966.18512522944 245163.80590820313 1196.554931640625 57181.54606365727 38418
3480 13.9 131762.98904879997 21486.2417749358 245163.80590820313 1196.554931640625 57681.40579666184 38672
3490 10.5 136140.37073800233 24174.401417494882 245163.80590820313 1196.554931640625 57946.72593971529 38811
3500 12.4 136191.39156415378 21662.20796148226 245163.80590820313 1196.554931640625 58157.70170042605 38916
3510 11.6 147702.25620033 27937.733159126117 245163.80590820313 1196.554931640625 58405.5546088047 39040
3520 13.8 146652.80989406415 25242.95371658948 245163.80590820313 1196.554931640625 58670.0968854575 39156
3530 5.9 138925.96793068058 19755.440919955632 245163.80590820313 1196.554931640625 58979.090991305406 39294
3540 11.9 148547.9269219407 24698.395168296982 245163.80590820313 1196.554931640625 59098.95137652186 39353
3550 19.5 153951.92734249815 26157.557523996977 245163.80590820313 1196.554931640625 59368.621727401085 39472
3560 22.9 140650.8607652156 18283.911739365467 245163.80590820313 1196.554931640625 59833.58617126989 39667
3570 16 141264.5770645142 24487.3488216335 245163.80590820313 1196.554931640625 60297.47116931515 39896
3580 11.7 140048.12565938834 22790.88701556312 245163.80590820313 1196.554931640625 60620.88681099759 40056
3590 11.3 146760.1411176023 26773.77218483123 245163.80590820313 1196.554931640625 60852.211007479345 40173
3600 15.1 150006.8206762857 25901.787690926667 245163.80590820313 1196.554931640625 61093.17799607201 40286
3610 15.5 147413.1084976688 23355.26511303921 245163.80590820313 1196.554931640625 61425.199660505874 40437
3620 11.6 147636.17172977838 24270.8490677452 245163.80590820313 1196.554931640625 61753.54332107348 40592
3630 11.3 155063.1934393148 25308.691997200996 245163.80590820313 1196.554931640625 61998.271258958164 40708
3640 11.4 150879.34795821336 21264.644646606626 245163.80590820313 1196.554931640625 62255.89199843981 40821
3650 15.4 153642.66016576203 24893.961991249467 245163.80590820313 1196.554931640625 62502.699717492316 40935
3660 14.6 138111.3819697133 10458.213766952125 245163.80590820313 1196.554931640625 62844.28880238203 41089
3670 17 150521.43160328583 25152.552523297138 245163.80590820313 1196.554931640625 63110.78560370203 41235
3680 12.2 154207.82729852395 30407.778077660398 300624.89013671875 1196.554931640625 63469.6748639346 41405
3690 9.8 159510.39413016176 31092.336469406426 300624.89013671875 1196.554931640625 63736.24973322493 41527
3700 12 158335.95634562176 28226.779527875962 300624.89013671875 1196.554931640625 63961.736007120424 41625
3710 18.4 158813.84932940945 27309.93244172656 300624.89013671875 1196.554931640625 64233.02374075607 41745
3720 17.5 158866.8339467077 28049.40738499232 300624.89013671875 1196.554931640625 64648.07947564868 41929
3730 10.3 160002.62636529122 26825.04099958182 300624.89013671875 1196.554931640625 65039.687922172416 42104
3740 9.9 163843.1257422861 27325.805392928585 300624.89013671875 1196.554931640625 65271.431060979754 42207
3750 15.5 166686.1896641885 26955.100216651692 300624.89013671875 1196.554931640625 65502.0980532137 42306
3760 15.8 155924.128204732 20315.26167534048 300624.89013671875 1196.554931640625 65871.46133245114 42461
3770 11.5 164816.18519446335 27011.555816805412 300624.89013671875 1196.554931640625 66205.31058667626 42619
3780 9.6 156042.5312728881 17809.30594327922 300624.89013671875 1196.554931640625 66470.67892523328 42734
3790 12.4 163411.8101275044 24884.943894871412 300624.89013671875 1196.554931640625 66671.44702762354 42830
3800 14.7 179322.91989696276 32460.7813233622 300624.89013671875 1196.554931640625 66950.71799247862 42954
3810 14.9 161663.04567232064 19049.25471882669 300624.89013671875 1196.554931640625 67333.97391879029 43101
3820 15.2 174911.2580646716 32501.56723922471 300624.89013671875 1196.554931640625 67658.94574980246 43250
3830 16.6 164051.79485863374 22096.088786621433 300624.89013671875 1196.554931640625 68034.55865869744 43402
3840 12.1 171481.8706841587 28231.00515086036 300624.89013671875 1196.554931640625 68400.39737539753 43568
3850 7 162227.4626220703 10237.089469700559 300624.89013671875 1196.554931640625 68685.88933608237 43689
3860 13.1 186047.69501804028 33484.65851434064 300624.89013671875 1196.554931640625 68835.52507113159 43759
3870 13.7 179297.12919850592 28493.185950210285 300624.89013671875 1196.554931640625 69185.3722860563 43890
3880 14.9 174242.9650551201 23089.029949307514 300624.89013671875 1196.554931640625 69528.01000148106 44027
3890 13 171631.70009202228 18427.072708570046 300624.89013671875 1196.554931640625 69881.20015683673 44176
3900 11.8 177274.78525969948 25942.409479691283 300624.89013671875 1196.554931640625 70179.75035300822 44306
3910 14 198664.96516636442 38196.63839955317 300624.89013671875 1196.554931640625 70464.21852604508 44424
3920 16.4 187196.21420809123 31630.691945862894 300624.89013671875 1196.554931640625 70866.96748326716 44564
3930 18.1 194018.00017669846 35357.629028009316 357686.080078125 1196.554931640625 71293.50111908524 44728
3940 6.1 177916.00525502692 22971.900880925394 357686.080078125 1196.554931640625 71788.12656898232 44909
3950 13.1 193959.34858622076 32289.122726908954 357686.080078125 1196.554931640625 71932.08477667299 44970
3960 14.3 189037.88612461757 28939.103953899525 357686.080078125 1196.554931640625 72286.52418065628 45101
3970 9.2 184826.34044348678 25377.707286183104 357686.080078125 1196.554931640625 72655.53321517991 45244
3980 9.3 182216.23121954812 17380.46289668327 357686.080078125 1196.554931640625 72883.16058118052 45336
3990 11.7 211512.94590720153 40396.48529007089 357686.080078125 1196.554931640625 73106.98183124916 45429
4000 16.9 209011.92180565838 38114.1630639462 357686.080078125 1196.554931640625 73462.52343307777 45546
4010 13.7 194558.02150397754 28038.888132216638 357686.080078125 1196.554931640625 73963.62478547778 45715
4020 13.2 204058.26967366537 35489.71052427908 357686.080078125 1196.554931640625 74323.94565153454 45852
4030 10.1 197331.85497079982 30175.59854875548 357686.080078125 1196.554931640625 74696.35628938512 45984
4040 16.3 198563.1816196559 29113.133561726623 357686.080078125 1196.554931640625 74965.1245516575 46085
4050 13.9 200353.24029760566 30893.134504320817 357686.080078125 1196.554931640625 75400.74302817721 46248
4060 16.7 211663.38668220205 37087.89595780224 357686.080078125 1196.554931640625 75775.1668348569 46387
4070 11.1 196504.24672939547 27082.07060750341 357686.080078125 1196.554931640625 76262.629409813 46554
4080 8.6 217716.78946277706 40070.92502450752 357686.080078125 1196.554931640625 76548.64290006208 46665
4090 15.4 200391.28137207037 24905.93902385389 357686.080078125 1196.554931640625 76808.32634222147 46751
4100 12 204830.39602661133 30998.960126625956 357686.080078125 1196.554931640625 77214.07786283967 46905
4110 12.9 223073.91426500425 40542.95582136878 357686.080078125 1196.554931640625 77539.73353917465 47025
4120 10.7 207672.49274879528 27850.4533360149 357686.080078125 1196.554931640625 77937.87387326363 47154
4130 14.7 203702.00740892062 25641.957882000115 357686.080078125 1196.554931640625 78231.59605899143 47261
4140 12.8 228822.41750717163 42563.37062822447 357686.080078125 1196.554931640625 78620.64749479214 47408
4150 9.7 214684.60012030846 33627.91912125433 357686.080078125 1196.554931640625 79025.09520939969 47536
4160 16.3 222208.2856999497 39957.84799361988 357686.080078125 1196.554931640625 79301.35267746507 47633
4170 16.1 212838.96373980978 31874.149588457814 357686.080078125 1196.554931640625 79788.71208165506 47796
4180 12.7 212051.42254590613 31139.864716622502 357686.080078125 1196.554931640625 80235.3849451987 47957
4190 12.8 217243.8015422821 34104.02259527699 357686.080078125 1196.554931640625 80583.53894185642 48084
4200 12.5 215819.0760078125 33560.55029599693 357686.080078125 1196.554931640625 80946.3638321919 48212
4210 12.8 223609.9322338104 39480.98602317585 357686.080078125 1196.554931640625 81295.14611123182 48337
4220 11.7 215409.93410289797 32216.613997095086 357686.080078125 1196.554931640625 81671.01101629093 48465
4230 8 226099.62059326173 39835.102353262984 357686.080078125 1196.554931640625 81993.09438052321 48582
4240 18.1 226025.55889723965 37086.490251532676 357686.080078125 1196.554931640625 82230.00453828531 48662
4250 13.3 220570.71490799752 31968.607325556317 357686.080078125 1196.554931640625 82762.87506914891 48843
4260 10.5 229262.27523949032 37112.072974699055 357686.080078125 1196.554931640625 83137.1082180089 48976
4270 8.5 223721.4715044807 30805.37339458721 357686.080078125 1196.554931640625 83449.71681476233 49081
4280 12.2 236849.00961153625 39045.03172366999 357686.080078125 1196.554931640625 83692.22381449032 49166
4290 13.1 221508.91687104903 25417.6002083523 357686.080078125 1196.554931640625 84071.32476943352 49288
4300 7.1 237382.79251141616 41493.23954756642 357686.080078125 1196.554931640625 84435.64465784306 49419
4310 11.7 240272.31416725094 40772.58142444831 357686.080078125 1196.554931640625 84655.06772306035 49490
4320 14.7 247765.676234654 44094.339032610485 357686.080078125 1196.554931640625 85022.0969293008 49607
4330 15.2 238896.95524838095 35248.2305328014 357686.080078125 1196.554931640625 85502.92874499173 49754
4340 14.2 231385.47598309585 31102.321867456514 414730.8410644531 1196.554931640625 85970.12491436045 49906
4350 12.1 230994.7058246707 27900.791102541014 414730.8410644531 1196.554931640625 86382.70843121946 50048
4360 14.3 229193.02365261695 25991.65496984814 414730.8410644531 1196.554931640625 86731.49058124454 50169
4370 14.7 251511.00324358259 46648.37183645492 414730.8410644531 1196.554931640625 87136.40390667795 50312
4380 15.7 248269.1784932325 42023.649756917905 414730.8410644531 1196.554931640625 87615.26924492336 50459
4390 10.6 244996.40759047022 39461.95849728932 414730.8410644531 1196.554931640625 88113.58329091642 50616
4400 11.2 230735.21198381696 16086.603267575874 414730.8410644531 1196.554931640625 88441.44061861944 50722
4410 11.6 269756.1229753167 50585.546127761176 414730.8410644531 1196.554931640625 88754.94934098837 50834
4420 13.2 244234.75264115768 35170.89864390233 414730.8410644531 1196.554931640625 89167.04229764357 50950
4430 12 245298.31365559896 34556.795675947025 414730.8410644531 1196.554931640625 89567.74974381528 51082
4440 11.5 240563.84936523438 28843.932783396187 414730.8410644531 1196.554931640625 89932.7289959815 51202
4450 10.9 260557.1746255018 44932.19135940425 414730.8410644531 1196.554931640625 90270.28923610589 51317
