0 0 0
10 12 12
20 26 26
30 26 28
40 29 30
50 26 30
60 24 30
70 22 30
80 29 30
90 28 30
100 29 30
110 30 32
120 40 40
130 39 42
140 56 57
150 71 72
160 81 81
170 72 83
180 63 83
190 45 83
200 44 83
210 49 83
220 50 83
230 50 83
240 66 83
250 76 83
260 96 96
270 104 116
280 103 116
290 94 116
300 99 116
310 103 116
320 112 116
330 118 126
340 103 126
350 97 126
360 93 126
370 107 126
380 114 126
390 119 126
400 111 126
410 108 126
420 123 126
430 123 127
440 127 131
450 139 142
460 136 145
470 125 145
480 126 145
490 144 146
500 135 146
510 124 146
520 126 146
530 139 146
540 145 146
550 141 146
560 144 152
570 154 158
580 161 166
590 154 166
600 165 166
610 192 194
620 231 236
630 227 239
640 212 239
650 206 239
660 220 239
670 221 239
680 226 239
690 236 239
700 227 241
710 214 241
720 206 241
730 207 241
740 221 241
750 235 241
760 228 241
770 228 241
780 226 241
790 228 241
800 213 241
810 217 241
820 207 241
830 210 241
840 205 241
850 208 241
860 185 241
870 219 241
880 231 241
890 236 244
900 266 266
910 300 300
920 346 346
930 357 362
940 365 369
950 393 393
960 388 399
970 378 399
980 363 399
990 378 399
1000 372 399
1010 375 399
1020 372 399
1030 365 399
1040 371 399
1050 390 399
1060 388 399
1070 409 410
1080 396 414
1090 405 415
1100 413 419
1110 393 421
1120 384 421
1130 379 421
1140 387 421
1150 394 421
1160 402 421
1170 405 421
1180 436 437
1190 518 519
1200 539 539
1210 618 618
1220 611 637
1230 661 665
1240 663 673
1250 657 673
1260 658 678
1270 649 681
1280 680 690
1290 657 691
1300 633 691
1310 636 691
1320 656 691
1330 670 691
1340 658 691
1350 693 710
1360 697 710
1370 694 710
1380 700 710
1390 694 710
1400 677 710
1410 678 710
1420 694 710
1430 698 710
1440 673 714
1450 675 714
1460 653 714
1470 660 714
1480 659 714
1490 679 714
1500 691 714
1510 709 720
1520 714 725
1530 720 727
1540 717 727
1550 729 735
1560 694 735
1570 712 735
1580 710 735
1590 696 735
1600 714 735
1610 720 735
1620 735 741
1630 758 760
1640 761 773
1650 733 773
1660 740 773
1670 706 773
1680 693 773
1690 715 773
1700 695 773
1710 712 773
1720 698 773
1730 706 773
1740 730 773
1750 729 773
1760 739 773
1770 751 773
1780 727 773
1790 730 773
1800 706 773
1810 689 773
1820 703 773
1830 700 773
1840 662 773
1850 694 773
1860 675 773
1870 739 773
1880 753 773
1890 760 778
1900 800 803
1910 799 810
1920 763 810
1930 759 810
1940 732 810
1950 701 810
1960 706 810
1970 679 810
1980 661 810
1990 700 810
2000 711 810
2010 717 810
2020 719 810
2030 717 810
2040 713 810
2050 695 810
2060 689 810
2070 689 810
2080 678 810
2090 689 810
2100 716 810
2110 720 810
2120 694 810
2130 715 810
2140 688 810
2150 707 810
2160 720 810
2170 744 810
2180 730 810
2190 732 810
2200 744 810
2210 767 810
2220 757 810
2230 750 810
2240 768 810
2250 737 810
2260 771 810
2270 795 810
2280 768 810
2290 773 810
2300 745 810
2310 770 810
2320 759 810
2330 764 810
2340 751 810
2350 726 810
2360 719 810
2370 734 810
2380 698 810
2390 716 810
2400 718 810
2410 722 810
2420 754 810
2430 725 810
2440 733 810
2450 785 810
2460 766 810
2470 829 830
2480 834 836
2490 796 839
2500 805 839
2510 839 845
2520 809 845
2530 845 850
2540 858 859
2550 837 862
2560 850 862
2570 838 863
2580 810 863
2590 827 863
2600 838 863
2610 847 863
2620 873 874
2630 860 884
2640 894 902
2650 887 904
2660 897 914
2670 840 914
2680 854 914
2690 839 914
2700 860 914
2710 839 914
2720 811 914
2730 847 914
2740 834 914
2750 797 914
2760 833 914
2770 811 914
2780 786 914
2790 766 914
2800 736 914
2810 750 914
2820 764 914
2830 771 914
2840 778 914
2850 791 914
2860 825 914
2870 806 914
2880 801 914
2890 824 914
2900 822 914
2910 838 914
2920 901 914
2930 932 961
2940 955 961
2950 994 997
2960 1039 1039
2970 1123 1123
2980 1068 1132
2990 1160 1165
3000 1190 1190
3010 1252 1252
3020 1310 1313
3030 1273 1325
3040 1305 1325
3050 1348 1348
3060 1289 1387
3070 1326 1387
3080 1407 1410
3090 1378 1410
3100 1425 1439
3110 1474 1474
3120 1440 1524
3130 1478 1524
3140 1536 1536
3150 1515 1560
3160 1522 1560
3170 1512 1560
3180 1600 1601
3190 1603 1603
3200 1681 1688
3210 1634 1688
3220 1637 1688
3230 1636 1688
3240 1677 1692
3250 1724 1724
3260 1681 1734
3270 1744 1744
3280 1729 1762
3290 1705 1762
3300 1706 1762
3310 1730 1762
3320 1758 1773
3330 1786 1817
3340 1802 1817
3350 1885 1885
3360 1919 1952
3370 1913 1952
3380 1877 1952
3390 1884 1952
3400 1877 1952
3410 1895 1952
3420 1960 1968
3430 2005 2015
3440 2122 2126
3450 2136 2142
3460 2114 2142
3470 2015 2142
3480 2031 2142
3490 2081 2142
3500 2088 2142
3510 2111 2142
3520 2150 2151
3530 2255 2255
3540 2283 2296
3550 2231 2296
3560 2162 2296
3570 2142 2296
3580 2196 2296
3590 2217 2296
3600 2206 2296
3610 2185 2296
3620 2228 2296
3630 2263 2296
3640 2312 2321
3650 2300 2321
3660 2309 2321
3670 2308 2338
3680 2354 2363
3690 2416 2416
3700 2463 2463
3710 2441 2465
3720 2420 2465
3730 2482 2482
3740 2534 2534
3750 2545 2546
3760 2525 2573
3770 2556 2573
3780 2600 2601
3790 2613 2620
3800 2616 2625
3810 2618 2647
3820 2597 2647
3830 2564 2647
3840 2592 2647
3850 2692 2703
3860 2717 2718
3870 2726 2731
3880 2720 2732
3890 2751 2768
3900 2765 2794
3910 2758 2806
3920 2746 2806
3930 2728 2806
3940 2792 2806
3950 2785 2806
3960 2775 2806
3970 2839 2839
3980 2895 2896
3990 2920 2938
4000 2908 2938
4010 2895 2938
4020 2893 2938
4030 2951 2951
4040 2929 2951
4050 2936 2962
4060 2903 2962
4070 2922 2962
4080 2987 2987
4090 2972 2992
4100 2996 3008
4110 3039 3049
4120 3095 3095
4130 3091 3100
4140 3112 3115
4150 3178 3183
4160 3168 3197
4170 3144 3197
4180 3155 3197
4190 3164 3199
4200 3193 3199
4210 3200 3213
4220 3239 3240
4230 3304 3305
4240 3261 3307
4250 3296 3307
4260 3313 3338
4270 3377 3377
4280 3397 3424
4290 3402 3424
4300 3480 3484
4310 3491 3516
4320 3467 3516
4330 3477 3516
4340 3494 3516
4350 3513 3523
4360 3505 3523
4370 3496 3524
4380 3484 3527
4390 3526 3528
4400 3563 3574
4410 3607 3607
4420 3638 3647
4430 3672 3680
4440 3716 3719
4450 3747 3747
